gis/80m/canopy_fraction.asc
ncols        128
nrows        143
xllcorner    726726.000000000000
yllcorner    7127190.000000000000
cellsize     80.000000000000
NODATA_value -9999
[rows 20 to 39 of 143, columns 45 to 89 of 128]
0.080082215368747711182 0.014879004098474979401 0 0 0.027872087433934211731 0.45562770962715148926 0.71956610679626464844 0.64905250072479248047 0.62305331230163574219 0.59171146154403686523 0.58610105514526367188 0.56318396329879760742 0.23611231148242950439 0.27947714924812316895 0.23351728916168212891 0.13415195047855377197 0.23599502444267272949 0.060645736753940582275 0.41942194104194641113 0.42143717408180236816 0.54096382856369018555 0.42975500226020812988 0.30418094992637634277 0.22756820917129516602 0.44350403547286987305 0.29231479763984680176 0.42622652649879455566 0.17205445468425750732 0 0 0.00047224297304637730122 0.096853360533714294434 0.46524274349212646484 0.61037772893905639648 0.54161548614501953125 0.52024453878402709961 0.57672774791717529297 0.51516246795654296875 0.43180307745933532715 0.38302367925643920898 0.34432938694953918457 0.38803091645240783691 0.54050886631011962891 0.57693934440612792969 0.44518861174583435059
0.019438333809375762939 0.0082154534757137298584 0.039367649704217910767 0 0 0.13855034112930297852 0.52913379669189453125 0.66994321346282958984 0.6446406245231628418 0.66968375444412231445 0.6252193450927734375 0.66172111034393310547 0.25712364912033081055 0.14175531268119812012 0.060628332197666168213 0.039309546351432800293 0.060867618769407272339 0.35589742660522460938 0.65851789712905883789 0.32011657953262329102 0.41278222203254699707 0.30351617932319641113 0.24925784766674041748 0.097030490636825561523 0.0057547194883227348328 0.054971151053905487061 0.54089826345443725586 0.45865181088447570801 0.042076174169778823853 0 0 0.0010480681667104363441 0.11913661658763885498 0.37420561909675598145 0.18269896507263183594 0.27778133749961853027 0.29620239138603210449 0.083422273397445678711 0.37400633096694946289 0.40669217705726623535 0.36605802178382873535 0.30620631575584411621 0.4088312685489654541 0.42961335182189941406 0.41961899399757385254
0.2252264171838760376 0.17417190968990325928 0.50744599103927612305 0 0.0089104436337947845459 0.0047969873994588851929 0.10039506107568740845 0.48833173513412475586 0.63348817825317382812 0.63640618324279785156 0.63700324296951293945 0.68339782953262329102 0.70041626691818237305 0.10008878260850906372 0 0.033883556723594665527 0.031558029353618621826 0.14352589845657348633 0.096851989626884460449 0.3876247406005859375 0.56194907426834106445 0.62016528844833374023 0.619129180908203125 0.68048614263534545898 0.62963092327117919922 0.41634082794189453125 0.32815757393836975098 0.063439242541790008545 0.0046333135105669498444 0.0092626949772238731384 0.0036443716380745172501 0 0 0.088153548538684844971 0.10820534825325012207 0.13952405750751495361 0.14439299702644348145 0.226520538330078125 0.19130939245223999023 0.33315160870552062988 0.28925997018814086914 0.061643235385417938232 0.17994044721126556396 0.13999226689338684082 0.41193664073944091797
0.58219110965728759766 0.27081066370010375977 0.17478096485137939453 0.057594235986471176147 0.35043379664421081543 0.45738703012466430664 0.55798995494842529297 0.23008291423320770264 0.5087788701057434082 0.67336612939834594727 0.62743049860000610352 0.67575848102569580078 0.60377681255340576172 0.42915657162666320801 0.10254234820604324341 0.4121729731559753418 0.50604575872421264648 0.41981071233749389648 0.28993070125579833984 0.43289205431938171387 0.66617745161056518555 0.65948444604873657227 0.71183097362518310547 0.72042512893676757812 0.61695653200149536133 0.59058207273483276367 0.5755367279052734375 0.58195096254348754883 0.51616072654724121094 0.63961189985275268555 0.46696466207504272461 0.033037889748811721802 0 0.011972491629421710968 0.24651619791984558105 0.099965043365955352783 0.053268283605575561523 0.068968504667282104492 0.094987705349922180176 0.14363525807857513428 0.11596328765153884888 0.013339796103537082672 0.017649052664637565613 0.022913653403520584106 0.20876272022724151611
0.23840194940567016602 0 0.055220127105712890625 0.24759210646152496338 0.0093737533316016197205 0 0.032973732799291610718 0.056342907249927520752 0.049568757414817810059 0.63723647594451904297 0.61839348077774047852 0.59023898839950561523 0.61888867616653442383 0.63242262601852416992 0.47830241918563842773 0.53869378566741943359 0.60975176095962524414 0.62570869922637939453 0.66111683845520019531 0.64180010557174682617 0.73030126094818115234 0.74591863155364990234 0.73588299751281738281 0.6550871729850769043 0.51348966360092163086 0.45271277427673339844 0.58192861080169677734 0.51983994245529174805 0.5602779388427734375 0.60741287469863891602 0.58700382709503173828 0.43521940708160400391 0.42279022932052612305 0.46489742398262023926 0.45235916972160339355 0.19262927770614624023 0.12817116081714630127 0.20798425376415252686 0.11527653038501739502 0.09865996241569519043 0.20918408036231994629 0.0095964726060628890991 0.062504947185516357422 0.099257379770278930664 0.2254406660795211792
0.43130397796630859375 0.33892345428466796875 0.30853414535522460938 0.34517645835876464844 0.53203713893890380859 0.41811299324035644531 0.11166876554489135742 0 0 0.11072587966918945312 0.19478522241115570068 0.59531050920486450195 0.61199301481246948242 0.60487842559814453125 0.18026684224605560303 0.2122367173433303833 0.58403635025024414062 0.6464316248893737793 0.67821389436721801758 0.69308066368103027344 0.62273657321929931641 0.66357952356338500977 0.69554471969604492188 0.53082489967346191406 0.063410386443138122559 0.17104387283325195312 0.59656661748886108398 0.23695097863674163818 0.53225004673004150391 0.61017954349517822266 0.57580989599227905273 0.59473407268524169922 0.60095763206481933594 0.61989474296569824219 0.59232485294342041016 0.55974209308624267578 0.30762255191802978516 0.08328723907470703125 0.088570177555084228516 0.1581767648458480835 0.21947616338729858398 0.0029527395963668823242 0.12646824121475219727 0.060546290129423141479 0.17177228629589080811
0.11234335601329803467 0.53875041007995605469 0.41635695099830627441 0.57188743352890014648 0.56370878219604492188 0.59017539024353027344 0.61106538772583007812 0.50749063491821289062 0.52627766132354736328 0.53457379341125488281 0.44518956542015075684 0.56383788585662841797 0.60341954231262207031 0.62213569879531860352 0.29394575953483581543 0.064405396580696105957 0.60838884115219116211 0.62384766340255737305 0.63130724430084228516 0.67329508066177368164 0.70489048957824707031 0.61986571550369262695 0.58820676803588867188 0.62184423208236694336 0.11782693862915039062 0.032482285052537918091 0.14685574173927307129 0.15051689743995666504 0.16850173473358154297 0.33899611234664916992 0.45201507210731506348 0.60050785541534423828 0.60708373785018920898 0.67662960290908813477 0.65258932113647460938 0.58560341596603393555 0.24194347858428955078 0.12946078181266784668 0.21183574199676513672 0.13834631443023681641 0.011017504148185253143 0 0 0.2461589425802230835 0.42043673992156982422
0.18213802576065063477 0.57035368680953979492 0.50701242685317993164 0.5621827244758605957 0.54310941696166992188 0.54335290193557739258 0.54626816511154174805 0.55302137136459350586 0.54808640480041503906 0.60380864143371582031 0.56924843788146972656 0.50835901498794555664 0.61555528640747070312 0.63938391208648681641 0.52461236715316772461 0.088105067610740661621 0.48925152420997619629 0.66567075252532958984 0.62688785791397094727 0.65803617238998413086 0.68614339828491210938 0.64278781414031982422 0.61565202474594116211 0.63826221227645874023 0.35071170330047607422 0.054243117570877075195 0.014598409645259380341 0.027637906372547149658 0.041295040398836135864 0.036744806915521621704 0.036890879273414611816 0.41463753581047058105 0.64280772209167480469 0.62345731258392333984 0.62357825040817260742 0.58484089374542236328 0.34651941061019897461 0.14430895447731018066 0.33295994997024536133 0.17884980142116546631 0.019679417833685874939 0.0064631309360265731812 0.0079093016684055328369 0.4712924659252166748 0.45099991559982299805
0.0079020690172910690308 0.46622043848037719727 0.51884549856185913086 0.55519509315490722656 0.55552083253860473633 0.58243405818939208984 0.60526031255722045898 0.57457441091537475586 0.55905336141586303711 0.57346123456954956055 0.36469009518623352051 0.34176984429359436035 0.57787328958511352539 0.57368898391723632812 0.51727086305618286133 0.025001816451549530029 0.28195735812187194824 0.64730107784271240234 0.62163072824478149414 0.62767541408538818359 0.67126578092575073242 0.68304657936096191406 0.65369325876235961914 0.47490203380584716797 0.32204172015190124512 0.17717829346656799316 0.0013558520004153251648 0.0077235619537532329559 0.052790217101573944092 0.076267167925834655762 0.042575955390930175781 0.40416085720062255859 0.53201162815093994141 0.29076427221298217773 0.20278126001358032227 0.48835983872413635254 0.36903741955757141113 0.093413852155208587646 0.20860485732555389404 0.10884095728397369385 0.13626371324062347412 0.062857151031494140625 0.36393809318542480469 0.57937657833099365234 0.57022517919540405273
0 0.22418454289436340332 0.58910924196243286133 0.55794101953506469727 0.31881484389305114746 0.58821207284927368164 0.63163405656814575195 0.62736737728118896484 0.59953057765960693359 0.60884737968444824219 0.3851070702075958252 0.39142531156539916992 0.52753823995590209961 0.60099613666534423828 0.63111114501953125 0.56052690744400024414 0.47403734922409057617 0.53408259153366088867 0.61381459236145019531 0.63101339340209960938 0.63712769746780395508 0.65246820449829101562 0.61049121618270874023 0.43907058238983154297 0.15802057087421417236 0.16726899147033691406 0.048322454094886779785 0.0036293689627200365067 0.011491558514535427094 0.091054432094097137451 0.1954358518123626709 0.5396270751953125 0.25847855210304260254 0 0 0.51269680261611938477 0.47486078739166259766 0.074360348284244537354 0.17565016448497772217 0.1268040388822555542 0.25502356886863708496 0.013099523261189460754 0.63293021917343139648 0.52178293466567993164 0.59622502326965332031
0.11638999730348587036 0.19965149462223052979 0.58661532402038574219 0.62477952241897583008 0.6058699488639831543 0.52149277925491333008 0.62831288576126098633 0.61307507753372192383 0.59905403852462768555 0.56882262229919433594 0.29095062613487243652 0.0028047806117683649063 0.3869883418083190918 0.57168328762054443359 0.63872516155242919922 0.64217972755432128906 0.61190682649612426758 0.166011810302734375 0.55208402872085571289 0.65992921590805053711 0.65503370761871337891 0.60433590412139892578 0.62667840719223022461 0.55306476354598999023 0.56718528270721435547 0.21252730488777160645 0.32290560007095336914 0.0078954976052045822144 0.0045925639569759368896 0.085396841168403625488 0.054109010845422744751 0.080772683024406433105 0 0 0.20628783106803894043 0.57518917322158813477 0.53582346439361572266 0.3203894495964050293 0.12846586108207702637 0.14741989970207214355 0.17677122354507446289 0.2073040306568145752 0.68862634897232055664 0.53269118070602416992 0.5633061528205871582
0.21260872483253479004 0.093668162822723388672 0.1504001915454864502 0.44879007339477539062 0.49606055021286010742 0.63521844148635864258 0.57005155086517333984 0.5547097325325012207 0.58848702907562255859 0.5740203857421875 0.56762498617172241211 0.28457117080688476562 0.11483021825551986694 0.51732480525970458984 0.56680196523666381836 0.64354699850082397461 0.62442326545715332031 0.52709156274795532227 0.63542455434799194336 0.65458977222442626953 0.68564677238464355469 0.59394675493240356445 0.59840923547744750977 0.57728391885757446289 0.56994771957397460938 0.52590960264205932617 0.49461206793785095215 0.077483326196670532227 0.013995911926031112671 0.050819978117942810059 0.077730961143970489502 0.13989403843879699707 0.47422656416893005371 0.28687909245491027832 0.35155048966407775879 0.57113677263259887695 0.53704303503036499023 0.30428826808929443359 0.18743726611137390137 0.11219232529401779175 0.089303418993949890137 0.29851409792900085449 0.66934382915496826172 0.52120053768157958984 0.58391308784484863281
0.16490654647350311279 0.26097398996353149414 0.15752175450325012207 0.080920487642288208008 0.070439852774143218994 0.19323673844337463379 0.38982167840003967285 0.5947818756103515625 0.52281099557876586914 0.61181938648223876953 0.57466465234756469727 0.36871787905693054199 0.20599165558815002441 0.12877491116523742676 0.39097252488136291504 0.61433875560760498047 0.64843320846557617188 0.59475469589233398438 0.29703995585441589355 0.2966130375862121582 0.57632333040237426758 0.63063323497772216797 0.61748236417770385742 0.58894687891006469727 0.53776353597640991211 0.56936162710189819336 0.54337495565414428711 0.38330972194671630859 0.039679188281297683716 0.058887425810098648071 0.34669101238250732422 0.45778551697731018066 0.58302193880081176758 0.43399170041084289551 0.46626436710357666016 0.49104723334312438965 0.30493244528770446777 0.49544784426689147949 0.35005322098731994629 0.39774915575981140137 0.38460111618041992188 0.20467178523540496826 0.59255701303482055664 0.50160658359527587891 0.51387763023376464844
0.10306333750486373901 0.082110896706581115723 0.051582198590040206909 0.44914922118186950684 0.36443486809730529785 0 0.10957670211791992188 0.44744253158569335938 0.60802930593490600586 0.59405457973480224609 0.62912076711654663086 0.51436948776245117188 0.38798990845680236816 0.52827417850494384766 0.26355484127998352051 0.58743381500244140625 0.64192491769790649414 0.65299057960510253906 0.42190468311309814453 0.2055098116397857666 0.4383487701416015625 0.63261675834655761719 0.30734038352966308594 0.53391927480697631836 0.55670642852783203125 0.5717036128044128418 0.55766123533248901367 0.49758225679397583008 0.18916904926300048828 0.088682353496551513672 0.19382715225219726562 0.45702326297760009766 0.41241842508316040039 0.464229583740234375 0.52135449647903442383 0.26304987072944641113 0.29115363955497741699 0.62511104345321655273 0.57059586048126220703 0.56901288032531738281 0.57750308513641357422 0.50828188657760620117 0.61346775293350219727 0.5813109278678894043 0.49267548322677612305
0.08538004755973815918 0.11752336472272872925 0.094750352203845977783 0.47668534517288208008 0.43799558281898498535 0.02078624628484249115 0.25509658455848693848 0.065550677478313446045 0.42089539766311645508 0.57822877168655395508 0.53794175386428833008 0.35989210009574890137 0.17674812674522399902 0.2870356440544128418 0.4020220637321472168 0.37885278463363647461 0.53209269046783447266 0.61427658796310424805 0.65309727191925048828 0.32233440876007080078 0.22581808269023895264 0.53175055980682373047 0.47286266088485717773 0.50299316644668579102 0.56215417385101318359 0.58023232221603393555 0.57267177104949951172 0.49968957901000976562 0.50347441434860229492 0.36983186006546020508 0.3517125248908996582 0.50381457805633544922 0.49258896708488464355 0.46640658378601074219 0.48979765176773071289 0.46781173348426818848 0.52734595537185668945 0.58869796991348266602 0.54219573736190795898 0.58475899696350097656 0.61770540475845336914 0.57578927278518676758 0.57511293888092041016 0.57452452182769775391 0.60136801004409790039
0.31901821494102478027 0.49136346578598022461 0.24024841189384460449 0.12226035445928573608 0.579639434814453125 0.30418041348457336426 0.35255423188209533691 0.37844166159629821777 0.25688120722770690918 0.65125536918640136719 0.61666339635848999023 0.63214284181594848633 0.49791535735130310059 0.36326864361763000488 0.060964643955230712891 0.44204893708229064941 0.25709223747253417969 0.59153079986572265625 0.63232207298278808594 0.66745871305465698242 0.16299402713775634766 0.080769151449203491211 0.36492308974266052246 0.61348170042037963867 0.58038192987442016602 0.56744015216827392578 0.58481037616729736328 0.54845297336578369141 0.51600909233093261719 0.55777007341384887695 0.45424893498420715332 0.45929872989654541016 0.48022711277008056641 0.49121248722076416016 0.4793433845043182373 0.54243868589401245117 0.58064544200897216797 0.47166147828102111816 0.53881514072418212891 0.61202603578567504883 0.58508574962615966797 0.57919043302536010742 0.55560755729675292969 0.51382887363433837891 0.38177168369293212891
0.017028195783495903015 0.49826183915138244629 0.55510318279266357422 0.38958504796028137207 0.43369275331497192383 0.32430833578109741211 0.45330646634101867676 0.60981386899948120117 0.63032990694046020508 0.61280918121337890625 0.61973053216934204102 0.6242287755012512207 0.59316051006317138672 0.35223779082298278809 0.196842193603515625 0.25186881422996520996 0.4071082770824432373 0.62204772233963012695 0.61194407939910888672 0.6657918095588684082 0.51467794179916381836 0.18677754700183868408 0.32123905420303344727 0.62924665212631225586 0.57427865266799926758 0.53495740890502929688 0.57180154323577880859 0.49789103865623474121 0.55223852396011352539 0.56176388263702392578 0.56546199321746826172 0.56607156991958618164 0.54138261079788208008 0.47132253646850585938 0.28688013553619384766 0.51564067602157592773 0.44295969605445861816 0.068236500024795532227 0.40341949462890625 0.51581609249114990234 0.53162223100662231445 0.46822237968444824219 0.47546657919883728027 0.33304926753044128418 0.20946216583251953125
0.019134081900119781494 0.19652408361434936523 0.55526673793792724609 0.58111238479614257812 0.31911316514015197754 0.42554900050163269043 0.46409496665000915527 0.61010348796844482422 0.68916201591491699219 0.66882914304733276367 0.64734470844268798828 0.69575661420822143555 0.69812148809432983398 0.63807266950607299805 0.47117382287979125977 0.47430473566055297852 0.5141531825065612793 0.64345085620880126953 0.62272536754608154297 0.63009029626846313477 0.60988789796829223633 0.57697194814682006836 0.59978556632995605469 0.63488227128982543945 0.35270911455154418945 0.29086601734161376953 0.56725621223449707031 0.48305150866508483887 0.57265573740005493164 0.54415464401245117188 0.60265737771987915039 0.58663964271545410156 0.52441167831420898438 0.43897995352745056152 0.23248441517353057861 0.30830618739128112793 0.30498054623603820801 0.31289628148078918457 0.34071493148803710938 0.45006316900253295898 0.49635750055313110352 0.47922828793525695801 0.34917342662811279297 0.45115056633949279785 0.34951150417327880859
0.41520631313323974609 0.19090892374515533447 0.38095885515213012695 0.61452901363372802734 0.23589342832565307617 0.45085412263870239258 0.580677032470703125 0.5700238347053527832 0.65264981985092163086 0.6903514862060546875 0.62334859371185302734 0.66629171371459960938 0.67849630117416381836 0.52290940284729003906 0.03250616416335105896 0.013937872834503650665 0.51121550798416137695 0.62709563970565795898 0.61550748348236083984 0.64168173074722290039 0.65148615837097167969 0.63151609897613525391 0.63734394311904907227 0.61742055416107177734 0.56330579519271850586 0.42371916770935058594 0.40248289704322814941 0.60704088211059570312 0.56049376726150512695 0.46803149580955505371 0.45413431525230407715 0.04813628271222114563 0.10245988517999649048 0.23592072725296020508 0.5457248687744140625 0.55974709987640380859 0.50091731548309326172 0.59634751081466674805 0.62843364477157592773 0.64462667703628540039 0.51369994878768920898 0.49464103579521179199 0.30307546257972717285 0.46718993782997131348 0.27562066912651062012
0.28261402249336242676 0.14694091677665710449 0.017755346372723579407 0.56056749820709228516 0.61778986454010009766 0.57906919717788696289 0.45592632889747619629 0.56332165002822875977 0.60583591461181640625 0.60344278812408447266 0.68421083688735961914 0.61235147714614868164 0.56981033086776733398 0.44475486874580383301 0.21257008612155914307 0.084847204387187957764 0.20854313671588897705 0.64014720916748046875 0.63802778720855712891 0.65709865093231201172 0.60948610305786132812 0.64763772487640380859 0.64307111501693725586 0.63771384954452514648 0.60221761465072631836 0.11089550703763961792 0.020331194624304771423 0.25708857178688049316 0.18500174582004547119 0.43047878146171569824 0.4611504673957824707 0.57353824377059936523 0.62294358015060424805 0.63609665632247924805 0.56396704912185668945 0.5582097172737121582 0.52612054347991943359 0.52408009767532348633 0.55866295099258422852 0.61699515581130981445 0.519481658935546875 0.50457519292831420898 0.35405051708221435547 0.30442196130752563477 0.48533317446708679199
