gis/80m/canopy_height.asc
ncols        128
nrows        143
xllcorner    726726.000000000000
yllcorner    7127190.000000000000
cellsize     80.000000000000
NODATA_value -9999
[rows 40 to 59 of 143, columns 45 to 89 of 128]
4.2388281822204589844 1.6654769182205200195 5.0855550765991210938 11.354769706726074219 14.014699935913085938 11.851331710815429688 9.0195903778076171875 12.400650978088378906 15.736209869384765625 12.046092987060546875 16.660192489624023438 17.311740875244140625 11.603006362915039062 7.1733999252319335938 9.626728057861328125 13.459248542785644531 13.767872810363769531 18.32857513427734375 19.88246917724609375 19.16095733642578125 17.936937332153320312 17.998331069946289062 17.709619522094726562 18.566930770874023438 13.783346176147460938 12.841089248657226562 7.3359227180480957031 5.5627107620239257812 5.2087874412536621094 9.1422700881958007812 15.4917144775390625 17.08164215087890625 14.706425666809082031 12.465672492980957031 11.900949478149414062 10.044647216796875 9.5835971832275390625 10.054377555847167969 11.02185821533203125 12.262389183044433594 12.488862037658691406 2.7870988845825195312 7.3450636863708496094 6.2887401580810546875 10.9542999267578125
0.66474038362503051758 3.3642880916595458984 4.3469319343566894531 4.8928551673889160156 10.866231918334960938 8.098354339599609375 2.629741668701171875 3.3974871635437011719 8.9667310714721679688 14.798106193542480469 14.066393852233886719 16.241703033447265625 11.464021682739257812 8.2729654312133789062 8.7468786239624023438 12.483571052551269531 15.898364067077636719 18.27740478515625 15.802450180053710938 14.055143356323242188 15.668323516845703125 13.396380424499511719 12.406329154968261719 17.671817779541015625 16.055820465087890625 14.328432083129882812 11.679057121276855469 14.528385162353515625 17.406373977661132812 17.027261734008789062 18.467142105102539062 16.542264938354492188 12.136285781860351562 11.596714019775390625 10.63916015625 10.005848884582519531 9.9455595016479492188 10.23992156982421875 11.463742256164550781 10.26544952392578125 10.239048004150390625 12.042908668518066406 8.2150325775146484375 6.4779253005981445312 9.3709383010864257812
2.8754067420959472656 3.2413263320922851562 3.8384616374969482422 0.67082291841506958008 5.7888889312744140625 6.6427292823791503906 6.4336957931518554688 3.0156552791595458984 3.8422372341156005859 3.529361724853515625 9.6057338714599609375 14.086290359497070312 14.064681053161621094 8.9401941299438476562 7.5246143341064453125 12.173435211181640625 10.80132293701171875 14.103213310241699219 17.92606353759765625 11.515918731689453125 15.085735321044921875 13.399204254150390625 14.792979240417480469 17.59568023681640625 17.920591354370117188 17.460897445678710938 15.202203750610351562 17.311372756958007812 21.346195220947265625 19.14838409423828125 17.397203445434570312 13.723692893981933594 9.419467926025390625 10.584974288940429688 9.0456762313842773438 7.4332795143127441406 8.760921478271484375 8.8684606552124023438 10.4534454345703125 10.369573593139648438 11.026487350463867188 10.274891853332519531 8.2638092041015625 11.040395736694335938 10.422204971313476562
9.6943817138671875 11.49243927001953125 4.8100938796997070312 3.7182853221893310547 7.459537506103515625 10.246927261352539062 11.895260810852050781 10.190149307250976562 7.9915146827697753906 12.188249588012695312 3.9307320117950439453 7.2180085182189941406 17.770689010620117188 12.316571235656738281 9.4011745452880859375 7.6978011131286621094 6.3442301750183105469 12.451098442077636719 16.381673812866210938 11.448909759521484375 13.086347579956054688 13.361371040344238281 17.117584228515625 16.967630386352539062 17.75583648681640625 18.940044403076171875 17.167242050170898438 16.09366607666015625 19.716905593872070312 18.830156326293945312 16.186216354370117188 11.148225784301757812 12.103642463684082031 11.866890907287597656 12.574304580688476562 13.341709136962890625 7.6169447898864746094 8.0512056350708007812 9.5836648941040039062 10.412164688110351562 11.181609153747558594 10.449249267578125 8.873615264892578125 6.3402333259582519531 7.8001346588134765625
13.087781906127929688 17.062931060791015625 16.45882415771484375 13.640024185180664062 8.7655172348022460938 10.207780838012695312 11.893858909606933594 10.864308357238769531 9.4773626327514648438 11.014948844909667969 9.9225893020629882812 17.488674163818359375 20.07881927490234375 18.672821044921875 13.008139610290527344 8.6793384552001953125 7.7488341331481933594 9.437488555908203125 11.623098373413085938 6.8663830757141113281 13.242053985595703125 17.234727859497070312 17.420095443725585938 16.853326797485351562 15.957888603210449219 16.541147232055664062 16.796667098999023438 14.02001190185546875 18.059389114379882812 18.94774627685546875 14.779337882995605469 11.546265602111816406 11.852812767028808594 10.618495941162109375 11.074692726135253906 12.24121856689453125 13.613877296447753906 12.373269081115722656 11.561305046081542969 10.678757667541503906 11.9339141845703125 9.1467952728271484375 8.4235744476318359375 7.7577528953552246094 8.6594982147216796875
13.222417831420898438 9.2108449935913085938 10.069919586181640625 15.685233116149902344 15.397398948669433594 10.254727363586425781 11.1561431884765625 10.984358787536621094 13.811609268188476562 15.205737113952636719 15.968984603881835938 18.298534393310546875 18.59944915771484375 21.150754928588867188 16.605283737182617188 16.524425506591796875 13.004601478576660156 9.6467275619506835938 8.258960723876953125 9.6609697341918945312 15.005891799926757812 18.613674163818359375 17.62841033935546875 15.482028961181640625 14.58469390869140625 15.706891059875488281 16.78553009033203125 15.653863906860351562 14.193086624145507812 16.927915573120117188 11.433695793151855469 11.679548263549804688 9.7233724594116210938 10.502259254455566406 11.179349899291992188 12.123190879821777344 14.335074424743652344 12.798541069030761719 12.695726394653320312 11.732252120971679688 11.19875335693359375 11.8703155517578125 13.191027641296386719 13.661026954650878906 13.817477226257324219
8.2988185882568359375 7.8080463409423828125 8.1195898056030273438 8.5665760040283203125 10.481966972351074219 10.531831741333007812 10.123042106628417969 14.554974555969238281 16.217529296875 18.544839859008789062 16.814470291137695312 15.843127250671386719 18.413476943969726562 20.439565658569335938 16.059696197509765625 16.02866363525390625 13.915921211242675781 19.498418807983398438 15.746125221252441406 10.004817008972167969 16.581020355224609375 18.5090484619140625 16.934673309326171875 15.5341644287109375 15.266083717346191406 15.450626373291015625 15.426611900329589844 15.086698532104492188 15.450872421264648438 13.547085762023925781 11.815881729125976562 10.140505790710449219 10.426199913024902344 12.074988365173339844 10.889310836791992188 11.442860603332519531 11.8467559814453125 12.685520172119140625 16.3022918701171875 13.007292747497558594 12.407132148742675781 15.929883956909179688 14.716489791870117188 14.41098785400390625 14.672848701477050781
4.5966725349426269531 2.4845311641693115234 0.79836559295654296875 2.2489140033721923828 2.2954411506652832031 11.497117042541503906 13.396551132202148438 10.674785614013671875 8.3433971405029296875 17.629980087280273438 16.112457275390625 14.595209121704101562 16.628627777099609375 16.770267486572265625 13.421528816223144531 15.552936553955078125 15.817997932434082031 16.94287872314453125 13.324400901794433594 6.1052803993225097656 14.831724166870117188 16.247623443603515625 16.845205307006835938 16.135522842407226562 14.203821182250976562 15.64655303955078125 16.26406097412109375 15.693674087524414062 14.524171829223632812 9.2908763885498046875 11.952111244201660156 10.233158111572265625 11.057859420776367188 11.141813278198242188 10.655683517456054688 11.386203765869140625 11.536983489990234375 13.229533195495605469 17.263887405395507812 14.704874992370605469 14.090233802795410156 16.541515350341796875 15.267142295837402344 14.495863914489746094 14.784520149230957031
4.6197676658630371094 0.92636656761169433594 0.053985863924026489258 0 0.85283273458480834961 13.151170730590820312 8.6119327545166015625 7.2775173187255859375 6.5243830680847167969 9.9635591506958007812 17.190542221069335938 16.058628082275390625 17.146322250366210938 16.668806076049804688 13.988145828247070312 16.124460220336914062 16.304231643676757812 15.096189498901367188 9.7487945556640625 10.854068756103515625 12.797739982604980469 11.076373100280761719 11.585979461669921875 14.081899642944335938 14.483684539794921875 14.812456130981445312 15.910069465637207031 16.163354873657226562 11.968349456787109375 10.300222396850585938 5.7710208892822265625 9.410919189453125 10.872166633605957031 11.509810447692871094 10.864416122436523438 11.490244865417480469 11.747037887573242188 13.307565689086914062 13.997805595397949219 14.809061050415039062 10.236100196838378906 12.220740318298339844 15.6007537841796875 15.497956275939941406 14.631265640258789062
11.350309371948242188 9.3821697235107421875 9.6463403701782226562 10.86617279052734375 11.779276847839355469 16.916996002197265625 13.496207237243652344 6.9472842216491699219 8.2858304977416992188 6.3252635002136230469 16.327566146850585938 18.527257919311523438 18.240503311157226562 17.008291244506835938 13.988780975341796875 17.51548004150390625 15.591103553771972656 11.873808860778808594 13.056545257568359375 11.491939544677734375 10.430196762084960938 9.672519683837890625 12.093859672546386719 15.683809280395507812 15.249690055847167969 15.639745712280273438 16.629575729370117188 15.823378562927246094 6.2693023681640625 7.7477865219116210938 9.9360675811767578125 9.32721710205078125 8.5018110275268554688 10.806694984436035156 12.393163681030273438 12.289585113525390625 13.09131622314453125 14.053271293640136719 13.842451095581054688 12.070565223693847656 10.379776954650878906 10.378942489624023438 8.8478412628173828125 9.3673200607299804688 10.037150382995605469
14.97110748291015625 15.514691352844238281 16.851682662963867188 16.681232452392578125 16.03082275390625 16.59529876708984375 16.221540451049804688 13.189077377319335938 8.2835588455200195312 7.3360762596130371094 16.380062103271484375 19.338983535766601562 19.058132171630859375 18.011011123657226562 16.007282257080078125 16.80171966552734375 15.194797515869140625 13.260938644409179688 12.666677474975585938 14.757299423217773438 10.046514511108398438 8.1820917129516601562 13.233038902282714844 15.872704505920410156 14.919400215148925781 14.685077667236328125 15.290698051452636719 11.98038482666015625 5.2194275856018066406 5.19002532958984375 10.811749458312988281 7.3314952850341796875 5.8974618911743164062 7.0506076812744140625 7.2584619522094726562 10.721526145935058594 12.068043708801269531 13.056427955627441406 12.707583427429199219 11.084804534912109375 11.090720176696777344 9.571796417236328125 14.727231979370117188 12.036005973815917969 7.4851145744323730469
14.552384376525878906 14.145070075988769531 17.722440719604492188 18.3457794189453125 18.886180877685546875 15.646548271179199219 17.084568023681640625 18.050859451293945312 16.13953399658203125 15.057797431945800781 18.86559295654296875 18.881273269653320312 19.093006134033203125 19.13500213623046875 16.423273086547851562 13.385507583618164062 15.396563529968261719 14.405341148376464844 12.231647491455078125 13.046390533447265625 10.336757659912109375 9.2730417251586914062 13.039613723754882812 18.882547378540039062 17.655155181884765625 14.711323738098144531 15.392310142517089844 15.366032600402832031 13.013111114501953125 11.037435531616210938 8.7709980010986328125 6.0556225776672363281 6.0274610519409179688 6.3363218307495117188 6.3581118583679199219 7.0403738021850585938 8.0652608871459960938 11.110184669494628906 11.203646659851074219 10.133690834045410156 7.3444962501525878906 6.6919903755187988281 9.2669582366943359375 11.725388526916503906 11.220487594604492188
13.618968009948730469 14.909860610961914062 12.793211936950683594 16.359579086303710938 17.686801910400390625 16.256591796875 17.787912368774414062 18.133579254150390625 17.524837493896484375 17.3028106689453125 17.505811691284179688 17.897466659545898438 19.4768829345703125 20.30297088623046875 19.080474853515625 11.364790916442871094 14.431955337524414062 14.226655006408691406 11.717459678649902344 12.053112983703613281 12.3887481689453125 15.904278755187988281 17.827001571655273438 18.539333343505859375 17.804765701293945312 16.99532318115234375 15.629453659057617188 16.879108428955078125 16.148036956787109375 18.123319625854492188 15.866185188293457031 9.9158077239990234375 6.9652752876281738281 7.39849090576171875 7.8735003471374511719 6.2345547676086425781 7.1562495231628417969 7.8199520111083984375 10.804268836975097656 10.198727607727050781 6.7689013481140136719 7.1809778213500976562 6.3865513801574707031 5.54650115966796875 7.3199129104614257812
15.586633682250976562 17.516981124877929688 15.47126007080078125 14.504635810852050781 17.486322402954101562 16.184558868408203125 17.148630142211914062 18.869436264038085938 18.224699020385742188 16.072925567626953125 18.400508880615234375 16.104772567749023438 19.031772613525390625 20.36945343017578125 19.052572250366210938 11.403469085693359375 11.388838768005371094 13.108439445495605469 13.880235671997070312 12.198245048522949219 15.453472137451171875 20.902574539184570312 18.230348587036132812 18.668012619018554688 16.691518783569335938 16.235074996948242188 12.959196090698242188 15.984811782836914062 18.771467208862304688 18.253290176391601562 19.260675430297851562 18.281614303588867188 14.461583137512207031 9.2512073516845703125 -9999 6.1519727706909179688 12.459901809692382812 7.4893803596496582031 10.595836639404296875 11.185842514038085938 5.6834130287170410156 6.3972611427307128906 7.1296725273132324219 5.4455933570861816406 5.8284354209899902344
17.755308151245117188 15.966459274291992188 12.240418434143066406 13.498253822326660156 15.64099884033203125 18.215602874755859375 18.076265335083007812 19.693605422973632812 19.345905303955078125 17.69109344482421875 18.335283279418945312 17.167085647583007812 17.988433837890625 19.398365020751953125 19.240421295166015625 6.5980625152587890625 11.9118499755859375 14.626923561096191406 10.577264785766601562 12.388001441955566406 13.5197906494140625 19.259609222412109375 20.738727569580078125 21.300695419311523438 18.59770965576171875 14.011676788330078125 14.069677352905273438 15.48284149169921875 19.977315902709960938 20.49153900146484375 17.007574081420898438 11.642397880554199219 9.7936220169067382812 8.9861803054809570312 8.9522619247436523438 7.5838303565979003906 6.1538166999816894531 7.7097654342651367188 9.3141727447509765625 10.705908775329589844 6.5058016777038574219 8.7000551223754882812 7.1853122711181640625 6.6284942626953125 6.480274200439453125
17.892621994018554688 14.926568984985351562 14.167261123657226562 13.105497360229492188 11.912449836730957031 16.784574508666992188 18.325979232788085938 18.932035446166992188 19.088785171508789062 18.2391815185546875 18.827852249145507812 18.369373321533203125 17.622615814208984375 19.663869857788085938 20.157197952270507812 13.597888946533203125 12.448850631713867188 14.284734725952148438 7.4109625816345214844 11.446287155151367188 13.583148956298828125 17.7093658447265625 22.21640777587890625 20.9669342041015625 20.639245986938476562 15.595716476440429688 15.785112380981445312 15.714740753173828125 20.338827133178710938 21.293634414672851562 16.132135391235351562 10.357454299926757812 10.34146881103515625 9.9261903762817382812 8.9543962478637695312 10.108195304870605469 9.41632843017578125 7.7004084587097167969 6.7407069206237792969 10.470337867736816406 8.2666873931884765625 7.0397233963012695312 4.3138065338134765625 4.8981332778930664062 7.7776074409484863281
15.007277488708496094 15.828403472900390625 16.671703338623046875 16.5886993408203125 16.218942642211914062 16.335496902465820312 17.7104034423828125 17.174062728881835938 18.817693710327148438 19.120134353637695312 17.453149795532226562 18.459650039672851562 18.325653076171875 21.430166244506835938 19.385242462158203125 16.056549072265625 18.415811538696289062 15.32712554931640625 14.302491188049316406 14.202795982360839844 15.457764625549316406 17.523956298828125 18.269010543823242188 20.302129745483398438 20.219814300537109375 18.220331192016601562 15.487662315368652344 15.988720893859863281 19.819948196411132812 22.043081283569335938 20.823955535888671875 13.923180580139160156 10.53647613525390625 10.504084587097167969 9.656017303466796875 9.993144989013671875 11.179318428039550781 9.3173503875732421875 10.587306976318359375 9.4726228713989257812 8.495815277099609375 6.2395391464233398438 6.0100650787353515625 6.6203813552856445312 10.246735572814941406
15.087696075439453125 16.889690399169921875 17.847223281860351562 17.304136276245117188 17.575696945190429688 17.777677536010742188 18.853816986083984375 18.81395721435546875 18.879533767700195312 18.657543182373046875 18.305704116821289062 18.012495040893554688 19.54022216796875 18.4427490234375 16.357320785522460938 16.434261322021484375 15.322237014770507812 15.831816673278808594 17.53460693359375 15.0819244384765625 14.224089622497558594 18.12442779541015625 19.512609481811523438 18.124036788940429688 19.594648361206054688 20.662893295288085938 16.862119674682617188 14.286202430725097656 18.685150146484375 20.51696014404296875 20.05129241943359375 18.694305419921875 10.892071723937988281 10.508899688720703125 10.183114051818847656 10.391473770141601562 11.925724983215332031 11.461305618286132812 12.304198265075683594 7.5079207420349121094 4.3583407402038574219 2.1691820621490478516 3.8404462337493896484 4.65282440185546875 11.8296966552734375
17.200139999389648438 15.663979530334472656 16.797445297241210938 17.590368270874023438 16.673681259155273438 18.561250686645507812 18.919589996337890625 19.71158599853515625 18.592298507690429688 19.330081939697265625 19.101345062255859375 19.082426071166992188 19.807926177978515625 19.124856948852539062 19.11492919921875 16.8908233642578125 15.168060302734375 15.434843063354492188 18.291036605834960938 17.572675704956054688 15.72505950927734375 17.724506378173828125 20.7805938720703125 19.58062744140625 20.953657150268554688 21.435054779052734375 21.765302658081054688 18.122417449951171875 20.863574981689453125 21.888994216918945312 21.746179580688476562 22.267391204833984375 10.71883392333984375 11.036288261413574219 11.159869194030761719 11.483353614807128906 12.4759674072265625 13.250791549682617188 13.638138771057128906 7.4507341384887695312 3.4828979969024658203 4.7273344993591308594 9.6880941390991210938 10.090284347534179688 11.843969345092773438
19.656797409057617188 17.562808990478515625 16.6309967041015625 17.2501678466796875 18.5012054443359375 19.118661880493164062 18.333515167236328125 15.310151100158691406 19.170440673828125 18.590730667114257812 17.722551345825195312 18.084810256958007812 18.479778289794921875 18.424066543579101562 18.083530426025390625 16.953327178955078125 18.040294647216796875 19.426822662353515625 20.412029266357421875 19.700473785400390625 18.36145782470703125 16.311517715454101562 22.862653732299804688 21.938312530517578125 18.481382369995117188 15.540251731872558594 21.492219924926757812 20.604740142822265625 22.56833648681640625 23.117641448974609375 22.092824935913085938 25.45265960693359375 13.107649803161621094 10.864897727966308594 12.88564300537109375 11.112633705139160156 12.091732978820800781 11.888484954833984375 13.832034111022949219 4.8494596481323242188 4.1402769088745117188 9.5791654586791992188 12.34697723388671875 14.256742477416992188 14.885865211486816406
