gis/80m/canopy_height.asc
ncols        128
nrows        143
xllcorner    726726.000000000000
yllcorner    7127190.000000000000
cellsize     80.000000000000
NODATA_value -9999
[rows 40 to 59 of 143, columns 0 to 44 of 128]
-9999 -9999 -9999 -9999 -9999 -9999 3.8088212013244628906 5.5650916099548339844 2.1929161548614501953 7.1686258316040039062 6.1957211494445800781 12.950443267822265625 10.377322196960449219 7.4963836669921875 8.2324819564819335938 12.656142234802246094 12.259810447692871094 10.623858451843261719 12.643770217895507812 10.807951927185058594 15.708478927612304688 17.990367889404296875 17.20957183837890625 16.037427902221679688 11.956326484680175781 12.640705108642578125 -9999 -9999 16.548679351806640625 14.695371627807617188 7.4164166450500488281 6.2639737129211425781 11.085875511169433594 12.802669525146484375 8.3273496627807617188 3.3695921897888183594 7.386077880859375 7.9258356094360351562 7.9068446159362792969 4.9721040725708007812 3.6623322963714599609 16.140615463256835938 14.437007904052734375 16.055242538452148438 10.351050376892089844
-9999 -9999 -9999 -9999 -9999 6.1682887077331542969 3.6412434577941894531 5.7034573554992675781 2.4347710609436035156 2.8514745235443115234 7.3157362937927246094 6.7184686660766601562 8.2388153076171875 10.921395301818847656 11.331859588623046875 17.428859710693359375 9.7061281204223632812 8.30130767822265625 10.102852821350097656 10.582492828369140625 10.58208465576171875 11.174681663513183594 13.78455352783203125 8.5984897613525390625 9.5315160751342773438 14.280779838562011719 16.221250534057617188 -9999 17.067535400390625 16.324275970458984375 15.587683677673339844 14.373076438903808594 12.13636016845703125 12.704417228698730469 13.773449897766113281 8.637420654296875 12.6461639404296875 10.003221511840820312 5.3310999870300292969 9.6309823989868164062 12.809458732604980469 17.248685836791992188 14.583881378173828125 13.297894477844238281 6.6582217216491699219
-9999 -9999 -9999 -9999 -9999 0.97854101657867431641 1.7194751501083374023 8.742115020751953125 8.2287578582763671875 10.420050621032714844 14.018061637878417969 11.935209274291992188 5.28684234619140625 7.9165825843811035156 9.92954254150390625 14.306689262390136719 6.5216236114501953125 4.5660572052001953125 6.5241236686706542969 5.4659295082092285156 7.9771146774291992188 8.8565168380737304688 11.222413063049316406 16.816919326782226562 16.2944793701171875 10.322626113891601562 11.7336578369140625 16.283769607543945312 15.625425338745117188 14.589595794677734375 15.189724922180175781 13.578831672668457031 13.916661262512207031 14.347228050231933594 14.272106170654296875 14.148500442504882812 9.1402559280395507812 10.2946014404296875 6.23000335693359375 10.071732521057128906 13.11563873291015625 15.4175262451171875 12.853054046630859375 8.50330352783203125 6.7763071060180664062
-9999 -9999 -9999 -9999 -9999 -9999 2.3553652763366699219 12.171118736267089844 16.975225448608398438 18.872484207153320312 20.510957717895507812 17.627695083618164062 7.5582141876220703125 4.6257653236389160156 8.7379560470581054688 11.247103691101074219 10.267467498779296875 7.7928514480590820312 8.3180608749389648438 7.3360776901245117188 9.3767986297607421875 10.168386459350585938 5.4336872100830078125 11.4908599853515625 13.818805694580078125 6.8369083404541015625 4.4596014022827148438 13.060617446899414062 15.753751754760742188 15.284882545471191406 15.775716781616210938 13.933820724487304688 11.674433708190917969 15.895641326904296875 17.126758575439453125 15.115936279296875 14.834276199340820312 9.0223512649536132812 13.99843597412109375 10.452091217041015625 12.489493370056152344 13.020937919616699219 13.47647857666015625 9.3382940292358398438 8.8719940185546875
-9999 -9999 -9999 -9999 -9999 -9999 -9999 5.0200457572937011719 5.9242124557495117188 7.8587927818298339844 12.137942314147949219 15.460229873657226562 13.715586662292480469 5.9522218704223632812 5.9332485198974609375 5.7190980911254882812 9.8467235565185546875 10.315761566162109375 9.8073272705078125 9.9844617843627929688 9.149570465087890625 10.330197334289550781 8.51462554931640625 8.7246198654174804688 11.078130722045898438 7.5573401451110839844 10.255275726318359375 3.0522258281707763672 13.649168968200683594 15.306651115417480469 16.128976821899414062 15.418111801147460938 13.167978286743164062 15.100043296813964844 16.502134323120117188 15.930536270141601562 13.738194465637207031 10.344586372375488281 12.223451614379882812 10.194732666015625 13.546496391296386719 10.80953216552734375 9.04290771484375 10.818559646606445312 9.9091100692749023438
-9999 -9999 -9999 -9999 -9999 -9999 -9999 -9999 6.0431427955627441406 7.5841779708862304688 8.3617258071899414062 13.453381538391113281 10.558908462524414062 1.2252234220504760742 1.7823851108551025391 2.9411311149597167969 8.8663930892944335938 9.1803340911865234375 6.5993738174438476562 9.445587158203125 10.954194068908691406 9.4508342742919921875 8.9302158355712890625 9.2909574508666992188 11.537555694580078125 15.585862159729003906 16.709569931030273438 13.18836212158203125 16.092844009399414062 15.805341720581054688 16.5210418701171875 17.376897811889648438 15.633409500122070312 13.408250808715820312 13.960364341735839844 10.070447921752929688 7.1219158172607421875 8.7604722976684570312 6.75104522705078125 8.2572879791259765625 9.8930082321166992188 9.9150409698486328125 10.452067375183105469 10.589201927185058594 9.6289148330688476562
-9999 -9999 -9999 -9999 -9999 -9999 -9999 -9999 -9999 7.3814630508422851562 8.141483306884765625 10.775480270385742188 5.8729867935180664062 0.42530876398086547852 3.3995909690856933594 4.2989926338195800781 13.473470687866210938 11.3969879150390625 8.4858369827270507812 5.44007110595703125 9.7885112762451171875 8.1704311370849609375 9.62995147705078125 12.688397407531738281 16.839708328247070312 15.491565704345703125 15.366480827331542969 16.032337188720703125 16.337617874145507812 16.671186447143554688 17.371145248413085938 18.269237518310546875 17.575548171997070312 16.755008697509765625 14.572052001953125 12.626631736755371094 4.4281826019287109375 2.8838849067687988281 2.004993438720703125 2.2559065818786621094 13.278779029846191406 10.176432609558105469 10.382203102111816406 12.588133811950683594 13.73766326904296875
-9999 -9999 -9999 -9999 -9999 -9999 -9999 -9999 -9999 -9999 7.9156370162963867188 10.293225288391113281 3.9331870079040527344 0.686126708984375 2.6881537437438964844 0.66515600681304931641 12.246501922607421875 13.583917617797851562 9.674510955810546875 8.9327325820922851562 7.2229166030883789062 8.4685182571411132812 11.407549858093261719 18.0713653564453125 17.617082595825195312 15.733050346374511719 14.114628791809082031 17.214002609252929688 16.672214508056640625 17.131105422973632812 16.45572662353515625 16.628681182861328125 16.82357025146484375 17.50470733642578125 15.241370201110839844 10.4517974853515625 6.4502205848693847656 4.6608648300170898438 5.4252915382385253906 3.5081326961517333984 11.722302436828613281 9.2732667922973632812 8.756328582763671875 8.9980382919311523438 8.7471113204956054688
-9999 -9999 -9999 -9999 -9999 -9999 -9999 -9999 7.7815904617309570312 9.8314037322998046875 10.621706008911132812 10.069643974304199219 1.9368156194686889648 1.1199104785919189453 1.7457449436187744141 3.5066483020782470703 8.5649280548095703125 8.7650823593139648438 13.673117637634277344 8.9231414794921875 9.3765544891357421875 8.1533041000366210938 13.250563621520996094 17.175340652465820312 18.91559600830078125 17.696887969970703125 15.845478057861328125 16.178020477294921875 15.354734420776367188 16.584716796875 16.668642044067382812 15.216876029968261719 11.827328681945800781 14.220598220825195312 14.960221290588378906 8.662311553955078125 12.867484092712402344 10.092138290405273438 12.848901748657226562 3.6927418708801269531 11.782117843627929688 9.7421731948852539062 10.547149658203125 6.8307881355285644531 5.0444092750549316406
-9999 -9999 -9999 -9999 -9999 -9999 5.932369232177734375 7.9631433486938476562 10.195354461669921875 10.6287841796875 15.862460136413574219 11.862213134765625 0.93983924388885498047 1.9728413820266723633 11.530938148498535156 10.659041404724121094 10.818711280822753906 10.262414932250976562 13.321407318115234375 13.557935714721679688 13.014849662780761719 13.537064552307128906 7.2598886489868164062 14.065604209899902344 16.102266311645507812 16.604038238525390625 16.944921493530273438 18.45513916015625 15.147595405578613281 14.821711540222167969 15.693741798400878906 16.014827728271484375 13.656800270080566406 12.950489997863769531 10.991869926452636719 10.227192878723144531 9.5484189987182617188 12.473209381103515625 9.3856687545776367188 4.6282815933227539062 7.8690710067749023438 10.106000900268554688 18.01755523681640625 8.88861846923828125 10.884828567504882812
-9999 -9999 -9999 -9999 12.489641189575195312 -9999 7.3727393150329589844 6.2773990631103515625 8.3227109909057617188 13.252438545227050781 16.851346969604492188 11.180493354797363281 1.3333654403686523438 1.1184540987014770508 12.15554046630859375 11.023799896240234375 10.872114181518554688 9.8129100799560546875 11.023975372314453125 13.356777191162109375 13.562967300415039062 15.005448341369628906 13.449295997619628906 9.23773956298828125 15.255589485168457031 16.993978500366210938 13.249645233154296875 13.441178321838378906 13.157868385314941406 12.658833503723144531 14.601854324340820312 15.737184524536132812 15.990917205810546875 14.168643951416015625 11.099945068359375 9.9343461990356445312 9.9350500106811523438 11.548770904541015625 14.30588531494140625 5.03870391845703125 6.3137445449829101562 9.1612195968627929688 18.883716583251953125 14.11808013916015625 12.807275772094726562
-9999 -9999 -9999 15.820953369140625 12.788373947143554688 6.4791898727416992188 10.971358299255371094 7.0503201484680175781 10.667797088623046875 13.646607398986816406 15.501957893371582031 6.3292264938354492188 0.3347568511962890625 2.4979114532470703125 10.016116142272949219 10.219524383544921875 10.262409210205078125 11.057651519775390625 10.588156700134277344 10.993229866027832031 11.19901275634765625 11.698170661926269531 11.999400138854980469 12.301847457885742188 14.064341545104980469 16.005687713623046875 16.485094070434570312 13.812668800354003906 12.901416778564453125 12.147703170776367188 11.155399322509765625 15.410286903381347656 14.859485626220703125 13.347669601440429688 11.788236618041992188 8.57889556884765625 8.7647523880004882812 10.451617240905761719 10.322942733764648438 13.742579460144042969 7.7087178230285644531 13.197648048400878906 13.348535537719726562 15.741047859191894531 11.6332550048828125
-9999 -9999 -9999 16.16663360595703125 15.177877426147460938 14.869937896728515625 15.786823272705078125 7.546443939208984375 7.6503462791442871094 15.75576019287109375 16.242387771606445312 7.556079864501953125 4.0111713409423828125 3.8226153850555419922 12.364995956420898438 14.566487312316894531 10.440969467163085938 9.607574462890625 9.95560455322265625 10.887376785278320312 11.812503814697265625 12.515816688537597656 12.051468849182128906 11.437121391296386719 11.410747528076171875 11.986959457397460938 12.308797836303710938 12.252713203430175781 9.6843738555908203125 11.918421745300292969 12.593402862548828125 15.878102302551269531 14.13401031494140625 11.448107719421386719 8.5136241912841796875 9.6914920806884765625 9.5807094573974609375 9.6888628005981445312 9.9065761566162109375 10.343770980834960938 10.112399101257324219 9.1324014663696289062 8.0902614593505859375 12.015409469604492188 15.030742645263671875
-9999 -9999 -9999 14.916710853576660156 14.368495941162109375 13.637316703796386719 15.814128875732421875 7.55841064453125 8.4213542938232421875 16.236614227294921875 18.429838180541992188 12.771645545959472656 10.079623222351074219 7.3253588676452636719 7.777729034423828125 10.830496788024902344 14.507547378540039062 10.198819160461425781 10.65312957763671875 10.791749954223632812 11.130654335021972656 11.376116752624511719 11.976782798767089844 11.999184608459472656 9.1584730148315429688 9.2673082351684570312 12.55194091796875 18.428119659423828125 9.3197278976440429688 10.230133056640625 12.311158180236816406 13.220916748046875 14.335199356079101562 9.9178705215454101562 9.107421875 10.885876655578613281 10.684720039367675781 11.287838935852050781 10.262352943420410156 10.974827766418457031 12.056230545043945312 12.931621551513671875 11.693567276000976562 12.673025131225585938 14.543156623840332031
-9999 -9999 -9999 6.2195582389831542969 6.5223712921142578125 8.0001735687255859375 7.1450610160827636719 7.2881417274475097656 9.6661119461059570312 19.009265899658203125 17.237455368041992188 4.8658642768859863281 8.3028230667114257812 10.451811790466308594 9.8210010528564453125 4.6173672676086425781 10.970759391784667969 9.8161535263061523438 8.1770191192626953125 11.081553459167480469 9.6551427841186523438 10.585680961608886719 10.831841468811035156 11.480089187622070312 11.390084266662597656 10.458687782287597656 10.598653793334960938 14.603566169738769531 12.416109085083007812 9.246715545654296875 8.3339242935180664062 13.706242561340332031 11.750094413757324219 10.483179092407226562 10.740513801574707031 11.66733551025390625 11.516106605529785156 9.8458652496337890625 10.546761512756347656 11.508149147033691406 11.770417213439941406 11.183903694152832031 14.456540107727050781 15.127496719360351562 17.715030670166015625
-9999 -9999 -9999 6.3375220298767089844 8.694095611572265625 8.8853788375854492188 9.9190969467163085938 7.8191251754760742188 11.164342880249023438 17.3145904541015625 14.5780792236328125 4.8344268798828125 8.3632802963256835938 6.6038556098937988281 20.413747787475585938 21.093927383422851562 17.27884674072265625 3.3375597000122070312 2.6055300235748291016 7.23426055908203125 8.315395355224609375 10.393735885620117188 9.859104156494140625 10.692322731018066406 10.167125701904296875 7.6996350288391113281 10.508332252502441406 10.869359016418457031 18.907964706420898438 17.615819931030273438 11.513953208923339844 11.712523460388183594 10.090486526489257812 10.319004058837890625 11.026721000671386719 10.68076324462890625 11.190611839294433594 12.066866874694824219 9.9203548431396484375 11.210796356201171875 12.89914703369140625 13.515442848205566406 16.438610076904296875 13.8624725341796875 15.749812126159667969
-9999 -9999 -9999 4.774883270263671875 6.9409203529357910156 8.3187475204467773438 9.255817413330078125 8.216449737548828125 13.880002021789550781 17.333997726440429688 16.92797088623046875 6.3379006385803222656 9.4292011260986328125 7.5749440193176269531 22.33026885986328125 22.743989944458007812 21.686029434204101562 10.838064193725585938 1.8324832916259765625 1.8497291803359985352 7.105625152587890625 9.8806619644165039062 11.187961578369140625 10.830211639404296875 11.595179557800292969 9.718311309814453125 10.157911300659179688 10.098135948181152344 14.44223785400390625 19.929559707641601562 19.704046249389648438 12.260098457336425781 9.8769159317016601562 10.133830070495605469 10.765241622924804688 9.2024440765380859375 9.6336641311645507812 10.214865684509277344 11.457562446594238281 12.910945892333984375 12.912220954895019531 14.365063667297363281 15.063940048217773438 16.29212188720703125 14.281287193298339844
-9999 -9999 3.8363237380981445312 3.9218070507049560547 4.8540401458740234375 9.724506378173828125 10.980626106262207031 9.5131816864013671875 14.755495071411132812 17.5911712646484375 19.62870025634765625 15.838072776794433594 17.62420654296875 10.287766456604003906 21.117513656616210938 22.725139617919921875 19.949319839477539062 20.300168991088867188 10.625884056091308594 1.4613224267959594727 2.7118597030639648438 9.7788686752319335938 4.719333648681640625 1.4968166351318359375 1.9707846641540527344 6.2819056510925292969 9.6524877548217773438 10.176356315612792969 10.477695465087890625 18.598039627075195312 19.80330657958984375 17.725124359130859375 11.098802566528320312 9.8079929351806640625 9.88636016845703125 9.7729663848876953125 9.6470098495483398438 10.893414497375488281 12.883006095886230469 13.695429801940917969 11.648870468139648438 15.656780242919921875 15.191679954528808594 14.341892242431640625 16.064035415649414062
-9999 5.0634865760803222656 1.2840927839279174805 5.028606414794921875 8.4388980865478515625 13.42739105224609375 13.101474761962890625 13.98683929443359375 16.278110504150390625 17.66588592529296875 19.4929656982421875 15.548577308654785156 15.195984840393066406 18.8329315185546875 22.09439849853515625 22.88945770263671875 20.8286590576171875 20.038896560668945312 20.343906402587890625 10.171476364135742188 7.9566264152526855469 17.470363616943359375 12.933149337768554688 0.99990040063858032227 0.64346855878829956055 0.84527158737182617188 8.6959285736083984375 10.267541885375976562 10.8035125732421875 12.008701324462890625 20.998260498046875 20.723157882690429688 18.926761627197265625 12.645541191101074219 10.519529342651367188 11.027838706970214844 12.178445816040039062 10.614714622497558594 12.779393196105957031 12.656946182250976562 8.4594278335571289062 13.649559974670410156 15.9873046875 15.634372711181640625 16.214092254638671875
-9999 7.670536041259765625 9.0470638275146484375 13.011212348937988281 15.113408088684082031 15.019224166870117188 14.073439598083496094 14.771220207214355469 17.872539520263671875 18.203481674194335938 16.968294143676757812 13.017920494079589844 11.222705841064453125 14.929423332214355469 21.938627243041992188 21.739854812622070312 22.199968338012695312 22.006223678588867188 20.953584671020507812 21.47884368896484375 16.484340667724609375 19.169353485107421875 19.729602813720703125 16.0890045166015625 10.323214530944824219 0.60544061660766601562 7.7212705612182617188 10.485417366027832031 10.172811508178710938 8.1686353683471679688 12.749796867370605469 19.339879989624023438 17.27655029296875 19.280397415161132812 11.307133674621582031 11.877301216125488281 11.070276260375976562 11.690207481384277344 13.307962417602539062 10.708431243896484375 6.3932747840881347656 14.657958984375 17.71478271484375 17.57064056396484375 16.294384002685546875
