gis/80m/canopy_height.asc
ncols        128
nrows        143
xllcorner    726726.000000000000
yllcorner    7127190.000000000000
cellsize     80.000000000000
NODATA_value -9999
[rows 80 to 99 of 143, columns 45 to 89 of 128]
19.058752059936523438 12.385615348815917969 6.9392671585083007812 0.64376658201217651367 0 0.99071675539016723633 3.1613163948059082031 9.3316755294799804688 15.762462615966796875 8.4183034896850585938 7.0967135429382324219 10.0447540283203125 14.421002388000488281 16.797698974609375 18.91182708740234375 20.164691925048828125 21.058023452758789062 21.8446197509765625 18.317880630493164062 20.816389083862304688 19.985006332397460938 15.644804954528808594 16.491247177124023438 16.5521240234375 19.208990097045898438 17.411710739135742188 11.469480514526367188 11.537733078002929688 8.03978729248046875 6.4062609672546386719 11.108042716979980469 16.818689346313476562 10.899336814880371094 3.8276584148406982422 4.5081982612609863281 4.9908351898193359375 10.592518806457519531 13.015957832336425781 10.393149375915527344 8.0476846694946289062 11.515460968017578125 9.8045377731323242188 12.630687713623046875 3.6362667083740234375 7.5448660850524902344
13.292081832885742188 14.446941375732421875 8.5550031661987304688 3.0125367641448974609 5.0342946052551269531 16.67205810546875 16.746612548828125 15.515889167785644531 12.980647087097167969 8.5848989486694335938 7.6480855941772460938 6.8121895790100097656 9.4065313339233398438 15.585134506225585938 16.183408737182617188 17.716623306274414062 19.591058731079101562 21.253229141235351562 21.341981887817382812 20.71837615966796875 15.158724784851074219 14.876127243041992188 16.618608474731445312 17.61571502685546875 14.714908599853515625 18.856302261352539062 11.23741912841796875 15.37468719482421875 15.552172660827636719 16.139751434326171875 16.481424331665039062 16.364316940307617188 15.3938751220703125 14.081244468688964844 13.907908439636230469 16.925138473510742188 19.884334564208984375 15.685100555419921875 6.4021010398864746094 12.850077629089355469 13.005262374877929688 10.072272300720214844 8.8968019485473632812 12.163304328918457031 6.7007117271423339844
13.502335548400878906 14.928180694580078125 16.115957260131835938 8.3773889541625976562 14.52890777587890625 16.652666091918945312 15.603390693664550781 13.382729530334472656 7.8527116775512695312 11.843708038330078125 6.5708856582641601562 10.828383445739746094 10.977025032043457031 10.301702499389648438 13.682412147521972656 17.085695266723632812 18.486680984497070312 20.2630767822265625 20.383472442626953125 21.410085678100585938 17.637050628662109375 15.792494773864746094 18.259494781494140625 16.216033935546875 11.312113761901855469 16.378522872924804688 18.147129058837890625 16.835567474365234375 19.428781509399414062 18.3529052734375 16.334104537963867188 18.905874252319335938 20.067777633666992188 18.959135055541992188 19.240541458129882812 18.117513656616210938 18.693817138671875 19.214849472045898438 7.9354114532470703125 8.8092012405395507812 8.06764984130859375 8.52954864501953125 9.71002960205078125 8.890537261962890625 9.82346343994140625
11.849618911743164062 17.139986038208007812 17.834383010864257812 14.437031745910644531 12.698651313781738281 16.207508087158203125 14.077928543090820312 11.777281761169433594 13.994860649108886719 15.294131278991699219 14.915848731994628906 13.533800125122070312 13.461903572082519531 16.4510040283203125 13.87933349609375 7.2391796112060546875 9.5094366073608398438 17.92133331298828125 19.953573226928710938 18.174224853515625 14.634992599487304688 16.47867584228515625 16.923097610473632812 5.26161956787109375 8.508220672607421875 11.04828643798828125 6.6025614738464355469 11.144742965698242188 21.925367355346679688 23.653202056884765625 22.694662094116210938 20.391855239868164062 20.902109146118164062 19.046789169311523438 19.442358016967773438 17.925001144409179688 15.306690216064453125 18.40120697021484375 16.10048675537109375 13.5173492431640625 15.691262245178222656 16.898893356323242188 15.45429229736328125 10.672770500183105469 8.68824005126953125
10.136655807495117188 13.5983428955078125 16.342817306518554688 16.394359588623046875 14.178409576416015625 15.022251129150390625 13.043639183044433594 13.020153999328613281 13.030172348022460938 15.051442146301269531 16.344776153564453125 16.226446151733398438 16.2000732421875 13.55487060546875 12.786848068237304688 7.8525023460388183594 8.5235843658447265625 5.9429445266723632812 12.381958961486816406 18.116443634033203125 17.4283905029296875 17.18482208251953125 13.560605049133300781 5.2625203132629394531 4.2945871353149414062 0.3204205632209777832 0 0 4.8769311904907226562 16.303249359130859375 21.529834747314453125 20.24454498291015625 21.477603912353515625 19.046545028686523438 19.493865966796875 18.4084014892578125 18.013082504272460938 18.683725357055664062 18.81622314453125 16.394903182983398438 18.413204193115234375 17.229824066162109375 17.52275848388671875 10.108402252197265625 8.3557825088500976562
15.488459587097167969 11.286289215087890625 8.9624757766723632812 7.4396529197692871094 10.60929107666015625 16.168851852416992188 15.344538688659667969 12.704854011535644531 13.764815330505371094 14.946049690246582031 16.23099517822265625 16.02812957763671875 15.65673828125 16.59320831298828125 15.904002189636230469 11.687976837158203125 8.76190185546875 11.717006683349609375 9.9401950836181640625 9.4210405349731445312 14.463663101196289062 17.356313705444335938 13.728303909301757812 15.857181549072265625 6.0227203369140625 0 0 0.83906668424606323242 5.6620478630065917969 0.34390228986740112305 7.2781729698181152344 15.777520179748535156 17.578344345092773438 19.875743865966796875 21.2972259521484375 18.676839828491210938 19.767187118530273438 18.626787185668945312 15.42142486572265625 18.066724777221679688 18.115062713623046875 17.66326904296875 16.362268447875976562 14.479763031005859375 14.791303634643554688
16.649845123291015625 16.274808883666992188 14.625412940979003906 11.033746719360351562 10.905755043029785156 13.997257232666015625 17.114324569702148438 16.503709793090820312 16.516185760498046875 16.507780075073242188 15.315112113952636719 15.509929656982421875 16.027605056762695312 15.609180450439453125 16.04370880126953125 15.627988815307617188 15.674450874328613281 13.643037796020507812 12.030992507934570312 11.477596282958984375 11.537220001220703125 11.085826873779296875 15.2639617919921875 14.996728897094726562 17.100494384765625 1.4824148416519165039 2.8249368667602539062 9.9296560287475585938 16.83391571044921875 12.031567573547363281 0.9477081298828125 10.452992439270019531 13.667557716369628906 18.31977081298828125 22.150205612182617188 20.314229965209960938 19.6550750732421875 19.604314804077148438 19.77208709716796875 16.9962005615234375 17.96411895751953125 18.240625381469726562 11.55672454833984375 11.402710914611816406 12.253754615783691406
15.264032363891601562 15.235439300537109375 15.656899452209472656 16.27889251708984375 14.875444412231445312 11.814939498901367188 15.21949005126953125 15.840325355529785156 16.379459381103515625 16.626087188720703125 16.574087142944335938 15.862245559692382812 16.17327880859375 15.868089675903320312 14.565270423889160156 14.690854072570800781 10.802402496337890625 4.8720569610595703125 11.253726959228515625 14.794827461242675781 10.031714439392089844 14.850783348083496094 17.453920364379882812 16.257541656494140625 16.584362030029296875 17.926799774169921875 20.122005462646484375 16.9356842041015625 15.532392501831054688 16.6128387451171875 16.253582000732421875 15.541675567626953125 11.962038993835449219 9.62743377685546875 18.836507797241210938 21.831310272216796875 23.6583404541015625 19.451847076416015625 17.547929763793945312 19.775453567504882812 18.549188613891601562 15.250732421875 10.678396224975585938 12.148561477661132812 12.249357223510742188
14.823054313659667969 14.843203544616699219 15.380533218383789062 15.497565269470214844 15.429883003234863281 15.806097984313964844 15.455927848815917969 16.368381500244140625 17.220930099487304688 17.999387741088867188 17.25260162353515625 16.544843673706054688 14.488722801208496094 13.123472213745117188 12.888017654418945312 16.151721954345703125 12.664226531982421875 5.2119565010070800781 14.140811920166015625 11.940227508544921875 14.262914657592773438 18.982128143310546875 16.174228668212890625 15.211637496948242188 15.154494285583496094 16.31607818603515625 13.553155899047851562 11.214848518371582031 11.626200675964355469 15.149518966674804688 13.021032333374023438 11.826577186584472656 10.418383598327636719 6.9453821182250976562 14.76801300048828125 18.516651153564453125 21.4818267822265625 21.230474472045898438 19.33666229248046875 20.128795623779296875 19.266620635986328125 12.627312660217285156 11.144513130187988281 11.209733963012695312 12.826444625854492188
15.48760223388671875 12.375066757202148438 15.721774101257324219 16.143239974975585938 15.234944343566894531 15.565232276916503906 14.77848052978515625 14.978833198547363281 17.90128326416015625 17.866937637329101562 16.595062255859375 14.4166107177734375 8.9089632034301757812 11.812311172485351562 11.34639739990234375 16.833314895629882812 17.07454681396484375 17.336597442626953125 16.113466262817382812 15.036680221557617188 17.8997802734375 18.891490936279296875 19.415929794311523438 12.217991828918457031 13.164622306823730469 13.436339378356933594 12.322600364685058594 12.152158737182617188 10.746001243591308594 12.843198776245117188 12.239300727844238281 10.204798698425292969 10.785115242004394531 11.199700355529785156 14.770359039306640625 14.0837554931640625 15.994572639465332031 20.313520431518554688 18.637989044189453125 18.844194412231445312 17.792203903198242188 12.478956222534179688 12.0226593017578125 11.409159660339355469 13.081613540649414062
14.770070075988769531 15.008340835571289062 14.215356826782226562 15.720326423645019531 13.868499755859375 14.196467399597167969 14.134934425354003906 13.064748764038085938 14.813790321350097656 15.746712684631347656 15.092387199401855469 15.002612113952636719 13.747562408447265625 15.652115821838378906 16.418828964233398438 17.260156631469726562 17.587354660034179688 16.313371658325195312 15.361977577209472656 16.993867874145507812 17.18169403076171875 16.694019317626953125 18.24451446533203125 17.17949676513671875 17.578571319580078125 17.552148818969726562 18.29152679443359375 13.919840812683105469 10.61305999755859375 11.745149612426757812 11.949326515197753906 13.112488746643066406 13.283628463745117188 14.629024505615234375 10.548219680786132812 10.815839767456054688 14.647776603698730469 18.706512451171875 17.628244400024414062 19.540164947509765625 19.661205291748046875 16.6796417236328125 12.805341720581054688 11.174287796020507812 12.182962417602539062
12.420802116394042969 12.907810211181640625 13.000256538391113281 12.6569671630859375 12.764616012573242188 12.864836692810058594 14.047534942626953125 15.294154167175292969 10.667405128479003906 13.70136260986328125 16.687356948852539062 16.609724044799804688 17.104784011840820312 16.50960540771484375 8.8668184280395507812 11.797419548034667969 15.914693832397460938 14.244132041931152344 19.564611434936523438 18.573602676391601562 17.915330886840820312 16.397928237915039062 17.25373077392578125 17.196475982666015625 16.152376174926757812 18.479177474975585938 18.909427642822265625 19.390331268310546875 16.83060455322265625 14.534061431884765625 14.172444343566894531 14.656900405883789062 12.496896743774414062 12.131987571716308594 12.363074302673339844 10.136300086975097656 10.809412002563476562 12.881453514099121094 16.66707611083984375 17.104681015014648438 17.846361160278320312 16.08629608154296875 13.899998664855957031 10.260773658752441406 9.165851593017578125
15.064075469970703125 13.768764495849609375 12.947978973388671875 13.679781913757324219 9.636234283447265625 10.507775306701660156 16.461139678955078125 13.302132606506347656 11.227892875671386719 10.616180419921875 17.3319091796875 19.093671798706054688 17.463871002197265625 15.666582107543945312 7.8839869499206542969 12.037992477416992188 14.113427162170410156 20.210081100463867188 20.502712249755859375 18.53716278076171875 17.661592483520507812 17.851976394653320312 17.09111785888671875 18.04265594482421875 19.292877197265625 18.426464080810546875 18.904756546020507812 20.109767913818359375 20.32331085205078125 20.792676925659179688 17.949888229370117188 16.251493453979492188 13.502752304077148438 13.717507362365722656 12.071516036987304688 8.2947864532470703125 11.963664054870605469 11.497922897338867188 10.15940093994140625 13.240314483642578125 16.094028472900390625 19.23836517333984375 17.78221893310546875 4.96065521240234375 7.7125043869018554688
10.712781906127929688 13.122579574584960938 13.343440055847167969 12.739811897277832031 12.475175857543945312 12.6979522705078125 15.419189453125 16.417774200439453125 8.9099740982055664062 14.26004791259765625 17.688184738159179688 19.1885833740234375 18.44846343994140625 16.23763275146484375 11.85349273681640625 12.875768661499023438 17.5912322998046875 17.857675552368164062 19.24048614501953125 18.293895721435546875 18.0126800537109375 18.112018585205078125 18.538164138793945312 18.648059844970703125 18.8618621826171875 18.44144439697265625 17.511976242065429688 19.2660675048828125 20.73690032958984375 20.52639007568359375 17.490289688110351562 18.416355133056640625 18.055109024047851562 14.753690719604492188 5.8570618629455566406 2.8615295886993408203 10.447411537170410156 12.310929298400878906 11.602079391479492188 9.4696178436279296875 9.29306793212890625 14.964135169982910156 17.30474090576171875 6.5699138641357421875 9.9623003005981445312
9.549030303955078125 7.6694688796997070312 9.4492368698120117188 9.6465253829956054688 12.362728118896484375 13.134779930114746094 12.036058425903320312 9.5153532028198242188 6.791118621826171875 16.22216796875 16.4663238525390625 18.433446884155273438 19.31336212158203125 18.341274261474609375 -9999 17.344310760498046875 17.16263580322265625 16.0913238525390625 18.06243896484375 19.02225494384765625 17.429546356201171875 18.318088531494140625 18.899682998657226562 18.895837783813476562 19.806375503540039062 19.25152587890625 18.9080963134765625 18.145315170288085938 8.7930240631103515625 17.633451461791992188 18.72457122802734375 17.301914215087890625 17.559061050415039062 19.138216018676757812 17.580596923828125 10.052648544311523438 6.292449951171875 5.0142579078674316406 6.6014924049377441406 8.1768932342529296875 11.773846626281738281 10.366724014282226562 13.707943916320800781 4.8582520484924316406 11.748116493225097656
13.053223609924316406 12.748831748962402344 12.771221160888671875 11.869856834411621094 11.246859550476074219 14.47740936279296875 10.387724876403808594 9.2060289382934570312 7.0958771705627441406 16.441707611083984375 17.128328323364257812 17.01186370849609375 18.060483932495117188 13.268774032592773438 16.891550064086914062 17.671213150024414062 17.983552932739257812 17.936624526977539062 17.746242523193359375 18.068023681640625 18.892284393310546875 19.05866241455078125 18.905767440795898438 20.081941604614257812 19.37200164794921875 20.060480117797851562 19.393558502197265625 18.96424102783203125 15.441544532775878906 18.584280014038085938 18.9864959716796875 10.816992759704589844 7.1714038848876953125 17.472745895385742188 18.979175567626953125 13.828915596008300781 15.924081802368164062 10.878653526306152344 8.2789287567138671875 6.7134552001953125 10.551259994506835938 13.289692878723144531 13.947093009948730469 6.2765059471130371094 10.144349098205566406
0.121041126549243927 4.0809855461120605469 11.817974090576171875 12.507964134216308594 12.23735809326171875 13.939875602722167969 13.492864608764648438 13.547644615173339844 12.860076904296875 11.850561141967773438 13.866456985473632812 14.018328666687011719 12.019445419311523438 12.244096755981445312 15.260601997375488281 12.552542686462402344 15.638916015625 15.090542793273925781 16.562536239624023438 17.984552383422851562 18.61138153076171875 19.993061065673828125 20.233945846557617188 20.258115768432617188 20.542354583740234375 19.740056991577148438 18.817493438720703125 18.76319122314453125 18.436491012573242188 17.79590606689453125 17.775888442993164062 13.963695526123046875 11.621804237365722656 16.071651458740234375 16.84033203125 17.346273422241210938 17.396509170532226562 15.1431884765625 19.5528564453125 14.976648330688476562 11.9695587158203125 12.802491188049316406 14.603789329528808594 6.7175822257995605469 6.5743222236633300781
9.8120393753051757812 9.9687824249267578125 8.9252367019653320312 11.19940185546875 11.950669288635253906 14.283262252807617188 15.356919288635253906 14.569207191467285156 15.276225090026855469 15.720742225646972656 13.598250389099121094 9.3352632522583007812 7.9449586868286132812 11.380183219909667969 10.026148796081542969 7.374660491943359375 8.302021026611328125 10.5579376220703125 13.484169960021972656 10.954844474792480469 8.5454769134521484375 10.4781951904296875 11.718379020690917969 15.025534629821777344 18.633464813232421875 18.304502487182617188 17.834585189819335938 18.670305252075195312 17.197492599487304688 17.535625457763671875 17.462064743041992188 15.436688423156738281 14.853086471557617188 4.8549356460571289062 0.13440376520156860352 2.3792402744293212891 15.234446525573730469 17.0903778076171875 18.7020263671875 18.403669357299804688 13.983769416809082031 13.682760238647460938 12.825840950012207031 3.4014344215393066406 6.1215791702270507812
13.380402565002441406 13.124309539794921875 11.896055221557617188 11.419003486633300781 11.070833206176757812 9.938991546630859375 13.010623931884765625 12.443179130554199219 11.920389175415039062 15.165752410888671875 10.996273994445800781 7.889621734619140625 8.748607635498046875 7.8535704612731933594 11.058896064758300781 5.951831817626953125 5.7795925140380859375 12.254681587219238281 14.146167755126953125 10.593575477600097656 10.739767074584960938 12.71361541748046875 11.89459991455078125 8.0789403915405273438 8.0222826004028320312 13.383141517639160156 17.140859603881835938 17.03607940673828125 17.064043045043945312 16.975427627563476562 14.678653717041015625 15.095396041870117188 12.503643035888671875 0.78723198175430297852 0 6.8424983024597167969 14.724556922912597656 15.430032730102539062 15.577084541320800781 15.95668792724609375 14.737125396728515625 13.844923973083496094 14.003451347351074219 4.1499037742614746094 2.0607087612152099609
4.7490754127502441406 6.6694235801696777344 8.7016744613647460938 11.101022720336914062 12.440178871154785156 13.718014717102050781 14.917932510375976562 12.646432876586914062 13.720166206359863281 12.530138015747070312 11.126265525817871094 16.591882705688476562 15.116940498352050781 13.161073684692382812 13.271172523498535156 15.087424278259277344 14.450760841369628906 12.390644073486328125 9.7501707077026367188 9.2686643600463867188 10.557367324829101562 9.7370328903198242188 10.125378608703613281 9.20926666259765625 9.02504730224609375 8.3521604537963867188 16.328472137451171875 15.85050201416015625 15.180300712585449219 15.807652473449707031 13.466414451599121094 14.369935035705566406 7.9581747055053710938 7.0819115638732910156 6.1282229423522949219 13.044795989990234375 15.974026679992675781 15.45107269287109375 16.059347152709960938 16.497486114501953125 14.774836540222167969 13.547285079956054688 14.615097999572753906 14.355409622192382812 11.705980300903320312
