gis/80m/canopy_height.asc
ncols        128
nrows        143
xllcorner    726726.000000000000
yllcorner    7127190.000000000000
cellsize     80.000000000000
NODATA_value -9999
[rows 60 to 79 of 143, columns 45 to 89 of 128]
19.138814926147460938 20.012462615966796875 18.565288543701171875 17.232904434204101562 18.755718231201171875 18.116119384765625 18.341192245483398438 17.81402587890625 20.264463424682617188 19.75623321533203125 17.0843963623046875 18.322938919067382812 20.278614044189453125 20.635923385620117188 19.745510101318359375 16.228818893432617188 17.99411773681640625 19.047512054443359375 15.719576835632324219 18.411800384521484375 18.766027450561523438 16.526044845581054688 18.378702163696289062 11.365375518798828125 9.3612117767333984375 8.9326190948486328125 20.723926544189453125 21.151691436767578125 21.691514968872070312 20.33800506591796875 20.524806976318359375 23.815366744995117188 17.723649978637695312 10.436550140380859375 13.595015525817871094 12.347968101501464844 13.513509750366210938 10.809567451477050781 6.6589837074279785156 4.29856109619140625 4.9080739021301269531 5.3599872589111328125 13.437280654907226562 13.0818634033203125 8.2094030380249023438
15.44585418701171875 14.548823356628417969 15.89852142333984375 16.542707443237304688 17.425289154052734375 18.435520172119140625 18.835504531860351562 16.53752899169921875 15.319619178771972656 20.045030593872070312 18.2735595703125 19.095209121704101562 20.71923065185546875 21.557550430297851562 19.339349746704101562 20.055410385131835938 18.482879638671875 19.92273712158203125 15.286610603332519531 18.18038177490234375 18.857631683349609375 19.358510971069335938 19.42794036865234375 8.9114933013916015625 8.967617034912109375 13.587005615234375 19.433353424072265625 14.456521034240722656 16.039266586303710938 19.364093780517578125 21.471738815307617188 20.78861236572265625 22.864879608154296875 14.4476318359375 12.304540634155273438 12.900660514831542969 15.773220062255859375 21.038476943969726562 18.413311004638671875 3.7452030181884765625 12.269017219543457031 12.429327011108398438 14.897603988647460938 14.465696334838867188 8.591503143310546875
14.595117568969726562 16.58899688720703125 18.31627655029296875 17.283847808837890625 15.839946746826171875 19.1998748779296875 17.974153518676757812 14.169444084167480469 10.464062690734863281 17.712064743041992188 19.893003463745117188 18.735626220703125 20.488124847412109375 20.615377426147460938 19.632045745849609375 19.542667388916015625 18.219205856323242188 18.605150222778320312 17.793531417846679688 18.10013580322265625 18.262945175170898438 19.788805007934570312 20.508100509643554688 16.484966278076171875 8.094402313232421875 14.525585174560546875 15.057152748107910156 12.371767044067382812 13.125365257263183594 17.60494232177734375 21.058973312377929688 22.3842926025390625 24.785043716430664062 22.59449005126953125 13.075647354125976562 11.635747909545898438 14.457396507263183594 19.246826171875 15.046537399291992188 12.366724014282226562 15.769687652587890625 13.94126129150390625 15.262681007385253906 15.593235015869140625 11.84654998779296875
16.940608978271484375 18.429655075073242188 19.535816192626953125 18.461626052856445312 17.287076950073242188 18.707866668701171875 15.207108497619628906 11.702940940856933594 8.5589351654052734375 16.718275070190429688 17.517168045043945312 19.50766754150390625 20.534246444702148438 20.8746337890625 21.002803802490234375 18.204687118530273438 20.985538482666015625 19.5819091796875 19.275388717651367188 16.146085739135742188 18.573577880859375 17.871534347534179688 20.955274581909179688 20.143407821655273438 16.786733627319335938 17.369785308837890625 15.941194534301757812 13.395947456359863281 13.480166435241699219 14.135040283203125 20.308551788330078125 23.879547119140625 23.732469558715820312 20.765256881713867188 21.326847076416015625 18.188440322875976562 15.748887062072753906 17.062936782836914062 11.437763214111328125 15.148320198059082031 15.392140388488769531 13.89263916015625 11.860332489013671875 13.38387298583984375 15.063542366027832031
19.509855270385742188 -9999 19.623647689819335938 18.439052581787109375 16.58174896240234375 14.010911941528320312 14.756269454956054688 13.633798599243164062 12.125535964965820312 15.738556861877441406 16.19500732421875 18.559650421142578125 19.754434585571289062 21.06746673583984375 19.786579132080078125 19.764858245849609375 21.348217010498046875 22.15618896484375 19.62892913818359375 16.441619873046875 17.041412353515625 16.501092910766601562 18.169393539428710938 19.606637954711914062 18.531469345092773438 16.9161834716796875 17.352777481079101562 14.102007865905761719 13.343947410583496094 12.123238563537597656 18.106708526611328125 21.227504730224609375 23.67421722412109375 18.975231170654296875 21.278909683227539062 22.470109939575195312 21.19036865234375 16.563760757446289062 11.088076591491699219 12.566044807434082031 14.614603996276855469 15.295328140258789062 15.146058082580566406 12.3283843994140625 14.871771812438964844
19.924800872802734375 19.309001922607421875 19.938047409057617188 17.851367950439453125 16.277801513671875 14.532954216003417969 15.717042922973632812 16.195230484008789062 15.684844017028808594 -9999 -9999 17.166650772094726562 17.213220596313476562 17.963022232055664062 17.808828353881835938 17.415714263916015625 18.455211639404296875 21.967113494873046875 19.850673675537109375 17.62195587158203125 18.06158447265625 16.148296356201171875 16.204977035522460938 16.324993133544921875 18.70223236083984375 16.240865707397460938 16.028566360473632812 12.596924781799316406 12.901682853698730469 13.48133087158203125 18.867959976196289062 19.043313980102539062 23.8852081298828125 18.129381179809570312 18.201227188110351562 20.759613037109375 21.670734405517578125 14.148007392883300781 9.7895603179931640625 10.075942039489746094 14.494729995727539062 17.7066650390625 15.960521697998046875 11.205904960632324219 13.901404380798339844
18.73224639892578125 18.605257034301757812 17.72124481201171875 17.394296646118164062 17.378376007080078125 15.307394027709960938 16.593982696533203125 18.717676162719726562 17.716373443603515625 12.95308685302734375 14.795596122741699219 13.547575950622558594 13.631161689758300781 15.69199371337890625 17.610828399658203125 11.897654533386230469 13.575932502746582031 18.018253326416015625 21.5582733154296875 19.118320465087890625 18.22052001953125 16.469728469848632812 15.304040908813476562 16.586721420288085938 15.721075057983398438 15.0664520263671875 14.211670875549316406 12.334399223327636719 10.717435836791992188 12.248950004577636719 20.200061798095703125 17.68331146240234375 22.010951995849609375 19.558485031127929688 16.23485565185546875 19.190095901489257812 18.024869918823242188 15.341832160949707031 10.640428543090820312 9.6858854293823242188 13.424602508544921875 16.309896469116210938 14.514951705932617188 15.043390274047851562 16.721399307250976562
16.665088653564453125 13.579953193664550781 15.545943260192871094 18.19947052001953125 19.608739852905273438 15.763957023620605469 17.452190399169921875 19.1292266845703125 16.382570266723632812 16.377050399780273438 15.216159820556640625 14.72243499755859375 12.947455406188964844 14.056001663208007812 17.32447052001953125 17.074144363403320312 14.783597946166992188 17.014764785766601562 20.741451263427734375 20.35492706298828125 19.1227264404296875 17.168231964111328125 15.52210235595703125 16.271188735961914062 16.559841156005859375 19.598985671997070312 17.798208236694335938 16.861467361450195312 12.888528823852539062 14.774741172790527344 18.865446090698242188 18.389654159545898438 21.85968017578125 18.075265884399414062 15.506510734558105469 18.126829147338867188 18.271932601928710938 15.341851234436035156 14.028348922729492188 10.951288223266601562 13.08528900146484375 12.634207725524902344 17.262706756591796875 18.521137237548828125 17.925996780395507812
18.765722274780273438 17.586774826049804688 20.148372650146484375 20.339038848876953125 20.82042694091796875 19.578638076782226562 19.037586212158203125 18.133459091186523438 17.88277435302734375 13.950524330139160156 16.722932815551757812 15.458062171936035156 12.310453414916992188 10.116024971008300781 13.447943687438964844 18.6865386962890625 18.300931930541992188 18.590532302856445312 17.786022186279296875 19.856786727905273438 19.783679962158203125 16.38645172119140625 15.541921615600585938 14.294622421264648438 15.750893592834472656 19.161733627319335938 19.6527099609375 19.557691574096679688 19.206308364868164062 17.561489105224609375 17.263250350952148438 17.159753799438476562 21.901853561401367188 18.642429351806640625 15.712317466735839844 17.74909210205078125 18.51383209228515625 14.159357070922851562 11.610930442810058594 17.498867034912109375 15.767184257507324219 11.716311454772949219 16.016527175903320312 17.314380645751953125 18.03863525390625
22.216787338256835938 20.996250152587890625 21.607318878173828125 19.206600189208984375 20.438867568969726562 21.379917144775390625 20.2302703857421875 19.938823699951171875 20.6521453857421875 16.867994308471679688 15.997935295104980469 16.5742034912109375 15.472508430480957031 12.254273414611816406 12.139161109924316406 16.989797592163085938 17.868593215942382812 18.011806488037109375 18.906909942626953125 18.7135162353515625 19.890867233276367188 18.165658950805664062 17.905565261840820312 18.3490142822265625 16.752393722534179688 17.87760162353515625 17.961046218872070312 17.761005401611328125 20.61492156982421875 17.89485931396484375 16.950923919677734375 17.821987152099609375 19.917119979858398438 19.411151885986328125 17.053388595581054688 16.001066207885742188 17.429935455322265625 12.189556121826171875 6.2986583709716796875 15.14380645751953125 16.3282318115234375 13.922739028930664062 16.676685333251953125 18.489015579223632812 15.660616874694824219
19.112939834594726562 21.285875320434570312 17.642553329467773438 19.486286163330078125 19.182037353515625 19.386037826538085938 16.322057723999023438 16.088811874389648438 20.145215988159179688 20.669443130493164062 15.936970710754394531 16.23337554931640625 13.8266448974609375 16.630964279174804688 10.657584190368652344 13.381878852844238281 18.412445068359375 16.197513580322265625 16.510700225830078125 18.2887420654296875 19.741167068481445312 16.052598953247070312 18.902948379516601562 18.025308609008789062 17.320896148681640625 18.461252212524414062 15.160300254821777344 14.436452865600585938 18.74953460693359375 20.895303726196289062 16.465860366821289062 18.724081039428710938 19.124242782592773438 19.130445480346679688 18.829030990600585938 15.726426124572753906 16.602672576904296875 9.6833181381225585938 5.7957897186279296875 12.075400352478027344 17.611232757568359375 15.381089210510253906 15.674039840698242188 17.696485519409179688 6.2759709358215332031
19.89542388916015625 22.872226715087890625 16.943456649780273438 17.074460983276367188 19.676021575927734375 19.81815338134765625 17.321857452392578125 14.793035507202148438 16.333814620971679688 20.454799652099609375 16.149768829345703125 16.03199005126953125 14.580739974975585938 15.0332489013671875 12.645768165588378906 11.576779365539550781 12.815618515014648438 14.894886016845703125 16.348340988159179688 14.61248016357421875 12.866503715515136719 14.49212646484375 18.213619232177734375 18.918285369873046875 18.38440704345703125 18.080562591552734375 19.541904449462890625 18.220563888549804688 17.958484649658203125 17.986795425415039062 17.479007720947265625 16.29341888427734375 17.764814376831054688 18.46205902099609375 20.686437606811523438 18.519609451293945312 14.951900482177734375 8.890308380126953125 7.3711366653442382812 9.1202955245971679688 13.512638092041015625 10.495197296142578125 0.62383085489273071289 6.2038097381591796875 0.79142558574676513672
18.563770294189453125 21.8969268798828125 17.758317947387695312 19.412023544311523438 21.437139511108398438 19.922094345092773438 19.832767486572265625 8.5364532470703125 12.314343452453613281 17.360307693481445312 17.775690078735351562 17.57281494140625 16.805368423461914062 16.391691207885742188 14.942542076110839844 13.049243927001953125 9.9361543655395507812 10.548621177673339844 12.725206375122070312 12.655566215515136719 11.24166107177734375 13.736682891845703125 12.478414535522460938 17.089193344116210938 18.444593429565429688 18.141345977783203125 18.8565216064453125 19.04473114013671875 19.464590072631835938 19.444904327392578125 16.65221405029296875 18.154344558715820312 15.175971031188964844 15.834778785705566406 18.08750152587890625 16.979566574096679688 14.521670341491699219 11.40163421630859375 10.672017097473144531 9.6060791015625 5.4268951416015625 0.47780457139015197754 0 0 4.6800599098205566406
20.945787429809570312 19.786787033081054688 17.10723876953125 18.657880783081054688 21.973928451538085938 20.511587142944335938 20.2160797119140625 13.992268562316894531 11.708326339721679688 17.259401321411132812 17.946958541870117188 17.4837493896484375 15.596173286437988281 14.787190437316894531 16.193056106567382812 19.971134185791015625 16.575408935546875 9.863788604736328125 9.52931976318359375 8.01816558837890625 10.221876144409179688 14.464188575744628906 12.476416587829589844 15.767551422119140625 14.74581146240234375 19.307950973510742188 18.567943572998046875 17.679107666015625 19.452741622924804688 20.01717376708984375 17.8221282958984375 17.460042953491210938 16.354558944702148438 15.629420280456542969 15.842502593994140625 14.342406272888183594 13.959981918334960938 14.100851058959960938 12.886592864990234375 7.1966586112976074219 0 2.0125348567962646484 8.17537689208984375 6.5708155632019042969 1.0272475481033325195
25.509878158569335938 22.4940032958984375 21.08905029296875 19.273111343383789062 21.880548477172851562 21.971790313720703125 19.684717178344726562 21.134679794311523438 20.247745513916015625 18.119617462158203125 17.36260223388671875 18.158788681030273438 16.08675384521484375 16.030736923217773438 16.198932647705078125 19.143678665161132812 17.490694046020507812 13.238495826721191406 11.087854385375976562 10.452670097351074219 14.759039878845214844 16.4808197021484375 15.680413246154785156 14.461191177368164062 12.504536628723144531 14.128392219543457031 18.031541824340820312 15.520158767700195312 18.085958480834960938 19.925304412841796875 19.019306182861328125 13.603031158447265625 5.2585439682006835938 11.379787445068359375 12.453316688537597656 14.207393646240234375 13.980785369873046875 -9999 1.0998275279998779297 0.14568093419075012207 4.4097185134887695312 12.379843711853027344 12.794842720031738281 13.079824447631835938 11.949215888977050781
21.710916519165039062 17.587381362915039062 22.908313751220703125 21.339422225952148438 21.6971893310546875 23.325960159301757812 22.060771942138671875 20.93096160888671875 21.50823974609375 22.026788711547851562 17.398792266845703125 18.554960250854492188 17.397388458251953125 16.503332138061523438 17.643041610717773438 16.621440887451171875 18.0880584716796875 17.53403472900390625 15.835477828979492188 15.110760688781738281 16.67449951171875 15.038671493530273438 17.582918167114257812 15.578612327575683594 11.860703468322753906 16.322912216186523438 20.167863845825195312 19.940227508544921875 14.804355621337890625 16.170202255249023438 13.855404853820800781 7.2918200492858886719 3.9088847637176513672 11.665803909301757812 11.568479537963867188 11.000143051147460938 9.1629743576049804688 0.41686064004898071289 0.099989809095859527588 0.093676485121250152588 11.359513282775878906 15.036394119262695312 12.298488616943359375 12.278525352478027344 15.970263481140136719
14.252556800842285156 11.716218948364257812 14.802265167236328125 21.415079116821289062 20.839784622192382812 22.368459701538085938 22.887937545776367188 21.059713363647460938 20.797588348388671875 22.760549545288085938 19.728115081787109375 17.105489730834960938 16.89324951171875 16.396345138549804688 16.241964340209960938 17.87335205078125 16.952501296997070312 9.1158294677734375 16.6324920654296875 17.185726165771484375 15.706048011779785156 16.37500762939453125 16.001628875732421875 14.74063873291015625 14.194859504699707031 17.134943008422851562 20.030530929565429688 18.668653488159179688 13.756023406982421875 8.09850311279296875 8.6789684295654296875 10.273795127868652344 10.01092529296875 11.656632423400878906 11.084534645080566406 11.446485519409179688 5.3826994895935058594 1.517861485481262207 0.31832093000411987305 2.5957782268524169922 10.309436798095703125 15.732363700866699219 9.8894815444946289062 10.891385078430175781 14.925615310668945312
3.8538947105407714844 0.5938714146614074707 9.4527797698974609375 14.097581863403320312 17.528757095336914062 18.706514358520507812 21.668148040771484375 20.77465057373046875 19.915615081787109375 21.901424407958984375 23.023921966552734375 16.32605743408203125 15.900020599365234375 16.887746810913085938 14.7894287109375 18.955289840698242188 19.192152023315429688 15.771572113037109375 15.994218826293945312 17.093893051147460938 17.409711837768554688 17.186292648315429688 15.059566497802734375 13.094920158386230469 12.967333793640136719 17.160326004028320312 19.672313690185546875 13.943593025207519531 9.9612092971801757812 10.77666473388671875 9.386722564697265625 7.7284069061279296875 9.5526800155639648438 9.6430807113647460938 9.7173528671264648438 10.644510269165039062 10.310757637023925781 6.0085005760192871094 4.2626032829284667969 6.5989260673522949219 7.4308652877807617188 9.9966611862182617188 11.100630760192871094 12.354685783386230469 12.746623992919921875
0.77809983491897583008 0 0 1.8565496206283569336 17.527036666870117188 14.704514503479003906 16.207521438598632812 17.825353622436523438 17.45679473876953125 18.796018600463867188 16.233728408813476562 16.847837448120117188 18.854269027709960938 18.253192901611328125 15.440743446350097656 18.244775772094726562 20.35870361328125 20.423063278198242188 18.309251785278320312 17.001909255981445312 17.218311309814453125 15.735014915466308594 17.06545257568359375 13.893372535705566406 11.714529037475585938 15.385701179504394531 16.377527236938476562 12.926958084106445312 8.192897796630859375 6.4755816459655761719 7.5234727859497070312 7.0299563407897949219 10.14006805419921875 11.683253288269042969 10.234342575073242188 10.897304534912109375 10.297845840454101562 10.846286773681640625 7.2828893661499023438 8.395999908447265625 10.39859771728515625 11.667598724365234375 6.603515625 11.665327072143554688 11.694159507751464844
3.5745589733123779297 0.58175516128540039062 0.39722368121147155762 0 2.7877759933471679688 14.315599441528320312 16.86806488037109375 4.8378720283508300781 16.698781967163085938 14.981053352355957031 12.333554267883300781 17.791534423828125 17.26161956787109375 16.299417495727539062 18.646276473999023438 20.231525421142578125 18.790372848510742188 20.456623077392578125 18.4150543212890625 20.046688079833984375 20.618717193603515625 15.246634483337402344 15.097524642944335938 17.199911117553710938 12.684167861938476562 14.058633804321289062 9.0411224365234375 9.5494098663330078125 9.6870355606079101562 5.9861807823181152344 5.3751282691955566406 8.020359039306640625 10.610911369323730469 6.1241116523742675781 2.5677912235260009766 6.0899376869201660156 11.112318992614746094 15.645478248596191406 7.8405003547668457031 4.9434251785278320312 9.8994960784912109375 12.025770187377929688 5.5073914527893066406 7.3715434074401855469 8.7295989990234375
