gis/80m/canopy_fraction.asc
ncols        128
nrows        143
xllcorner    726726.000000000000
yllcorner    7127190.000000000000
cellsize     80.000000000000
NODATA_value -9999
[rows 40 to 59 of 143, columns 45 to 89 of 128]
0 0 0 0.36219966411590576172 0.6160939335823059082 0.56514948606491088867 0.53394895792007446289 0.55687201023101806641 0.58693838119506835938 0.55309897661209106445 0.62184303998947143555 0.64897209405899047852 0.36338201165199279785 0.35848206281661987305 0.38374674320220947266 0.4966945350170135498 0.3118762671947479248 0.65053600072860717773 0.65653604269027709961 0.67622464895248413086 0.66610407829284667969 0.66697704792022705078 0.66343468427658081055 0.66767603158950805664 0.63710206747055053711 0.1805540919303894043 0 0 0.015270767733454704285 0.39124861359596252441 0.64882922172546386719 0.68072038888931274414 0.6018651127815246582 0.55932033061981201172 0.53733450174331665039 0.53073978424072265625 0.55321657657623291016 0.53591251373291015625 0.5090923309326171875 0.48999243974685668945 0.41899290680885314941 0.37686386704444885254 0.27840593457221984863 0.066672474145889282227 0.432086944580078125
0 0 0 0.051870882511138916016 0.4063084721565246582 0.51501876115798950195 0.59338611364364624023 0.56755977869033813477 0.58038610219955444336 0.58457350730895996094 0.59471678733825683594 0.57095354795455932617 0.48386415839195251465 0.51425546407699584961 0.43481621146202087402 0.60068100690841674805 0.54559230804443359375 0.63654577732086181641 0.55465847253799438477 0.52734220027923583984 0.61677646636962890625 0.60258936882019042969 0.59158349037170410156 0.64484667778015136719 0.63652473688125610352 0.50224882364273071289 0.23301215469837188721 0.51310199499130249023 0.53449141979217529297 0.64358478784561157227 0.63550370931625366211 0.64997011423110961914 0.54181766510009765625 0.54559689760208129883 0.52613180875778198242 0.5466658473014831543 0.54082727432250976562 0.56117606163024902344 0.55397194623947143555 0.513530731201171875 0.42940223217010498047 0.42542254924774169922 0.25502806901931762695 0.066746681928634643555 0.2777550816535949707
0.025677528232336044312 0 0 0 0.21068845689296722412 0.46171835064888000488 0.55873501300811767578 0.56423026323318481445 0.57133531570434570312 0.5949223637580871582 0.53487360477447509766 0.55878758430480957031 0.53078275918960571289 0.3843231499195098877 0.40384620428085327148 0.56807804107666015625 0.12495871633291244507 0.50794810056686401367 0.64388096332550048828 0.42851677536964416504 0.62879061698913574219 0.58616364002227783203 0.64093548059463500977 0.64920967817306518555 0.63918393850326538086 0.62624907493591308594 0.58419740200042724609 0.65714913606643676758 0.68179911375045776367 0.66508960723876953125 0.59079080820083618164 0.54532408714294433594 0.52444130182266235352 0.5513502955436706543 0.30571010708808898926 0.12832154333591461182 0.37255337834358215332 0.47143247723579406738 0.56497663259506225586 0.57560592889785766602 0.5091330409049987793 0.37706086039543151855 0.33470103144645690918 0.30087676644325256348 0.30571967363357543945
0.33038416504859924316 0.34925988316535949707 0.1525043100118637085 0 0.39293491840362548828 0.51006996631622314453 0.5949141383171081543 0.57326453924179077148 0.57055771350860595703 0.56220173835754394531 0.46660268306732177734 0.44118696451187133789 0.64111369848251342773 0.55507695674896240234 0.5163714289665222168 0.47394517064094543457 0.24380911886692047119 0.40342494845390319824 0.61359030008316040039 0.46727463603019714355 0.55924874544143676758 0.52843838930130004883 0.64536333084106445312 0.66181147098541259766 0.63152658939361572266 0.64757883548736572266 0.65885436534881591797 0.62385892868041992188 0.73685252666473388672 0.67121511697769165039 0.64338535070419311523 0.49508851766586303711 0.52932024002075195312 0.59289968013763427734 0.58830994367599487305 0.49868640303611755371 0.21424429118633270264 0.23185387253761291504 0.53717917203903198242 0.57263493537902832031 0.53634691238403320312 0.37833476066589355469 0.32415607571601867676 0.35698482394218444824 0.39936056733131408691
0.60760354995727539062 0.58763360977172851562 0.53090202808380126953 0.4335937201976776123 0.38712742924690246582 0.52616029977798461914 0.56572854518890380859 0.55033773183822631836 0.55011266469955444336 0.54138952493667602539 0.62142962217330932617 0.62540483474731445312 0.70923417806625366211 0.67877298593521118164 0.51308178901672363281 0.48436057567596435547 0.46725028753280639648 0.2330379784107208252 0.50727230310440063477 0.064396895468235015869 0.46537840366363525391 0.5916054844856262207 0.59143096208572387695 0.63010382652282714844 0.66191500425338745117 0.64237475395202636719 0.61543250083923339844 0.62654232978820800781 0.70025342702865600586 0.70261746644973754883 0.58656841516494750977 0.59245026111602783203 0.4168739020824432373 0.56124246120452880859 0.56030321121215820312 0.67128956317901611328 0.56892389059066772461 0.53642636537551879883 0.56281566619873046875 0.57749295234680175781 0.60367923974990844727 0.50228089094161987305 0.32763028144836425781 0.34719312191009521484 0.33345845341682434082
0.62003195285797119141 0.56430345773696899414 0.57439726591110229492 0.56435579061508178711 0.57465314865112304688 0.56903338432312011719 0.57084661722183227539 0.54230862855911254883 0.6543903350830078125 0.65820050239562988281 0.62707597017288208008 0.6593005061149597168 0.66331171989440917969 0.66634792089462280273 0.63343060016632080078 0.64152520895004272461 0.49723908305168151855 0.41168463230133056641 0.24169915914535522461 0.11483344435691833496 0.571376800537109375 0.7204608917236328125 0.67530363798141479492 0.69725698232650756836 0.64087331295013427734 0.6069234013557434082 0.577728271484375 0.65456110239028930664 0.58609181642532348633 0.62650740146636962891 0.56391113996505737305 0.61194109916687011719 0.5561930537223815918 0.56859821081161499023 0.58193171024322509766 0.57049793004989624023 0.62242120504379272461 0.52544254064559936523 0.47739231586456298828 0.64318543672561645508 0.64566183090209960938 0.50755333900451660156 0.54380685091018676758 0.54422318935394287109 0.50485533475875854492
0.33604907989501953125 0.45056429505348205566 0.46447989344596862793 0.47529977560043334961 0.54990422725677490234 0.54436838626861572266 0.47576174139976501465 0.57042223215103149414 0.55414664745330810547 0.70773285627365112305 0.68273758888244628906 0.65028220415115356445 0.6568953394889831543 0.62603616714477539062 0.64007079601287841797 0.66348350048065185547 0.62575525045394897461 0.64543694257736206055 0.56003779172897338867 0.45363664627075195312 0.56111633777618408203 0.64915734529495239258 0.72318494319915771484 0.71759462356567382812 0.70546030998229980469 0.62739580869674682617 0.69092071056365966797 0.68825292587280273438 0.60361945629119873047 0.6000086665153503418 0.58302038908004760742 0.53483831882476806641 0.58244127035140991211 0.55671912431716918945 0.5546092987060546875 0.59970170259475708008 0.59991484880447387695 0.63589006662368774414 0.51923316717147827148 0.5805543065071105957 0.66321504116058349609 0.6538016200065612793 0.66838747262954711914 0.65814954042434692383 0.64441758394241333008
0 0.065009191632270812988 0.054754946380853652954 0.087693236768245697021 0.13738474249839782715 0.55433362722396850586 0.24621024727821350098 0.10771372169256210327 0.055497214198112487793 0.5472208857536315918 0.62670481204986572266 0.59990733861923217773 0.69690239429473876953 0.6347058415412902832 0.67662274837493896484 0.6597092747688293457 0.67416691780090332031 0.65180802345275878906 0.28268292546272277832 0.17106151580810546875 0.52476114034652709961 0.58430266380310058594 0.64831906557083129883 0.73132437467575073242 0.69418340921401977539 0.66769129037857055664 0.65617746114730834961 0.64146912097930908203 0.5771777033805847168 0.32238927483558654785 0.38829752802848815918 0.51805502176284790039 0.58844363689422607422 0.57225477695465087891 0.60267490148544311523 0.58609664440155029297 0.5866985321044921875 0.62388730049133300781 0.62721598148345947266 0.60064470767974853516 0.56110703945159912109 0.62576150894165039062 0.65433049201965332031 0.66535609960556030273 0.60907745361328125
0.16105256974697113037 0 0 0.21532125771045684814 0.3044007718563079834 0.66085827350616455078 0.14617891609668731689 0 0 0.096367470920085906982 0.68973875045776367188 0.6872984766960144043 0.66817587614059448242 0.64646267890930175781 0.60552263259887695312 0.6330273747444152832 0.66273576021194458008 0.50845825672149658203 0.4125423431396484375 0.50411766767501831055 0.43296006321907043457 0.37343415617942810059 0.4099356532096862793 0.69896429777145385742 0.73358297348022460938 0.71482419967651367188 0.66713654994964599609 0.62595093250274658203 0.42344430088996887207 0.4843806922435760498 0.18382705748081207275 0.21076028048992156982 0.18876877427101135254 0.39684858918190002441 0.59284240007400512695 0.521728515625 0.53285366296768188477 0.6108697056770324707 0.6186809539794921875 0.55981606245040893555 0.29610109329223632812 0.30918595194816589355 0.57852208614349365234 0.62078404426574707031 0.51691961288452148438
0.58242934942245483398 0.53894120454788208008 0.65334808826446533203 0.72912245988845825195 0.69845539331436157227 0.72126358747482299805 0.67254096269607543945 0.19587650895118713379 0.00042752776062116026878 0.0058867125771939754486 0.53158915042877197266 0.66536897420883178711 0.67377310991287231445 0.64717662334442138672 0.63846266269683837891 0.63401168584823608398 0.61066776514053344727 0.55824685096740722656 0.63409787416458129883 0.5602970123291015625 0.36749091744422912598 0.36846831440925598145 0.62281244993209838867 0.73772126436233520508 0.73230195045471191406 0.68207478523254394531 0.66274893283843994141 0.4290179908275604248 0.047211635857820510864 0.25686249136924743652 0.55094248056411743164 0.39937746524810791016 0.1907590031623840332 0.14575915038585662842 0.25295016169548034668 0.534946441650390625 0.53810483217239379883 0.57871580123901367188 0.56135326623916625977 0.54449224472045898438 0.46107283234596252441 0.49396017193794250488 0.3626467585563659668 0.27973926067352294922 0.26562765240669250488
0.65202564001083374023 0.67665302753448486328 0.69135546684265136719 0.73083925247192382812 0.71073752641677856445 0.74343407154083251953 0.76803457736968994141 0.70102679729461669922 0.17525224387645721436 0.19134081900119781494 0.63318818807601928711 0.69236087799072265625 0.6669438481330871582 0.65831327438354492188 0.62864613533020019531 0.65161544084548950195 0.59938627481460571289 0.5792248845100402832 0.62548518180847167969 0.64908176660537719727 0.36839237809181213379 0.35112306475639343262 0.58810973167419433594 0.74747258424758911133 0.72515153884887695312 0.61433619260787963867 0.64457726478576660156 0.39773324131965637207 0.093870364129543304443 0.14434818923473358154 0.46285325288772583008 0.24335165321826934814 0.22324763238430023193 0.22197602689266204834 0.30252933502197265625 0.30047234892845153809 0.42552125453948974609 0.58086985349655151367 0.58563393354415893555 0.57471776008605957031 0.37856853008270263672 0.34201267361640930176 0.64051485061645507812 0.53057712316513061523 0.29825109243392944336
0.64985686540603637695 0.62424981594085693359 0.66870671510696411133 0.70215058326721191406 0.74303144216537475586 0.70878934860229492188 0.76298576593399047852 0.67609667778015136719 0.6225668787956237793 0.72804969549179077148 0.75690746307373046875 0.71323126554489135742 0.6795800328254699707 0.71313101053237915039 0.58733791112899780273 0.37905380129814147949 0.55651605129241943359 0.59483313560485839844 0.5880578160285949707 0.61844563484191894531 0.2633965909481048584 0.2397524714469909668 0.45796820521354675293 0.7346121668815612793 0.73184347152709960938 0.70115637779235839844 0.75872075557708740234 0.76331758499145507812 0.72777438163757324219 0.6656634211540222168 0.39769831299781799316 0.17834079265594482422 0.16566798090934753418 0.17865125834941864014 0.15741759538650512695 0.19996392726898193359 0.13131582736968994141 0.42213517427444458008 0.57522577047348022461 0.57141882181167602539 0.3898397982120513916 0.22658772766590118408 0.24683247506618499756 0.32758566737174987793 0.45818832516670227051
0.65776860713958740234 0.6785653233528137207 0.54171919822692871094 0.61662191152572631836 0.73318213224411010742 0.6761983036994934082 0.74591267108917236328 0.73767483234405517578 0.69184893369674682617 0.69724214076995849609 0.75180315971374511719 0.75419187545776367188 0.67408478260040283203 0.68239665031433105469 0.67638695240020751953 0.28014722466468811035 0.26264008879661560059 0.60900545120239257812 0.62687128782272338867 0.59732747077941894531 0.49695873260498046875 0.63143807649612426758 0.72237312793731689453 0.75516802072525024414 0.73318773508071899414 0.76041525602340698242 0.66383069753646850586 0.74409091472625732422 0.76880562305450439453 0.76695752143859863281 0.74346315860748291016 0.527683258056640625 0.30539101362228393555 0.31859871745109558105 0.18461082875728607178 0.18299250304698944092 0.14591288566589355469 0.15312568843364715576 0.53983235359191894531 0.5693028569221496582 0.21331731975078582764 0.24091678857803344727 0.22901339828968048096 0.19112417101860046387 0.23151421546936035156
0.67496317625045776367 0.70197463035583496094 0.68739795684814453125 0.65502405166625976562 0.69430685043334960938 0.74189388751983642578 0.69668126106262207031 0.74930882453918457031 0.73328292369842529297 0.65813678503036499023 0.75037401914596557617 0.73552626371383666992 0.70120149850845336914 0.66780686378479003906 0.63939011096954345703 0.23085665702819824219 0.11924482136964797974 0.57529062032699584961 0.58169770240783691406 0.60529929399490356445 0.60735183954238891602 0.76076328754425048828 0.74428170919418334961 0.74417388439178466797 0.69562369585037231445 0.7092596888542175293 0.63892102241516113281 0.68434107303619384766 0.76296961307525634766 0.74519950151443481445 0.76043969392776489258 0.68595510721206665039 0.62668615579605102539 0.41164091229438781738 -9999 0.07317101210355758667 0.37548264861106872559 0.24520787596702575684 0.44493767619132995605 0.59018170833587646484 0.18895678222179412842 0.15639837086200714111 0.17308190464973449707 0.1233582720160484314 0.10868475586175918579
0.70704346895217895508 0.69636207818984985352 0.54076868295669555664 0.60378038883209228516 0.60151535272598266602 0.72858989238739013672 0.72314131259918212891 0.71658861637115478516 0.72908747196197509766 0.74631136655807495117 0.75699752569198608398 0.73100209236145019531 0.75333857536315917969 0.66212958097457885742 0.65986919403076171875 0.18125364184379577637 0.088353171944618225098 0.56127911806106567383 0.28276449441909790039 0.49363714456558227539 0.59263765811920166016 0.68753761053085327148 0.74909991025924682617 0.73851597309112548828 0.72373002767562866211 0.77102124691009521484 0.72752785682678222656 0.69130665063858032227 0.75914084911346435547 0.75864678621292114258 0.68652141094207763672 0.54967427253723144531 0.52315980195999145508 0.53403550386428833008 0.54125857353210449219 0.39157077670097351074 0.120539054274559021 0.08971751481294631958 0.28985202312469482422 0.49936753511428833008 0.22633342444896697998 0.27673134207725524902 0.20560748875141143799 0.11230220645666122437 0.11249133199453353882
0.67406249046325683594 0.65971010923385620117 0.66166311502456665039 0.61715626716613769531 0.59965837001800537109 0.68166303634643554688 0.73729872703552246094 0.68957489728927612305 0.70944517850875854492 0.75098174810409545898 0.75886702537536621094 0.74625706672668457031 0.76550120115280151367 0.69446152448654174805 0.66553211212158203125 0.3010648190975189209 0.31489071249961853027 0.57446950674057006836 0.30498018860816955566 0.51775562763214111328 0.64698880910873413086 0.65212380886077880859 0.70409822463989257812 0.72524029016494750977 0.73221075534820556641 0.73285603523254394531 0.77222579717636108398 0.74338030815124511719 0.76041722297668457031 0.75880825519561767578 0.73282843828201293945 0.58927720785140991211 0.52941709756851196289 0.52887964248657226562 0.56096029281616210938 0.57310223579406738281 0.55138379335403442383 0.35780191421508789062 0.15601022541522979736 0.4425932466983795166 0.28441619873046875 0.1703923344612121582 0.061391953378915786743 0.056687232106924057007 0.21539288759231567383
0.67299854755401611328 0.67567849159240722656 0.68052917718887329102 0.67732280492782592773 0.68232125043869018555 0.6620159149169921875 0.72890841960906982422 0.69977855682373046875 0.69947314262390136719 0.7029374241828918457 0.74747765064239501953 0.75612539052963256836 0.74887108802795410156 0.73924773931503295898 0.67003798484802246094 0.5717976689338684082 0.62883812189102172852 0.57978963851928710938 0.70441973209381103516 0.68214648962020874023 0.65121781826019287109 0.65459930896759033203 0.64976072311401367188 0.73249226808547973633 0.7152093052864074707 0.7442677617073059082 0.75424158573150634766 0.70261400938034057617 0.76405429840087890625 0.76318520307540893555 0.75881308317184448242 0.70707046985626220703 0.59703856706619262695 0.58513122797012329102 0.576930999755859375 0.56143224239349365234 0.55187278985977172852 0.42302250862121582031 0.53964155912399291992 0.31950411200523376465 0.21384535729885101318 0.12608447670936584473 0.10489190369844436646 0.12957555055618286133 0.30811393260955810547
0.75013601779937744141 0.72164064645767211914 0.71089208126068115234 0.68398720026016235352 0.69398391246795654297 0.67874890565872192383 0.70771014690399169922 0.72039228677749633789 0.66856324672698974609 0.75189411640167236328 0.76110917329788208008 0.72512638568878173828 0.73050385713577270508 0.72446548938751220703 0.6770775914192199707 0.64047634601593017578 0.59768849611282348633 0.65604072809219360352 0.62147146463394165039 0.68513393402099609375 0.63030296564102172852 0.67504233121871948242 0.71854645013809204102 0.71039092540740966797 0.74259990453720092773 0.74399745464324951172 0.7340145111083984375 0.74733626842498779297 0.76380574703216552734 0.76366376876831054688 0.76088684797286987305 0.75982969999313354492 0.56878250837326049805 0.58557265996932983398 0.56692665815353393555 0.57465142011642456055 0.53768163919448852539 0.54894059896469116211 0.54689627885818481445 0.23473185300827026367 0.011236012913286685944 0.016960076987743377686 0.012587663717567920685 0.012136272154748439789 0.4666939079761505127
0.73157721757888793945 0.74307811260223388672 0.71815228462219238281 0.68173402547836303711 0.65944778919219970703 0.64995175600051879883 0.67511004209518432617 0.70745253562927246094 0.72478830814361572266 0.73658770322799682617 0.76037269830703735352 0.75268530845642089844 0.70846515893936157227 0.71394217014312744141 0.71200084686279296875 0.65572971105575561523 0.59040105342864990234 0.59155046939849853516 0.59597980976104736328 0.72959190607070922852 0.67451953887939453125 0.70522034168243408203 0.75320994853973388672 0.72745710611343383789 0.74974894523620605469 0.61902052164077758789 0.62725716829299926758 0.7395076751708984375 0.75820040702819824219 0.76011687517166137695 0.75960880517959594727 0.75831526517868041992 0.52378088235855102539 0.57936680316925048828 0.60396438837051391602 0.48729988932609558105 0.55682706832885742188 0.57169157266616821289 0.56538504362106323242 0.20736652612686157227 0.035599809139966964722 0.15381136536598205566 0.43963277339935302734 0.41653469204902648926 0.53906941413879394531
0.69994932413101196289 0.73548877239227294922 0.76493299007415771484 0.68547624349594116211 0.65089136362075805664 0.67320930957794189453 0.62231051921844482422 0.66340124607086181641 0.73693704605102539062 0.75195848941802978516 0.75531488656997680664 0.6850293278694152832 0.70206809043884277344 0.68108266592025756836 0.71190309524536132812 0.64144361019134521484 0.69851845502853393555 0.63443773984909057617 0.60210275650024414062 0.60654342174530029297 0.73007726669311523438 0.74106085300445556641 0.75336003303527832031 0.58488702774047851562 0.43849414587020874023 0.34569045901298522949 0.69521546363830566406 0.76512163877487182617 0.76288968324661254883 0.76254582405090332031 0.7651589512825012207 0.76263439655303955078 0.55947279930114746094 0.50134980678558349609 0.61032527685165405273 0.45099136233329772949 0.44069749116897583008 0.45805504918098449707 0.32605838775634765625 0.025562431663274765015 0.0072189881466329097748 0.34668976068496704102 0.55137228965759277344 0.56950497627258300781 0.57179671525955200195
