gis/80m/canopy_fraction.asc
ncols        128
nrows        143
xllcorner    726726.000000000000
yllcorner    7127190.000000000000
cellsize     80.000000000000
NODATA_value -9999
[rows 40 to 59 of 143, columns 0 to 44 of 128]
-9999 -9999 -9999 -9999 -9999 -9999 0.51302874088287353516 0 0 0 0.21520814299583435059 0.55493438243865966797 0.5334427952766418457 0.4250278770923614502 0.41686588525772094727 0.4361781775951385498 0.42581030726432800293 0.52965700626373291016 0.54641884565353393555 0.30303722620010375977 0.5565166473388671875 0.60973262786865234375 0.61817246675491333008 0.53423315286636352539 0.57404649257659912109 0.55421966314315795898 -9999 -9999 0.58776330947875976562 0.53398233652114868164 0.13115713000297546387 0.088565342128276824951 0.43952026963233947754 0.34698581695556640625 0.1191363409161567688 0.033765360713005065918 0.33550155162811279297 0.63695776462554931641 0.613250732421875 0.62227499485015869141 0.71660268306732177734 0.64215058088302612305 0.6611912846565246582 0.65331035852432250977 0.31621977686882019043
-9999 -9999 -9999 -9999 -9999 0.68011945486068725586 0.64436882734298706055 0.034642685204744338989 0 0 0.27574393153190612793 0.29389965534210205078 0.45330056548118591309 0.48061797022819519043 0.513347625732421875 0.44214507937431335449 0.31031256914138793945 0.22918912768363952637 0.36023336648941040039 0.41607046127319335938 0.43295609951019287109 0.55972850322723388672 0.54272311925888061523 0.54575699567794799805 0.55286544561386108398 0.49613782763481140137 0.54356914758682250977 -9999 0.58017778396606445312 0.58026725053787231445 0.55359417200088500977 0.51626747846603393555 0.43843072652816772461 0.47084781527519226074 0.36998280882835388184 0.14410616457462310791 0.27517032623291015625 0.64719241857528686523 0.64445078372955322266 0.62741440534591674805 0.61526578664779663086 0.60405772924423217773 0.60911691188812255859 0.56750494241714477539 0.13084714114665985107
-9999 -9999 -9999 -9999 -9999 0.64406180381774902344 0.67208868265151977539 0.21422380208969116211 0.088898710906505584717 0.088779382407665252686 0.34292781352996826172 0.22619573771953582764 0.10498562455177307129 0.31310227513313293457 0.4619960784912109375 0.5369580388069152832 0.14929918944835662842 0.1239803805947303772 0.19343054294586181641 0.075088515877723693848 0.23977297544479370117 0.59356361627578735352 0.59867280721664428711 0.61811053752899169922 0.6043402552604675293 0.58023303747177124023 0.62890481948852539062 0.58719199895858764648 0.58336400985717773438 0.59637928009033203125 0.60022622346878051758 0.58749055862426757812 0.59850454330444335938 0.56421619653701782227 0.4892768561840057373 0.35591533780097961426 0.10321752727031707764 0.42928668856620788574 0.63222980499267578125 0.56987035274505615234 0.60966777801513671875 0.63067340850830078125 0.55803149938583374023 0.40106153488159179688 0.17612780630588531494
-9999 -9999 -9999 -9999 -9999 -9999 0.24001199007034301758 0.36944857239723205566 0.50912755727767944336 0.62182033061981201172 0.62251973152160644531 0.51488631963729858398 0.11474338173866271973 0.028820162639021873474 0.25864583253860473633 0.50339943170547485352 0.39114868640899658203 0.37673616409301757812 0.49803403019905090332 0.45455133914947509766 0.3749007880687713623 0.35436573624610900879 0.48218807578086853027 0.60055738687515258789 0.58928310871124267578 0.64133810997009277344 0.65737926959991455078 0.59899652004241943359 0.59239232540130615234 0.58115309476852416992 0.57568752765655517578 0.61113262176513671875 0.58889549970626831055 0.57551926374435424805 0.54923450946807861328 0.4701461493968963623 0.3407484889030456543 0.1908054351806640625 0.59198802709579467773 0.57556545734405517578 0.56346088647842407227 0.61495214700698852539 0.60878026485443115234 0.47547617554664611816 0.34049382805824279785
-9999 -9999 -9999 -9999 -9999 -9999 -9999 0.060365255922079086304 0.121144123375415802 0.16343224048614501953 0.4352976381778717041 0.57586586475372314453 0.43861064314842224121 0.020665358752012252808 0.021769689396023750305 0.26947870850563049316 0.44718387722969055176 0.50089210271835327148 0.5021610260009765625 0.51033222675323486328 0.43574032187461853027 0.42659366130828857422 0.42690986394882202148 0.50699585676193237305 0.6182231903076171875 0.58760499954223632812 0.60781437158584594727 0.67720818519592285156 0.60902190208435058594 0.57858580350875854492 0.59272027015686035156 0.58798593282699584961 0.61433559656143188477 0.59848320484161376953 0.57903540134429931641 0.51906514167785644531 0.27534636855125427246 0.27294993400573730469 0.54712444543838500977 0.57740294933319091797 0.58592265844345092773 0.59962302446365356445 0.51615500450134277344 0.54006266593933105469 0.48217913508415222168
-9999 -9999 -9999 -9999 -9999 -9999 -9999 -9999 0.10091984272003173828 0.16434869170188903809 0.32565203309059143066 0.55016320943832397461 0.44035217165946960449 0.0076208813115954399109 0.00034368067281320691109 0.025545697659254074097 0.22936725616455078125 0.32263207435607910156 0.30578064918518066406 0.43544507026672363281 0.45881345868110656738 0.41093271970748901367 0.3941002190113067627 0.38903984427452087402 0.56592416763305664062 0.59717673063278198242 0.58855015039443969727 0.58207201957702636719 0.58515208959579467773 0.58139705657958984375 0.5771344304084777832 0.56833535432815551758 0.59639859199523925781 0.61818027496337890625 0.58932518959045410156 0.57195252180099487305 0.55859875679016113281 0.44161537289619445801 0.590301513671875 0.60882681608200073242 0.56345057487487792969 0.59641999006271362305 0.57673883438110351562 0.52988910675048828125 0.49675676226615905762
-9999 -9999 -9999 -9999 -9999 -9999 -9999 -9999 -9999 0.17511948943138122559 0.20472532510757446289 0.51113998889923095703 0.25196239352226257324 0 0 0.079732604324817657471 0.48595550656318664551 0.31375396251678466797 0.22301876544952392578 0.11228633671998977661 0.47057640552520751953 0.37367808818817138672 0.3292910456657409668 0.46861875057220458984 0.61996006965637207031 0.57327556610107421875 0.56706756353378295898 0.60445618629455566406 0.57514089345932006836 0.57518827915191650391 0.57314908504486083984 0.58734977245330810547 0.60237210988998413086 0.63065278530120849609 0.61732429265975952148 0.59793996810913085938 0.55110710859298706055 0.57363235950469970703 0.61123251914978027344 0.706302642822265625 0.62079310417175292969 0.58557629585266113281 0.59138977527618408203 0.6419423222541809082 0.61003482341766357422
-9999 -9999 -9999 -9999 -9999 -9999 -9999 -9999 -9999 -9999 0.34290835261344909668 0.53678935766220092773 0.059629745781421661377 0 0.003833615453913807869 0.024519104510545730591 0.46295365691184997559 0.60115337371826171875 0.31552803516387939453 0.29308292269706726074 0.3783442378044128418 0.30717462301254272461 0.45474284887313842773 0.55301588773727416992 0.61696451902389526367 0.57681757211685180664 0.60711091756820678711 0.59867244958877563477 0.58070796728134155273 0.56595832109451293945 0.58437329530715942383 0.60123783349990844727 0.64500057697296142578 0.66280341148376464844 0.60610312223434448242 0.64852601289749145508 0.59464108943939208984 0.60242515802383422852 0.67029243707656860352 0.74882280826568603516 0.61700993776321411133 0.31912025809288024902 0.2639332115650177002 0.14780242741107940674 0.11381513625383377075
-9999 -9999 -9999 -9999 -9999 -9999 -9999 -9999 0.13002866506576538086 0.21958136558532714844 0.49965533614158630371 0.38691917061805725098 0.0051634395495057106018 0.0014785513048991560936 0.084413468837738037109 0.20823448896408081055 0.49134078621864318848 0.51993882656097412109 0.61154758930206298828 0.38796460628509521484 0.33146935701370239258 0.15146678686141967773 0.42300301790237426758 0.63214313983917236328 0.66455638408660888672 0.63779038190841674805 0.66605561971664428711 0.6512730717658996582 0.59985828399658203125 0.57824480533599853516 0.59831833839416503906 0.5877526402473449707 0.64903360605239868164 0.68278455734252929688 0.51713311672210693359 0.4592558443546295166 0.56551009416580200195 0.65236127376556396484 0.63412773609161376953 0.74219089746475219727 0.51991236209869384766 0.43754494190216064453 0.32315006852149963379 0.0025793972890824079514 0.21516287326812744141
-9999 -9999 -9999 -9999 -9999 -9999 0.20778048038482666016 0.11418031901121139526 0.088416501879692077637 0.31836822628974914551 0.5569095611572265625 0.27750858664512634277 0 0.0046197921037673950195 0.41773718595504760742 0.55177676677703857422 0.59656858444213867188 0.52916407585144042969 0.57787519693374633789 0.56874132156372070312 0.5027224421501159668 0.40720716118812561035 0.23360128700733184814 0.46671065688133239746 0.4389960169792175293 0.53908979892730712891 0.52944165468215942383 0.58759325742721557617 0.55126261711120605469 0.58134722709655761719 0.56991010904312133789 0.56490767002105712891 0.61354339122772216797 0.62428849935531616211 0.46933513879776000977 0.53697884082794189453 0.44578787684440612793 0.63732051849365234375 0.64722228050231933594 0.6601098179817199707 0.67391872406005859375 0.61449313163757324219 0.62429958581924438477 0.084986791014671325684 0.52592694759368896484
-9999 -9999 -9999 -9999 0.59614485502243041992 -9999 0.24924482405185699463 0.1408599168062210083 0.17707233130931854248 0.38709264993667602539 0.57897835969924926758 0.23845908045768737793 0 0.081415519118309020996 0.52923977375030517578 0.52437758445739746094 0.58847141265869140625 0.52643018960952758789 0.57380384206771850586 0.53510969877243041992 0.48754304647445678711 0.56052601337432861328 0.56001263856887817383 0.34582808613777160645 0.6080926060676574707 0.65608578920364379883 0.59705632925033569336 0.60036247968673706055 0.50893664360046386719 0.53471368551254272461 0.56250768899917602539 0.57791572809219360352 0.55292236804962158203 0.60133779048919677734 0.53278297185897827148 0.40627449750900268555 0.48625823855400085449 0.54473435878753662109 0.61202329397201538086 0.62176358699798583984 0.72644609212875366211 0.6284096837043762207 0.64074569940567016602 0.53903490304946899414 0.51826959848403930664
-9999 -9999 -9999 0.69007623195648193359 0.58641791343688964844 0.52918899059295654297 0.50791436433792114258 0.27298149466514587402 0.40153816342353820801 0.45943039655685424805 0.58862274885177612305 0.10864362865686416626 0 0.050271503627300262451 0.46878361701965332031 0.44463104009628295898 0.5229193568229675293 0.49713876843452453613 0.48253983259201049805 0.53983926773071289062 0.56185114383697509766 0.55330628156661987305 0.56680315732955932617 0.55029159784317016602 0.58470118045806884766 0.61656510829925537109 0.52759063243865966797 0.49338981509208679199 0.30769255757331848145 0.37704798579216003418 0.4776820838451385498 0.6218726038932800293 0.58016657829284667969 0.55186998844146728516 0.51573324203491210938 0.4470500946044921875 0.47648790478706359863 0.35857662558555603027 0.53816145658493041992 0.65739899873733520508 0.70737630128860473633 0.66279745101928710938 0.62606328725814819336 0.63296651840209960938 0.58605813980102539062
-9999 -9999 -9999 0.70681017637252807617 0.74426478147506713867 0.70158219337463378906 0.62887561321258544922 0.38898208737373352051 0.19330076873302459717 0.39533689618110656738 0.62236791849136352539 0.27826851606369018555 0.013002491556107997894 0.073172226548194885254 0.57857722043991088867 0.68186128139495849609 0.55488818883895874023 0.37828218936920166016 0.29238918423652648926 0.47775059938430786133 0.58284240961074829102 0.54669684171676635742 0.48113390803337097168 0.48010721802711486816 0.30857828259468078613 0.48177832365036010742 0.47598791122436523438 0.53929245471954345703 0.42555966973304748535 0.51100152730941772461 0.55759680271148681641 0.60751932859420776367 0.59787124395370483398 0.5791231989860534668 0.49623432755470275879 0.46440425515174865723 0.31171128153800964355 0.2569300234317779541 0.31352111697196960449 0.45807674527168273926 0.51708120107650756836 0.63837635517120361328 0.58711081743240356445 0.48752814531326293945 0.63004195690155029297
-9999 -9999 -9999 0.56744182109832763672 0.4773476719856262207 0.49667978286743164062 0.42347061634063720703 0.45186892151832580566 0.39781546592712402344 0.57044720649719238281 0.63573914766311645508 0.30489382147789001465 0.088318407535552978516 0.37556990981101989746 0.28587269783020019531 0.35241088271141052246 0.68110227584838867188 0.58560776710510253906 0.55861341953277587891 0.51134240627288818359 0.50036787986755371094 0.49606263637542724609 0.5588626861572265625 0.53278344869613647461 0.43298166990280151367 0.52530848979949951172 0.37422442436218261719 0.51931393146514892578 0.52869117259979248047 0.53278529644012451172 0.57748925685882568359 0.58070385456085205078 0.59988558292388916016 0.55965369939804077148 0.53254729509353637695 0.52841281890869140625 0.35116341710090637207 0.45356905460357666016 0.45155096054077148438 0.50457364320755004883 0.46296548843383789062 0.4270591437816619873 0.38847887516021728516 0.59787714481353759766 0.67808884382247924805
-9999 -9999 -9999 0.17786888778209686279 0.14796552062034606934 0.16866666078567504883 0.19553604722023010254 0.42845439910888671875 0.58178466558456420898 0.71782213449478149414 0.64345198869705200195 0.21224054694175720215 0.1606261134147644043 0.3660526275634765625 0.40111362934112548828 0.24053108692169189453 0.56318879127502441406 0.41107511520385742188 0.30035978555679321289 0.41531872749328613281 0.50550305843353271484 0.58868741989135742188 0.57743716239929199219 0.58091652393341064453 0.55342870950698852539 0.46876311302185058594 0.39677903056144714355 0.48905667662620544434 0.54541802406311035156 0.51987314224243164062 0.40517762303352355957 0.57677435874938964844 0.55096465349197387695 0.56939303874969482422 0.50653988122940063477 0.53237485885620117188 0.49956169724464416504 0.3537279665470123291 0.3156134188175201416 0.57124412059783935547 0.58070683479309082031 0.30854964256286621094 0.40228414535522460938 0.59688657522201538086 0.67632138729095458984
-9999 -9999 -9999 0.12372229993343353271 0.22955305874347686768 0.2605876922607421875 0.39144745469093322754 0.38624969124794006348 0.53264778852462768555 0.71353107690811157227 0.59884625673294067383 0.20513342320919036865 0.26125001907348632812 0.34137976169586181641 0.62442511320114135742 0.71936017274856567383 0.67723196744918823242 0.30252340435981750488 0.13239389657974243164 0.31606796383857727051 0.41576787829399108887 0.57582658529281616211 0.57452827692031860352 0.57731068134307861328 0.59366428852081298828 0.3186226189136505127 0.49841773509979248047 0.52629250288009643555 0.54209601879119873047 0.61075925827026367188 0.52950453758239746094 0.53174650669097900391 0.42963072657585144043 0.50931459665298461914 0.50851994752883911133 0.34010705351829528809 0.48076802492141723633 0.48098096251487731934 0.47814339399337768555 0.55625575780868530273 0.56995683908462524414 0.37737676501274108887 0.65032505989074707031 0.65358525514602661133 0.6554781794548034668
-9999 -9999 -9999 0.13435940444469451904 0.22812710702419281006 0.3068434298038482666 0.44968238472938537598 0.39602756500244140625 0.52754420042037963867 0.66833949089050292969 0.68320983648300170898 0.2837626039981842041 0.41399988532066345215 0.35964283347129821777 0.66555511951446533203 0.71342670917510986328 0.70027929544448852539 0.52153402566909790039 0.19270783662796020508 0.27464732527732849121 0.18856883049011230469 0.36200705170631408691 0.41839036345481872559 0.26167458295822143555 0.19765117764472961426 0.23849213123321533203 0.43079423904418945312 0.34886860847473144531 0.45345398783683776855 0.65372526645660400391 0.65392881631851196289 0.56729733943939208984 0.55689918994903564453 0.52076220512390136719 0.48317104578018188477 0.42766687273979187012 0.22607354819774627686 0.40216544270515441895 0.56729829311370849609 0.5644435882568359375 0.47606906294822692871 0.6704037785530090332 0.67768692970275878906 0.6654720306396484375 0.72188556194305419922
-9999 -9999 0.080594010651111602783 0.078353837132453918457 0.3104813694953918457 0.51296657323837280273 0.53027021884918212891 0.48915284872055053711 0.57713860273361206055 0.73089957237243652344 0.73745203018188476562 0.60460358858108520508 0.61010628938674926758 0.32517567276954650879 0.70952552556991577148 0.72149610519409179688 0.681201934814453125 0.70154267549514770508 0.55851256847381591797 0.32043379545211791992 0.32134649157524108887 0.46525856852531433105 0.19706831872463226318 0.025518488138914108276 0.033691104501485824585 0.049565818160772323608 0.40823626518249511719 0.32039126753807067871 0.4290816187858581543 0.49973076581954956055 0.68586891889572143555 0.69976061582565307617 0.59447103738784790039 0.5213031768798828125 0.39171782135963439941 0.49697914719581604004 0.33564680814743041992 0.52057206630706787109 0.47495123744010925293 0.44394093751907348633 0.32339471578598022461 0.66623580455780029297 0.70946240425109863281 0.69808614253997802734 0.72327733039855957031
-9999 0.075843282043933868408 0.019215935841202735901 0.15526258945465087891 0.51532596349716186523 0.70304334163665771484 0.56902033090591430664 0.52344739437103271484 0.70616942644119262695 0.68853992223739624023 0.62729370594024658203 0.56006884574890136719 0.51718223094940185547 0.62627559900283813477 0.73813658952713012695 0.70955997705459594727 0.69097983837127685547 0.68035459518432617188 0.68946659564971923828 0.61207818984985351562 0.50534868240356445312 0.55738395452499389648 0.44841077923774719238 0.11926043033599853516 0.16972523927688598633 0.036449484527111053467 0.25260844826698303223 0.5249493718147277832 0.55196005105972290039 0.39589452743530273438 0.55893307924270629883 0.69868290424346923828 0.63148516416549682617 0.55400294065475463867 0.39836221933364868164 0.42859563231468200684 0.54952478408813476562 0.58689165115356445312 0.50167798995971679688 0.38298657536506652832 0.10543148964643478394 0.68229287862777709961 0.75421303510665893555 0.75485336780548095703 0.76189702749252319336
-9999 0.23817215859889984131 0.31667044758796691895 0.45236471295356750488 0.58856910467147827148 0.62104940414428710938 0.59536904096603393555 0.64112341403961181641 0.74826592206954956055 0.66290521621704101562 0.60551118850708007812 0.56133443117141723633 0.55664670467376708984 0.54213637113571166992 0.71760153770446777344 0.66127252578735351562 0.71640753746032714844 0.73523998260498046875 0.69548559188842773438 0.68805193901062011719 0.65992248058319091797 0.57896399497985839844 0.48663383722305297852 0.47297644615173339844 0.22013838589191436768 0.0504474639892578125 0.15976962447166442871 0.48931005597114562988 0.57007682323455810547 0.32585820555686950684 0.082404062151908874512 0.54429566860198974609 0.61897552013397216797 0.63114124536514282227 0.55664658546447753906 0.45774942636489868164 0.45368593931198120117 0.52639001607894897461 0.60392391681671142578 0.41010352969169616699 0.014799932017922401428 0.61416745185852050781 0.76226520538330078125 0.76609069108963012695 0.72673153877258300781
