gis/80m/canopy_fraction.asc
ncols        128
nrows        143
xllcorner    726726.000000000000
yllcorner    7127190.000000000000
cellsize     80.000000000000
NODATA_value -9999
[rows 60 to 79 of 143, columns 0 to 44 of 128]
-9999 -9999 0.52531069517135620117 0.46270459890365600586 0.27717953920364379883 0.26364055275917053223 0.43993511795997619629 0.60408329963684082031 0.7053692936897277832 0.60989409685134887695 0.52546077966690063477 0.52349698543548583984 0.48493802547454833984 0.59342670440673828125 0.76668161153793334961 0.69163173437118530273 0.70398253202438354492 0.75930482149124145508 0.71128392219543457031 0.73371654748916625977 0.71241182088851928711 0.58297240734100341797 0.61381661891937255859 0.63192456960678100586 0.57259351015090942383 0.27905267477035522461 0.050509463995695114136 0.36925843358039855957 0.49729976058006286621 0.25668367743492126465 0.00015530291420873254538 0.044561956077814102173 0.24452300369739532471 0.55261796712875366211 0.60772383213043212891 0.56754118204116821289 0.45813977718353271484 0.51506328582763671875 0.5732447504997253418 0.4823970496654510498 0.4295228123664855957 0.60816037654876708984 0.74942034482955932617 0.74424010515213012695 0.68946015834808349609
-9999 0.49570959806442260742 0.524852752685546875 0.42727449536323547363 0.16938865184783935547 0.24355787038803100586 0.39571905136108398438 0.61578071117401123047 0.70808953046798706055 0.65117734670639038086 0.56865763664245605469 0.49810138344764709473 0.38433197140693664551 0.56061351299285888672 0.61717587709426879883 0.60910129547119140625 0.69978123903274536133 0.65619838237762451172 0.5971749424934387207 0.60590010881423950195 0.62568289041519165039 0.6505419611930847168 0.65222436189651489258 0.66487348079681396484 0.6502959132194519043 0.61677414178848266602 0.30227380990982055664 0.099018119275569915771 0.32951140403747558594 0.45699194073677062988 0.012384121306240558624 0.031038360670208930969 0.20849312841892242432 0.13926014304161071777 0.55516135692596435547 0.58181691169738769531 0.5091075897216796875 0.5269832611083984375 0.49080768227577209473 0.59234082698822021484 0.67817473411560058594 0.71077680587768554688 0.73698574304580688477 0.74334919452667236328 0.69993579387664794922
-9999 0.57526069879531860352 0.4419390559196472168 0.4312420189380645752 0.37207505106925964355 0.47898390889167785645 0.39441910386085510254 0.69599819183349609375 0.67972987890243530273 0.64234250783920288086 0.6379172205924987793 0.59032857418060302734 0.53552228212356567383 0.60886228084564208984 0.62825548648834228516 0.65874981880187988281 0.66018283367156982422 0.63021248579025268555 0.65291589498519897461 0.50345689058303833008 0.49228906631469726562 0.63873422145843505859 0.59247893095016479492 0.52304989099502563477 0.63448679447174072266 0.64668446779251098633 0.63967275619506835938 0.26670536398887634277 0.013496453873813152313 0.18091435730457305908 0.02712697349488735199 0.0263787880539894104 0.10266222059726715088 0.060379385948181152344 0.43668651580810546875 0.55562603473663330078 0.56729322671890258789 0.39533889293670654297 0.40958687663078308105 0.46922075748443603516 0.61054962873458862305 0.71319878101348876953 0.74352800846099853516 0.72431951761245727539 0.68721669912338256836
-9999 0.56541579961776733398 0.57723903656005859375 0.55835622549057006836 0.45038175582885742188 0.6127325892448425293 0.59821522235870361328 0.64033877849578857422 0.69511836767196655273 0.62147593498229980469 0.64663636684417724609 0.61538815498352050781 0.62736403942108154297 0.65144652128219604492 0.64463788270950317383 0.64430010318756103516 0.72963291406631469727 0.61159455776214599609 0.47512704133987426758 0.28031638264656066895 0.18364515900611877441 0.20667213201522827148 0.078915424644947052002 0.085191033780574798584 0.29209309816360473633 0.66705530881881713867 0.65886056423187255859 0.32833334803581237793 0.021656313911080360413 0.25974214076995849609 0.2203636467456817627 0.0071066049858927726746 0.028733965009450912476 0.26141825318336486816 0.50941896438598632812 0.527130126953125 0.53133881092071533203 0.4460277855396270752 0.60528999567031860352 0.6230691075325012207 0.62936586141586303711 0.71747833490371704102 0.74337887763977050781 0.74731409549713134766 0.70992267131805419922
-9999 -9999 0.5429013371467590332 0.59555894136428833008 0.61945670843124389648 0.52007502317428588867 0.56528657674789428711 0.50097626447677612305 0.60095292329788208008 0.7171993255615234375 0.65591037273406982422 0.63605743646621704102 0.6269823908805847168 0.64582955837249755859 0.68970340490341186523 0.54670536518096923828 0.63654124736785888672 0.59612059593200683594 0.19704790413379669189 0.15061573684215545654 0.22984550893306732178 0.24576650559902191162 0.039089236408472061157 0.018580574542284011841 0.080173090100288391113 0.56140846014022827148 0.47218030691146850586 0.085546903312206268311 0.024363843724131584167 0.058518592268228530884 0.37796702980995178223 0.072745777666568756104 0.049741484224796295166 0.46695339679718017578 0.56053346395492553711 0.55838972330093383789 0.55323201417922973633 0.55557537078857421875 0.65182095766067504883 0.61965513229370117188 0.68985694646835327148 0.70091217756271362305 0.74348491430282592773 0.73929524421691894531 0.71672260761260986328
-9999 -9999 -9999 0.53617709875106811523 0.63893622159957885742 0.57851558923721313477 0.48607930541038513184 0.58150207996368408203 0.48323622345924377441 0.56797844171524047852 0.72278201580047607422 0.68362271785736083984 0.42097416520118713379 0.30176687240600585938 0.58107531070709228516 0.31831151247024536133 0.55009126663208007812 0.55880206823348999023 0.56919091939926147461 0.38472011685371398926 0.12757179141044616699 0.10889650881290435791 0.22862787544727325439 0.036535803228616714478 0.074971154332160949707 0.056863136589527130127 0.01666913740336894989 0 0.01221059262752532959 0.029030393809080123901 0.24292711913585662842 0.097447715699672698975 0.18640322983264923096 0.55418539047241210938 0.59627044200897216797 0.57481014728546142578 0.57331812381744384766 0.62353599071502685547 0.62164723873138427734 0.66477835178375244141 0.60035049915313720703 0.60788583755493164062 0.72055780887603759766 0.75625211000442504883 0.74661958217620849609
-9999 -9999 -9999 0.5193220973014831543 0.6594282984733581543 0.61128246784210205078 0.48781490325927734375 0.59128820896148681641 0.28994920849800109863 0.26832780241966247559 0.56801658868789672852 0.56707346439361572266 0.093940407037734985352 0.34078115224838256836 0.38750100135803222656 0.28710597753524780273 0.45183089375495910645 0.32384601235389709473 0.51880878210067749023 0.3691876530647277832 0.30378744006156921387 0.5797398686408996582 0.5766169428825378418 0.12034872919321060181 0.25058245658874511719 0.039750214666128158569 0.0086245471611618995667 0.0086293797940015792847 0.0076316203922033309937 0.095818184316158294678 0.4082800447940826416 0.25306236743927001953 0.47372657060623168945 0.56490880250930786133 0.62037444114685058594 0.66848337650299072266 0.62384182214736938477 0.64171767234802246094 0.64411050081253051758 0.7035853266716003418 0.58409804105758666992 0.61386978626251220703 0.72348254919052124023 0.75872999429702758789 0.75286555290222167969
-9999 -9999 -9999 -9999 0.69802224636077880859 0.67382186651229858398 0.60377150774002075195 0.48184254765510559082 0.12418265640735626221 0.016484148800373077393 0.5161685943603515625 0.5886821746826171875 0.44473385810852050781 0.078897215425968170166 0.064708776772022247314 0.29555562138557434082 0.52911835908889770508 0.43091219663619995117 0.54378885030746459961 0.37533777952194213867 0.62986475229263305664 0.58791482448577880859 0.56350868940353393555 0.31491982936859130859 0.029569286853075027466 0.016481859609484672546 0.035470001399517059326 0.0044697616249322891235 0.047468777745962142944 0.15391452610492706299 0.43587219715118408203 0.39626845717430114746 0.56231743097305297852 0.57424032688140869141 0.63411784172058105469 0.64279097318649291992 0.64231222867965698242 0.6744816899299621582 0.68230366706848144531 0.74900734424591064453 0.74635320901870727539 0.74211215972900390625 0.74716925621032714844 0.75329184532165527344 0.75849878787994384766
-9999 -9999 -9999 -9999 -9999 0.58427160978317260742 0.62857115268707275391 0.47229856252670288086 0.29322078824043273926 0.056673072278499603271 0.49448859691619873047 0.56340861320495605469 0.50528508424758911133 0.24175173044204711914 0.22698152065277099609 0.43293237686157226562 0.47826054692268371582 0.54542070627212524414 0.46677133440971374512 0.27729329466819763184 0.55766445398330688477 0.14537642896175384521 0.3100300133228302002 0.71092820167541503906 0.26493984460830688477 0.17470042407512664795 0.10631041973829269409 0.082276299595832824707 0.087803468108177185059 0.3111095726490020752 0.27595865726470947266 0.5170294642448425293 0.58725851774215698242 0.60765242576599121094 0.63783109188079833984 0.59700489044189453125 0.65743088722229003906 0.52574712038040161133 0.37822571396827697754 0.27585089206695556641 0.54709357023239135742 0.74485367536544799805 0.76446121931076049805 0.76379132270812988281 0.74317979812622070312
-9999 -9999 -9999 -9999 -9999 0.54111915826797485352 0.64906841516494750977 0.43555951118469238281 0.49661910533905029297 -9999 0.57665598392486572266 0.569355010986328125 0.56834834814071655273 0.57306712865829467773 0.47530519962310791016 0.25423544645309448242 0.39463660120964050293 0.51787352561950683594 0.37218165397644042969 0.2725601494312286377 0.46309450268745422363 0.17262864112854003906 0.24713702499866485596 0.65843021869659423828 0.26283022761344909668 0.048021741211414337158 0.28363278508186340332 0.25903686881065368652 0.40583193302154541016 0.35937041044235229492 0.41323524713516235352 0.43122160434722900391 0.47890147566795349121 0.48851302266120910645 0.51147156953811645508 0.60679352283477783203 0.34715810418128967285 0.41704583168029785156 0.34683549404144287109 0.17943601310253143311 0.46252897381782531738 0.74805235862731933594 0.74912440776824951172 0.76751536130905151367 0.76757222414016723633
-9999 -9999 -9999 -9999 -9999 -9999 0.6287390589714050293 -9999 -9999 -9999 -9999 -9999 -9999 0.57795280218124389648 0.41565504670143127441 0.11006952822208404541 0.10380796343088150024 0.25149667263031005859 0.57824146747589111328 0.47186717391014099121 0.41638317704200744629 0.19205911457538604736 0.2327569425106048584 0.63144600391387939453 0.6368014216423034668 0.14151592552661895752 0.014277420006692409515 0.26726233959197998047 0.30901369452476501465 0.37577590346336364746 0.50732266902923583984 0.47670316696166992188 0.38324737548828125 0.35957437753677368164 0.31415775418281555176 0.37455758452415466309 0.20614260435104370117 0.33244624733924865723 0.2392680048942565918 0.50016480684280395508 0.69863557815551757812 0.72491425275802612305 0.75210434198379516602 0.76056140661239624023 0.75669550895690917969
-9999 -9999 -9999 -9999 -9999 -9999 -9999 -9999 -9999 -9999 -9999 -9999 -9999 -9999 -9999 -9999 0.14860661327838897705 0.2607618868350982666 0.2550868690013885498 0.35805079340934753418 0.19342179596424102783 0.217100486159324646 0.49979865550994873047 0.22908988595008850098 0.5563799738883972168 0.55075967311859130859 0.26732811331748962402 0.24646651744842529297 0.42996746301651000977 0.31019175052642822266 0.40752959251403808594 0.50571364164352416992 0.22792023420333862305 0.26253387331962585449 0.35061988234519958496 0.5343710780143737793 0.49145165085792541504 0.22763554751873016357 0.22344490885734558105 0.37299296259880065918 0.73550558090209960938 0.74521040916442871094 0.75635379552841186523 0.75559192895889282227 0.70544964075088500977
-9999 -9999 -9999 -9999 -9999 -9999 -9999 -9999 -9999 -9999 -9999 -9999 -9999 -9999 -9999 -9999 -9999 -9999 0.44223174452781677246 0.27435472607612609863 0.22549645602703094482 0.17827464640140533447 0.50155723094940185547 0.062599048018455505371 0.44215723872184753418 0.58454942703247070312 0.41089141368865966797 0.47018358111381530762 0.51785331964492797852 0.51360809803009033203 0.54015779495239257812 0.29364353418350219727 0.31987598538398742676 0.37111705541610717773 0.52320110797882080078 0.71723455190658569336 0.68559044599533081055 0.38262885808944702148 0.15496161580085754395 0.17589189112186431885 0.5468603968620300293 0.70001870393753051758 0.76210319995880126953 0.68095886707305908203 0.71427565813064575195
-9999 -9999 -9999 -9999 -9999 -9999 -9999 -9999 -9999 -9999 -9999 -9999 -9999 -9999 -9999 -9999 -9999 -9999 -9999 0.48586091399192810059 0.214849814772605896 0.22293034195899963379 0.40400275588035583496 0.084200672805309295654 0.13806685805320739746 0.62127149105072021484 0.31298723816871643066 0.51304042339324951172 0.5660069584846496582 0.60061651468276977539 0.61446726322174072266 0.062292035669088363647 0 0.23199987411499023438 0.58348244428634643555 0.66869240999221801758 0.61308842897415161133 0.13827152550220489502 0.14725382626056671143 0.18705762922763824463 0.25024244189262390137 0.64651674032211303711 0.75505340099334716797 0.7573979496955871582 0.75855457782745361328
-9999 -9999 -9999 -9999 -9999 -9999 -9999 -9999 -9999 -9999 -9999 -9999 -9999 -9999 -9999 -9999 -9999 -9999 -9999 0.52632570266723632812 0.25224843621253967285 0.33482849597930908203 0.45921587944030761719 0.19830730557441711426 0 0.60810041427612304688 0.64558923244476318359 0.50198411941528320312 0.51730811595916748047 0.53582209348678588867 0.41722825169563293457 0.051073197275400161743 0.052123956382274627686 0.25025579333305358887 0.5437043309211730957 0.59920525550842285156 0.33217185735702514648 0.052124686539173126221 0.085189506411552429199 0.099334679543972015381 0.20375818014144897461 0.29878610372543334961 0.74446320533752441406 0.76445168256759643555 0.75960761308670043945
-9999 -9999 -9999 -9999 -9999 -9999 -9999 -9999 -9999 -9999 -9999 -9999 -9999 -9999 -9999 -9999 -9999 -9999 -9999 0.58095580339431762695 0.42741942405700683594 0.29744246602058410645 0.41541901230812072754 0.35780888795852661133 0 0.59928780794143676758 0.63429683446884155273 0.49552264809608459473 0.47349151968955993652 0.55457609891891479492 0.47102797031402587891 0.40778812766075134277 0.46408411860466003418 0.57070690393447875977 0.54751282930374145508 0.42196542024612426758 0.082835860550403594971 0.085842363536357879639 0.16924408078193664551 0.17342296242713928223 0.26267397403717041016 0.28695860505104064941 0.74012809991836547852 0.7642230987548828125 0.72076064348220825195
-9999 -9999 -9999 -9999 -9999 -9999 -9999 -9999 -9999 -9999 -9999 -9999 -9999 -9999 -9999 -9999 -9999 -9999 0.60765105485916137695 0.6084613800048828125 0.55997830629348754883 0.16083525121212005615 0.23887339234352111816 0.49504864215850830078 0.38583022356033325195 0.62939733266830444336 0.64587676525115966797 0.48321750760078430176 0.46961888670921325684 0.50301915407180786133 0.47318398952484130859 0.26329275965690612793 0.40818908810615539551 0.61610883474349975586 0.69793367385864257812 0.6156412959098815918 0.25572735071182250977 0.36160743236541748047 0.26788541674613952637 0.19472040235996246338 0.089293569326400756836 0.31112062931060791016 0.75123184919357299805 0.76826339960098266602 0.54092586040496826172
-9999 -9999 -9999 -9999 -9999 -9999 -9999 -9999 -9999 -9999 -9999 -9999 -9999 -9999 -9999 -9999 -9999 0.46487691998481750488 0.50518697500228881836 0.59140908718109130859 0.6216118931770324707 0.48493582010269165039 0.45171457529067993164 0.66188234090805053711 0.67144608497619628906 0.65748316049575805664 0.66933953762054443359 0.49060943722724914551 0.45673123002052307129 0.48532128334045410156 0.54269158840179443359 0.22271054983139038086 0.35278949141502380371 0.61449569463729858398 0.61819225549697875977 0.59745013713836669922 0.66566908359527587891 0.66863387823104858398 0.53680872917175292969 0.15522472560405731201 0.14351490139961242676 0.61349135637283325195 0.73857671022415161133 0.75950342416763305664 0.28873297572135925293
-9999 -9999 -9999 -9999 -9999 -9999 -9999 -9999 -9999 -9999 -9999 -9999 -9999 -9999 -9999 -9999 -9999 -9999 0.53916645050048828125 0.62653291225433349609 0.65726876258850097656 0.39732608199119567871 0.4531764686107635498 0.6343033909797668457 0.69200855493545532227 0.66483145952224731445 0.62545692920684814453 0.50636893510818481445 0.42965930700302124023 0.48664584755897521973 0.55407887697219848633 0.53066468238830566406 0.51804757118225097656 0.53716641664505004883 0.56928813457489013672 0.63446033000946044922 0.6359240412712097168 0.65431225299835205078 0.643161773681640625 0.19933821260929107666 0.31133094429969787598 0.56528431177139282227 0.36356806755065917969 0.37165182828903198242 0.14240483939647674561
-9999 -9999 -9999 -9999 -9999 -9999 -9999 -9999 -9999 -9999 -9999 -9999 -9999 -9999 -9999 -9999 -9999 -9999 -9999 0.50182741880416870117 0.52943938970565795898 0.50966638326644897461 0.46223932504653930664 0.50926738977432250977 0.61183655261993408203 0.58115911483764648438 0.51122963428497314453 0.49361023306846618652 0.47232407331466674805 0.35363030433654785156 0.37099727988243103027 0.42251998186111450195 0.46230834722518920898 0.47377994656562805176 0.46901351213455200195 0.56943428516387939453 0.66268533468246459961 0.67563295364379882812 0.65793538093566894531 0.307415008544921875 0.36237919330596923828 0.31023329496383666992 0.035289663821458816528 0 0
