gis/80m/channels_distance.asc
ncols        128
nrows        143
xllcorner    726726.000000000000
yllcorner    7127190.000000000000
cellsize     80.000000000000
NODATA_value -9999
[rows 48 to 71 of 143, columns 55 to 109 of 128]
-9999 -9999 -9999 -9999 20.28437042236328125 -9999 13.120946884155273438 13.135700225830078125 14.879384040832519531 -9999 15.982232093811035156 43.551097869873046875 -9999 -9999 -9999 -9999 -9999 -9999 -9999 25.36203765869140625 14.31591033935546875 -9999 9.6507158279418945312 10.50753021240234375 28.56970977783203125 -9999 -9999 -9999 -9999 -9999 -9999 -9999 35.98303985595703125 18.839773178100585938 20.081300735473632812 15.952994346618652344 19.06402587890625 -9999 23.80118560791015625 -9999 -9999 7.7469072341918945312 12.40666961669921875 -9999 -9999 -9999 41.033756256103515625 -9999 -9999 13.774628639221191406 26.211282730102539062 -9999 -9999 18.642910003662109375 17.239620208740234375
48.95029449462890625 -9999 -9999 -9999 24.038328170776367188 -9999 19.94367218017578125 14.493045806884765625 23.41687774658203125 -9999 12.437294960021972656 46.6036529541015625 -9999 -9999 -9999 -9999 -9999 44.61419677734375 -9999 -9999 14.516070365905761719 13.409707069396972656 -9999 34.204395294189453125 13.854218482971191406 10.355153083801269531 19.727741241455078125 34.625469207763671875 -9999 -9999 -9999 -9999 -9999 -9999 -9999 26.14173126220703125 23.406332015991210938 34.462799072265625 22.133411407470703125 -9999 -9999 14.995371818542480469 11.281618118286132812 25.465192794799804688 18.55963134765625 19.046642303466796875 16.159673690795898438 -9999 49.7503509521484375 16.802610397338867188 27.819124221801757812 -9999 -9999 19.752576828002929688 11.848263740539550781
16.245241165161132812 -9999 -9999 -9999 -9999 18.166606903076171875 26.8842315673828125 13.521144866943359375 18.880283355712890625 20.577854156494140625 11.9347991943359375 -9999 -9999 -9999 -9999 45.541019439697265625 10.005284309387207031 9.927158355712890625 26.345788955688476562 31.59510040283203125 12.661868095397949219 21.430616378784179688 -9999 -9999 -9999 37.927703857421875 29.6552886962890625 7.7520847320556640625 -9999 -9999 -9999 -9999 -9999 -9999 -9999 -9999 13.783442497253417969 20.124738693237304688 -9999 -9999 -9999 15.972788810729980469 28.822694778442382812 25.76134490966796875 33.975208282470703125 -9999 15.909419059753417969 23.638376235961914062 17.946580886840820312 -9999 -9999 19.96610260009765625 -9999 37.687103271484375 9.3651065826416015625
47.634746551513671875 16.880765914916992188 53.298198699951171875 -9999 -9999 48.091739654541015625 14.182774543762207031 7.9297852516174316406 31.207235336303710938 -9999 17.172040939331054688 -9999 -9999 -9999 -9999 -9999 17.406246185302734375 14.750269889831542969 11.997781753540039062 13.576737403869628906 13.327895164489746094 -9999 -9999 -9999 -9999 -9999 -9999 29.82260894775390625 34.668231964111328125 -9999 -9999 -9999 -9999 -9999 -9999 -9999 9.8466043472290039062 12.694954872131347656 -9999 -9999 22.513561248779296875 16.629390716552734375 -9999 23.1962432861328125 11.995892524719238281 18.77178192138671875 15.447056770324707031 16.4278106689453125 19.518724441528320312 15.573019027709960938 12.932192802429199219 13.586099624633789062 -9999 14.830078125 17.833440780639648438
-9999 -9999 29.092287063598632812 -9999 -9999 45.179004669189453125 25.042345046997070312 22.578332901000976562 9.960620880126953125 22.870893478393554688 10.746983528137207031 -9999 -9999 -9999 -9999 -9999 -9999 27.903852462768554688 12.997943878173828125 11.87065887451171875 19.63674163818359375 38.32306671142578125 -9999 -9999 -9999 -9999 -9999 -9999 18.343441009521484375 -9999 -9999 -9999 -9999 -9999 -9999 -9999 14.10610198974609375 17.830511093139648438 -9999 34.25397491455078125 28.787668228149414062 22.49983978271484375 18.769420623779296875 18.46764373779296875 -9999 19.477550506591796875 -9999 24.129852294921875 9.507106781005859375 11.760193824768066406 30.766284942626953125 46.21007537841796875 37.3054656982421875 12.4236602783203125 7.3960013389587402344
-9999 -9999 17.970628738403320312 -9999 -9999 21.065700531005859375 -9999 21.098436355590820312 14.973794937133789062 20.13344573974609375 9.644618988037109375 31.24704742431640625 -9999 -9999 -9999 -9999 -9999 -9999 11.326221466064453125 15.36142730712890625 8.553012847900390625 25.813175201416015625 -9999 -9999 -9999 -9999 -9999 -9999 41.8396148681640625 25.246374130249023438 -9999 25.589826583862304688 35.3950347900390625 -9999 -9999 -9999 16.506654739379882812 20.232503890991210938 -9999 30.82678985595703125 36.824199676513671875 -9999 42.560688018798828125 -9999 -9999 -9999 38.18708038330078125 19.244304656982421875 13.41684722900390625 12.09197235107421875 -9999 -9999 -9999 20.56713104248046875 5.8779621124267578125
23.096105575561523438 -9999 34.533481597900390625 39.610065460205078125 -9999 30.776813507080078125 13.713040351867675781 16.453693389892578125 34.270839691162109375 -9999 22.861539840698242188 16.823694229125976562 42.644336700439453125 -9999 -9999 -9999 -9999 -9999 15.615541458129882812 18.779249191284179688 13.421824455261230469 22.746957778930664062 -9999 -9999 -9999 -9999 -9999 -9999 -9999 17.964982986450195312 38.79068756103515625 -9999 27.604196548461914062 22.207349777221679688 -9999 -9999 20.651002883911132812 14.157678604125976562 36.488704681396484375 17.372066497802734375 -9999 22.100597381591796875 -9999 -9999 -9999 -9999 -9999 23.378736495971679688 17.6180877685546875 11.766871452331542969 17.1550750732421875 41.672199249267578125 26.223470687866210938 12.275869369506835938 11.513744354248046875
26.88515472412109375 32.104419708251953125 40.8309173583984375 16.769254684448242188 -9999 -9999 15.477083206176757812 33.874553680419921875 30.808727264404296875 30.662227630615234375 19.975797653198242188 -9999 15.496791839599609375 -9999 -9999 -9999 -9999 -9999 26.936128616333007812 -9999 12.925850868225097656 16.767530441284179688 -9999 -9999 -9999 -9999 -9999 -9999 -9999 -9999 17.492893218994140625 -9999 -9999 -9999 18.438745498657226562 13.512653350830078125 16.310871124267578125 12.382335662841796875 16.918787002563476562 29.238653182983398438 35.567413330078125 35.906162261962890625 -9999 -9999 39.962963104248046875 -9999 -9999 22.303926467895507812 12.522238731384277344 14.569391250610351562 20.305501937866210938 6.59091949462890625 9.9880933761596679688 10.508636474609375 14.592443466186523438
-9999 18.6666107177734375 28.968576431274414062 12.348746299743652344 29.491018295288085938 12.447987556457519531 34.0250244140625 -9999 15.223814964294433594 15.185730934143066406 22.036930084228515625 -9999 26.193445205688476562 26.886505126953125 -9999 -9999 -9999 -9999 47.09810638427734375 10.892804145812988281 26.65543365478515625 9.434009552001953125 34.0992431640625 -9999 -9999 -9999 -9999 -9999 -9999 -9999 50.987644195556640625 30.47595977783203125 26.774442672729492188 25.689601898193359375 21.74329376220703125 19.78797149658203125 17.791467666625976562 13.215093612670898438 19.650867462158203125 15.535595893859863281 16.152009963989257812 -9999 -9999 -9999 44.196041107177734375 25.6938934326171875 -9999 17.218519210815429688 8.0454053878784179688 7.0533885955810546875 12.352727890014648438 -9999 15.817358016967773438 13.414307594299316406 19.958637237548828125
-9999 45.702178955078125 22.617340087890625 12.401535987854003906 9.7526655197143554688 -9999 23.825565338134765625 38.09234619140625 -9999 11.261975288391113281 22.344366073608398438 22.762254714965820312 -9999 19.874929428100585938 -9999 -9999 -9999 -9999 -9999 14.961435317993164062 -9999 18.243785858154296875 20.34560394287109375 -9999 -9999 -9999 -9999 -9999 -9999 -9999 -9999 -9999 -9999 -9999 -9999 22.399768829345703125 19.349468231201171875 12.420745849609375 8.1412868499755859375 11.254370689392089844 22.427165985107421875 30.314851760864257812 -9999 -9999 -9999 13.016038894653320312 8.114604949951171875 15.903492927551269531 35.43102264404296875 21.28144073486328125 22.712841033935546875 15.661534309387207031 9.62433624267578125 13.01877593994140625 12.341860771179199219
-9999 -9999 12.880133628845214844 17.439874649047851562 16.2285614013671875 43.055389404296875 -9999 21.419260025024414062 -9999 29.072040557861328125 13.774521827697753906 18.775730133056640625 -9999 -9999 18.56256866455078125 -9999 -9999 37.647914886474609375 21.941736221313476562 22.332315444946289062 38.561370849609375 15.22789764404296875 18.448320388793945312 -9999 -9999 -9999 -9999 -9999 -9999 -9999 -9999 54.172367095947265625 -9999 -9999 -9999 34.721160888671875 20.741312026977539062 -9999 15.892464637756347656 18.407833099365234375 22.030483245849609375 19.589815139770507812 -9999 -9999 21.07088470458984375 5.9801278114318847656 20.021593093872070312 19.250951766967773438 -9999 31.720745086669921875 16.4416351318359375 11.690340995788574219 13.3139190673828125 10.662533760070800781 11.230220794677734375
-9999 25.058135986328125 7.19858551025390625 -9999 12.847806930541992188 13.182459831237792969 31.26229095458984375 18.812168121337890625 -9999 -9999 14.674239158630371094 -9999 -9999 -9999 27.045148849487304688 48.35367584228515625 -9999 -9999 15.439027786254882812 17.5850830078125 13.379392623901367188 19.462427139282226562 18.88736724853515625 -9999 -9999 -9999 -9999 -9999 -9999 -9999 -9999 -9999 36.628986358642578125 -9999 -9999 18.71527099609375 20.809356689453125 22.252790451049804688 20.847814559936523438 23.661500930786132812 20.574647903442382812 26.577165603637695312 -9999 27.887350082397460938 9.426807403564453125 13.603939056396484375 23.887945175170898438 16.630580902099609375 20.410861968994140625 -9999 42.6778564453125 28.448589324951171875 10.145603179931640625 10.568265914916992188 9.46724700927734375
-9999 15.371785163879394531 14.837049484252929688 18.78293609619140625 20.561153411865234375 19.50031280517578125 19.989532470703125 28.871356964111328125 35.33246612548828125 23.831518173217773438 23.192762374877929688 14.380567550659179688 15.113951683044433594 36.4960174560546875 -9999 21.067134857177734375 -9999 -9999 31.994518280029296875 15.279950141906738281 13.618634223937988281 13.385007858276367188 6.96221160888671875 24.17078399658203125 -9999 -9999 -9999 33.057010650634765625 34.63915252685546875 -9999 -9999 -9999 31.098588943481445312 -9999 -9999 -9999 -9999 39.802188873291015625 13.7012786865234375 22.651815414428710938 21.207387924194335938 14.472520828247070312 17.30245208740234375 14.439319610595703125 18.645404815673828125 31.315547943115234375 -9999 32.289608001708984375 18.143350601196289062 25.45099639892578125 -9999 -9999 -9999 13.880445480346679688 9.1290760040283203125
17.6667022705078125 16.12091827392578125 15.401632308959960938 9.8029508590698242188 33.17874908447265625 18.871877670288085938 12.898282051086425781 24.274721145629882812 20.150339126586914062 29.420198440551757812 21.698955535888671875 19.362123489379882812 19.313816070556640625 15.072618484497070312 -9999 19.250993728637695312 29.558221817016601562 27.748067855834960938 -9999 10.6665496826171875 11.462090492248535156 10.546661376953125 10.172900199890136719 10.568096160888671875 21.912168502807617188 -9999 30.86229705810546875 6.1820654869079589844 35.644134521484375 -9999 -9999 -9999 19.193078994750976562 -9999 -9999 -9999 -9999 -9999 22.880323410034179688 22.935321807861328125 10.24416351318359375 23.025735855102539062 28.267114639282226562 26.462491989135742188 20.647901535034179688 -9999 -9999 21.414470672607421875 -9999 -9999 -9999 -9999 -9999 32.2678680419921875 11.67606353759765625
24.196863174438476562 16.873537063598632812 16.91890716552734375 19.401729583740234375 19.448421478271484375 40.150115966796875 17.118673324584960938 27.40015411376953125 -9999 20.67366790771484375 27.844318389892578125 19.561742782592773438 12.258588790893554688 9.2047443389892578125 16.3977508544921875 14.075699806213378906 16.297576904296875 23.88013458251953125 33.356838226318359375 9.2316598892211914062 27.605321884155273438 12.649619102478027344 8.905086517333984375 17.91294097900390625 14.714792251586914062 29.573278427124023438 -9999 18.102201461791992188 -9999 -9999 -9999 -9999 49.468662261962890625 18.794118881225585938 -9999 -9999 -9999 -9999 22.259637832641601562 -9999 15.93483734130859375 19.31288909912109375 12.1970672607421875 24.91634368896484375 26.867855072021484375 27.674654006958007812 18.35852813720703125 -9999 -9999 40.406963348388671875 -9999 -9999 -9999 -9999 21.986530303955078125
11.37706756591796875 13.032680511474609375 -9999 25.477338790893554688 37.2161102294921875 21.464183807373046875 -9999 14.010166168212890625 28.45536041259765625 11.804868698120117188 -9999 -9999 42.524257659912109375 12.657198905944824219 11.449933052062988281 12.339648246765136719 18.637327194213867188 -9999 -9999 -9999 16.921510696411132812 11.649261474609375 10.236277580261230469 12.905131340026855469 21.437715530395507812 11.263185501098632812 16.888635635375976562 30.570726394653320312 23.056612014770507812 22.003553390502929688 -9999 -9999 -9999 -9999 27.092193603515625 -9999 -9999 -9999 18.489635467529296875 22.5884857177734375 9.9204206466674804688 15.885784149169921875 9.5873622894287109375 -9999 -9999 16.420080184936523438 25.993623733520507812 10.969570159912109375 -9999 -9999 15.537969589233398438 23.02079010009765625 36.770900726318359375 -9999 -9999
18.908124923706054688 39.644855499267578125 17.645605087280273438 18.29288482666015625 -9999 -9999 34.501461029052734375 10.550912857055664062 11.220343589782714844 9.5460062026977539062 42.184661865234375 -9999 -9999 33.30712127685546875 9.5130872726440429688 14.022231101989746094 17.475973129272460938 -9999 -9999 -9999 9.9212942123413085938 13.051389694213867188 7.2160010337829589844 -9999 39.454803466796875 10.068463325500488281 8.9254064559936523438 18.6796722412109375 18.297910690307617188 21.80200958251953125 29.103029251098632812 -9999 -9999 -9999 19.392496109008789062 -9999 -9999 -9999 16.326875686645507812 13.016747474670410156 13.292097091674804688 26.831003189086914062 28.94222259521484375 20.29772186279296875 18.957729339599609375 24.173036575317382812 -9999 41.478572845458984375 17.227193832397460938 19.24198150634765625 -9999 10.288853645324707031 35.111598968505859375 -9999 -9999
35.5386199951171875 -9999 -9999 20.979703903198242188 47.11884307861328125 -9999 -9999 37.19333648681640625 12.401846885681152344 9.805149078369140625 22.442514419555664062 -9999 -9999 -9999 19.502904891967773438 11.186314582824707031 13.3231964111328125 25.647304534912109375 24.630929946899414062 14.558613777160644531 7.9310693740844726562 -9999 14.419910430908203125 10.88327789306640625 38.64513397216796875 -9999 18.371507644653320312 18.149684906005859375 12.705584526062011719 27.170886993408203125 12.499226570129394531 20.848028182983398438 -9999 -9999 17.916566848754882812 27.850938796997070312 -9999 -9999 13.6389007568359375 18.841266632080078125 13.754883766174316406 26.22734832763671875 18.598173141479492188 19.50980377197265625 -9999 32.00568389892578125 -9999 -9999 17.974365234375 -9999 -9999 12.931090354919433594 42.736053466796875 -9999 -9999
-9999 -9999 -9999 -9999 14.64495086669921875 19.163496017456054688 22.230188369750976562 19.396612167358398438 14.719911575317382812 7.2504339218139648438 10.211060523986816406 8.0952997207641601562 33.17797088623046875 -9999 32.57114410400390625 17.669092178344726562 18.837055206298828125 20.097137451171875 36.445430755615234375 23.443510055541992188 10.12895965576171875 28.874614715576171875 33.386196136474609375 10.914820671081542969 26.751653671264648438 -9999 21.514822006225585938 -9999 17.183744430541992188 19.9885406494140625 23.063129425048828125 45.916843414306640625 20.219919204711914062 43.78572845458984375 -9999 -9999 21.776088714599609375 18.469602584838867188 11.175574302673339844 32.625286102294921875 9.388530731201171875 16.723583221435546875 -9999 14.905167579650878906 13.340684890747070312 -9999 -9999 -9999 -9999 42.338069915771484375 -9999 9.8037557601928710938 12.512450218200683594 20.712078094482421875 42.771427154541015625
29.082101821899414062 -9999 -9999 -9999 31.01229095458984375 37.192668914794921875 -9999 -9999 -9999 9.6062946319580078125 10.702153205871582031 28.284154891967773438 24.465084075927734375 19.903554916381835938 16.567890167236328125 11.69205474853515625 -9999 18.777311325073242188 10.302573204040527344 13.580527305603027344 16.50464630126953125 15.634306907653808594 14.1031036376953125 17.422296524047851562 -9999 -9999 35.020366668701171875 38.171840667724609375 45.68412017822265625 16.199930191040039062 16.5960540771484375 50.225994110107421875 -9999 18.985599517822265625 -9999 -9999 -9999 29.780834197998046875 -9999 -9999 8.4090747833251953125 22.562433242797851562 26.28073883056640625 27.154115676879882812 11.08020782470703125 -9999 -9999 -9999 -9999 20.366748809814453125 34.22595977783203125 6.8109440803527832031 23.889127731323242188 -9999 19.064517974853515625
-9999 24.813890457153320312 27.3380584716796875 16.161922454833984375 18.349721908569335938 17.77414703369140625 -9999 -9999 -9999 33.413654327392578125 9.93639373779296875 19.467020034790039062 27.61342620849609375 17.443256378173828125 18.719541549682617188 26.457218170166015625 18.071018218994140625 -9999 11.779664993286132812 -9999 -9999 35.047389984130859375 15.161618232727050781 23.792266845703125 -9999 -9999 -9999 30.2783355712890625 -9999 34.33478546142578125 9.9676027297973632812 29.4817962646484375 -9999 51.269054412841796875 -9999 -9999 -9999 12.676951408386230469 33.6333465576171875 33.5476531982421875 16.387096405029296875 32.391918182373046875 23.622549057006835938 13.681750297546386719 24.274082183837890625 19.897413253784179688 -9999 -9999 -9999 26.155796051025390625 9.5038661956787109375 5.961353302001953125 9.7370882034301757812 34.05204010009765625 26.844303131103515625
-9999 -9999 34.65985107421875 40.511341094970703125 -9999 26.586832046508789062 46.869503021240234375 -9999 -9999 -9999 8.811161041259765625 6.7986297607421875 33.0444183349609375 19.976209640502929688 -9999 27.026945114135742188 42.261993408203125 20.436319351196289062 15.042172431945800781 15.921166419982910156 -9999 -9999 -9999 27.489543914794921875 17.525285720825195312 -9999 -9999 -9999 -9999 -9999 21.343832015991210938 24.55895233154296875 -9999 -9999 34.980091094970703125 -9999 20.259408950805664062 16.618623733520507812 19.79611968994140625 -9999 15.857172966003417969 -9999 19.973196029663085938 -9999 -9999 21.02982330322265625 22.50882720947265625 -9999 -9999 27.611516952514648438 7.6987538337707519531 8.5605030059814453125 14.978076934814453125 24.89374542236328125 22.068735122680664062
14.246114730834960938 23.571973800659179688 22.497112274169921875 24.268016815185546875 -9999 39.367473602294921875 13.935015678405761719 -9999 -9999 -9999 22.98076629638671875 21.111814498901367188 16.579193115234375 29.214258193969726562 -9999 17.65734100341796875 -9999 -9999 51.76465606689453125 19.989015579223632812 24.999727249145507812 -9999 -9999 -9999 42.744792938232421875 30.053735733032226562 -9999 -9999 -9999 -9999 -9999 15.264514923095703125 -9999 -9999 18.27487945556640625 23.450592041015625 10.2621307373046875 18.118951797485351562 -9999 -9999 19.8993988037109375 23.357843399047851562 25.38555145263671875 -9999 18.290374755859375 35.23232269287109375 33.758060455322265625 29.544399261474609375 -9999 14.629365921020507812 8.4838571548461914062 15.6517791748046875 19.567188262939453125 14.388758659362792969 -9999
12.572214126586914062 -9999 13.092555046081542969 15.058886528015136719 17.622755050659179688 20.631998062133789062 -9999 24.522092819213867188 23.15093994140625 30.61804962158203125 18.05825042724609375 23.018863677978515625 25.249795913696289062 28.01120758056640625 -9999 23.419454574584960938 -9999 -9999 -9999 -9999 27.0969696044921875 27.054477691650390625 24.90334320068359375 -9999 -9999 25.62378692626953125 -9999 21.10463714599609375 33.573329925537109375 30.514883041381835938 -9999 11.667139053344726562 31.158233642578125 23.167301177978515625 12.575823783874511719 25.4004669189453125 -9999 -9999 -9999 -9999 50.514270782470703125 18.883401870727539062 -9999 20.600835800170898438 44.070659637451171875 -9999 -9999 18.550085067749023438 24.81928253173828125 11.282588958740234375 18.702730178833007812 19.74781036376953125 11.913386344909667969 20.542636871337890625 24.459638595581054688
