gis/80m/channels_depth.asc
ncols        128
nrows        143
xllcorner    726726.000000000000
yllcorner    7127190.000000000000
cellsize     80.000000000000
NODATA_value -9999
[rows 52 to 77 of 143, columns 58 to 115 of 128]
-9999 -9999 -2.917144775390625 -0.452606201171875 -1.926239013671875 -2.20343017578125 -1.8014373779296875 -2.85479736328125 -9999 -9999 -9999 -9999 -9999 -9999 -2.706298828125 -2.066619873046875 -2.1815185546875 -2.471282958984375 -5.839080810546875 -9999 -9999 -9999 -9999 -9999 -9999 -3.3541259765625 -9999 -9999 -9999 -9999 -9999 -9999 -9999 -3.319061279296875 -5.168914794921875 -9999 -4.997772216796875 -2.4156951904296875 -0.5872955322265625 -2.279144287109375 -5.8388824462890625 -9999 -3.687957763671875 -9999 -0.9100799560546875 -1.1850433349609375 -2.225341796875 -2.3553619384765625 -2.0989227294921875 -0.484344482421875 -2.079345703125 -2.595611572265625 -2.1719970703125 -2.78338623046875 -3.035797119140625 -2.507568359375 -9999 -9999
-9999 -9999 -1.199737548828125 -9999 -2.15966796875 -3.4305572509765625 -1.1696929931640625 -1.720367431640625 -5.2313232421875 -9999 -9999 -9999 -9999 -9999 -9999 -2.5498046875 -0.487030029296875 -3.0032958984375 -7.6453857421875 -9999 -9999 -9999 -9999 -9999 -9999 -5.49749755859375 -2.795654296875 -9999 -4.9162750244140625 -2.8392181396484375 -9999 -9999 -9999 -1.7051239013671875 -5.9921112060546875 -9999 -4.9385833740234375 -3.7771759033203125 -9999 0 -9999 -9999 -9999 -1.0036468505859375 -0.892181396484375 -0.55609130859375 -1.234039306640625 -9999 -9999 -9999 -2.160614013671875 -1.987152099609375 -2.053314208984375 -2.589691162109375 -3.38604736328125 -9999 -9999 -9999
-6.37481689453125 -9999 -2.192779541015625 -1.8210601806640625 -3.1608123779296875 -4.8714599609375 -9999 -0.88372802734375 -1.08673095703125 -6.210601806640625 -9999 -9999 -9999 -9999 -9999 -3.266815185546875 -2.00537109375 -2.904998779296875 -7.8297119140625 -9999 -9999 -9999 -9999 -9999 -9999 -9999 -4.13885498046875 -1.038604736328125 -9999 -3.4839630126953125 -4.8907928466796875 -9999 -9999 -5.109588623046875 -5.3633880615234375 -5.2299957275390625 -3.0712127685546875 -9999 -3.7910308837890625 -9999 -9999 -9999 -9999 -9999 -0.90631103515625 -0.7152557373046875 -0.8161468505859375 -0.6983184814453125 -2.8183746337890625 -4.64886474609375 -4.474517822265625 -5.029510498046875 -1.4859619140625 -2.486236572265625 -4.167144775390625 -1.8533935546875 -1.837493896484375 -9999
-3.5982818603515625 -9999 -9999 -0.7427520751953125 -4.291534423828125 -4.086456298828125 -1.748565673828125 -1.08734130859375 -9999 -1.452301025390625 -9999 -9999 -9999 -9999 -9999 -3.834136962890625 -9999 -3.080596923828125 -3.67437744140625 -9999 -9999 -9999 -9999 -9999 -9999 -9999 -9999 -3.3602294921875 -9999 -9999 -9999 -4.9653167724609375 -3.609100341796875 -6.154998779296875 -5.459564208984375 -1.8419647216796875 -3.3220977783203125 -1.981048583984375 -3.384124755859375 -9999 -9999 0 -9999 -9999 -0.4775238037109375 -1.2498321533203125 -1.282806396484375 -2.1021881103515625 -1.7547607421875 -2.152801513671875 -2.013092041015625 -4.3436279296875 -4.1696929931640625 -9999 -1.199188232421875 -2.92059326171875 -1.94586181640625 -6.34765625
-1.5057830810546875 -4.0458526611328125 -2.2554168701171875 -1.111663818359375 -9999 -3.2080078125 -4.3224639892578125 -1.298309326171875 -9999 0 -2.455169677734375 -9999 -9999 -9999 -9999 0 -3.094482421875 0 -2.847381591796875 -5.988433837890625 -9999 -9999 -9999 -9999 -9999 -9999 -9999 -3.357330322265625 -5.93597412109375 -5.7363128662109375 -4.5279388427734375 -4.4305419921875 -2.64129638671875 -5.8166656494140625 -5.3394775390625 -2.1080474853515625 -1.7618255615234375 -2.593597412109375 -9999 -9999 -9999 0 -3.4159698486328125 -9999 -4.9040679931640625 -2.3446807861328125 -1.497833251953125 -1.5909271240234375 -9999 -0.2532501220703125 -1.310546875 -2.7312774658203125 -2.6095733642578125 -5.0892791748046875 -4.755218505859375 -1.564849853515625 -2.24346923828125 -2.136016845703125
-2.562957763671875 -2.131927490234375 -9999 -1.5225830078125 -1.1621551513671875 -9999 -2.804351806640625 -3.0388336181640625 -3.7529754638671875 -9999 -1.821624755859375 -9999 -9999 -9999 -9999 -9999 -3.70751953125 -9999 -4.47540283203125 -5.307037353515625 -9999 -9999 -9999 -9999 -9999 -9999 -9999 -9999 -9999 -9999 -9999 -9999 -3.061126708984375 -2.322113037109375 -3.6517333984375 -3.093475341796875 -2.4001007080078125 -3.731414794921875 -2.0532379150390625 -9999 -9999 -9999 -2.0953521728515625 -4.6356048583984375 -3.4364471435546875 -1.569976806640625 -1.370208740234375 -1.9242095947265625 -1.3529205322265625 -1.9198150634765625 -1.7532196044921875 -3.5351409912109375 -5.6177215576171875 -9999 -2.370849609375 -3.05255126953125 -2.550872802734375 -1.5997314453125
0 -3.0521087646484375 -2.24627685546875 -9999 -1.6989898681640625 -9999 -2.771392822265625 -5.211334228515625 -3.920379638671875 -9999 -9999 -4.0100860595703125 -9999 -9999 -1.725494384765625 -4.2234954833984375 -3.0055999755859375 -2.869659423828125 -4.1504974365234375 -4.1908721923828125 -9999 -9999 -9999 -9999 -9999 -9999 -9999 -9999 -2.3052825927734375 -9999 -9999 -9999 0 -1.501708984375 -9999 -5.7034454345703125 -5.1492919921875 -4.2544708251953125 -3.0444183349609375 -9999 -9999 -7.38397216796875 -5.24609375 -5.7792816162109375 -1.20654296875 -9999 -2.6346893310546875 -1.051361083984375 -1.227325439453125 -2.12872314453125 -1.9575347900390625 -3.237579345703125 -9999 -4.0679931640625 -9999 -9999 -1.3233642578125 -1.351531982421875
-9999 -2.7058563232421875 -2.562347412109375 -4.1473541259765625 -3.09075927734375 -9999 -9999 -5.1074981689453125 -9999 -9999 -9999 -1.6118927001953125 -4.1878814697265625 -9999 -9999 -3.09539794921875 -2.810302734375 -3.0720977783203125 -1.64593505859375 -3.1316070556640625 -9999 -9999 -9999 -9999 -9999 -9999 -9999 -9999 -9999 -1.02685546875 -9999 -9999 -5.5768585205078125 -3.14129638671875 -3.0425872802734375 -3.1026458740234375 -5.2128143310546875 -3.715545654296875 -2.1935272216796875 -9999 -3.6668853759765625 -6.9863433837890625 -6.090789794921875 -4.06048583984375 -2.447601318359375 -1.4756927490234375 -9999 -1.81329345703125 -1.3739471435546875 -1.39886474609375 -2.2618255615234375 -15 -3.5291290283203125 -3.40313720703125 -3.01544189453125 -4.2763671875 -0.982666015625 -1.44256591796875
-3.877197265625 0 -3.1097564697265625 -3.7490692138671875 -2.34393310546875 -1.6017303466796875 -3.23944091796875 -3.5038604736328125 -2.8134613037109375 -2.018402099609375 -5.831451416015625 -9999 -3.3109130859375 -9999 -9999 -1.1753387451171875 -2.659027099609375 -5.1456756591796875 -4.0976409912109375 -4.0688934326171875 -3.567596435546875 -9999 -9999 -9999 -5.6249542236328125 -3.9456024169921875 -9999 -9999 -9999 -2.0746917724609375 -9999 -9999 -9999 -9999 -4.0570220947265625 -2.2305908203125 -4.0643310546875 -3.1874847412109375 -2.068267822265625 -4.430206298828125 -8.1071319580078125 -6.4170379638671875 -4.90972900390625 -9999 -0.253265380859375 -2.1094818115234375 -2.2420654296875 -9999 -9999 -9999 -1.35235595703125 -1.357818603515625 -3.00286865234375 -3.8671875 -3.031097412109375 -4.0703125 -1.569549560546875 -0.71319580078125
-2.720916748046875 -2.9238739013671875 -2.457977294921875 -1.7572784423828125 -3.912567138671875 -2.637725830078125 -1.2081451416015625 -1.5968475341796875 -2.8159027099609375 -2.78570556640625 -3.0634002685546875 -9999 -2.572418212890625 -2.0968170166015625 -1.7540740966796875 -9999 -3.8764801025390625 -4.2796173095703125 -3.1739959716796875 -4.0909576416015625 -2.28155517578125 -2.6541290283203125 -9999 -2.3323516845703125 -4.0736083984375 -0.5409088134765625 -9999 -9999 -9999 -3.45855712890625 -9999 -9999 -9999 -9999 -9999 -1.8575897216796875 -4.433380126953125 -2.3504791259765625 -3.417236328125 -4.5241546630859375 -2.0793609619140625 -0.15777587890625 -9999 -9999 -4.400543212890625 -9999 -9999 -9999 -9999 -9999 -2.57769775390625 -1.5606842041015625 -1.87615966796875 -3.89300537109375 -9999 -2.85601806640625 -2.2054443359375 -0.21820068359375
-2.9484710693359375 -3.047119140625 -0.835906982421875 -3.3550567626953125 -2.95172119140625 -9999 -1.682342529296875 -0.9249267578125 -1.9497222900390625 -2.937255859375 -3.5760040283203125 -2.2253875732421875 -3.9225616455078125 -3.0765228271484375 -1.0498046875 -3.90264892578125 -3.7826995849609375 -1.07769775390625 -3.326080322265625 -2.8409881591796875 -1.3851470947265625 -3.7510223388671875 -2.5022430419921875 -9999 -3.584869384765625 -9999 -9999 -9999 -9999 -0.2677459716796875 -4.0374908447265625 -9999 -9999 -9999 -9999 -2.767913818359375 -9999 -5.0496368408203125 -2.4735565185546875 -5.29962158203125 -5.2126312255859375 0 -1.5679168701171875 -5.800048828125 -9999 -9999 -0.39727783203125 -9999 -9999 -9999 -9999 -3.3416900634765625 -2.370147705078125 -5.5787506103515625 -9999 -1.4034423828125 -2.900390625 -4.464111328125
-2.885589599609375 0 -3.7685699462890625 -9999 -2.4775390625 -3.0111236572265625 -2.1059112548828125 -9999 -9999 -1.045074462890625 -2.9493255615234375 -4.0828399658203125 -4.24481201171875 -4.3919525146484375 -9999 -9999 -9999 -3.068756103515625 -3.5212860107421875 -3.26861572265625 -2.3943634033203125 -3.378387451171875 -3.501800537109375 -3.32537841796875 0 -4.1796112060546875 -4.59515380859375 -9999 -9999 -9999 -9999 -2.7151031494140625 -9999 -9999 -9999 -3.1566162109375 -1.163299560546875 -6.380615234375 -5.2377777099609375 -4.4565887451171875 -9999 -9999 -7.766082763671875 -6.598968505859375 -3.2696075439453125 -9999 -9999 -1.068695068359375 -1.980255126953125 -2.4039306640625 -9999 -9999 -4.6950836181640625 -4.1855010986328125 -9999 -1.330047607421875 -6.1385498046875 -9999
-2.9018096923828125 -9999 -9999 -0.2325592041015625 -2.7919158935546875 -2.9843902587890625 -2.672454833984375 -0.8802642822265625 -9999 -9999 -2.9962005615234375 -4.33367919921875 -2.8609771728515625 -3.471710205078125 -9999 -9999 -9999 -2.959716796875 -1.124176025390625 -3.62298583984375 -9999 -0.718597412109375 -1.85791015625 -2.2778472900390625 -2.792266845703125 -3.1042327880859375 -4.2432861328125 -3.5323638916015625 -9999 -9999 -9999 -1.7792816162109375 -9999 -9999 -9999 -1.1195526123046875 -3.5966033935546875 -6.6005401611328125 -5.1616973876953125 -0.7424163818359375 -6.70574951171875 -7.9300689697265625 -8.1921234130859375 -9999 -0.1461639404296875 -1.056243896484375 -2.593475341796875 -9999 -2.088836669921875 -1.65887451171875 -9999 -9999 -9999 -2.991851806640625 -3.05255126953125 -1.341094970703125 -8.008758544921875 -9999
-2.9820404052734375 -3.5871734619140625 -9999 -9999 -1.0916290283203125 -2.21160888671875 -3.5117340087890625 -2.530242919921875 -9999 -9999 -9999 -2.8183746337890625 -2.955535888671875 -2.3090362548828125 -3.108245849609375 -2.5259552001953125 -3.2503814697265625 -3.7041778564453125 -9999 -3.4187774658203125 -3.0239105224609375 -2.63037109375 -9999 -1.5555572509765625 -3.4562225341796875 -3.727142333984375 -0.7088165283203125 -3.355010986328125 -4.9282684326171875 -9999 -9999 -2.0950775146484375 -3.0444793701171875 -9999 -9999 -3.6334991455078125 -1.0205078125 -3.9788665771484375 -4.4429168701171875 -3.0228118896484375 -5.9207916259765625 -9999 -12.867034912109375 -9999 -9999 -0.4847869873046875 -9999 -9999 -1.6622161865234375 -2.45660400390625 -9999 -9999 -9999 -9999 -1.86846923828125 -2.432220458984375 -4.839508056640625 -9999
-9999 -2.472808837890625 -1.9102783203125 -0.7024688720703125 -1.6159210205078125 -3.142578125 -2.714996337890625 -3.706451416015625 -2.920654296875 -2.1322479248046875 -9999 -4.147430419921875 -2.0941925048828125 -2.3494110107421875 -3.5013885498046875 -4.4990234375 -4.2689361572265625 -3.147491455078125 -3.0388031005859375 -0.602783203125 -1.6804656982421875 -2.334869384765625 -9999 -2.600006103515625 -9999 -4.9332275390625 -2.5766754150390625 -2.5434722900390625 0 -1.0655364990234375 -8.2661590576171875 -9999 -9999 -7.535491943359375 -4.0636749267578125 -1.4344482421875 -8.2516632080078125 -2.2333526611328125 -2.5564727783203125 -9999 -0.272430419921875 -2.989013671875 -9999 -9999 -9999 -9999 -2.7961273193359375 -9999 -1.90496826171875 -3.220184326171875 -3.619873046875 -6.6860504150390625 -9999 -9999 -9999 -1.269683837890625 -1.809814453125 -9999
-9999 -4.7061309814453125 -5.83251953125 -9999 -9999 -9999 -2.4588775634765625 -2.92218017578125 -2.0387725830078125 -2.444671630859375 -2.3176116943359375 -1.4566802978515625 -2.3643035888671875 -9999 -4.6150970458984375 -3.40985107421875 -2.224334716796875 -1.431854248046875 -1.9989471435546875 -2.2227630615234375 -1.5552825927734375 -9999 -9999 -1.2315216064453125 -1.85662841796875 -3.6370086669921875 -1.81500244140625 -2.1665496826171875 -3.5120697021484375 -9999 -2.8200836181640625 -9999 -9999 -9999 -5.1016082763671875 -9999 -9999 -2.3776702880859375 -4.0835418701171875 -3.88433837890625 -5.14495849609375 -4.3852386474609375 -9999 -9999 -9999 -9999 -2.4026641845703125 -1.9589691162109375 -2.2234344482421875 -3.3852081298828125 -9999 -0.7649078369140625 -9999 -9999 -9999 -1.74151611328125 -1.6234130859375 -1.795166015625
-2.1732635498046875 -4.910614013671875 -4.956207275390625 -9999 -9999 -9999 -1.642608642578125 -2.6222686767578125 -3.792083740234375 -2.7303924560546875 -1.24346923828125 -0.9484100341796875 -3.2735595703125 -3.1916961669921875 -9999 -3.3697662353515625 -9999 -9999 -0.8622894287109375 -1.6983184814453125 -3.516387939453125 -9999 -9999 -9999 0 -9999 -2.09979248046875 -1.9363555908203125 -3.67987060546875 -9999 -0.3596649169921875 -9999 -9999 -9999 -3.2658538818359375 0 0 -3.6585845947265625 -4.6116485595703125 -2.301666259765625 -1.9758453369140625 -1.8247833251953125 -3.38140869140625 -9999 -9999 -9999 -2.928131103515625 -1.7604217529296875 -2.74444580078125 -2.6531524658203125 -4.2541961669921875 0 -6.770050048828125 -9999 -9999 -9999 -1.65655517578125 -9999
-1.092803955078125 -9999 -5.7902679443359375 -4.48175048828125 -9999 -9999 -9999 -2.726715087890625 -2.3646240234375 -4.1097869873046875 -3.480438232421875 -9999 -0.455291748046875 -4.2193145751953125 -2.439453125 -3.57757568359375 -4.13238525390625 -9999 -9999 -9999 -2.0688018798828125 -2.3915863037109375 -9999 -9999 -9999 -9999 -9999 -3.519805908203125 -3.730072021484375 -9999 -9999 -4.2570953369140625 -9999 -5.614166259765625 -4.3366851806640625 -2.1847686767578125 -9999 -5.150177001953125 -9999 -2.0330047607421875 -9999 -9999 0 -5.5477142333984375 -9999 -9999 -5.72723388671875 -3.80712890625 -3.0701751708984375 -0.73016357421875 -4.3752593994140625 -5.6320953369140625 -0.295562744140625 -9999 -9999 -9999 -1.905303955078125 -9999
-3.225799560546875 -9999 -5.2923736572265625 -3.521453857421875 -9999 -9999 -9999 -1.7335205078125 -0.87213134765625 -3.515533447265625 -5.97119140625 -9999 -1.8439788818359375 -9999 -9999 -4.6391143798828125 -2.1625823974609375 -2.140869140625 -9999 -9999 -9999 -1.9860992431640625 -1.885467529296875 -9999 -9999 -9999 -9999 -9999 -2.88934326171875 -9999 -9999 -4.5176849365234375 -1.166015625 -2.0940704345703125 -1.64813232421875 -9999 -9999 -6.7301483154296875 -3.75408935546875 -4.822967529296875 -9999 -4.516326904296875 -2.5910491943359375 0 -7.04779052734375 -9999 -6.4324798583984375 -5.08917236328125 -0.5969696044921875 -4.5060272216796875 -4.4317169189453125 -9999 -9999 -5.07110595703125 -9999 -9999 -1.868194580078125 -0.88299560546875
-2.51190185546875 -2.324676513671875 -4.2569580078125 -9999 -3.02288818359375 -2.5140380859375 -3.441009521484375 -3.0648040771484375 -3.1187744140625 0 -4.2347869873046875 -9999 -2.4891815185546875 -9999 -9999 -9999 -9999 -2.4606170654296875 -1.7122955322265625 -2.1466522216796875 -9999 -9999 -3.95184326171875 -9999 -2.3510589599609375 -3.1320343017578125 -2.471832275390625 -9999 -1.7017364501953125 -0.456573486328125 -0.88116455078125 -3.4595184326171875 -1.1226654052734375 -9999 -9999 -9999 -9999 -10.4867401123046875 -7.589935302734375 -9999 -3.392242431640625 -2.4716949462890625 -9999 -9999 -0.9895477294921875 -7.733612060546875 -4.3393096923828125 -8.62811279296875 -8.29583740234375 -10.300140380859375 -6.6334991455078125 -7.082977294921875 -9999 0 -9999 -0.90863037109375 -0.977081298828125 -0.484893798828125
-9999 -1.1251068115234375 -9999 -9999 -9999 -2.9713134765625 -1.827117919921875 -9999 -2.478546142578125 -9999 -2.520751953125 -9999 -1.1510467529296875 -0.412109375 -9999 -9999 -9999 -9999 -2.7517852783203125 -2.77001953125 -2.2109375 -9999 -3.4611358642578125 -9999 -1.978973388671875 -1.629913330078125 -1.764373779296875 -0.8409271240234375 -0.7421875 -1.2252349853515625 -1.3942413330078125 -0.9944610595703125 -9999 -9999 -9999 -9999 -9999 -9999 -5.9201507568359375 -9999 -6.5667724609375 -3.09588623046875 -9999 -9999 -9999 0 -2.3019866943359375 -3.36175537109375 -7.3377227783203125 -8.9959259033203125 -8.8389129638671875 -7.7145843505859375 -9999 -9999 -4.587860107421875 -9999 -0.16766357421875 -0.5191650390625
-9999 -9999 -2.587615966796875 -9999 -9999 -9999 -2.4783935546875 -2.8188018798828125 -9999 -9999 -1.3317413330078125 -9999 -9999 -2.14849853515625 -9999 -9999 -9999 -9999 -9999 -3.32244873046875 -2.3662109375 -2.3267364501953125 -2.0818634033203125 -2.6366424560546875 -2.7789306640625 -1.486602783203125 -0.5884857177734375 -0.9701080322265625 -0.99713134765625 -2.9189300537109375 -3.5014801025390625 -1.945770263671875 -9999 -9999 -9999 -9999 -4.21917724609375 -4.26300048828125 -6.573333740234375 -5.1090545654296875 -6.9121246337890625 -0.2066650390625 -2.2615814208984375 -9999 -9999 -3.3383331298828125 -5.7300872802734375 -4.50445556640625 -6.06353759765625 -8.3323822021484375 -2.462493896484375 0 -4.863311767578125 -4.761138916015625 -3.906402587890625 -0.99462890625 -0.565582275390625 -2.728515625
-9999 -9999 0 -3.240875244140625 -9999 -9999 -9999 -2.207977294921875 -9999 -9999 -1.1654205322265625 -0.3539276123046875 -9999 -2.2818450927734375 -9999 -2.847442626953125 -9999 -9999 -9999 -9999 -0.9914398193359375 -0.707183837890625 -0.767822265625 -0.9793853759765625 -9999 -0.989105224609375 -0.95037841796875 -1.09619140625 -4.1136627197265625 -9999 -9999 -9999 -2.0234375 -5.90643310546875 -9999 -9999 -9999 -5.3423004150390625 -9999 -4.0563812255859375 -9999 -9999 -9999 -9999 -9999 -2.6219635009765625 -9999 -4.7200469970703125 -9.6215362548828125 -4.525146484375 -9.042083740234375 -7.5148773193359375 -9999 -9999 -9999 -9999 -9999 -9999
-9999 -9999 -9999 -9999 -2.1558685302734375 -1.810638427734375 0 -4.3666534423828125 -2.260101318359375 -9999 -9999 -9999 -1.925323486328125 -2.8875579833984375 -9999 -3.6593780517578125 -1.9707794189453125 -9999 -2.8368988037109375 -1.779571533203125 -1.6515655517578125 -1.5352325439453125 -1.28924560546875 -1.1269378662109375 -1.2808074951171875 -1.0048675537109375 -1.046051025390625 -2.2413330078125 -5.1727142333984375 -9999 -9999 -9999 -9999 -3.1388397216796875 -3.7334442138671875 -5.0536956787109375 -5.30859375 -8.4438018798828125 -3.5738372802734375 -3.8679962158203125 -9999 -9999 -9999 -9999 -9999 -3.35687255859375 -4.3418121337890625 -2.9312744140625 -9.6797332763671875 -9999 -9999 0 -9999 -9999 -9999 -9999 -9999 -9999
-9999 -9999 -9999 -9999 -9999 0 -2.6245880126953125 0 -2.0989990234375 -3.7888031005859375 -2.3595123291015625 -9999 -1.48919677734375 -9999 -9999 -3.7685546875 -1.5319366455078125 -1.034820556640625 -0.8571624755859375 -0.7430572509765625 -0.534820556640625 -1.2329254150390625 -1.08056640625 -1.087127685546875 -0.649566650390625 -0.973907470703125 -0.7508697509765625 -2.309661865234375 -4.2846221923828125 -9999 -9999 -9999 0 -9999 -4.3743133544921875 -9999 -9999 -6.3763885498046875 -6.363983154296875 -5.9061431884765625 -9999 -7.4179229736328125 -9999 -3.1923370361328125 -5.16839599609375 -5.235687255859375 -1.7001495361328125 -6.092376708984375 -2.79205322265625 -9999 -2.2096710205078125 -0.313140869140625 -9999 -9999 -9999 -9999 -9999 -9999
-9999 -9999 -9999 -9999 -9999 -9999 -9999 -1.695465087890625 -9999 -2.818450927734375 -2.962738037109375 -9999 -1.311981201171875 -9999 -9999 -9999 -0.85443115234375 -0.74005126953125 -9999 -1.4512939453125 -1.1277923583984375 -1.092437744140625 -1.088287353515625 -1.03192138671875 -0.9757537841796875 -0.936492919921875 -2.3766632080078125 -9999 -2.7127532958984375 -3.46368408203125 -9999 -9999 -9999 -2.505706787109375 -2.391326904296875 0 -9999 -9999 -7.2353363037109375 -5.0874786376953125 -3.2325592041015625 -10.0219268798828125 -9999 -5.088958740234375 -9999 -3.4115447998046875 -3.95880126953125 -6.916778564453125 -5.4990081787109375 -10.2031707763671875 -6.753448486328125 -9999 -9999 -9999 -9999 -9999 -9999 -9999
