gis/80m/channels_area.asc
ncols        128
nrows        143
xllcorner    726726.000000000000
yllcorner    7127190.000000000000
cellsize     80.000000000000
NODATA_value -9999
[rows 69 to 91 of 143, columns 53 to 105 of 128]
0.011144232936203479767 0.032513633370399475098 -9999 -9999 0.0016064341180026531219 0.0012272153981029987335 -9999 0.028468830510973930359 0.00042282458161935210228 -9999 -9999 -9999 0.063265405595302581787 0.043033480644226074219 0.0051564876921474933624 0.01498499605804681778 -9999 0.020012786611914634705 0.0079344017431139945984 0.027785668149590492249 0.037295706570148468018 0.034513913094997406006 -9999 -9999 -9999 0.025266721844673156738 0.034456133842468261719 -9999 -9999 -9999 -9999 -9999 0.037315588444471359253 0.033031009137630462646 -9999 -9999 0.0056880027987062931061 -9999 0.022835107520222663879 0.019187059253454208374 0.017094615846872329712 -9999 0.030445752665400505066 -9999 0.028760500252246856689 -9999 -9999 0.0086410734802484512329 0.013583320192992687225 -9999 -9999 0.027356047183275222778 0.077091306447982788086
0.022269479930400848389 0.040010984987020492554 0.04055787995457649231 0.014200086705386638641 0.011794948950409889221 0.011940296739339828491 -9999 0.0058581246994435787201 0.046414505690336227417 -9999 -9999 -9999 0.031257342547178268433 0.0076158223673701286316 0.024649115279316902161 0.0094353612512350082397 -9999 0.019684787839651107788 -9999 -9999 0.0027965262997895479202 0.042285386472940444946 0.021363273262977600098 -9999 -9999 -9999 0.0056534437462687492371 0.023644231259822845459 -9999 -9999 -9999 -9999 -9999 0.056040331721305847168 -9999 -9999 0.032621629536151885986 0.014121954329311847687 0.02607489563524723053 0.01418182719498872757 -9999 -9999 0.031507384032011032104 0.021827995777130126953 0.023403212428092956543 -9999 0.034009419381618499756 0.018006719648838043213 0.0069143474102020263672 0.0065994756296277046204 -9999 0.049010243266820907593 0.069072112441062927246
-9999 0.013430645689368247986 0.054698601365089416504 -9999 0.023047532886266708374 0.019298158586025238037 0.01866916753351688385 0.014149799011647701263 -9999 0.040707286447286605835 0.025761900469660758972 0.017211742699146270752 0.039791267365217208862 0.012513749301433563232 0.0060047851875424385071 0.013132997788488864899 -9999 0.013676606118679046631 -9999 -9999 -9999 -9999 0.022340731695294380188 0.020073931664228439331 0.014294050633907318115 -9999 -9999 0.029567409306764602661 -9999 0.024794749915599822998 0.014466447755694389343 0.016478937119245529175 -9999 0.054887879639863967896 0.0035357889719307422638 0.025813793763518333435 0.047537241131067276001 0.016035541892051696777 -9999 -9999 -9999 -9999 0.0012699819635599851608 0.038189645856618881226 -9999 0.026929916813969612122 0.0070199607871472835541 -9999 -9999 0.018421031534671783447 0.010654475539922714233 0.05030708014965057373 0.029739163815975189209
-9999 -9999 0.014811948873102664948 0.022224765270948410034 0.00075262645259499549866 -9999 0.014848110266029834747 -9999 -9999 -9999 0.014149105176329612732 0.067429602146148681641 -9999 0.041625209152698516846 -9999 0.012968025170266628265 -9999 0.0038736592978239059448 0.012438955716788768768 -9999 -9999 -9999 -9999 0.039420805871486663818 0.02868924848735332489 0.01218227483332157135 -9999 0.035560280084609985352 -9999 0.046693757176399230957 0.0034245329443365335464 0.02142544277012348175 0.058096829801797866821 0.011841081082820892334 0.067797653377056121826 0.071809656918048858643 0.0042023458518087863922 -9999 -9999 -9999 -9999 -9999 -9999 0.034450747072696685791 -9999 0.028236042708158493042 0.0035712486132979393005 -9999 -9999 -9999 0.0012502033496275544167 0.055045451968908309937 0.029646910727024078369
-9999 -9999 -9999 0.026708839461207389832 -9999 -9999 -9999 0.015765668824315071106 -9999 -9999 -9999 0.051479730755090713501 0.02710445597767829895 -9999 -9999 0.013383040204644203186 -9999 -9999 0.025325760245323181152 -9999 -9999 -9999 -9999 -9999 0.03152397647500038147 0.037407852709293365479 0.026491250842809677124 0.047963120043277740479 0.025647208094596862793 0.036072980612516403198 0.02234881184995174408 0.014133669435977935791 0.058941494673490524292 0.10015366226434707642 0.054886192083358764648 0.029080085456371307373 0.02888325229287147522 -9999 -9999 -9999 -9999 0.013354323804378509521 0.010046644136309623718 0.022572863847017288208 0.035597588866949081421 0.013649087399244308472 0.0037388175260275602341 0.0069469339214265346527 -9999 -9999 0.0114416489377617836 0.023170426487922668457 0.040269088000059127808
-9999 -9999 0.018066259101033210754 0.030665660277009010315 -9999 -9999 -9999 0.0033982163295149803162 0.015912311151623725891 -9999 -9999 -9999 0.051623031497001647949 -9999 -9999 0.0093988403677940368652 0.0059727001935243606567 -9999 0.015653029084205627441 -9999 0.023780096322298049927 -9999 -9999 -9999 -9999 0.025135369971394538879 0.025048717856407165527 0.025035899132490158081 0.025051925331354141235 0.07850818336009979248 0.02073067985475063324 0.034784954041242599487 0.069162763655185699463 0.009489255957305431366 -9999 -9999 -9999 0.028780534863471984863 0.018722480162978172302 -9999 -9999 -9999 0.032291695475578308105 -9999 0.027356047183275222778 -9999 -9999 -9999 -9999 -9999 0.042017787694931030273 -9999 0.055143419653177261353
-9999 -9999 0.02888325229287147522 0.029297674074769020081 -9999 -9999 -9999 -9999 -9999 0.014183524064719676971 0.016198769211769104004 0.0047084260731935501099 0.0094256512820720672607 0.022314516827464103699 -9999 -9999 -9999 0.0068554063327610492706 0.01889804936945438385 -9999 0.0074487305246293544769 0.033777482807636260986 -9999 0.01592758670449256897 0.027588834986090660095 0.051429901272058486938 0.012525406666100025177 0.0055556730367243289948 0.03224832192063331604 0.089313767850399017334 0.064607195556163787842 0.051177710294723510742 0.091371357440948486328 0.0054092793725430965424 -9999 -9999 -9999 -9999 0.030349457636475563049 0.016553018242120742798 0.031467568129301071167 0.029347393661737442017 0.010693852789700031281 0.028468830510973930359 0.03472824394702911377 -9999 -9999 -9999 -9999 -9999 0.033215869218111038208 0.073203973472118377686 0.011939622461795806885
-9999 -9999 0.016358813270926475525 0.032374072819948196411 0.014147711917757987976 -9999 -9999 -9999 -9999 -9999 0.00056636851513758301735 0.016022415831685066223 0.0017072944901883602142 0.028253655880689620972 0.0069576008245348930359 0.010754629038274288177 -9999 0.026340672746300697327 -9999 -9999 0.0015324316918849945068 0.038827955722808837891 0.045169178396463394165 0.024607712402939796448 0.0095124086365103721619 0.0030293134041130542755 0.056498017162084579468 0.073239400982856750488 0.076940990984439849854 0.093600913882255554199 0.065507940948009490967 0.03639758378267288208 0.066062040627002716064 0.068127691745758056641 -9999 -9999 -9999 0.0001187115558423101902 -9999 0.01511590275913476944 -9999 -9999 0.03121267072856426239 0.048911981284618377686 0.027615927159786224365 -9999 0.020776836201548576355 -9999 0.045075062662363052368 0.048634670674800872803 0.025345416739583015442 0.0130420709028840065 0.0010005029616877436638
-9999 0.0002895999932661652565 0.023425785824656486511 0.0061046737246215343475 0.028650464490056037903 -9999 -9999 -9999 -9999 -9999 -9999 -9999 0.01503771170973777771 -9999 0.034364297986030578613 0.031886506825685501099 -9999 0.023336524143815040588 -9999 -9999 -9999 0.029616715386509895325 0.023376148194074630737 -9999 0.046655960381031036377 0.06395460665225982666 0.061713341623544692993 0.044774748384952545166 0.030177669599652290344 0.063922636210918426514 0.068295180797576904297 0.016713544726371765137 -9999 0.013927023857831954956 0.020842034369707107544 -9999 -9999 -9999 0.016026955097913742065 0.0093840099871158599854 0.0021912567317485809326 -9999 -9999 0.0034533112775534391403 0.065024688839912414551 0.035047460347414016724 0.031799901276826858521 -9999 0.036291334778070449829 -9999 0.021085364744067192078 0.049854349344968795776 0.034217961132526397705
0.045988894999027252197 0.016370123252272605896 0.056462544947862625122 0.0097190272063016891479 0.029812883585691452026 0.0077628623694181442261 -9999 -9999 -9999 -9999 -9999 -9999 0.0075412257574498653412 0.016384175047278404236 0.028729774057865142822 0.02064198814332485199 -9999 0.025309700518846511841 0.016233429312705993652 0.026225505396723747253 0.0059671895578503608704 -9999 0.048571296036243438721 0.073232501745223999023 0.078802950680255889893 0.05577805638313293457 0.014242459088563919067 0.039439719170331954956 0.012460585683584213257 0.012550652958452701569 0.073084689676761627197 0.057883735746145248413 -9999 -9999 -9999 0.021702764555811882019 -9999 -9999 0.0078833829611539840698 0.00019220476679038256407 0.013511141762137413025 -9999 -9999 0.012669210322201251984 -9999 -9999 0.045378785580396652222 -9999 0.030860174447298049927 0.013853957876563072205 0.044258207082748413086 -9999 0.052148744463920593262
0.035233546048402786255 0.012976594269275665283 0.04551428183913230896 0.018672931939363479614 0.017567640170454978943 -9999 0.027674045413732528687 -9999 -9999 -9999 -9999 -9999 -9999 0.010482247918844223022 0.02288625761866569519 0.062943443655967712402 -9999 0.032628342509269714355 0.030109625309705734253 0.031679779291152954102 0.063790373504161834717 0.070925332605838775635 0.091880872845649719238 0.064701534807682037354 0.018404172733426094055 0.044775083661079406738 -9999 -9999 0.0015368589665740728378 0.017709396779537200928 0.057615470141172409058 0.074188314378261566162 0.034634385257959365845 -9999 -9999 0.019881177693605422974 0.011667666025459766388 0.0018501691520214080811 0.013708334416151046753 0.014078979380428791046 0.037612099200487136841 0.027138460427522659302 0.032472588121891021729 0.044635340571403503418 0.023183142766356468201 -9999 0.0043590287677943706512 0.046483520418405532837 0.053497977554798126221 -9999 0.016406988725066184998 0.023157708346843719482 0.0074343816377222537994
0.019424276426434516907 0.067564509809017181396 0.01216023322194814682 0.034597087651491165161 -9999 -9999 0.034924708306789398193 0.01175672188401222229 -9999 -9999 -9999 -9999 -9999 -9999 -9999 0.05113480985164642334 0.017591692507266998291 0.023740844801068305969 0.015679804608225822449 0.031874600797891616821 0.058446388691663742065 0.033494163304567337036 0.020741906017065048218 0.0034640964586287736893 -9999 -9999 -9999 -9999 -9999 0.002837043488398194313 0.08131945878267288208 0.034757301211357116699 0.041197225451469421387 0.027785668149590492249 0.032837752252817153931 0.0025022274348884820938 0.016393728554248809814 -9999 0.0033747565466910600662 0.0055993562564253807068 0.011841082945466041565 0.027392001822590827942 0.026760341599583625793 -9999 0.035952858626842498779 0.0029526019934564828873 -9999 0.027588834986090660095 -9999 -9999 0.024825742468237876892 0.022487921640276908875 0.0030627853702753782272
0.027724711224436759949 0.069456569850444793701 0.069384522736072540283 0.012159490957856178284 0.024812323972582817078 0.0010189338354393839836 0.064819514751434326172 -9999 -9999 -9999 -9999 -9999 -9999 -9999 -9999 0.032888248562812805176 0.0055509018711745738983 0.022333342581987380981 0.031010173261165618896 -9999 -9999 -9999 -9999 -9999 -9999 -9999 -9999 -9999 -9999 -9999 0.014345940202474594116 0.077790528535842895508 -9999 -9999 -9999 0.032792352139949798584 -9999 0.0075957821682095527649 0.012354638427495956421 -9999 0.0052142012864351272583 0.0035393671132624149323 0.01286074519157409668 0.013038415461778640747 0.029407707974314689636 -9999 -9999 0.017688531428575515747 0.053035773336887359619 0.029530460014939308167 0.044584579765796661377 0.014122887514531612396 -9999
-9999 0.0054406984709203243256 0.05973843112587928772 0.086406439542770385742 0.025067746639251708984 0.064788438379764556885 0.069161430001258850098 0.0078369388356804847717 -9999 -9999 -9999 -9999 -9999 0.015710212290287017822 -9999 0.014066718518733978271 0.025299139320850372314 0.039470188319683074951 0.007365583907812833786 0.0073438291437923908234 -9999 -9999 -9999 -9999 -9999 -9999 -9999 -9999 -9999 -9999 -9999 0.053512442857027053833 0.0096787009388208389282 -9999 -9999 0.0082362713292241096497 0.022372066974639892578 0.0026402538642287254333 -9999 -9999 0.012872394174337387085 0.0096009504050016403198 -9999 6.0174013924552127719e-05 0.044472955167293548584 -9999 -9999 -9999 0.035332672297954559326 -9999 0.0024444775190204381943 0.014184404164552688599 0.025000000372529029846
-9999 -9999 -9999 0.0023867534473538398743 0.026868633925914764404 0.028464796021580696106 0.0022325702011585235596 0.03873044624924659729 0.03331089019775390625 0.02030964381992816925 -9999 -9999 0.013453219085931777954 0.016491664573550224304 0.011694740504026412964 0.034060921519994735718 0.033537782728672027588 0.0049222745001316070557 0.014466681517660617828 -9999 0.0047557251527905464172 -9999 -9999 -9999 -9999 -9999 -9999 -9999 -9999 -9999 -9999 -9999 -9999 -9999 -9999 -9999 -9999 0.0056128525175154209137 0.0071356086991727352142 0.0026416734326630830765 -9999 -9999 -9999 -9999 0.022572863847017288208 0.0067248106934130191803 -9999 0.030287705361843109131 -9999 0.0023603860754519701004 -9999 -9999 -9999
-9999 -9999 -9999 -9999 -9999 0.0012202572543174028397 0.025469407439231872559 0.027681846171617507935 0.0037943234201520681381 0.049990817904472351074 0.065084084868431091309 0.025846226140856742859 0.036479175090789794922 -9999 0.02888325229287147522 0.0166205577552318573 0.0095868371427059173584 -9999 0.012877177447080612183 -9999 0.0073729469440877437592 0.014037732034921646118 0.016828661784529685974 -9999 -9999 -9999 -9999 -9999 -9999 -9999 -9999 -9999 -9999 -9999 -9999 -9999 0.0088303200900554656982 0.010441044345498085022 0.028200730681419372559 0.0029450473375618457794 -9999 -9999 -9999 -9999 -9999 0.033949878066778182983 -9999 0.026941625401377677917 -9999 -9999 -9999 0.024169920012354850769 -9999
-9999 -9999 -9999 -9999 -9999 -9999 -9999 -9999 0.023873422294855117798 0.031269337981939315796 -9999 0.044292055070400238037 0.026787895709276199341 0.0178957376629114151 0.067124001681804656982 0.014531441964209079742 0.008762509562075138092 -9999 0.012877177447080612183 -9999 -9999 0.0085452189669013023376 0.014566105790436267853 0.01943037472665309906 0.00054600345902144908905 -9999 -9999 -9999 -9999 -9999 -9999 -9999 -9999 -9999 -9999 -9999 -9999 0.0060894149355590343475 -9999 0.010500209406018257141 -9999 -9999 -9999 -9999 -9999 0.018118150532245635986 0.0466996803879737854 0.0058718826621770858765 -9999 -9999 0.0016725352033972740173 0.029688509181141853333 -9999
0.033034585416316986084 0.039931796491146087646 0.029237559065222740173 -9999 -9999 -9999 -9999 -9999 -9999 -9999 0.021285695955157279968 0.027610618621110916138 -9999 0.091649435460567474365 0.013812869787216186523 -9999 -9999 -9999 0.031170589849352836609 0.011706577613949775696 0.011700090952217578888 0.00082721246872097253799 0.0014868186553940176964 0.02871145494282245636 -9999 -9999 -9999 -9999 -9999 -9999 -9999 -9999 -9999 -9999 -9999 -9999 0.012009850703179836273 0.0011627782369032502174 -9999 0.0069931470789015293121 0.0091110672801733016968 -9999 -9999 -9999 -9999 -9999 0.028236042708158493042 -9999 -9999 -9999 0.035658717155456542969 -9999 -9999
-9999 -9999 -9999 -9999 -9999 -9999 -9999 -9999 -9999 -9999 -9999 -9999 0.033289134502410888672 0.040512256324291229248 0.029080085456371307373 0.048768065869808197021 0.046849064528942108154 -9999 0.029407706111669540405 0.053069539368152618408 0.028091007843613624573 0.043287027627229690552 0.02965312078595161438 0.012086588889360427856 -9999 -9999 -9999 -9999 -9999 -9999 0.012317129410803318024 -9999 -9999 -9999 0.011216931045055389404 -9999 0.012796393595635890961 -9999 -9999 -9999 0.015982365235686302185 -9999 -9999 -9999 -9999 -9999 0.027588834986090660095 -9999 -9999 -9999 0.029116040095686912537 -9999 -9999
-9999 -9999 -9999 -9999 -9999 -9999 -9999 -9999 -9999 -9999 -9999 0.010054974816739559174 0.021684525534510612488 -9999 -9999 0.025575764477252960205 0.016153290867805480957 0.029471194371581077576 -9999 -9999 -9999 0.0034796886611729860306 0.027965538203716278076 0.026930768042802810669 0.018066259101033210754 -9999 0.0014149249764159321785 -9999 -9999 0.007007241714745759964 0.024464845657348632812 -9999 -9999 -9999 0.0068972585722804069519 0.015777522698044776917 0.013041626662015914917 -9999 -9999 -9999 0.010210799053311347961 0.008508898317813873291 -9999 -9999 -9999 -9999 0.029530460014939308167 -9999 -9999 -9999 0.025000000372529029846 0.027820384129881858826 -9999
-9999 -9999 -9999 -9999 -9999 -9999 -9999 -9999 -9999 -9999 0.0087123950943350791931 0.027397196739912033081 0.027543075382709503174 0.023038819432258605957 -9999 0.0027717056218534708023 -9999 -9999 -9999 -9999 -9999 -9999 -9999 0.0476072654128074646 0.01228342205286026001 -9999 0.012783438898622989655 0.017394229769706726074 -9999 0.030445752665400505066 -9999 -9999 -9999 -9999 -9999 0.029530460014939308167 0.027659518644213676453 -9999 -9999 -9999 0.040995765477418899536 0.036286771297454833984 -9999 -9999 -9999 -9999 0.0061543155461549758911 0.021020097658038139343 -9999 -9999 0.049868792295455932617 0.0080204633995890617371 -9999
0.022189600393176078796 -9999 -9999 -9999 -9999 -9999 -9999 -9999 -9999 -9999 0.028228297829627990723 -9999 -9999 0.0054449005983769893646 0.02841425873339176178 0.015914784744381904602 -9999 -9999 -9999 -9999 -9999 -9999 -9999 0.011438528075814247131 0.030374502763152122498 0.018208384513854980469 -9999 0.029763247817754745483 -9999 0.025414422154426574707 -9999 -9999 -9999 -9999 -9999 0.022564178332686424255 0.057375278323888778687 -9999 -9999 -9999 0.013617808930575847626 0.037780579179525375366 0.013167874887585639954 -9999 -9999 -9999 -9999 0.030902948230504989624 -9999 0.027174413204193115234 0.017335889860987663269 0.062765322625637054443 0.025000000372529029846
0.032817680388689041138 -9999 -9999 -9999 -9999 0.0199834480881690979 0.034597087651491165161 0.038894604891538619995 0.0063095376826822757721 0.062800548970699310303 -9999 -9999 -9999 -9999 -9999 0.0075382799841463565826 0.028728479519486427307 0.0045709507539868354797 -9999 -9999 -9999 -9999 -9999 -9999 -9999 0.021963329985737800598 0.029775941744446754456 0.03811721503734588623 0.030896127223968505859 0.049099680036306381226 -9999 -9999 -9999 -9999 -9999 -9999 0.067392945289611816406 -9999 -9999 0.010362302884459495544 0.0056409882381558418274 0.0052390233613550662994 0.046095680445432662964 0.0064186370000243186951 -9999 -9999 -9999 0.026949364691972732544 0.01489708293229341507 0.011844693683087825775 0.058221306651830673218 -9999 -9999
