gis/80m/channels_length.asc
ncols        128
nrows        143
xllcorner    726726.000000000000
yllcorner    7127190.000000000000
cellsize     80.000000000000
NODATA_value -9999
[rows 50 to 74 of 143, columns 56 to 111 of 128]
-9999 -9999 -9999 -9999 111.19548797607421875 50.736225128173828125 133.05487060546875 80.52744293212890625 80.557708740234375 185.438446044921875 -9999 -9999 -9999 -9999 2.3310596942901611328 202.8163299560546875 196.1155242919921875 80.30451202392578125 56.287731170654296875 176.7944488525390625 125.83777618408203125 -9999 -9999 -9999 41.61298370361328125 41.437351226806640625 268.801513671875 -9999 -9999 -9999 -9999 -9999 -9999 -9999 -9999 261.382110595703125 110.6451873779296875 -9999 -9999 -9999 151.6511993408203125 50.0491485595703125 81.72779083251953125 34.05551910400390625 -9999 131.6264190673828125 86.72011566162109375 117.42963409423828125 -9999 -9999 88.85977935791015625 -9999 19.75312042236328125 191.491851806640625 149.4022979736328125 99.3292999267578125
111.92388153076171875 8.1221895217895507812 -9999 -9999 11.135001182556152344 133.9625701904296875 241.1015777587890625 46.335491180419921875 -9999 155.66790771484375 -9999 -9999 -9999 -9999 -9999 104.65111541748046875 161.6974639892578125 127.17330169677734375 126.2819976806640625 169.229278564453125 -9999 -9999 -9999 -9999 -9999 -9999 78.67333984375 52.196010589599609375 -9999 -9999 -9999 -9999 -9999 -9999 -9999 245.28411865234375 173.8153839111328125 -9999 -9999 110.23368072509765625 117.83939361572265625 -9999 97.1321868896484375 154.2539520263671875 115.4667510986328125 113.21356964111328125 120.882415771484375 64.9901123046875 139.681610107421875 146.0860137939453125 127.5379638671875 -9999 168.9474945068359375 73.37665557861328125 97.90949249267578125 195.11785888671875
-9999 87.5393524169921875 -9999 -9999 21.373046875 75.13134002685546875 110.5671234130859375 187.9605865478515625 81.6946563720703125 206.0689697265625 -9999 -9999 -9999 -9999 -9999 -9999 83.1529388427734375 124.04803466796875 139.933074951171875 109.910736083984375 49.10358428955078125 -9999 -9999 -9999 -9999 -9999 -9999 101.90478515625 -9999 -9999 -9999 -9999 -9999 -9999 -9999 153.765777587890625 124.5189056396484375 -9999 67.42317962646484375 25.861093521118164062 77.0215301513671875 104.214202880859375 93.69366455078125 -9999 97.293243408203125 -9999 52.72618865966796875 210.79241943359375 132.261199951171875 55.944301605224609375 6.5417432785034179688 10.557987213134765625 201.4267578125 237.555755615234375 105.7353515625 247.6257171630859375
-9999 106.455596923828125 -9999 -9999 62.622974395751953125 -9999 95.6272430419921875 128.2463531494140625 157.386444091796875 239.0712738037109375 51.960849761962890625 -9999 -9999 -9999 -9999 -9999 -9999 163.4695281982421875 114.84589385986328125 214.8148651123046875 137.766265869140625 -9999 -9999 -9999 -9999 -9999 -9999 30.162090301513671875 89.413360595703125 -9999 48.947040557861328125 43.36246490478515625 -9999 -9999 -9999 84.801727294921875 104.1078948974609375 -9999 71.72740936279296875 24.84113311767578125 -9999 18.74737548828125 -9999 -9999 -9999 7.2663769721984863281 77.86867523193359375 167.6954193115234375 202.481353759765625 -9999 -9999 -9999 80.18122100830078125 359.187225341796875 320.876129150390625 229.80120849609375
-9999 63.091014862060546875 26.519407272338867188 -9999 36.471500396728515625 132.783416748046875 123.07912445068359375 51.447177886962890625 -9999 80.08362579345703125 157.4010467529296875 41.63304901123046875 -9999 -9999 -9999 -9999 -9999 128.4073333740234375 84.0105438232421875 147.9044647216796875 114.83718109130859375 -9999 -9999 -9999 -9999 -9999 -9999 -9999 161.172607421875 33.590465545654296875 -9999 64.1912841796875 83.94580078125 -9999 -9999 150.2095794677734375 110.828887939453125 19.841135025024414062 100.7106781005859375 -9999 82.8120269775390625 -9999 -9999 -9999 -9999 -9999 59.500553131103515625 135.6616363525390625 159.708465576171875 126.668731689453125 24.76811981201171875 50.32747650146484375 145.425079345703125 243.848968505859375 244.027679443359375 106.19521331787109375
43.307277679443359375 24.85588836669921875 127.5167236328125 -9999 -9999 186.4669342041015625 18.249860763549804688 75.50269317626953125 40.272678375244140625 80.2262420654296875 -9999 189.9376220703125 -9999 -9999 -9999 -9999 -9999 107.8887176513671875 -9999 128.9494781494140625 89.2457275390625 -9999 -9999 -9999 -9999 -9999 -9999 -9999 -9999 101.0305633544921875 -9999 -9999 -9999 95.9386749267578125 116.236175537109375 115.437774658203125 207.5314788818359375 100.274749755859375 72.3140716552734375 47.744140625 46.75333404541015625 -9999 -9999 43.04311370849609375 -9999 -9999 41.05121612548828125 221.209686279296875 98.49750518798828125 141.9317779541015625 277.95330810546875 202.5251617431640625 202.2508087158203125 154.9751129150390625 101.21429443359375 -9999
114.0067291259765625 14.626359939575195312 144.4431610107421875 44.751361846923828125 231.447967529296875 25.492738723754882812 -9999 141.5072784423828125 105.1932525634765625 80.07794189453125 -9999 91.647674560546875 120.33657073974609375 -9999 -9999 -9999 -9999 3.9488840103149414062 214.6231689453125 44.5952301025390625 212.9839324951171875 49.696872711181640625 -9999 -9999 -9999 -9999 -9999 -9999 -9999 14.693805694580078125 83.51226806640625 84.1421356201171875 90.35533905029296875 84.1421356201171875 105.89530181884765625 108.99372100830078125 176.8723907470703125 73.1662139892578125 150.3391265869140625 127.1984100341796875 -9999 -9999 -9999 25.77036285400390625 66.2007904052734375 -9999 105.12313079833984375 316.733612060546875 277.770751953125 161.4403839111328125 -9999 81.39763641357421875 152.265533447265625 61.621288299560546875 16.678266525268554688 89.72547149658203125
14.693796157836914062 75.6615447998046875 166.1218414306640625 213.335418701171875 -9999 88.0834808349609375 34.389373779296875 -9999 172.97735595703125 80.36914825439453125 37.8622589111328125 -9999 121.77541351318359375 -9999 -9999 -9999 -9999 -9999 165.0893707275390625 -9999 104.40933990478515625 83.113922119140625 -9999 -9999 -9999 -9999 -9999 -9999 -9999 -9999 -9999 -9999 -9999 -9999 68.36370086669921875 92.4264068603515625 155.39093017578125 224.5326995849609375 160.6285247802734375 81.956878662109375 43.6838531494140625 -9999 -9999 -9999 161.803070068359375 303.651824951171875 162.3163909912109375 20.620100021362304688 79.90299224853515625 69.19129180908203125 127.7632293701171875 218.181488037109375 193.126708984375 198.0829315185546875 69.53493499755859375 -9999
-9999 170.7999420166015625 147.4970855712890625 131.6020965576171875 1.2446383237838745117 -9999 82.3737030029296875 -9999 62.120204925537109375 123.46559906005859375 75.75307464599609375 -9999 -9999 172.5985565185546875 -9999 -9999 16.292629241943359375 78.5001373291015625 72.233154296875 22.89286041259765625 163.75164794921875 95.09239959716796875 -9999 -9999 -9999 -9999 -9999 -9999 -9999 -9999 4.8540139198303222656 -9999 -9999 -9999 2.4821014404296875 53.212085723876953125 -9999 88.582061767578125 117.63713836669921875 80.0131378173828125 97.9310760498046875 -9999 -9999 76.579742431640625 279.54461669921875 98.93604278564453125 86.68895721435546875 -9999 49.8178253173828125 105.5709228515625 202.116790771484375 161.170135498046875 293.34521484375 147.342010498046875 -9999 100.69496917724609375
121.00650787353515625 250.373077392578125 -9999 129.1331787109375 155.1040802001953125 49.599384307861328125 89.61042022705078125 -9999 -9999 105.23412322998046875 -9999 -9999 -9999 71.50943756103515625 18.255130767822265625 -9999 -9999 97.84706878662109375 89.78751373291015625 139.7127227783203125 104.74108123779296875 136.8330078125 -9999 -9999 -9999 -9999 -9999 -9999 -9999 -9999 -9999 56.999481201171875 -9999 -9999 117.92781829833984375 100.19968414306640625 77.89600372314453125 155.625885009765625 28.2498931884765625 67.185333251953125 55.946910858154296875 -9999 104.2890472412109375 169.1839141845703125 109.8969879150390625 81.59163665771484375 121.8521881103515625 73.34625244140625 -9999 17.92910003662109375 47.31633758544921875 211.1728363037109375 175.9389801025390625 185.100006103515625 273.2081298828125 191.3816070556640625
171.3937225341796875 156.8758697509765625 151.887054443359375 56.168773651123046875 77.71686553955078125 111.4051513671875 60.049137115478515625 40.661540985107421875 109.99261474609375 30.6301116943359375 117.94309234619140625 119.2741241455078125 47.824405670166015625 -9999 86.30457305908203125 -9999 -9999 49.30422210693359375 113.35721588134765625 120.788238525390625 145.2071685791015625 278.908355712890625 69.1688232421875 -9999 -9999 -9999 56.908931732177734375 10.550436973571777344 -9999 -9999 -9999 83.55730438232421875 -9999 -9999 -9999 -9999 39.4553680419921875 232.9465484619140625 24.30100250244140625 79.4515533447265625 152.8314971923828125 111.03534698486328125 105.4826812744140625 82.35404205322265625 34.40362548828125 -9999 34.51070404052734375 83.48183441162109375 55.687953948974609375 -9999 -9999 -9999 184.691925048828125 221.9331207275390625 137.9400634765625 117.76375579833984375
147.6021881103515625 123.06766510009765625 217.42242431640625 26.321081161499023438 87.31465911865234375 153.9274139404296875 68.66448974609375 105.40447235107421875 24.731504440307617188 92.03564453125 92.58849334716796875 96.99022674560546875 97.209014892578125 -9999 143.1730499267578125 41.819049835205078125 33.3227996826171875 -9999 157.7207183837890625 153.1627655029296875 184.0818023681640625 205.9555511474609375 182.146697998046875 115.79364013671875 -9999 64.02252960205078125 304.61541748046875 33.702922821044921875 -9999 -9999 -9999 98.5605621337890625 -9999 -9999 -9999 -9999 -9999 168.611541748046875 29.30100250244140625 193.3540802001953125 114.39601898193359375 52.8914642333984375 59.89028167724609375 90.471221923828125 -9999 -9999 83.2938385009765625 -9999 -9999 -9999 -9999 -9999 54.625091552734375 146.5659637451171875 118.337615966796875 80.82855987548828125
128.7731781005859375 91.7642669677734375 92.4264068603515625 92.2406158447265625 19.169794082641601562 129.2914886474609375 56.787731170654296875 -9999 124.6937408447265625 58.256710052490234375 88.46895599365234375 165.4732513427734375 189.22149658203125 87.9908447265625 196.24664306640625 111.218994140625 44.51747894287109375 35.798252105712890625 240.3155975341796875 29.078205108642578125 130.9011993408203125 202.9752349853515625 72.27869415283203125 110.50801849365234375 50.24680328369140625 -9999 148.8431854248046875 -9999 -9999 -9999 -9999 16.948823928833007812 102.81912994384765625 -9999 -9999 -9999 -9999 159.2133941650390625 -9999 97.59139251708984375 95.84844207763671875 142.8593292236328125 44.692569732666015625 84.14186859130859375 33.326717376708984375 47.763843536376953125 -9999 -9999 40.1927337646484375 -9999 -9999 -9999 -9999 90.31035614013671875 231.5970916748046875 79.5335693359375
108.195770263671875 -9999 86.21320343017578125 38.590450286865234375 91.9067840576171875 -9999 145.37835693359375 44.53531646728515625 208.5366363525390625 -9999 -9999 4.0639348030090332031 132.6191253662109375 170.7666778564453125 185.923675537109375 81.18085479736328125 -9999 -9999 -9999 115.57574462890625 159.2751922607421875 176.700958251953125 119.03546905517578125 92.45806884765625 176.69482421875 95.33792877197265625 21.019954681396484375 73.47751617431640625 62.61313629150390625 -9999 -9999 -9999 -9999 92.845733642578125 -9999 -9999 -9999 168.2361907958984375 92.4264068603515625 223.5996246337890625 86.09755706787109375 206.4478912353515625 -9999 -9999 173.3134765625 93.32482147216796875 240.06109619140625 -9999 -9999 133.180816650390625 85.86350250244140625 16.393152236938476562 -9999 -9999 0.54025900363922119141 104.38452911376953125
30.277135848999023438 121.56854248046875 116.29140472412109375 -9999 -9999 70.81119537353515625 204.902618408203125 179.9614105224609375 212.189544677734375 18.583269119262695312 -9999 -9999 52.120204925537109375 186.844451904296875 152.5996856689453125 97.37755584716796875 -9999 -9999 -9999 257.581085205078125 126.1528778076171875 251.3627471923828125 -9999 31.996740341186523438 158.661407470703125 194.869964599609375 102.66513824462890625 98.63961029052734375 85.329925537109375 25.571599960327148438 -9999 -9999 -9999 102.45729827880859375 -9999 -9999 -9999 133.8997344970703125 196.1102752685546875 136.1968536376953125 87.7283782958984375 74.447174072265625 83.57514190673828125 86.9613494873046875 93.6905364990234375 -9999 26.764879226684570312 131.8141632080078125 86.313385009765625 -9999 188.4354095458984375 30.579217910766601562 -9999 -9999 -9999 52.2331695556640625
-9999 -9999 109.0163726806640625 14.048936843872070312 -9999 -9999 23.835933685302734375 174.44305419921875 225.093902587890625 67.35997772216796875 -9999 -9999 -9999 140.61322021484375 159.704742431640625 150.7392578125 80.48326873779296875 80.29351806640625 123.8950042724609375 238.4588470458984375 -9999 172.4989471435546875 165.67156982421875 19.568937301635742188 -9999 86.27178955078125 153.223724365234375 133.2323760986328125 44.414974212646484375 139.871124267578125 124.51969146728515625 -9999 -9999 113.36487579345703125 85.661529541015625 -9999 -9999 196.8251190185546875 120.10039520263671875 180.872161865234375 95.74875640869140625 102.38893890380859375 208.8024749755859375 -9999 80.7220916748046875 -9999 -9999 90.78781890869140625 -9999 -9999 124.70590972900390625 8.8723917007446289062 -9999 -9999 -9999 -9999
-9999 -9999 -9999 157.795623779296875 86.1022186279296875 80.4830780029296875 83.63814544677734375 134.14739990234375 274.30255126953125 154.528961181640625 246.610626220703125 50.78742218017578125 -9999 13.936488151550292969 203.000701904296875 96.40006256103515625 60.97017669677734375 2.2587106227874755859 91.555328369140625 248.1720733642578125 33.45290374755859375 28.835939407348632812 169.643035888671875 74.99394989013671875 -9999 84.2757110595703125 -9999 127.5885009765625 69.80367279052734375 89.4745025634765625 8.8147258758544921875 98.858612060546875 25.897136688232421875 -9999 -9999 89.72547149658203125 94.49747467041015625 183.2662200927734375 4.3010015487670898438 190.516448974609375 93.0562744140625 -9999 108.09148406982421875 133.78717041015625 -9999 -9999 -9999 -9999 33.52896881103515625 -9999 216.56243896484375 178.2554168701171875 165.512786865234375 31.659440994262695312 -9999 -9999
-9999 -9999 -9999 55.162082672119140625 36.519405364990234375 -9999 -9999 -9999 220.6223297119140625 174.3282470703125 59.28106689453125 50.839599609375 103.58658599853515625 124.7932891845703125 162.373138427734375 -9999 144.3509674072265625 180.3365478515625 174.350738525390625 113.7492523193359375 201.7354583740234375 107.9926605224609375 131.354766845703125 -9999 -9999 53.753162384033203125 36.65891265869140625 11.019955635070800781 140.631256103515625 94.84207916259765625 13.201609611511230469 -9999 96.59514617919921875 -9999 -9999 -9999 68.732818603515625 -9999 -9999 260.38714599609375 87.6544036865234375 86.21320343017578125 39.615413665771484375 166.657196044921875 -9999 -9999 -9999 -9999 88.8762054443359375 64.865020751953125 268.358245849609375 52.91284942626953125 -9999 118.929351806640625 -9999 -9999
59.635395050048828125 64.06917572021484375 111.500579833984375 82.7287139892578125 123.13832855224609375 -9999 -9999 -9999 49.304218292236328125 193.0451812744140625 100.88057708740234375 37.469696044921875 122.1976470947265625 162.529144287109375 23.835935592651367188 112.54473876953125 -9999 193.9483489990234375 -9999 -9999 45.95703887939453125 124.30532073974609375 115.6631927490234375 -9999 -9999 -9999 33.99288177490234375 -9999 47.978076934814453125 206.658447265625 93.75255584716796875 -9999 8.8814373016357421875 -9999 -9999 -9999 171.940277099609375 10.766318321228027344 38.737682342529296875 112.9768218994140625 80.06665802001953125 85.06316375732421875 156.0174407958984375 80.018646240234375 113.9273681640625 -9999 -9999 -9999 91.61182403564453125 221.8167572021484375 301.625274658203125 181.4944000244140625 58.613750457763671875 80.145782470703125 88.36266326904296875 -9999
-9999 10.281178474426269531 7.8541789054870605469 -9999 91.10025787353515625 2.7060773372650146484 -9999 -9999 -9999 202.4492950439453125 275.414276123046875 33.001522064208984375 95.9039764404296875 -9999 128.0818328857421875 25.390085220336914062 88.9141387939453125 119.34626007080078125 110.44451904296875 -9999 -9999 -9999 80.85350799560546875 110.2596282958984375 -9999 -9999 -9999 -9999 -9999 119.409881591796875 105.6992340087890625 -9999 -9999 18.201608657836914062 -9999 146.144683837890625 122.79718017578125 109.40554046630859375 -9999 97.4264068603515625 -9999 92.033599853515625 -9999 -9999 55.302867889404296875 86.93325042724609375 -9999 -9999 87.5393524169921875 246.6921844482421875 219.075927734375 100.15814971923828125 63.769687652587890625 72.35247039794921875 88.16385650634765625 -9999
90.88055419921875 75.4876708984375 76.41790008544921875 -9999 18.745998382568359375 148.5264129638671875 -9999 -9999 -9999 100.02349853515625 48.74126434326171875 157.75433349609375 60.38631439208984375 -9999 125.98264312744140625 -9999 -9999 8.9488840103149414062 135.313232421875 68.3624725341796875 -9999 -9999 -9999 18.091020584106445312 75.66153717041015625 -9999 -9999 -9999 -9999 -9999 179.3290557861328125 -9999 -9999 104.38921356201171875 90.3805084228515625 166.87933349609375 90.76369476318359375 -9999 -9999 100.8236236572265625 69.84958648681640625 74.89028167724609375 -9999 108.83013916015625 57.621501922607421875 44.25182342529296875 42.236644744873046875 -9999 156.8327789306640625 221.03076171875 91.90029144287109375 67.77993011474609375 147.134918212890625 -9999 -9999 79.87479400634765625
-9999 147.50421142578125 123.50821685791015625 119.48267364501953125 90.5587158203125 -9999 130.2633209228515625 82.438079833984375 55.07757568359375 127.33205413818359375 80.0879974365234375 38.43062591552734375 84.05118560791015625 -9999 87.53028106689453125 -9999 -9999 -9999 -9999 71.4903411865234375 64.23657989501953125 45.740962982177734375 -9999 -9999 94.6157073974609375 -9999 79.34320068359375 46.292633056640625 52.732601165771484375 -9999 175.6412200927734375 22.629049301147460938 82.6041412353515625 152.119171142578125 102.62746429443359375 -9999 -9999 -9999 -9999 4.0639424324035644531 122.20687103271484375 -9999 86.1757354736328125 22.46387481689453125 -9999 -9999 117.8946075439453125 34.09432220458984375 160.9826507568359375 95.16532135009765625 66.40644073486328125 192.85162353515625 57.21154022216796875 94.35399627685546875 -9999 95.68852996826171875
71.1192474365234375 4.8168091773986816406 -9999 95.0279083251953125 -9999 -9999 -9999 45.27713775634765625 215.77471923828125 -9999 133.2006683349609375 -9999 82.995361328125 -9999 24.79141998291015625 79.60931396484375 -9999 -9999 -9999 -9999 126.14658355712890625 91.80559539794921875 38.983280181884765625 -9999 113.7928924560546875 -9999 149.4200286865234375 21.917011260986328125 68.5614166259765625 185.90985107421875 37.891460418701171875 216.952484130859375 229.7909088134765625 26.895013809204101562 -9999 -9999 -9999 -9999 -9999 -9999 110.24239349365234375 -9999 90.35533905029296875 22.855991363525390625 -9999 -9999 -9999 8.0013017654418945312 176.14544677734375 94.8701171875 243.443145751953125 124.74665069580078125 84.68779754638671875 40.397914886474609375 -9999 -9999
85.46828460693359375 -9999 -9999 -9999 100.9002838134765625 -9999 -9999 -9999 164.735137939453125 86.73426055908203125 -9999 -9999 85.651458740234375 -9999 -9999 162.084869384765625 -9999 -9999 -9999 -9999 -9999 100.8767242431640625 119.7051239013671875 84.772003173828125 153.4819793701171875 82.07106781005859375 115.43353271484375 143.0323944091796875 90.45548248291015625 188.6127777099609375 320.491729736328125 175.6358184814453125 93.0562744140625 92.4264068603515625 -9999 -9999 -9999 -9999 42.733837127685546875 32.149261474609375 72.23316192626953125 113.91228485107421875 43.6770782470703125 23.928432464599609375 44.460376739501953125 -9999 -9999 36.613277435302734375 74.14536285400390625 128.861083984375 136.235931396484375 126.21465301513671875 28.144430160522460938 38.841960906982421875 58.416034698486328125 86.60152435302734375
98.1301116943359375 -9999 -9999 -9999 21.748584747314453125 101.8387908935546875 -9999 -9999 -9999 165.193695068359375 -9999 -9999 60.15258026123046875 38.22528076171875 -9999 100.17938232421875 -9999 76.09630584716796875 -9999 -9999 -9999 -9999 160.866363525390625 160.311798095703125 160.2297515869140625 160.3323211669921875 251.2261810302734375 132.6763458251953125 222.6237030029296875 221.3208465576171875 60.731235504150390625 -9999 -9999 -9999 92.09770965576171875 59.911937713623046875 -9999 -9999 -9999 103.3334197998046875 -9999 87.5393524169921875 -9999 -9999 -9999 -9999 -9999 134.4569244384765625 -9999 176.4589385986328125 79.3851470947265625 75.4390716552734375 113.67189788818359375 86.668426513671875 -9999 -9999
