gis/80m/channels_area.asc
ncols        128
nrows        143
xllcorner    726726.000000000000
yllcorner    7127190.000000000000
cellsize     80.000000000000
NODATA_value -9999
[rows 46 to 68 of 143, columns 53 to 105 of 128]
-9999 -9999 0.0016201576218008995056 0.018519997596740722656 0.0075502977706491947174 0.009638050571084022522 0.022492151707410812378 0.063527166843414306641 0.046320725232362747192 0.014685653150081634521 -9999 0.0098382877185940742493 -9999 -9999 -9999 -9999 -9999 -9999 -9999 -9999 -9999 0.010639649815857410431 0.031196841970086097717 0.011321230791509151459 -9999 -9999 -9999 -9999 -9999 -9999 -9999 -9999 0.02844277210533618927 -9999 -9999 -9999 -9999 0.021921250969171524048 0.0031115573365241289139 0.038340948522090911865 0.028380984440445899963 0.03214106336236000061 0.024710036814212799072 0.022738832980394363403 0.019796570762991905212 -9999 -9999 -9999 -9999 -9999 0.0064294366165995597839 0.061934929341077804565 0.007315894588828086853
-9999 -9999 -9999 0.020076626911759376526 -9999 0.0069343578070402145386 0.017405049875378608704 0.011926311999559402466 0.051821958273649215698 -9999 0.032981596887111663818 0.013540578074753284454 0.011279307305812835693 -9999 -9999 -9999 -9999 -9999 -9999 -9999 0.025855986401438713074 0.037091754376888275146 0.019262438639998435974 0.030904151499271392822 0.0084442580118775367737 -9999 -9999 -9999 -9999 -9999 -9999 -9999 0.013233815319836139679 0.028432877734303474426 0.018041437491774559021 -9999 -9999 0.019186368212103843689 0.040968727320432662964 -9999 0.039999667555093765259 0.0013781944289803504944 0.0065385918132960796356 0.038254044950008392334 0.01931141875684261322 0.014345553703606128693 -9999 -9999 -9999 -9999 0.010007388889789581299 0.07463134080171585083 0.030628044158220291138
-9999 -9999 -9999 -9999 -9999 -9999 0.012604236602783203125 -9999 0.038346420973539352417 0.056243792176246643066 0.042866479605436325073 -9999 0.016755480319261550903 0.003685474395751953125 -9999 -9999 -9999 -9999 -9999 -9999 -9999 0.018734252080321311951 0.022560572251677513123 -9999 0.029308466240763664246 0.063074149191379547119 0.027915284037590026855 -9999 -9999 -9999 -9999 -9999 -9999 -9999 0.013881024904549121857 0.02888325229287147522 0.026941625401377677917 0.028957333415746688843 0.059864457696676254272 -9999 0.029763247817754745483 -9999 -9999 0.083886712789535522461 0.047175481915473937988 -9999 -9999 -9999 0.001347397221252322197 -9999 -9999 0.070135854184627532959 0.0034354447852820158005
-9999 0.036718599498271942139 0.0011267497902736067772 -9999 -9999 -9999 0.013090461492538452148 -9999 0.011026960797607898712 0.042897637933492660522 0.011332877911627292633 -9999 0.025262854993343353271 0.00042181517346762120724 -9999 -9999 -9999 -9999 -9999 0.0011950724292546510696 -9999 -9999 0.028549110516905784607 0.028881508857011795044 -9999 0.010116208344697952271 0.051911525428295135498 0.061776760965585708618 0.047462739050388336182 0.016064517199993133545 -9999 -9999 -9999 -9999 -9999 -9999 -9999 0.023720942437648773193 0.050356511026620864868 0.01500203646719455719 0.028281381353735923767 -9999 -9999 0.030738659203052520752 0.057138353586196899414 0.028236042708158493042 0.026985706761479377747 0.013265966437757015228 0.018609376624226570129 -9999 0.0038822442293167114258 0.046281848102807998657 0.010352723300457000732
-9999 0.016117140650749206543 0.044073719531297683716 -9999 -9999 -9999 -9999 0.034748591482639312744 0.0079275351017713546753 0.041579648852348327637 0.012582412920892238617 0.012587142176926136017 0.028974756598472595215 -9999 -9999 -9999 -9999 0.00036422806442715227604 0.031690049916505813599 0.030643051490187644958 0.01254757959395647049 0.008794957771897315979 0.027624132111668586731 0.019662152975797653198 -9999 -9999 -9999 0.0065020285546779632568 0.0064745862036943435669 0.084000475704669952393 -9999 -9999 -9999 -9999 -9999 -9999 -9999 -9999 0.081681907176971435547 0.034576620906591415405 -9999 -9999 -9999 0.047391001135110855103 0.015640359371900558472 0.025539934635162353516 0.010642349720001220703 -9999 0.020566627383232116699 0.013550017960369586945 0.036696761846542358398 -9999 -9999
0.004565933719277381897 -9999 0.0052390201017260551453 0.034976214170455932617 0.0025381841696798801422 -9999 -9999 0.003479687962681055069 0.041863303631544113159 0.0753442421555519104 0.01447984110563993454 -9999 0.024323111400008201599 -9999 -9999 -9999 -9999 -9999 0.016351737082004547119 0.025265228003263473511 0.019870828837156295776 0.019731562584638595581 0.026442075148224830627 -9999 -9999 -9999 -9999 -9999 -9999 0.024585418403148651123 0.016311252489686012268 -9999 -9999 -9999 -9999 -9999 -9999 -9999 0.076651290059089660645 0.054317306727170944214 -9999 -9999 0.034448023885488510132 0.036824811249971389771 -9999 0.030353808775544166565 0.048204358667135238647 0.036083359271287918091 0.035379242151975631714 0.037775754928588867188 0.01015470549464225769 0.021825252100825309753 0.022825939580798149109
0.012759786099195480347 -9999 -9999 -9999 0.027356047183275222778 -9999 -9999 0.0033395385835319757462 0.011739271692931652069 0.017276113852858543396 0.058737684041261672974 0.012764790095388889313 0.032198276370763778687 -9999 -9999 -9999 -9999 -9999 -9999 0.025985293090343475342 0.038765009492635726929 0.021864542737603187561 0.01717355288565158844 0.015344870276749134064 -9999 -9999 -9999 -9999 -9999 -9999 0.031845245510339736938 -9999 -9999 -9999 -9999 -9999 -9999 -9999 0.048051804304122924805 0.038912158459424972534 -9999 0.021069742739200592041 0.0080815916880965232849 0.012034613639116287231 0.016283469274640083313 0.014639634639024734497 -9999 0.015202069655060768127 -9999 0.008238467387855052948 0.032936315983533859253 0.020665813237428665161 0.0087412968277931213379
-9999 0.012456828728318214417 -9999 -9999 0.033267375081777572632 -9999 -9999 0.0097848400473594665527 -9999 0.014941756613552570343 0.040076985955238342285 0.024591632187366485596 0.037354886531829833984 0.0081188827753067016602 -9999 -9999 -9999 -9999 -9999 -9999 0.051084227859973907471 0.017944671213626861572 0.06712964177131652832 0.043051958084106445312 -9999 -9999 -9999 -9999 -9999 -9999 0.0094256531447172164917 0.027941675856709480286 -9999 0.015295949764549732208 0.013550770469009876251 -9999 -9999 -9999 0.013250269927084445953 0.032533716410398483276 -9999 0.022414814680814743042 0.0077628539875149726868 -9999 0.0029292774852365255356 -9999 -9999 -9999 0.0011353713925927877426 0.012166980654001235962 0.026202408596873283386 0.063275426626205444336 -9999
-9999 0.015627756714820861816 0.011353238485753536224 -9999 0.019715942442417144775 0.0082873143255710601807 -9999 0.005698672030121088028 0.020747408270835876465 0.038462225347757339478 0.016077242791652679443 -9999 0.012513066641986370087 0.024593913927674293518 0.0065051638521254062653 -9999 -9999 -9999 -9999 -9999 0.040127292275428771973 0.013126647099852561951 0.046220146119594573975 0.017943309620022773743 -9999 -9999 -9999 -9999 -9999 -9999 -9999 0.050366438925266265869 0.010497020557522773743 -9999 0.020059775561094284058 0.026233062148094177246 -9999 -9999 0.023470247164368629456 0.034634027630090713501 0.0062003545463085174561 0.031472086906433105469 -9999 0.025878759101033210754 -9999 -9999 -9999 -9999 -9999 0.0092969611287117004395 0.021197130903601646423 0.049908895045518875122 0.019791988655924797058
-9999 -9999 0.021835142746567726135 0.01353352423757314682 0.0038837324827909469604 0.039848975837230682373 -9999 -9999 0.029135458171367645264 0.005703081376850605011 0.023594591766595840454 0.01258521154522895813 0.012535350397229194641 -9999 0.029677754268050193787 -9999 -9999 -9999 -9999 -9999 0.033715225756168365479 -9999 0.0402967110276222229 0.01394464448094367981 -9999 -9999 -9999 -9999 -9999 -9999 -9999 -9999 0.031572051346302032471 -9999 -9999 -9999 0.029980836436152458191 0.036323804408311843872 0.036074303090572357178 0.064853586256504058838 0.031335860490798950195 0.022598147392272949219 0.014920043759047985077 0.014610417187213897705 -9999 -9999 0.00672548636794090271 -9999 -9999 0.0064142523333430290222 0.069128029048442840576 0.030780469998717308044 0.02217683941125869751
-9999 -9999 -9999 0.035627104341983795166 0.0022853687405586242676 0.045138489454984664917 0.013984800316393375397 0.036163743585348129272 0.0039832405745983123779 -9999 0.044221024960279464722 0.032872892916202545166 0.01251217816025018692 -9999 0.014319948852062225342 0.018802588805556297302 -9999 -9999 -9999 -9999 0.0012340262765064835548 0.067069739103317260742 0.0069680046290159225464 0.066557481884956359863 0.0077651361934840679169 -9999 -9999 -9999 -9999 -9999 -9999 -9999 0.0045918142423033714294 0.026097584515810012817 0.026294417679309844971 0.028236042708158493042 0.026294417679309844971 0.033092282712459564209 0.034060537815093994141 0.055272623896598815918 0.022864442318677902222 0.046980977058410644531 0.039749503135681152344 -9999 -9999 -9999 0.0040266192518174648285 0.010343873873353004456 -9999 0.032850977033376693726 0.098979257047176361084 0.086803361773490905762 0.025225060060620307922
-9999 -9999 -9999 0.004591811448335647583 0.02364423312246799469 0.025956537574529647827 0.066667318344116210938 -9999 0.013763044029474258423 0.0053733396343886852264 -9999 0.054055422544479370117 0.012557679787278175354 0.0059159779921174049377 -9999 0.019027408212423324585 -9999 -9999 -9999 -9999 -9999 0.051590427756309509277 -9999 0.032627917826175689697 0.012986550107598304749 -9999 -9999 -9999 -9999 -9999 -9999 -9999 -9999 -9999 -9999 -9999 -9999 0.021363656967878341675 0.02888325229287147522 0.048559665679931640625 0.070166468620300292969 0.050196412950754165649 0.025611525401473045349 0.0068256021477282047272 -9999 -9999 -9999 0.050563458353281021118 0.09489119797945022583 0.0507238730788230896 0.0032218906562775373459 0.01248484291136264801 0.021622277796268463135
0.02960132993757724762 -9999 -9999 -9999 0.053374983370304107666 0.023046419024467468262 0.041125655174255371094 0.00019447473459877073765 -9999 0.025741782039403915405 -9999 0.019412564113736152649 0.038582999259233474731 0.011836417950689792633 -9999 -9999 0.026968523859977722168 -9999 -9999 0.0050914464518427848816 0.024531293660402297974 0.022572860121726989746 0.0071540190838277339935 0.051172390580177307129 0.014858187176287174225 -9999 -9999 -9999 -9999 -9999 -9999 -9999 -9999 0.00075843965169042348862 -9999 -9999 -9999 0.0003878283605445176363 0.0083143888041377067566 -9999 0.027681894600391387939 0.036761604249477386475 0.025004105642437934875 0.015301730483770370483 -9999 -9999 0.023931169882416725159 0.087357692420482635498 0.015458757057785987854 0.013545149937272071838 -9999 0.0077840350568294525146 0.016495456919074058533
0.0030293106101453304291 0.029244787991046905518 -9999 0.018907267600297927856 0.078241586685180664062 -9999 0.040354117751121520996 0.024235012009739875793 0.007749903947114944458 0.028003256767988204956 -9999 -9999 0.032885663211345672607 -9999 -9999 -9999 0.011173349805176258087 0.0028523642104119062424 -9999 -9999 0.030577208846807479858 0.01402929890900850296 0.043660227209329605103 0.032731588929891586304 0.042760316282510757446 -9999 -9999 -9999 -9999 -9999 -9999 -9999 -9999 -9999 0.0089061688631772994995 -9999 -9999 0.018426220864057540894 0.031312402337789535522 0.024342501536011695862 0.024316543713212013245 0.0088280914351344108582 0.020995415747165679932 0.0087417047470808029175 -9999 0.032590325921773910522 0.05286997184157371521 0.017171405255794525146 0.012748693116009235382 0.019039403647184371948 0.011460351757705211639 -9999 0.002801421796903014183
-9999 0.032261703163385391235 -9999 0.026780270040035247803 0.049023710191249847412 0.047464706003665924072 0.0087763704359531402588 0.012143259868025779724 0.017407054081559181213 0.018765354529023170471 0.012706731446087360382 0.017186345532536506653 0.0095719099044799804688 0.036857217550277709961 0.018636582419276237488 0.0074725635349750518799 -9999 0.026970179751515388489 -9999 -9999 0.015407569706439971924 0.035424128174781799316 0.037746325135231018066 0.045377239584922790527 0.087158858776092529297 0.010807628743350505829 -9999 -9999 -9999 0.0177840404212474823 0.0032970116008073091507 -9999 -9999 -9999 0.013055828399956226349 -9999 -9999 -9999 -9999 0.012329802848398685455 0.072795793414115905762 0.0075940634123980998993 0.024828610941767692566 0.023879921063780784607 0.034698545932769775391 0.032963339239358901978 0.025735639035701751709 0.0053755664266645908356 -9999 0.0053922976367175579071 0.013044036924839019775 0.0087012425065040588379 -9999
0.015657024458050727844 0.027985885739326477051 0.027788970619440078735 0.02306284196674823761 0.019229322671890258789 0.067944504320621490479 0.0041126688010990619659 0.013642915524542331696 0.024051157757639884949 0.010728826746344566345 0.032938897609710693359 0.0038642976433038711548 0.014380569569766521454 0.028933905065059661865 0.015154723078012466431 0.015188908204436302185 -9999 0.044741578400135040283 0.0065342267043888568878 0.0052066873759031295776 -9999 0.049287725239992141724 0.047863364219665527344 0.057525563985109329224 0.032180555164813995361 0.028460420668125152588 0.018092757090926170349 -9999 0.010003520175814628601 0.095192320644855499268 0.0052660815417766571045 -9999 -9999 -9999 0.015400087460875511169 -9999 -9999 -9999 -9999 -9999 0.052691105753183364868 0.0091565633192658424377 0.06042315065860748291 0.035748757421970367432 0.016528582200407981873 0.018715713173151016235 0.014136128127574920654 -9999 -9999 0.013014662079513072968 -9999 -9999 -9999
-9999 -9999 0.022692132741212844849 0.040241617709398269653 0.014338166452944278717 0.02888325229287147522 0.014412595890462398529 0.002995280316099524498 0.040403589606285095215 0.0088730826973915100098 -9999 0.038966793566942214966 0.0091026108711957931519 0.013823274523019790649 0.051710389554500579834 0.029565859586000442505 0.013748569414019584656 0.06132707744836807251 0.017377967014908790588 0.0069558559916913509369 0.0055934768170118331909 0.075098626315593719482 0.0045434697531163692474 0.040906623005867004395 0.063429757952690124512 0.011293546296656131744 0.01726687699556350708 0.0078510632738471031189 -9999 0.046513494104146957397 -9999 -9999 -9999 -9999 0.0026482536923140287399 0.016065489500761032104 -9999 -9999 -9999 -9999 0.049754187464714050293 -9999 0.030497310683131217957 0.014976318925619125366 0.044643539935350418091 0.013966428115963935852 0.013147166930139064789 0.0052072997204959392548 0.0074631003662943840027 -9999 -9999 0.0062801148742437362671 -9999
0.011846908368170261383 0.014244648627936840057 0.029926056042313575745 0.033811178058385848999 -9999 0.026941625401377677917 0.006029757671058177948 0.014360435307025909424 -9999 0.045430734753608703613 0.0069586429744958877563 0.065167695283889770508 -9999 -9999 0.0012699796352535486221 0.041443478316068649292 0.053364586085081100464 0.02905057370662689209 0.012684508226811885834 -9999 -9999 -9999 0.036117419600486755371 0.049773499369621276855 0.055219050496816635132 0.018599292263388633728 0.028893146663904190063 0.055217131972312927246 0.014896551147103309631 0.0065687359310686588287 0.022961724549531936646 0.0097833024337887763977 -9999 -9999 -9999 -9999 0.029014291241765022278 -9999 -9999 -9999 0.052573811262845993042 0.02888325229287147522 0.069874882698059082031 0.026905486360192298889 0.064514964818954467773 -9999 -9999 0.054160460829734802246 0.029164006933569908142 0.075019091367721557617 -9999 -9999 0.020809503272175788879
-9999 -9999 0.026121988892555236816 0.0094616049900650978088 0.037990167737007141113 0.03634106367826461792 -9999 -9999 0.011064249090850353241 0.064032070338726043701 0.0281189698725938797 0.066309235990047454834 0.0029036358464509248734 -9999 -9999 0.016287563368678092957 0.058388892561197280884 0.023843700066208839417 0.015215243212878704071 -9999 -9999 -9999 0.080494090914726257324 0.039422772824764251709 0.078550860285758972168 -9999 0.0049994904547929763794 0.024790845811367034912 0.060896862298250198364 0.032082855701446533203 0.030824877321720123291 0.026665601879358291626 0.0039955624379217624664 -9999 -9999 -9999 0.032017905265092849731 -9999 -9999 -9999 0.020921833813190460205 0.061284460127353668213 0.042561516165733337402 0.02741511911153793335 0.011632370762526988983 0.026117231696844100952 0.027175420895218849182 0.014639146625995635986 -9999 0.0083640245720744132996 0.041191924363374710083 0.026972932741045951843 -9999
0.0062744389288127422333 0.015239428728818893433 0.0091649517416954040527 -9999 -9999 0.034067615866661071777 0.0021951464004814624786 -9999 -9999 0.0074487291276454925537 0.054513454437255859375 0.070341847836971282959 0.010524996556341648102 -9999 -9999 -9999 0.043941631913185119629 0.049907732754945755005 0.023553008213639259338 0.012575510889291763306 0.012545862235128879547 0.019358593970537185669 0.074518389999866485596 -9999 0.053905919194221496582 0.051772367209196090698 0.0030576465651392936707 -9999 0.013479966670274734497 0.047882415354251861572 0.041635118424892425537 0.01387967914342880249 0.043709725141525268555 0.01945620216429233551 -9999 -9999 0.035426523536443710327 0.026769228279590606689 -9999 -9999 0.061507850885391235352 0.037531372159719467163 0.056522551923990249634 0.029921486973762512207 0.031996544450521469116 0.065250776708126068115 -9999 0.012612827122211456299 -9999 -9999 0.028371192514896392822 -9999 -9999
0.036698948591947555542 0.017452692613005638123 -9999 -9999 -9999 -9999 0.04931113123893737793 0.013453471474349498749 0.01257548108696937561 0.013068459928035736084 0.041921064257621765137 0.085719548165798187256 0.024145150557160377502 0.038532909005880355835 0.0079355351626873016357 -9999 0.0043551526032388210297 0.063437722623348236084 0.030125020071864128113 0.019053179770708084106 0.00035292352549731731415 0.028611039742827415466 0.077553771436214447021 0.0052270162850618362427 0.0090112313628196716309 0.053013447672128677368 0.011717804707586765289 -9999 0.013168079778552055359 -9999 0.039871405810117721558 0.021813647821545600891 0.027960782870650291443 0.0013773009413853287697 0.015446658246219158173 0.004046427551656961441 -9999 -9999 0.028039209544658660889 0.029530460014939308167 0.057270694524049758911 0.0013440629700198769569 0.059536390006542205811 0.029080085456371307373 -9999 0.016889294609427452087 0.020904244855046272278 -9999 -9999 -9999 -9999 0.0052389013580977916718 -9999
0.084389969706535339355 -9999 0.0065448838286101818085 -9999 -9999 -9999 0.017238151282072067261 0.011412314139306545258 -9999 -9999 -9999 0.068944476544857025146 0.054477576166391372681 0.018525334075093269348 0.0079436870291829109192 0.016185404732823371887 0.019498951733112335205 0.050741605460643768311 -9999 0.045109678059816360474 0.056355170905590057373 0.054484605789184570312 0.017773320898413658142 0.031521163880825042725 0.016873853281140327454 0.041048362851142883301 -9999 -9999 0.0083989314734935760498 0.0057279551401734352112 0.0034437361173331737518 0.043947268277406692505 0.029638148844242095947 0.0041255028918385505676 -9999 0.015092991292476654053 -9999 -9999 -9999 0.010739502497017383575 -9999 -9999 0.081370979547500610352 0.027392001822590827942 0.026941625401377677917 0.012379816733300685883 0.052080374211072921753 -9999 -9999 -9999 -9999 0.013886907137930393219 0.020270319655537605286
0.033459559082984924316 0.021764013916254043579 -9999 0.0093180304393172264099 0.010010808706283569336 0.017421966418623924255 0.012926361523568630219 0.038480728864669799805 -9999 -9999 -9999 0.015407567843794822693 0.060326620936393737793 0.015762589871883392334 0.0058546401560306549072 0.019093383103609085083 0.02539517916738986969 0.0074487300589680671692 0.035170231014490127563 -9999 0.060608860105276107788 -9999 -9999 0.007180787157267332077 0.01942270621657371521 0.036144748330116271973 -9999 -9999 -9999 0.0053113875910639762878 -9999 0.014993148855865001678 0.064580768346786499023 0.029297674074769020081 -9999 0.0013877245364710688591 -9999 -9999 -9999 0.026865668594837188721 0.0016822372563183307648 0.0060527627356350421906 0.035305257886648178101 0.012510415166616439819 0.013291119597852230072 0.04875545203685760498 0.02500582672655582428 0.035602301359176635742 -9999 -9999 -9999 0.028628695756196975708 0.034658867865800857544
