gis/80m/flow_accumulation_dinf.asc
ncols        128
nrows        143
xllcorner    726726.000000000000
yllcorner    7127190.000000000000
cellsize     80.000000000000
NODATA_value -9999
[rows 0 to 23 of 143, columns 54 to 107 of 128]
-9999 -9999 -9999 -9999 -9999 -9999 -9999 -9999 -9999 -9999 -9999 -9999 -9999 80 -9999 138.1440887451171875 131.2975921630859375 80 -9999 -9999 -9999 -9999 -9999 -9999 -9999 -9999 -9999 -9999 -9999 -9999 -9999 -9999 -9999 -9999 -9999 -9999 -9999 -9999 -9999 -9999 -9999 -9999 -9999 -9999 -9999 -9999 -9999 -9999 -9999 -9999 -9999 -9999 -9999 -9999
-9999 -9999 -9999 -9999 -9999 -9999 -9999 -9999 -9999 -9999 -9999 86.9514007568359375 231.795867919921875 222.0885009765625 427.125091552734375 269.546051025390625 161.90240478515625 113.76746368408203125 80 -9999 -9999 -9999 -9999 -9999 -9999 -9999 -9999 -9999 -9999 -9999 -9999 -9999 -9999 -9999 -9999 -9999 -9999 -9999 -9999 -9999 -9999 -9999 -9999 -9999 -9999 -9999 -9999 -9999 -9999 -9999 -9999 -9999 -9999 -9999
-9999 -9999 -9999 -9999 -9999 80 -9999 -9999 -9999 809.7034912109375 963.19439697265625 847.49658203125 613.55035400390625 564.29400634765625 358.57318115234375 301.5784912109375 234.905426025390625 180.3949432373046875 106.19264984130859375 80 -9999 -9999 -9999 -9999 -9999 -9999 -9999 -9999 -9999 -9999 -9999 -9999 -9999 -9999 -9999 -9999 -9999 -9999 -9999 -9999 -9999 -9999 -9999 -9999 -9999 -9999 -9999 -9999 -9999 -9999 -9999 -9999 -9999 -9999
-9999 -9999 -9999 -9999 80 83.17656707763671875 156.8234405517578125 -9999 -9999 2322.20751953125 80 597.33056640625 615.24664306640625 354.210357666015625 209.1025543212890625 258.055816650390625 318.406158447265625 254.5676116943359375 182.6541595458984375 87.71237945556640625 -9999 -9999 -9999 -9999 -9999 -9999 -9999 -9999 -9999 -9999 -9999 -9999 -9999 -9999 -9999 -9999 -9999 -9999 -9999 -9999 -9999 -9999 -9999 -9999 -9999 -9999 -9999 -9999 -9999 -9999 -9999 -9999 -9999 -9999
-9999 -9999 80 638.14630126953125 1621.8450927734375 1871.6072998046875 2091.453369140625 2241.83447265625 80 123.6436309814453125 959.01318359375 547.68304443359375 125.86197662353515625 848.850341796875 849.53857421875 629.06549072265625 372.87054443359375 274.88751220703125 233.732757568359375 152.287628173828125 80 -9999 -9999 -9999 -9999 -9999 -9999 -9999 -9999 80 -9999 -9999 -9999 -9999 -9999 -9999 -9999 -9999 -9999 -9999 -9999 -9999 -9999 -9999 -9999 -9999 -9999 -9999 -9999 -9999 -9999 -9999 -9999 -9999
139.31695556640625 171.0248870849609375 800.16497802734375 803.688232421875 87.52991485595703125 80 80 127.96242523193359375 80 80 204.3059539794921875 1090.8438720703125 1435.57666015625 552.5882568359375 297.69207763671875 174.3035125732421875 264.285003662109375 309.626708984375 206.2721099853515625 119.5385894775390625 80 -9999 -9999 80 -9999 -9999 -9999 -9999 -9999 87.50386810302734375 152.4961395263671875 80 109.04924774169921875 138.45404052734375 201.616973876953125 245.115936279296875 -9999 -9999 -9999 -9999 -9999 -9999 -9999 -9999 -9999 -9999 -9999 -9999 -9999 -9999 -9999 -9999 -9999 -9999
386.963531494140625 766.32275390625 401.66961669921875 80 80 1088.280029296875 1244.2677001953125 1485.49560546875 1741.7386474609375 1995.952392578125 1377.3629150390625 524.67413330078125 80 80 108.66196441650390625 272.97369384765625 413.886016845703125 333.51611328125 233.1305694580078125 168.9472808837890625 80 80 97.66175079345703125 250.3020172119140625 80 -9999 -9999 80 80 150.4965972900390625 289.003692626953125 132.381378173828125 171.8990325927734375 130.59521484375 131.1499481201171875 204.61981201171875 459.260528564453125 -9999 -9999 -9999 -9999 -9999 -9999 -9999 -9999 -9999 -9999 -9999 -9999 -9999 -9999 -9999 -9999 -9999
251.0671539306640625 104.48694610595703125 158.165435791015625 354.686798095703125 878.1654052734375 80 80 80 80 80 4057.9892578125 80 80 1950.0052490234375 1567.6558837890625 1206.2310791015625 712.3450927734375 423.137908935546875 287.916015625 161.412384033203125 80 80 148.564453125 417.6617431640625 112.83625030517578125 80 80 160 80 134.35516357421875 193.1851654052734375 369.003692626953125 171.4330902099609375 323.894744873046875 390.201568603515625 202.4158477783203125 284.525299072265625 776.1123046875 80 -9999 -9999 -9999 319.702392578125 201.647216796875 80 -9999 -9999 -9999 -9999 -9999 -9999 -9999 -9999 -9999
80 80 80 320 80 80 80 80 80 80 80 4238.5419921875 2108.37646484375 153.884246826171875 116.02268218994140625 175.5474700927734375 149.6284027099609375 133.5824737548828125 80 110.10174560546875 80 80 210.5686492919921875 628.296142578125 201.1352081298828125 80 80 160 240 138.6710052490234375 301.34521484375 183.964202880859375 449.003692626953125 354.04833984375 189.975494384765625 390.81689453125 481.664093017578125 1338.9066162109375 10987.869140625 1155.6158447265625 962.2506103515625 668.32720947265625 173.1922760009765625 118.35279083251953125 80 -9999 -9999 -9999 -9999 -9999 -9999 -9999 -9999 -9999
80 80 240 80 115.6571807861328125 174.2823486328125 401.051177978515625 1279.9974365234375 1360 1565.384765625 995.6055908203125 7012.4130859375 543.01715087890625 312.4228515625 346.316436767578125 217.256866455078125 143.9540863037109375 106.41751861572265625 168.50164794921875 143.149139404296875 194.628265380859375 83.82271575927734375 80 754.9630126953125 475.836578369140625 186.9498443603515625 102.2505645751953125 154.53778076171875 405.46221923828125 80 303.563018798828125 325.68243408203125 279.12359619140625 504.959259033203125 1128.983154296875 80 206.074462890625 5442.26806640625 2829.49560546875 2762.68359375 1568.29736328125 359.857330322265625 183.0752105712890625 115.96988677978515625 118.99944305419921875 80 99.710784912109375 80 -9999 -9999 -9999 -9999 -9999 -9999
80 80 80 80 303.889801025390625 576.6400146484375 715.54986572265625 80 80 80 18165.697265625 25503.15234375 1223.6959228515625 364.358795166015625 170.4651947021484375 140.7781524658203125 109.23303985595703125 232.1796417236328125 232.6720123291015625 264.641845703125 216.9305572509765625 158.6357879638671875 122.22640228271484375 80 1312.80615234375 317.310760498046875 159.8628082275390625 486.386627197265625 203.6337127685546875 80 125.4052734375 508.968292236328125 979.4913330078125 796.3310546875 157.3458404541015625 2891.298583984375 2988.492919921875 5147.53466796875 194.7061767578125 123.588134765625 1367.5169677734375 1202.5977783203125 429.102386474609375 316.521881103515625 205.8134765625 179.710784912109375 140.289215087890625 80 -9999 -9999 -9999 -9999 -9999 -9999
80 80 80 160 140.4530181884765625 80 80 80 17003.615234375 17315.853515625 107.71143341064453125 545.10009765625 27360.740234375 80 80 286.482452392578125 292.668365478515625 143.040008544921875 145.8504638671875 881.13543701171875 169.3206939697265625 200.4109954833984375 181.917510986328125 145.7921600341796875 1018.2459716796875 1021.69989013671875 293.890411376953125 722.877197265625 280.475860595703125 139.6941070556640625 80 80 80 551.71734619140625 1524.969482421875 80 289.4156494140625 1885.8828125 146.778717041015625 116.411865234375 80 1564.617919921875 608.609130859375 342.0894775390625 232.99029541015625 203.0845947265625 158.3405303955078125 98.8640899658203125 80 -9999 -9999 -9999 -9999 -9999
1324.6253662109375 146.7399444580078125 160 80 80 86.59780120849609375 353.9566650390625 16602.494140625 139.5405731201171875 201.531280517578125 225.447601318359375 153.0667877197265625 139.9543304443359375 27767.154296875 123.70243072509765625 372.49176025390625 465.99664306640625 89.2386016845703125 1097.747314453125 80 80 80 426.457611083984375 4822.52880859375 3910.292236328125 1921.170654296875 1589.9168701171875 753.43017578125 399.048583984375 146.8845367431640625 80 80 80 94.26697540283203125 108.8797607421875 80 80 80 1264.935791015625 389.7772216796875 261.791229248046875 174.6362152099609375 1526.40478515625 705.56854248046875 355.01934814453125 168.5890960693359375 245.846221923828125 157.8832244873046875 84.88607025146484375 -9999 -9999 -9999 -9999 -9999
2046.299072265625 359.035980224609375 301.728790283203125 80 80 252.3206329345703125 15965.2080078125 128.4900665283203125 80 160 106.9788818359375 133.0211181640625 136.2599639892578125 280.736083984375 28558.56640625 183.804962158203125 570.50262451171875 513.02447509765625 887.98272705078125 136.55377197265625 128.0307159423828125 6011.23486328125 5855.193359375 256.094451904296875 278.3760986328125 315.16131591796875 135.884307861328125 105.12775421142578125 144.249420166015625 95.75057220458984375 80 231.2216796875 296.60113525390625 375.868011474609375 91.25936126708984375 80 80 80 610.3681640625 228.6290130615234375 153.228607177734375 80 80 932.7857666015625 570.609375 459.3145751953125 173.0796661376953125 217.3617706298828125 92.32787322998046875 80 -9999 -9999 -9999 -9999
3522.511962890625 12609.5361328125 13090.3857421875 13250.4111328125 80 15376.6513671875 306.46466064453125 111.50994110107421875 80 80 80 80 176.2831573486328125 216.5455322265625 377.316131591796875 29737.78515625 93.93470001220703125 1593.2696533203125 199.4168853759765625 151.566192626953125 6213.01123046875 165.427581787109375 154.4794158935546875 132.610107421875 121.18358612060546875 198.8164215087890625 160 80 80 80 101.9351654052734375 143.1187896728515625 174.62054443359375 232.7102508544921875 1251.7447509765625 80 268.87835693359375 618.72314453125 712.944580078125 998.4334716796875 213.32916259765625 133.7127532958984375 80 3204.055419921875 2782.884765625 607.7896728515625 464.678863525390625 206.3449859619140625 149.736663818359375 90.263336181640625 -9999 -9999 -9999 -9999
121.99390411376953125 6618.0576171875 80 107.52814483642578125 13885.958984375 989.3951416015625 360.2161865234375 297.7171630859375 80 80 80 80 87.45688629150390625 179.1422271728515625 189.987274169921875 366.221343994140625 30264.099609375 1714.7672119140625 211.246063232421875 5728.9677734375 863.555908203125 107.4828948974609375 112.91046905517578125 107.38988494873046875 80 80 80 80 80 144.494903564453125 164.208587646484375 127.5946807861328125 331.904449462890625 500.280914306640625 129.4397735595703125 1405.2677001953125 1175.03369140625 3211.939453125 1205.30078125 1196.708251953125 1865.198974609375 1970.8570556640625 3284.055419921875 2133.90771484375 2924.58203125 4889.0224609375 85.010772705078125 176.2944183349609375 247.8455657958984375 80 80 -9999 -9999 -9999
6229.34326171875 137.995330810546875 80 80 80 816.5079345703125 471.01171875 327.498992919921875 305.216156005859375 214.612152099609375 94.78385162353515625 80 80 173.658233642578125 278.737579345703125 388.69024658203125 31225.708984375 33078.60546875 6014.00390625 2816.4560546875 148.08642578125 80 80 88.98824310302734375 80 80 80 80 80 161.7173919677734375 329.40936279296875 536.018310546875 634.82733154296875 80 127.67462158203125 342.63153076171875 861.9932861328125 4571.83154296875 1132.978759765625 3957.919677734375 6587.46875 6056.60009765625 3268.40478515625 212.322052001953125 180.2980499267578125 143.6853485107421875 4747.51123046875 80 533.13397216796875 150.36492919921875 89.63506317138671875 -9999 -9999 -9999
607.40106201171875 805.77435302734375 80 80 80 404.8173828125 189.1132965087890625 272.47637939453125 80 87.1113739013671875 187.8118896484375 139.8605804443359375 80 83.4579010009765625 106.797210693359375 213.87982177734375 121.22144317626953125 279.4295654296875 40343.78125 80 80 80 192.8253326416015625 332.82843017578125 187.1159210205078125 101.2330780029296875 80 240 80 93.78771209716796875 194.172088623046875 171.3693695068359375 80 762.7021484375 80 109.48989105224609375 80 10163.044921875 4323.01513671875 2874.817626953125 106.2261962890625 277.604949951171875 1288.70947265625 842.17510986328125 114.5643463134765625 80 80 4394.90234375 2838.936767578125 129.301422119140625 137.0135498046875 80 -9999 -9999
170.8264312744140625 264.895050048828125 665.11407470703125 384.785888671875 155.9725341796875 168.8448486328125 151.1551513671875 150.434539794921875 143.142852783203125 249.565460205078125 583.758056640625 80 80 80 80 80 126.63777923583984375 85.79018402099609375 5569.17529296875 46136.7421875 138.5803375244140625 122.03487396240234375 785.0810546875 141.4621429443359375 132.8840789794921875 130.1116180419921875 109.8883819580078125 80 400 80 90.2747955322265625 259.580780029296875 299.8284912109375 957.6236572265625 80 80 80 11180.6064453125 1864.8302001953125 242.489471435546875 146.168060302734375 80 215.6521148681640625 1190.6622314453125 1342.9071044921875 995.8656005859375 80 372.831634521484375 766.20556640625 2432.4931640625 1544.650634765625 80 -9999 -9999
80 123.7008056640625 184.245147705078125 228.862152099609375 80 80 80 80 80 80 246.219970703125 681.93255615234375 666.13189697265625 498.43548583984375 80 80 80 5376.9658203125 154.5745391845703125 107.85964202880859375 46862.94921875 47850.125 171.758087158203125 176.51251220703125 153.1821746826171875 218.0123138427734375 163.07244873046875 142.104644775390625 492.470794677734375 147.5292205810546875 80 182.6679534912109375 402.135833740234375 1439.9788818359375 143.13714599609375 80 179.792266845703125 12953.7294921875 911.86175537109375 702.875732421875 613.35498046875 531.96771240234375 430.024810791015625 475.15771484375 80 276.093505859375 729.26226806640625 456.418487548828125 348.0557861328125 598.63330078125 970.46185302734375 597.6273193359375 80 -9999
80 80 80 136.8080902099609375 80 80 80 80 80 80 881.57598876953125 1989.178466796875 2408.361083984375 2991.701416015625 3822.538818359375 4487.09619140625 5165.1904296875 80 80 80 366.37677001953125 293.056884765625 49358.8046875 122.899627685546875 457.999114990234375 368.615142822265625 149.978729248046875 154.921234130859375 609.52630615234375 190.4737091064453125 80 108.42840576171875 151.653778076171875 1767.41064453125 80 223.13714599609375 140.207733154296875 13972.9775390625 465.08551025390625 411.90478515625 284.054351806640625 159.3253021240234375 80.67469024658203125 528.5767822265625 157.8739471435546875 214.2340850830078125 563.71905517578125 443.82110595703125 354.428955078125 379.7698974609375 671.12872314453125 709.45068359375 -9999 -9999
80 80 80 114.662261962890625 309.23162841796875 504.1546630859375 178.1446075439453125 133.9913330078125 324.02734375 647.20477294921875 561.83050537109375 257.857452392578125 119.1880950927734375 154.8737030029296875 198.784027099609375 459.665191650390625 351.87872314453125 229.558502197265625 313.6080322265625 559.64483642578125 813.24932861328125 879.109619140625 92.38253021240234375 50027.01171875 402.311614990234375 234.8830413818359375 254.79840087890625 80 80 689.52630615234375 816.244384765625 568.7149658203125 153.925445556640625 706.59002685546875 1494.978515625 221.057769775390625 14549.5166015625 407.63214111328125 260.45452880859375 213.246795654296875 136.253692626953125 80 80 95.2562713623046875 431.194488525390625 391.013214111328125 290.634979248046875 367.1602783203125 231.12750244140625 529.0814208984375 524.32171630859375 443.213409423828125 -9999 -9999
160 80 80 148.529632568359375 136.57830810546875 290.559814453125 1397.111083984375 99.368072509765625 152.50714111328125 148.1248016357421875 368.852691650390625 190.989044189453125 80.15826416015625 143.718963623046875 103.0518951416015625 387.676605224609375 243.2204132080078125 124.277252197265625 306.894561767578125 303.179473876953125 267.482666015625 139.6349945068359375 303.00238037109375 1671.8223876953125 53068.421875 579.75018310546875 140.122833251953125 160 80 80 246.14471435546875 663.57958984375 896.50872802734375 359.561676025390625 611.71490478515625 1796.0362548828125 15172.73046875 363.22772216796875 271.652099609375 225.8935394287109375 178.9275970458984375 121.29758453369140625 80 80 104.43294525146484375 493.031036376953125 231.837066650390625 279.53424072265625 586.63287353515625 392.92767333984375 530.489990234375 -9999 -9999 -9999
160 80 80 80 137.3819732666015625 244.883941650390625 107.14598846435546875 80 80 80 218.955108642578125 101.04488372802734375 80 80 80.03913116455078125 269.680908203125 130.2799530029296875 166.4087677001953125 159.8209686279296875 191.7823028564453125 184.780914306640625 119.9424285888671875 383.555084228515625 1044.7987060546875 228.910797119140625 80 162.79486083984375 167.703216552734375 189.4268951416015625 120.07503509521484375 80 236.77227783203125 712.658203125 959.2513427734375 860.62908935546875 19153.20703125 2197.43115234375 1145.27783203125 464.776580810546875 313.944854736328125 227.3525390625 167.0298614501953125 90.8534088134765625 80 80 240.88458251953125 268.416473388671875 604.09515380859375 414.99957275390625 334.607421875 -9999 -9999 -9999 -9999
