gis/80m/flow_accumulation_dinf.asc
ncols        128
nrows        143
xllcorner    726726.000000000000
yllcorner    7127190.000000000000
cellsize     80.000000000000
NODATA_value -9999
[rows 48 to 71 of 143, columns 54 to 107 of 128]
751.02410888671875 80 80 80 118.1683502197265625 203.004791259765625 80 80 38273.66796875 849.23468017578125 407.920318603515625 410.112640380859375 364.916046142578125 294.120025634765625 92.4526824951171875 80 118.5235595703125 177.9862213134765625 103.49021148681640625 80 117.8521728515625 80 80 447.89337158203125 986.93402099609375 212.1694488525390625 99.70212554931640625 160 80 80 80 166.3186187744140625 174.89544677734375 313.84466552734375 3200 3384.220947265625 2403.173095703125 80 80 100117.375 143.5569000244140625 80 2426.11767578125 868.789306640625 458.76129150390625 298.53656005859375 291.872161865234375 333.546966552734375 263.674835205078125 80 3079.549560546875 1012.3056640625 211.00408935546875 96.31195831298828125
2320 183.6651153564453125 80 80 121.8316497802734375 196.995208740234375 363.004791259765625 80 39635.78125 345.955474853515625 406.17755126953125 395.231475830078125 349.841064453125 288.04656982421875 227.5473175048828125 80 80 294.677825927734375 227.2768402099609375 118.04532623291015625 80 160 240 117.86260223388671875 195.5836181640625 1531.761474609375 1934.2357177734375 2242.877685546875 154.0318756103515625 80 80 80 80 80 160 258.306060791015625 1448.9820556640625 80 100408.6796875 160 80 121.2837982177734375 3114.791259765625 242.2252349853515625 178.729827880859375 1006.93182373046875 808.4088134765625 467.935150146484375 117.3475189208984375 3202.2021484375 1094.1650390625 213.30859375 182.4710693359375 80
243.453155517578125 80 80 80 110.78713226318359375 169.5466156005859375 826.563232421875 80 39763.7265625 293.189727783203125 465.27398681640625 341.66473388671875 240.9434051513671875 163.0968017578125 91.3780975341796875 80 80 293.422637939453125 401.393768310546875 262.578216552734375 108.6316680908203125 80 80 80 178.0275421142578125 203.1886749267578125 149.6436004638671875 239.5064849853515625 2759.296142578125 127.60965728759765625 112.39034271240234375 80 80 80 80 88.69448089599609375 174.8302154541015625 1528.9820556640625 100630.7421875 80 80 186.4473419189453125 7415.88916015625 5165.2734375 5559.3896484375 1597.607421875 1557.07080078125 1914.48291015625 2929.103271484375 2630.961181640625 248.781646728515625 201.6999053955078125 245.579559326171875 80
80 80 320 80 129.212860107421875 230.4533843994140625 293.436767578125 1307.8800048828125 40079.34765625 816.41522216796875 644.87945556640625 603.77044677734375 588.29547119140625 476.9031982421875 219.781768798828125 80 80 201.2902069091796875 554.38800048828125 475.193572998046875 303.4959716796875 212.948760986328125 108.51853179931640625 80 160 130.85980224609375 109.14019012451171875 209.9537200927734375 307.7464599609375 2981.075927734375 2369.219970703125 416.643157958984375 182.3746185302734375 125.786102294921875 138.7874908447265625 218.7874908447265625 303.297698974609375 39774.24609375 63211.43359375 80 80.6148834228515625 7761.7216796875 2343.048095703125 1239.8734130859375 1484.850830078125 4138.73291015625 4002.30810546875 3430.315673828125 2152.93896484375 126.4277801513671875 227.3661041259765625 382.490478515625 245.2520599365234375 80
222.3915863037109375 80 150.4650726318359375 480 80 139.6539306640625 80 132.1200103759765625 1387.8800048828125 1760.6519775390625 499.74462890625 193.2166290283203125 129.724365234375 80 168.8401336669921875 80 80 92.68350982666015625 548.5626220703125 875.72674560546875 452.576263427734375 342.894287109375 196.595733642578125 80 80 80 80 94.5733184814453125 201.500823974609375 458.783355712890625 892.18377685546875 3447.0107421875 1430.589111328125 159.95379638671875 146.9986114501953125 148.9482574462890625 209.96453857421875 218.6522979736328125 103217.96875 80 1735.548583984375 8609.8359375 120.136199951171875 1191.3330078125 379.3316650390625 260.633087158203125 120.71334075927734375 80 80 216.893524169921875 611.39508056640625 324.048126220703125 134.6604156494140625 80
182.1373291015625 302.3916015625 89.5349273681640625 764.82073974609375 80 100.34606170654296875 219.6539306640625 109.86797332763671875 212.1200103759765625 1541.808837890625 80 80 309.433624267578125 97.21370697021484375 80 80 142.5418701171875 97.45812225341796875 114.1956329345703125 1307.774169921875 548.6646728515625 814.1881103515625 184.92327880859375 118.73845672607421875 80 -9999 80 160 152.3995361328125 255.817718505859375 694.95892333984375 456.938385009765625 3203.21923828125 2951.681640625 185.78057861328125 216.1183929443359375 271.478668212890625 593.90460205078125 103630.203125 80 1613.3912353515625 8940.6728515625 1632.53564453125 493.419708251953125 320.53240966796875 255.1473236083984375 147.7567596435546875 80 80 80 1068.246826171875 159.94512939453125 122.48755645751953125 80
215.227325439453125 561.030517578125 80 557.080078125 531.56640625 80 130.4054107666015625 269.785980224609375 1920 86.0711212158203125 80 529.20703125 281.583160400390625 226.654815673828125 151.291900634765625 88.70809173583984375 143.422698974609375 256.577301025390625 80 1418.895751953125 409.136962890625 1367.607421875 162.7498779296875 121.26154327392578125 80 80 80 121.9322509765625 80 132.5477142333984375 343.41839599609375 202.4672393798828125 231.6719970703125 2117.26171875 4011.23876953125 2193.27197265625 1147.39794921875 981.05810546875 105095.3203125 125.88165283203125 10798.517578125 391.566253662109375 1783.484619140625 240.331329345703125 198.6260833740234375 142.7097625732421875 105.2662200927734375 80 80 160 1351.1802978515625 139.643341064453125 184.242584228515625 118.60164642333984375
103.74216461181640625 456.44525146484375 547.014892578125 111.35350799560546875 1212.8521728515625 80 154.9940185546875 193.9576873779296875 80 120.516754150390625 648.69024658203125 316.779815673828125 245.0666351318359375 238.951507568359375 168.708099365234375 80 127.92784881591796875 281.527435302734375 230.5447235107421875 1444.7137451171875 454.2872314453125 1656.1552734375 284.843780517578125 132.198822021484375 187.801177978515625 80 80 150.4774627685546875 203.8423004150390625 80 128.771484375 420.135467529296875 303.337493896484375 266.14300537109375 1370.1453857421875 3258.513916015625 4612.41943359375 5132.59619140625 5230.60595703125 120670.6796875 1002.7357177734375 1200.551025390625 1033.047119140625 257.7987060546875 179.5301361083984375 145.2230682373046875 134.7337799072265625 80 80 337.115631103515625 1479.4586181640625 135.75299072265625 239.7181396484375 806.57757568359375
80 116.53985595703125 1132.29443359375 80 1437.0458984375 80 146.7194366455078125 413.28057861328125 80 636.56640625 769.42047119140625 287.2777099609375 238.1001129150390625 161.238189697265625 131.994537353515625 225.1063079833984375 90.8270111083984375 149.120849609375 522.9512939453125 766.07257080078125 1292.9283447265625 992.57763671875 1169.7120361328125 338.7093505859375 145.199981689453125 94.80002593994140625 80 127.59027862548828125 261.148895263671875 251.2608184814453125 80 148.1386871337890625 395.5052490234375 661.12042236328125 862.98907470703125 1023.33746337890625 979.94573974609375 619.76904296875 344.45428466796875 2099.87353515625 125102.25 1862.1224365234375 441.1673583984375 338.964874267578125 242.4377593994140625 149.510711669921875 80 88.38433074951171875 25617.912109375 24979.744140625 24899.59375 239.6171875 966.67852783203125 1343.1883544921875
109.394500732421875 80 147.7056121826171875 1212.29443359375 82.9541168212890625 1680 124.1285858154296875 280.57965087890625 395.291748046875 80 1789.1646728515625 260.918975830078125 209.87469482421875 207.9362945556640625 123.2246551513671875 312.3804931640625 120.32816314697265625 115.10829925537109375 424.424468994140625 372.53936767578125 2139.0009765625 782.696533203125 1878.302490234375 175.24029541015625 189.1005401611328125 115.65917205810546875 142.3263702392578125 174.29046630859375 296.5113525390625 426.871795654296875 80 129.6939697265625 188.0572509765625 320.330841064453125 504.172821044921875 742.87158203125 1081.9656982421875 1161.9656982421875 1677.2803955078125 80 126583.6328125 400.595947265625 204.975128173828125 243.281524658203125 158.9540252685546875 94.8774566650390625 228.708099365234375 25856.14453125 113.6976318359375 80 116.91315460205078125 22848.001953125 22489.876953125 19431.458984375
147.6101226806640625 113.80548095703125 80 227.7056121826171875 80 160 204.1285858154296875 80 779.49017333984375 80 1985.7449951171875 431.007568359375 362.39599609375 218.958953857421875 254.8867340087890625 255.8780975341796875 186.9371795654296875 132.948974609375 328.52960205078125 690.59356689453125 1457.2529296875 1486.719970703125 2096.027099609375 300.938507080078125 272.710906982421875 146.3506011962890625 193.9510498046875 413.752899169921875 245.4242706298828125 479.8209228515625 107.050872802734375 131.754547119140625 262.8226318359375 232.838836669921875 200.830108642578125 259.094085693359375 80 129.6616668701171875 80 80 142.2635498046875 127147.265625 327.474029541015625 200.9957427978515625 128.6893157958984375 80 26645.828125 238.5885467529296875 169.8107757568359375 80 80 162.5322418212890625 161.1373138427734375 977.3184814453125
307.921478271484375 118.22714996337890625 146.159393310546875 80 240 183.157379150390625 180.9712066650390625 80 915.87139892578125 80 112.1182708740234375 2590.57080078125 419.6043701171875 411.2662353515625 326.91461181640625 190.854705810546875 260.702972412109375 188.844757080078125 187.9446868896484375 773.25390625 297.924591064453125 2606.128173828125 2041.205810546875 632.666015625 680.3857421875 199.6142578125 263.4241943359375 506.9525146484375 522.32861328125 360.2437744140625 158.6469268798828125 108.40393829345703125 80 80 151.386199951171875 276.342803955078125 405.9744873046875 536.25421142578125 536.86810302734375 243.142822265625 97.7364501953125 127939.296875 158.80072021484375 4264.6318359375 15393.3857421875 26795.904296875 80 242.3878021240234375 190.9022216796875 143.8473968505859375 80 82.5322418212890625 157.4677581787109375 134.388153076171875
2834.8974609375 216.94097900390625 132.889739990234375 80 320 80 444.12860107421875 144.4284820556640625 263.828369140625 827.61456298828125 180.8705596923828125 843.55413818359375 2842.848388671875 482.360198974609375 357.955841064453125 213.0290679931640625 306.338348388671875 228.0535888671875 216.508880615234375 459.791473388671875 822.82281494140625 1541.87939453125 2365.816650390625 1612.3040771484375 739.3177490234375 296.43572998046875 347.670684814453125 383.7225341796875 928.967041015625 404.03973388671875 206.730712890625 133.115814208984375 93.40828704833984375 146.591705322265625 88.613800048828125 123.657196044921875 154.0255279541015625 262.69378662109375 520.11279296875 1124.888671875 80 128019.3046875 2650.455078125 20493.1640625 11757.994140625 609.0189208984375 514.40118408203125 496.152618408203125 416.152618408203125 271.11407470703125 160 80 80 80
1840.938720703125 4003.923095703125 93.1406707763671875 146.8593292236328125 160 80 394.645782470703125 353.911285400390625 214.7115631103515625 556.209228515625 560.52215576171875 160.826873779296875 3957.73486328125 432.326385498046875 513.3626708984375 370.52825927734375 333.14739990234375 207.2423095703125 263.043914794921875 80 758.26312255859375 684.35113525390625 3776.861572265625 1903.1383056640625 607.27825927734375 553.8765869140625 461.545806884765625 331.6065673828125 1402.6282958984375 310.446136474609375 231.4510498046875 250.667572021484375 103.90799713134765625 169.228729248046875 137.3629913330078125 123.31311798095703125 214.2061309814453125 245.5964508056640625 410.396087646484375 1628.71728515625 80 156489.1875 25579.421875 25498.546875 639.66558837890625 126.240142822265625 141.7514495849609375 98.25550079345703125 80 80 102.3531341552734375 156.284515380859375 137.341400146484375 80
80 80 400 83.4226226806640625 114.88079071044921875 125.11920928955078125 80 869.21063232421875 254.0579833984375 80 1196.7313232421875 80 80 4548.53515625 532.9296875 118.070831298828125 1183.83349609375 230.9863433837890625 192.05755615234375 101.171844482421875 657.7459716796875 319.3453369140625 764.35113525390625 5760 80 1012.99835205078125 646.688232421875 409.11798095703125 1635.339111328125 427.28546142578125 360.764129638671875 309.375762939453125 91.83922576904296875 126.31124114990234375 202.91748046875 174.04986572265625 243.1568603515625 323.1568603515625 349.98602294921875 241.16790771484375 1708.71728515625 80 80 80 390.936431884765625 255.5113067626953125 80 323.881011962890625 108.3459320068359375 89.78179931640625 306.502716064453125 190.402923583984375 137.1949615478515625 80
80 240 347.406890869140625 80 254.1234588623046875 171.71258544921875 134.1639556884765625 80 1241.8267822265625 121.44188690185546875 1304.9117431640625 131.8196258544921875 80 141.959197998046875 5141.4208984375 1420.1201171875 80 180.4090118408203125 171.6485443115234375 136.3444061279296875 136.357086181640625 884.84674072265625 1005.0660400390625 160 80 648.51617431640625 1075.9268798828125 340.081298828125 1261.9525146484375 1280.455078125 522.2015380859375 306.737060546875 223.8490142822265625 80 80 282.91748046875 80 144.70977783203125 143.4104156494140625 1632.03173828125 1103.76904296875 240 121.99793243408203125 588.93853759765625 101.08477783203125 80 1856.69482421875 1365.501953125 1228.1925048828125 416.389617919921875 190.9997711181640625 320.628448486328125 200.8740386962890625 221.4916534423828125
80 80 132.593109130859375 659.29547119140625 485.306884765625 137.8538970947265625 196.2777557373046875 122.68755340576171875 1392.4866943359375 168.094390869140625 1476.626220703125 132.60809326171875 147.4970245361328125 80 3372.07080078125 3576.648681640625 163.8371734619140625 318.9144287109375 165.914581298828125 167.73382568359375 128.6105804443359375 1229.812255859375 80 1245.0660400390625 80 311.587799072265625 496.928375244140625 1570.3560791015625 871.57086181640625 1828.0172119140625 937.51763916015625 415.01507568359375 200.784332275390625 87.911407470703125 104.94345855712890625 348.1444091796875 149.829620361328125 192.9569244384765625 302.564422607421875 167.5370635986328125 2858.993896484375 80 201.9979400634765625 160.5413055419921875 162.4165496826171875 187.867034912109375 119.84352874755859375 127.1553955078125 80 670.366943359375 598.5360107421875 207.4976806640625 270.02655029296875 173.049407958984375
-9999 -9999 80 200.271484375 1520.84423828125 145.2500457763671875 266.577392578125 149.8146209716796875 942.20513916015625 1341.1864013671875 1270.5 186.3513946533203125 189.4574127197265625 80 80 7156.578125 377.3441162109375 324.10943603515625 164.5016632080078125 212.3275299072265625 115.40628814697265625 1309.814453125 80 80 1405.0660400390625 323.862701416015625 147.72509765625 316.9591064453125 1967.315185546875 1893.9447021484375 1786.312255859375 784.49432373046875 219.6508331298828125 200.2776031494140625 84.23433685302734375 146.4205322265625 361.723876953125 289.0616455078125 351.78887939453125 264.693206787109375 279.94512939453125 3026.36669921875 306.64556884765625 1106.2642822265625 940.59161376953125 165.4850006103515625 142.148162841796875 80 80 338.871978759765625 89.5900726318359375 183.0406646728515625 405.83935546875 242.3684539794921875
80 80 80 80.99451446533203125 172.31488037109375 2174.675537109375 80 80 80 1506.0985107421875 2405.672119140625 184.44805908203125 298.020843505859375 80 80 134.8524322509765625 7779.81494140625 373.06365966796875 244.5016632080078125 189.4243927001953125 235.9186553955078125 1452.2052001953125 140.3092041015625 140.7191619873046875 1524.0377197265625 80 428.00054931640625 203.587249755859375 80 2332.786865234375 3352.291259765625 1186.416259765625 273.21307373046875 288.781494140625 239.0423736572265625 80 80 364.82513427734375 513.78973388671875 724.40203857421875 993.494140625 6635.669921875 2036.728271484375 80 120.59894561767578125 267.786468505859375 177.86865234375 160 418.871978759765625 80 263.0406494140625 83.7470703125 694.71142578125 219.0308990478515625
160 80 80 80 125.31310272216796875 254.923583984375 2414.675537109375 80 80 95.46087646484375 4049.030517578125 477.45867919921875 176.803497314453125 124.078399658203125 80 80 7961.4951171875 80 654.930419921875 337.22186279296875 337.17535400390625 1152.8197021484375 599.6947021484375 199.1690826416015625 1686.32080078125 99.26692962646484375 365.252349853515625 357.465362548828125 148.8701019287109375 250.138153076171875 5262.724609375 1938.2530517578125 522.79766845703125 121.20580291748046875 357.836578369140625 80 80 80 149.59100341796875 266.074432373046875 254.1036529541015625 7844.82177734375 874.95263671875 1681.1845703125 128.2646026611328125 138.7218017578125 341.003204345703125 501.455596923828125 162.741851806640625 80 353.8648681640625 237.2704620361328125 909.39471435546875 269.600738525390625
313.087158203125 96.04779052734375 143.95220947265625 80 160 200.700439453125 2908.817138671875 108.7994537353515625 135.97662353515625 104.02338409423828125 1443.5360107421875 3482.0859375 182.4039764404296875 119.22686767578125 142.4475555419921875 80 138.3251953125 8177.443359375 113.58071136474609375 1084.5623779296875 631.60321044921875 1005.98175048828125 355.68804931640625 468.31842041015625 1930.1746826171875 150.2703704833984375 445.252349853515625 358.642120361328125 158.8232269287109375 81.31919097900390625 273.434783935546875 7663.83203125 327.87493896484375 325.1160888671875 193.84716796875 215.7944183349609375 103.07891845703125 80 169.9769439697265625 233.69635009765625 544.56744384765625 8161.34765625 80 80 1428.92333984375 851.986083984375 883.2650146484375 285.001800537109375 164.1877899169921875 80 80 1896.451904296875 315.921875 432.15020751953125
453.135345458984375 115.99959564208984375 223.95220947265625 80 80 147.3697967529296875 2123.57373046875 1237.1605224609375 292.604156494140625 136.8433074951171875 80 5117.90185546875 269.350982666015625 163.8940887451171875 141.4440765380859375 80 80 162.376922607421875 8487.1123046875 9205.1142578125 1205.404052734375 1266.9652099609375 315.311553955078125 80 1089.1689453125 2233.224365234375 80 843.43182373046875 196.45208740234375 162.833770751953125 85.38751220703125 4206.2431640625 4569.28271484375 113.6885833740234375 81.1302337646484375 514.36932373046875 157.2209625244140625 80 80.4320526123046875 165.145721435546875 254.974273681640625 8890.71484375 80 80 80 326.4801025390625 220.894622802734375 321.202911376953125 187.685882568359375 131.666229248046875 2004.78564453125 80 512.15020751953125 344.04205322265625
452.8662109375 435.90570068359375 224.31524658203125 160 80 138.0675048828125 352.6614990234375 3755.933837890625 500.752410888671875 219.808868408203125 142.848602294921875 5366.0205078125 240.1510009765625 326.419342041015625 175.4869537353515625 80 80 80 120.22501373291015625 178.4415130615234375 9839.240234375 4998.6826171875 349.404541015625 137.3863525390625 80 555.53924560546875 2393.224365234375 826.88287353515625 282.82147216796875 314.8289794921875 98.18436431884765625 106.4309234619140625 8976.5888671875 148.90234375 140.793487548828125 795.07135009765625 140.12969970703125 127.227874755859375 80 148.728851318359375 80 201.29583740234375 9148.2236328125 80 80 311.4735107421875 584.26043701171875 365.25567626953125 219.4284820556640625 80 2157.126708984375 439.50213623046875 584.34918212890625 544.27008056640625
2075.395263671875 1995.40966796875 119.17806243896484375 234.8503570556640625 80 166.06494140625 221.23980712890625 248.0155181884765625 4276.45263671875 2323.61865234375 2560.836669921875 3312.900146484375 91.50765228271484375 567.93072509765625 184.6568145751953125 80 80.2352142333984375 189.05987548828125 80 80 85.24443817138671875 7361.0703125 6414.36279296875 425.73358154296875 109.14719390869140625 499.037200927734375 2609.726318359375 80 1200.0582275390625 119.72721099853515625 433.5416259765625 99.74452972412109375 9140.052734375 195.92913818359375 1024.389404296875 212.75164794921875 80 207.227874755859375 80 102.83806610107421875 80 112.39463043212890625 9516.427734375 81.4416351318359375 371.644775390625 833.2005615234375 159.604095458984375 80 117.62221527099609375 80 3012.826416015625 336.19781494140625 813.8885498046875 1116.1768798828125
