gis/80m/flow_accumulation_dinf.asc
ncols        128
nrows        143
xllcorner    726726.000000000000
yllcorner    7127190.000000000000
cellsize     80.000000000000
NODATA_value -9999
[rows 48 to 71 of 143, columns 0 to 53 of 128]
-9999 -9999 -9999 -9999 -9999 -9999 -9999 -9999 81.60295867919921875 115.2308349609375 80 80 80 89.20664215087890625 195.005706787109375 275.005706787109375 97.29561614990234375 80 80 133.9593963623046875 246.9583892822265625 10234.9306640625 10114.5458984375 207.075531005859375 160 165.914093017578125 567.27191162109375 98.03519439697265625 112.38128662109375 80 80 80 142.405548095703125 201.8480987548828125 296.531829833984375 267.862579345703125 433.283966064453125 6485.8837890625 1068.27880859375 98.31337738037109375 7887.05224609375 125.32073974609375 80 80 80 80 150.1007537841796875 7480.384765625 83.57672882080078125 288.454193115234375 131.2909698486328125 129.5551300048828125 320 504.66357421875
-9999 -9999 -9999 -9999 -9999 -9999 80 187.744781494140625 235.973968505859375 124.7691650390625 80 80 80 159.9296417236328125 209.0528564453125 177.3416595458984375 386.098602294921875 177.295623779296875 80 119.76622772216796875 137.1468505859375 214.1770477294921875 20722.06640625 147.1558837890625 80 1232.6058349609375 195.4470367431640625 216.58056640625 144.768035888671875 98.91412353515625 80 80 97.59445953369140625 235.691925048828125 187.862579345703125 149.1802978515625 188.5347747802734375 351.48419189453125 8127.6767578125 3736.29443359375 4385.630859375 285.32073974609375 160 80 91.238189697265625 80 80 106.4771728515625 80 80 80 80 160 450.179962158203125
-9999 -9999 -9999 -9999 80 -9999 80 204.71502685546875 595.28497314453125 160 160 80 80 80 146.7543487548828125 315.736297607421875 208.9531402587890625 528.0450439453125 195.349151611328125 80 108.0595703125 80 131.593780517578125 21029.751953125 1418.4227294921875 117.28238677978515625 261.255126953125 80 1023.32421875 381.546630859375 236.9644012451171875 80 113.1737060546875 126.8262939453125 80 131.2192230224609375 192.758544921875 205.4995574951171875 350.984130859375 13247.740234375 3918.981201171875 117.83371734619140625 282.166290283203125 141.897705078125 201.41583251953125 80 80 400 80 108.40380096435546875 80 80 80 134.13232421875
-9999 -9999 -9999 80 160 80 80 80 345.62030029296875 1500.8990478515625 160 80 119.66970062255859375 120.33029937744140625 80 182.729248046875 632.86126708984375 1001.8555908203125 1789.1568603515625 107.125732421875 166.458831787109375 164.819793701171875 1096.1373291015625 8890.0185546875 24403.0625 609.57952880859375 714.80767822265625 1203.2667236328125 161.4438018798828125 319.539276123046875 122.16535186767578125 80 80 160 80 108.78076934814453125 98.7066802978515625 171.9805755615234375 132.9081878662109375 319.558074951171875 17771.859375 103.04388427734375 383.48492431640625 450.123321533203125 136.68646240234375 80 80 80 256.884429931640625 223.115570068359375 80 80 80 142.3915863037109375
-9999 -9999 -9999 80.22585296630859375 222.581634521484375 315.23590087890625 101.95660400390625 80 99.09471893310546875 1617.890380859375 160 161.094940185546875 238.905059814453125 80 80 80 110.8730926513671875 145.0655517578125 174.5303192138671875 1978.0128173828125 987.30792236328125 1564.4407958984375 1664.3717041015625 1852.758544921875 24483.904296875 265.228179931640625 801.4132080078125 162.3253021240234375 80 80 120.8702392578125 80 80 80 289.2960205078125 80 158.1363067626953125 195.5908355712890625 345.015411376953125 269.94500732421875 418.112640380859375 18650.873046875 139.0105743408203125 771.21649169921875 320 160 80 80 80 618.16278076171875 251.2985076904296875 80 80 97.60840606689453125
-9999 -9999 -9999 152.548126220703125 297.089263916015625 412.955596923828125 233.951812744140625 103.4551849365234375 80 1795.027587890625 252.6157989501953125 373.8223876953125 205.604705810546875 172.9295806884765625 80 80 80 80 102.87500762939453125 187.275543212890625 1301.514892578125 966.02105712890625 174.7725372314453125 403.245025634765625 26899.666015625 544.3612060546875 733.165283203125 179.482635498046875 80 80 80 80 80 80 449.0394287109375 80 161.8636932373046875 210.5955810546875 237.774749755859375 281.273345947265625 230.4008941650390625 393.99713134765625 19698.259765625 678.44781494140625 80 80 119.87688446044921875 293.094757080078125 106.90523529052734375 210.6976318359375 1108.6822509765625 160 80 80
-9999 -9999 -9999 274.48236083984375 335.155059814453125 474.1719970703125 343.887176513671875 235.1479949951171875 97.15544891357421875 166.9576263427734375 2205.756103515625 334.44024658203125 308.14093017578125 221.578887939453125 154.8438720703125 208.282257080078125 80 80 137.1249847412109375 278.3988037109375 255.660858154296875 144.7448883056640625 204.3428497314453125 80 112.44280242919921875 27365.59375 1093.4998779296875 366.746002197265625 194.0168914794921875 160 160 80 120.46240997314453125 119.53759002685546875 110.9605865478515625 581.30877685546875 346.13055419921875 80 90.4880523681640625 122.50180816650390625 160.0807342529296875 503.988006591796875 985.86328125 21511.056640625 214.9806365966796875 80 80 80 453.094757080078125 95.18033599853515625 183.0427093505859375 1489.471923828125 80 80
-9999 -9999 -9999 383.648895263671875 593.6004638671875 346.560028076171875 319.888946533203125 482.674530029296875 280.584747314453125 80 2373.449462890625 350.67266845703125 391.305633544921875 315.619415283203125 281.02978515625 238.470733642578125 198.1479339599609375 84.34674072265625 80 80 284.534759521484375 270.91595458984375 273.19818115234375 111.874542236328125 144.58367919921875 2430.571533203125 26549.76953125 263.70086669921875 336.567657470703125 285.857177734375 160 80 80.15000152587890625 271.136505126953125 128.7135009765625 224.0092620849609375 395.708343505859375 642.5181884765625 80 114.94293975830078125 172.6418914794921875 596.476318359375 126.0372161865234375 165.3724212646484375 22008.64453125 289.347412109375 80 80 80 788.27508544921875 80 1793.2305908203125 80 80
-9999 -9999 -9999 576.599853515625 645.303466796875 341.906097412109375 354.2781982421875 627.2344970703125 375.75555419921875 855.33795166015625 1723.991455078125 640.35772705078125 261.62060546875 428.22802734375 360.768585205078125 377.006927490234375 239.25994873046875 188.810882568359375 83.5402374267578125 80 115.33563995361328125 421.44647216796875 599.103271484375 962.0328369140625 1208.1807861328125 3962.075927734375 30614.447265625 809.236328125 594.9140625 271.99237060546875 200.551544189453125 171.24249267578125 80 80 351.136505126953125 123.39544677734375 355.072296142578125 259.320709228515625 747.88116455078125 125.05706024169921875 227.3581085205078125 240 80 88.4547119140625 220.6765899658203125 22720 141.371856689453125 98.62813568115234375 80 80 80 188.1773223876953125 2038.7886962890625 80
-9999 -9999 471.535247802734375 552.99566650390625 437.372344970703125 421.90496826171875 389.679168701171875 870.691650390625 336.898590087890625 1427.62060546875 1500.2552490234375 575.88720703125 297.544647216796875 535.57330322265625 413.42333984375 535.73223876953125 273.743804931640625 260.7943115234375 218.3476409912109375 80 80 138.4239501953125 80.463043212890625 118.85710906982421875 80 86.12340545654296875 83.98946380615234375 31825.78515625 266.00897216796875 266.59710693359375 199.59844970703125 133.77398681640625 198.38470458984375 80 80 431.136505126953125 682.3927001953125 159.5014801025390625 321.705841064453125 1053.442138671875 870.1910400390625 80 160 80 160 158.4366455078125 23147.359375 222.3175048828125 105.7068328857421875 80 80 247.801727294921875 2243.923095703125 130.605499267578125
-9999 363.91107177734375 468.194427490234375 561.60260009765625 498.11468505859375 410.4222412109375 537.62139892578125 872.89080810546875 479.80999755859375 1581.66845703125 1562.9727783203125 685.3199462890625 426.38458251953125 409.04559326171875 414.710174560546875 665.58587646484375 395.870086669921875 353.736785888671875 337.773712158203125 174.364715576171875 80 169.3411407470703125 129.0828094482421875 80 80 138.3334197998046875 256.254241943359375 32083.216796875 397.851287841796875 304.070220947265625 253.889373779296875 193.756500244140625 232.4694976806640625 160 80 80 262.702392578125 762.3927001953125 231.7533416748046875 355.69415283203125 1675.18701171875 80 80 80 80 81.56336212158203125 218.0185699462890625 23955.173828125 262.509429931640625 80 160 407.801727294921875 1513.187744140625 1109.31982421875
-9999 443.91107177734375 166.3946533203125 2002.78515625 205.2902069091796875 491.3900146484375 1142.142333984375 342.90435791015625 850.30859375 1371.169921875 2028.1947021484375 530.68450927734375 436.579803466796875 408.26385498046875 417.663604736328125 603.57110595703125 638.4512939453125 504.105712890625 479.177398681640625 324.900238037109375 249.3411407470703125 80 80 230.1514129638671875 138.931396484375 272.862518310546875 417.802001953125 23480.90625 10053.4541015625 524.5467529296875 314.81854248046875 312.469512939453125 120.1268768310546875 279.873138427734375 80 80 153.4145355224609375 822.707763671875 362.387298583984375 132.2040557861328125 1952.8343505859375 120.891876220703125 80 80 80 138.8126983642578125 511.493133544921875 466.811431884765625 24854.578125 184.5303955078125 174.1058349609375 80 80 2711.615234375
-9999 -9999 523.91107177734375 248.24517822265625 2288.075439453125 337.473602294921875 1890.8541259765625 91.89102935791015625 918.41754150390625 1146.9688720703125 2567.468994140625 490.022216796875 540.7098388671875 429.722900390625 459.018463134765625 670.53741455078125 806.89910888671875 849.20977783203125 402.592742919921875 443.124908447265625 160 82.288177490234375 157.711822509765625 183.5697479248046875 206.5816650390625 254.317138671875 260.4464111328125 337.05963134765625 34203.6015625 823.888671875 384.788299560546875 200.1268768310546875 359.873138427734375 122.685821533203125 197.314178466796875 80 80 1498.5096435546875 80 80 2142.232177734375 181.6587982177734375 80 80 240 386.09173583984375 159.5994110107421875 115.504638671875 172.7374114990234375 25424.94921875 118.01113128662109375 80 80 726.70086669921875
-9999 80 154.06976318359375 127.45021820068359375 2040.0609130859375 5731.7216796875 80 494.531585693359375 1730.8548583984375 80 80 3082.359619140625 468.599029541015625 1255.98388671875 80 80 2690.60107421875 251.6508026123046875 557.76702880859375 440.786285400390625 199.234466552734375 167.2650604248046875 264.854278564453125 155.4187164306640625 80 80 127.0209503173828125 143.7599334716796875 149.176849365234375 35368.6640625 398.617401123046875 473.867645263671875 211.6040496826171875 172.9909820556640625 242.7445526123046875 101.578643798828125 80 80 1658.5096435546875 114.517242431640625 2673.5439453125 283.3133544921875 167.285247802734375 87.28525543212890625 80 80 80 80 134.04827880859375 275.518585205078125 25622.9609375 106.40625 171.0478973388671875 122.54584503173828125
-9999 121.84439849853515625 272.450714111328125 668.9051513671875 83.6446533203125 500.0213623046875 6492.16650390625 1075.502685546875 1357.9637451171875 196.7133331298828125 80 80 4966.9423828125 80 80 80 2770.60791015625 320.199951171875 719.2705078125 291.1385498046875 283.649566650390625 263.306365966796875 339.451416015625 175.9808807373046875 112.3285369873046875 80 80 120.47858428955078125 112.57137298583984375 21363.40234375 14880.8466796875 312.44219970703125 307.6102294921875 318.5 137.374298095703125 128.4488983154296875 92.5827484130859375 203.555694580078125 5798.53466796875 3968.614990234375 1051.7799072265625 279.721466064453125 137.4647674560546875 162.85223388671875 80 80 80 101.51064300537109375 160.8342132568359375 182.354644775390625 26135.162109375 162.063140869140625 249.0595703125 228.8773040771484375
-9999 80 116.3311920166015625 123.6688079833984375 285.865753173828125 166.4456634521484375 123.89044952392578125 6948.7578125 9712.82421875 207.8238067626953125 80 80 80 5190.03076171875 142.5723114013671875 147.4497528076171875 3135.121337890625 847.5072021484375 80 484.94049072265625 307.21209716796875 483.874603271484375 347.134429931640625 199.9614105224609375 156.2870330810546875 126.44528961181640625 80 119.52141571044921875 287.428619384765625 6409.78466796875 31225.724609375 539.82183837890625 493.580169677734375 249.8543701171875 178.006439208984375 110.4424591064453125 80 6292.337890625 126.66988372802734375 80 127.53588104248046875 526.87860107421875 335.25 149.862518310546875 80 80 160 233.6248626708984375 334.301300048828125 417.28253173828125 732.83782958984375 27179.958984375 80 308.877288818359375
-9999 -9999 80 80 258.685089111328125 166.141448974609375 293.489990234375 186.7707977294921875 167.9910430908203125 10130.7275390625 114.04767608642578125 103.30786895751953125 136.6921234130859375 5380.38330078125 179.9797821044921875 378.410552978515625 3509.032470703125 559.7349853515625 125.4928131103515625 640.2705078125 389.6119384765625 761.644287109375 311.57220458984375 276.311126708984375 134.3685150146484375 172.8342742919921875 139.24249267578125 80 80 229.1395263671875 38307.828125 752.93157958984375 389.770263671875 283.4810791015625 178.854034423828125 91.58841705322265625 80 6484.1787109375 113.33011627197265625 80 80 109.1443328857421875 80 80 176.560699462890625 143.439300537109375 -9999 144.8644866943359375 187.209320068359375 287.7401123046875 188.611572265625 12767.2587890625 15477.416015625 80
-9999 -9999 -9999 80 163.1583404541015625 114.0535888671875 185.5871734619140625 256.215423583984375 417.18487548828125 1371.1944580078125 10141.7734375 148.2192840576171875 115.08858489990234375 5521.06201171875 80 4196.7880859375 127.94266510009765625 605.84222412109375 191.4429168701171875 1182.0084228515625 175.958038330078125 920.50811767578125 462.344085693359375 192.0765533447265625 229.2559356689453125 230.8314208984375 247.6989593505859375 81.3448944091796875 80 129.9705352783203125 38943.109375 443.909759521484375 310.867340087890625 273.228485107421875 149.0558929443359375 102.53252410888671875 107.79070281982421875 7036.90966796875 147.861419677734375 80 80 80 80 99.7121429443359375 249.3620147705078125 235.7007293701171875 135.2251129150390625 80 117.65517425537109375 174.14312744140625 223.3888397216796875 205.514923095703125 28560 160
-9999 -9999 -9999 80 101.5471343994140625 184.7689361572265625 192.3654327392578125 270.014404296875 485.7171630859375 614.231689453125 2178.103759765625 12781.7734375 13015.4951171875 13706.5810546875 14739.177734375 12227.953125 397.24481201171875 368.597412109375 80 1742.7342529296875 576.923583984375 514.50274658203125 673.9307861328125 358.827606201171875 219.3536224365234375 323.52716064453125 217.6895751953125 119.304931640625 80 110.02945709228515625 42058.109375 3128.515625 3225.561767578125 3038.253173828125 3554.48046875 7524.666015625 7331.57861328125 195.3045806884765625 252.138580322265625 160 80 80 160 212.9681854248046875 260.462493896484375 385.475250244140625 261.09405517578125 138.836822509765625 101.16318511962890625 149.8137664794921875 250.0301055908203125 174.278076171875 80 29040
-9999 -9999 -9999 -9999 80 122.724609375 235.239654541015625 301.5755615234375 423.399505615234375 203.5368499755859375 491.4647216796875 163.84906005859375 527.9459228515625 783.70111083984375 5165.75244140625 12376.3310546875 25168.439453125 412.29656982421875 134.0359649658203125 2270.161865234375 80 594.50274658203125 120.859130859375 2367.65576171875 135.1964111328125 352.9110107421875 699.942626953125 93.32381439208984375 146.6761932373046875 80 42682.70703125 654.36065673828125 863.305419921875 1568.0078125 4257.17529296875 82.37457275390625 167.9732513427734375 99.845184326171875 80 80 160 125.621856689453125 178.731048583984375 304.33880615234375 312.495330810546875 511.515106201171875 401.73486328125 85.56299591064453125 218.836822509765625 198.914306640625 258.697967529296875 442.585540771484375 206.868072509765625 80
-9999 -9999 -9999 -9999 -9999 80 155.8289337158203125 279.515777587890625 139.2486724853515625 331.557525634765625 80 178.418731689453125 193.842041015625 207.3603668212890625 237.26953125 202.2688446044921875 188.2271881103515625 25957.900390625 2467.792236328125 80 80 703.1229248046875 2563.374267578125 80 945.78680419921875 896.9945068359375 117.05185699462890625 226.6761932373046875 80 80 42832.23828125 1409.49609375 864.702392578125 3673.5234375 267.843902587890625 305.908843994140625 80 80 80 128.6603240966796875 271.339691162109375 199.3484039306640625 220.8267974853515625 428.5164794921875 301.221710205078125 532.03515625 632.48846435546875 160.7494354248046875 84.81356048583984375 211.2719268798828125 216.2671966552734375 475.067230224609375 669.333740234375 227.0326995849609375
-9999 -9999 -9999 -9999 -9999 80 123.67028045654296875 197.00518798828125 251.557525634765625 -9999 80 82.34854888916015625 80 151.921539306640625 157.64263916015625 123.85741424560546875 146.4960174560546875 220.0475921630859375 26509.404296875 29167.98828125 152.1004638671875 1232.2802734375 2366.931640625 245.3744354248046875 508.366912841796875 80 80 80 80 160 142.82733154296875 47239.73046875 3973.3203125 301.6646728515625 261.88482666015625 99.6898193359375 130.249847412109375 109.750152587890625 106.36876678466796875 189.3436431884765625 422.829345703125 354.664886474609375 370.131072998046875 365.35400390625 377.283721923828125 478.951171875 893.82965087890625 202.5416717529296875 158.7021026611328125 80 211.315887451171875 211.790313720703125 1782.134765625 80
-9999 -9999 -9999 -9999 -9999 -9999 80 -9999 -9999 -9999 -9999 -9999 -9999 80 80 80 98.51955413818359375 163.9257965087890625 179.767852783203125 169.1745452880859375 29698.876953125 30718.32421875 33894.16796875 422.99249267578125 115.7518157958984375 160 80 160 82.88976287841796875 309.517120361328125 87.59311676025390625 49417.015625 161.8677215576171875 236.662017822265625 160.9981842041015625 98.59690093994140625 191.6529541015625 191.232177734375 226.1005706787109375 263.816192626953125 647.45892333984375 350.873931884765625 492.619537353515625 323.954010009765625 439.67022705078125 415.6376953125 1167.025146484375 232.65960693359375 238.7021026611328125 80 103.68885040283203125 120.84688568115234375 81.9361572265625 1932.14697265625
-9999 -9999 -9999 -9999 -9999 -9999 -9999 -9999 -9999 -9999 -9999 -9999 -9999 -9999 -9999 -9999 80 80 86.52874755859375 188.467681884765625 173.9381866455078125 111.0653839111328125 227.432861328125 34877.125 35232.91015625 110.84329986572265625 200.538726806640625 168.61798095703125 134.0096282958984375 330.559539794921875 167.83770751953125 49695.16015625 212.050567626953125 300.99749755859375 170.704986572265625 194.0806732177734375 254.7264404296875 264.15570068359375 338.781341552734375 921.02069091796875 430.873931884765625 80 420.148468017578125 593.46905517578125 482.626251220703125 424.725921630859375 1342.5634765625 351.41326904296875 335.3218994140625 80 80 142.8419647216796875 80 91.92392730712890625
