gis/80m/flow_accumulation_dinf.asc
ncols        128
nrows        143
xllcorner    726726.000000000000
yllcorner    7127190.000000000000
cellsize     80.000000000000
NODATA_value -9999
[rows 24 to 47 of 143, columns 0 to 53 of 128]
-9999 -9999 -9999 -9999 -9999 -9999 -9999 -9999 -9999 -9999 -9999 -9999 -9999 -9999 -9999 -9999 -9999 -9999 -9999 -9999 -9999 -9999 -9999 -9999 -9999 -9999 -9999 -9999 80 80 143.2659149169921875 246.650054931640625 2331.5712890625 200.3516082763671875 202.5338897705078125 122.5153961181640625 80 137.80548095703125 80 80 105.15069580078125 7305.748046875 159.3362274169921875 477.110260009765625 80 80 80 80 204.7948760986328125 184.9430084228515625 159.7586517333984375 2010.976318359375 1795.4664306640625 1045.9078369140625
-9999 -9999 -9999 -9999 -9999 -9999 -9999 -9999 -9999 -9999 -9999 -9999 -9999 -9999 -9999 -9999 -9999 -9999 -9999 -9999 -9999 -9999 -9999 -9999 -9999 -9999 -9999 -9999 -9999 160 256.734100341796875 254.9186553955078125 326.650054931640625 2552.831298828125 357.594329833984375 229.5046844482421875 117.041839599609375 80 238.4236602783203125 139.3818206787109375 80 80 7455.2578125 665.68194580078125 163.3007354736328125 193.49310302734375 134.23065185546875 80 80 80 80 92.201324462890625 147.798675537109375 171.75494384765625
-9999 -9999 -9999 -9999 -9999 -9999 -9999 -9999 -9999 -9999 -9999 -9999 -9999 -9999 -9999 -9999 -9999 -9999 -9999 -9999 -9999 -9999 -9999 -9999 -9999 -9999 -9999 -9999 -9999 -9999 80 321.303680419921875 914.9991455078125 3299.254638671875 5001.29736328125 5612.7802734375 5901.72216796875 156.151031494140625 236.384307861328125 301.421173095703125 143.867034912109375 142.5773468017578125 8066.20947265625 255.7808837890625 328.079376220703125 332.096160888671875 140.9636383056640625 80 80 80 80 80 92.8416290283203125 237.5393218994140625
-9999 -9999 -9999 -9999 -9999 -9999 -9999 -9999 -9999 -9999 -9999 -9999 -9999 -9999 -9999 -9999 -9999 -9999 -9999 -9999 -9999 -9999 -9999 -9999 -9999 -9999 -9999 -9999 -9999 -9999 80 228.9305419921875 663.42364501953125 249.5390777587890625 140.0077972412109375 137.873046875 258.772064208984375 6407.66357421875 7067.939453125 7567.00537109375 7923.0791015625 80 9254.822265625 17618.03125 224.7664337158203125 488.369659423828125 124.80571746826171875 138.8477630615234375 147.512420654296875 130.63604736328125 143.0037689208984375 80 147.1583709716796875 180.8491363525390625
-9999 -9999 -9999 -9999 -9999 -9999 -9999 -9999 -9999 -9999 -9999 -9999 -9999 -9999 -9999 -9999 -9999 -9999 -9999 -9999 -9999 -9999 -9999 -9999 -9999 -9999 -9999 -9999 -9999 -9999 -9999 192.210479736328125 367.789520263671875 160 80 80 214.0719757080078125 118.80413055419921875 184.574371337890625 243.95623779296875 268.658477783203125 8657.6455078125 80 80 17920.794921875 1512.9395751953125 520.84564208984375 292.766387939453125 384.042236328125 456.691162109375 207.7510986328125 80 80 131.1274566650390625
-9999 -9999 -9999 -9999 -9999 -9999 -9999 -9999 -9999 -9999 -9999 -9999 -9999 -9999 -9999 -9999 -9999 -9999 -9999 -9999 -9999 -9999 -9999 -9999 -9999 -9999 -9999 -9999 -9999 -9999 -9999 80 80 240 80 80 80 80 80 174.7290496826171875 154.759033203125 366.48480224609375 289.797332763671875 517.01116943359375 886.53485107421875 19811.9453125 877.50567626953125 786.15521240234375 422.721527099609375 80 83.0848846435546875 80 80 80
-9999 -9999 -9999 -9999 -9999 -9999 -9999 -9999 -9999 -9999 -9999 -9999 -9999 -9999 -9999 -9999 -9999 -9999 -9999 -9999 -9999 -9999 -9999 -9999 -9999 -9999 -9999 -9999 -9999 -9999 -9999 -9999 -9999 80 80 80 80 82.5857391357421875 94.7290496826171875 80 153.6447906494140625 201.7790374755859375 159.4882965087890625 171.1573028564453125 286.60693359375 208.4549560546875 21353.345703125 111.1564178466796875 83.51251983642578125 80 190.63134765625 193.443115234375 99.01041412353515625 80
-9999 -9999 -9999 -9999 -9999 -9999 -9999 -9999 -9999 -9999 109.657318115234375 80 -9999 -9999 -9999 -9999 -9999 -9999 -9999 -9999 -9999 -9999 -9999 -9999 -9999 -9999 -9999 -9999 -9999 -9999 -9999 -9999 -9999 -9999 122.37851715087890625 142.35675048828125 80 157.4142608642578125 201.510894775390625 80 91.59616851806640625 80 80 80 187.2476654052734375 149.122833251953125 231.9081878662109375 21934.0625 22198.154296875 172.834442138671875 312.1983642578125 255.3436126708984375 116.198211669921875 112.79085540771484375
-9999 -9999 -9999 -9999 -9999 -9999 -9999 -9999 -9999 189.657318115234375 130.342681884765625 80 -9999 -9999 -9999 -9999 -9999 -9999 -9999 -9999 -9999 -9999 -9999 -9999 -9999 -9999 -9999 -9999 -9999 -9999 -9999 -9999 -9999 -9999 344.735260009765625 135.264739990234375 80 80 263.760040283203125 281.510894775390625 80 80 80 80 80 107.40929412841796875 132.5907135009765625 160 142.154388427734375 22633.5703125 414.865936279296875 390.70721435546875 132.0506439208984375 189.7650604248046875
-9999 -9999 -9999 -9999 -9999 -9999 80 -9999 269.657318115234375 210.342681884765625 131.7355499267578125 108.26444244384765625 80 -9999 -9999 -9999 -9999 -9999 -9999 -9999 -9999 -9999 -9999 -9999 -9999 -9999 -9999 -9999 -9999 -9999 -9999 -9999 -9999 103.2875823974609375 511.921142578125 206.065460205078125 93.0042724609375 80 80 348.7354736328125 356.53546142578125 1078.2640380859375 100.68250274658203125 80 80 80 80 80 177.845611572265625 261.88385009765625 23388.44140625 24338.25 176.8542938232421875 80
-9999 -9999 -9999 -9999 -9999 -9999 80 240 434.4063720703125 434.738861083984375 165.140350341796875 175.8361358642578125 131.836029052734375 80 -9999 -9999 -9999 -9999 -9999 -9999 -9999 -9999 -9999 -9999 -9999 -9999 -9999 -9999 -9999 -9999 -9999 -9999 107.84161376953125 216.7124176025390625 486.10400390625 1045.110595703125 184.4525146484375 123.08498382568359375 80 209.9407806396484375 428.7354736328125 86.32439422607421875 1296.4344482421875 144.997589111328125 124.3822479248046875 115.6177520751953125 80 80 80 162.0571441650390625 363.171234130859375 120.48677825927734375 24690.400390625 25270.5625
-9999 -9999 -9999 -9999 -9999 -9999 -9999 80 178.0422515869140625 530.3182373046875 821.81890869140625 218.5678558349609375 216.5305023193359375 126.88330078125 80 -9999 -9999 -9999 -9999 -9999 -9999 -9999 -9999 -9999 -9999 -9999 -9999 -9999 -9999 -9999 -9999 -9999 80 160 229.9888916015625 565.6109619140625 1364.455322265625 148.1927490234375 80 110.05922698974609375 335.218994140625 80 1520.2733154296875 149.7204132080078125 216.6711883544921875 254.9224090576171875 163.1223907470703125 80.56116485595703125 80 124.572723388671875 121.06737518310546875 221.9970855712890625 393.016387939453125 483.25067138671875
-9999 -9999 -9999 -9999 -9999 -9999 -9999 160 80 242.1304168701171875 1377.979248046875 512.4127197265625 126.60800933837890625 319.303558349609375 80 -9999 -9999 -9999 -9999 -9999 -9999 -9999 -9999 -9999 -9999 -9999 -9999 -9999 -9999 -9999 -9999 -9999 80 80 149.4359130859375 239.9115142822265625 1918.3831787109375 496.976226806640625 148.9112396240234375 80 242.8164520263671875 371.57977294921875 80 1703.8677978515625 2042.2603759765625 2257.43505859375 355.010467529296875 156.4234466552734375 96.40195465087890625 151.4227294921875 275.539337158203125 280.14019775390625 162.6514892578125 80
-9999 -9999 -9999 -9999 -9999 -9999 -9999 284.2059326171875 115.79405975341796875 173.8271636962890625 762.30682373046875 1543.5906982421875 399.303558349609375 80.97174072265625 80 80 80 80 -9999 -9999 -9999 -9999 -9999 -9999 -9999 -9999 -9999 -9999 -9999 80 80 80 80 80 108.7547149658203125 161.8293914794921875 293.81640625 2613.728759765625 211.4019317626953125 80 105.6037750244140625 697.19232177734375 203.59063720703125 128.4970550537109375 80 80 2789.79931640625 139.06964111328125 80 80 80 93.4020538330078125 179.3148651123046875 86.27748870849609375
-9999 -9999 -9999 -9999 -9999 -9999 -9999 364.2059326171875 112.51587677001953125 206.0642852783203125 810.27801513671875 1698.19580078125 612.3531494140625 164.936004638671875 143.113861083984375 128.3370819091796875 137.8271026611328125 182.1728973388671875 80 -9999 -9999 -9999 80 -9999 -9999 -9999 -9999 -9999 -9999 140.1532135009765625 111.6413421630859375 269.22540283203125 164.609375 122.7138824462890625 80 141.1366424560546875 233.3791656494140625 506.335601806640625 2973.622802734375 119.17828369140625 80 90.719970703125 777.19232177734375 763.40423583984375 283.56903076171875 80 676.67999267578125 2445.137939453125 127.0510406494140625 80 80 105.81298065185546875 171.1779937744140625 488.66693115234375
-9999 -9999 -9999 -9999 -9999 -9999 -9999 111.3960418701171875 667.20965576171875 2374.920654296875 3898.769287109375 5890.29931640625 962.5654296875 162.4211273193359375 242.3739776611328125 274.49127197265625 103.8209991455078125 322.04083251953125 100.13205718994140625 226.7245025634765625 309.5133056640625 267.56201171875 198.098724365234375 120.60405731201171875 80 -9999 -9999 -9999 -9999 199.7778778076171875 100.37532806396484375 103.29811859130859375 359.601104736328125 234.524932861328125 202.4226531982421875 98.8633575439453125 171.9069366455078125 186.6704559326171875 3723.575927734375 194.560638427734375 80 190.0572509765625 140.6627197265625 462.3067626953125 1354.6363525390625 137.9017791748046875 119.6150970458984375 3262.27001953125 146.59906005859375 106.393768310546875 133.606231689453125 161.079833984375 167.49566650390625 183.0441131591796875
-9999 -9999 -9999 -9999 -9999 -9999 125.0652923583984375 232.34088134765625 1490.15478515625 731.81280517578125 205.38885498046875 170.450164794921875 6714.7001953125 8028.1689453125 592.8544921875 80 505.861846923828125 80 606.50640869140625 419.314117431640625 258.49835205078125 230.58807373046875 117.15164947509765625 219.4730377197265625 166.48480224609375 80 -9999 -9999 80 157.716339111328125 475.5341796875 143.717193603515625 135.0822296142578125 605.93731689453125 174.7315673828125 255.87982177734375 243.297637939453125 332.225860595703125 163.724853515625 4073.295166015625 140.8971710205078125 137.8997344970703125 352.760406494140625 89.0056610107421875 297.12677001953125 1700.58740234375 80 279.615081787109375 3488.868896484375 80 1134.521484375 848.90216064453125 299.806365966796875 150.8231658935546875
-9999 -9999 -9999 -9999 -9999 80 199.88336181640625 601.86737060546875 549.3779296875 464.893280029296875 338.269744873046875 145.8850860595703125 622.9871826171875 494.6907958984375 9360.1962890625 132.688507080078125 635.36761474609375 1830.601806640625 1798.3638916015625 1473.1923828125 1311.2193603515625 1100.575927734375 884.7496337890625 515.583740234375 279.40814208984375 160 80 -9999 119.47069549560546875 242.283660888671875 375.871795654296875 933.39752197265625 805.3192138671875 1626.3387451171875 94.10518646240234375 240.626373291015625 189.20904541015625 257.140899658203125 404.57659912109375 4482.54931640625 116.92536163330078125 80 217.9048614501953125 487.6236572265625 105.19145965576171875 1978.6629638671875 80 80 439.615081787109375 3568.868896484375 2782.0859375 3413.073974609375 4233.89208984375 4593.9287109375
-9999 -9999 -9999 -9999 -9999 80 80.860107421875 446.3870849609375 391.0511474609375 230.8085174560546875 349.898468017578125 451.553009033203125 288.0404052734375 448.451171875 381.1005859375 9946.5078125 13634.1220703125 1715.2003173828125 218.1623992919921875 163.6696014404296875 120.76894378662109375 81.27399444580078125 80 104.33916473388671875 114.1070556640625 80 136.5196685791015625 80 80 80 187.2098388671875 301.062164306640625 536.90863037109375 80 1773.541259765625 150.28887939453125 277.24017333984375 223.2081298828125 469.850921630859375 2976.712890625 2586.381591796875 113.1945648193359375 80 515.9732666015625 751.2222900390625 1858.1246337890625 80 80 80 80 80 80 180.7200927734375 283.200103759765625
-9999 -9999 -9999 -9999 -9999 -9999 80 350.41162109375 203.4766998291015625 181.807373046875 282.44952392578125 447.690216064453125 384.7728271484375 224.9310455322265625 316.962005615234375 319.3685302734375 14257.740234375 80 80 117.0993499755859375 82.9389190673828125 80 80 130.875885009765625 370.864349365234375 290.864349365234375 103.48032379150390625 80 80 80 183.9897003173828125 250.34564208984375 453.42071533203125 879.055419921875 1565.3486328125 671.39886474609375 122.35797882080078125 282.408447265625 151.0395050048828125 119.68491363525390625 3669.151611328125 2248.6650390625 80 576.4384765625 1314.871337890625 1589.0750732421875 80 167.667236328125 232.332763671875 80 80 80 101.1420135498046875 159.9414215087890625
-9999 -9999 -9999 -9999 -9999 -9999 -9999 190.4644927978515625 144.789764404296875 160.4414520263671875 306.376922607421875 382.95904541015625 245.7069091796875 179.541229248046875 331.9010009765625 272.65887451171875 235.285797119140625 15067.529296875 15344.6982421875 219.64141845703125 208.5565185546875 160 238.784820556640625 401.104339599609375 80 109.1356353759765625 123.00372314453125 262.929718017578125 80 80 102.0463714599609375 175.82745361328125 323.179931640625 617.48004150390625 1370.4525146484375 2905.644287109375 228.1138153076171875 119.253082275390625 361.247406005859375 270.67572021484375 2917.266845703125 3392.57568359375 80 656.4384765625 80 1877.24560546875 1275.2764892578125 471.42431640625 160 84.267608642578125 155.732391357421875 80 80 107.6669769287109375
-9999 -9999 -9999 -9999 -9999 -9999 -9999 -9999 110.46448516845703125 145.231201171875 265.907958984375 263.427978515625 213.241546630859375 221.3178558349609375 245.333251953125 185.2011566162109375 270.467864990234375 224.2458343505859375 267.994384765625 16073.7734375 586.54217529296875 477.42254638671875 453.19537353515625 158.8841552734375 189.1356353759765625 189.7625885009765625 356.17083740234375 94.066558837890625 117.05876922607421875 80 80 129.244720458984375 275.61669921875 360.08721923828125 338.648406982421875 981.285400390625 3406.639892578125 80 143.797149658203125 438.404052734375 3107.254150390625 3658.646728515625 80 433.62005615234375 847.10986328125 1904.920166015625 1742.9886474609375 590.27301025390625 191.486602783203125 187.1551055908203125 186.7281341552734375 160 80 80
-9999 -9999 -9999 -9999 -9999 -9999 -9999 -9999 -9999 90.96875762939453125 185.126617431640625 188.9362640380859375 157.270477294921875 231.20904541015625 144.1516876220703125 152.78546142578125 156.6888580322265625 142.0499267578125 160 193.1588897705078125 17196.19140625 374.55767822265625 214.4287567138671875 240.0964202880859375 1045.1241455078125 721.86688232421875 322.391021728515625 147.1959381103515625 242.1524658203125 80 80 269.692230224609375 422.399505615234375 636.0794677734375 1059.193359375 1411.538330078125 2625.4814453125 2015.703125 80 147.319366455078125 5714.75439453125 1759.209716796875 80 80 80 982.39691162109375 3823.510009765625 1156.7086181640625 81.17351531982421875 384.3702392578125 167.1612091064453125 80 275.59490966796875 247.613250732421875
-9999 -9999 -9999 -9999 -9999 -9999 -9999 -9999 -9999 -9999 116.09537506103515625 123.90462493896484375 80 150.8637237548828125 98.32337188720703125 80 80 80 160 193.115478515625 318.25311279296875 17874.8828125 828.20440673828125 1221.5220947265625 80 80 115.56644439697265625 457.61956787109375 153.5022735595703125 80 143.907501220703125 209.733856201171875 171.52435302734375 220.8809356689453125 362.31719970703125 604.00225830078125 2704.84326171875 4015.40234375 114.09746551513671875 80 6621.0888671875 1185.9635009765625 80 127.1627960205078125 269.951904296875 175.1117706298828125 4736.96435546875 2429.558349609375 1169.1329345703125 1088.9544677734375 195.8068389892578125 80 264.77337646484375 381.325347900390625
