gis/80m/LAI_conif.asc
ncols        128
nrows        143
xllcorner    726726.000000000000
yllcorner    7127190.000000000000
cellsize     80.000000000000
NODATA_value -9999
[rows 21 to 41 of 143, columns 48 to 95 of 128]
0 0 0.58621168136596679688 2.6444823741912841797 3.4568243026733398438 3.1547212600708007812 3.3894457817077636719 3.4062442779541015625 3.7726526260375976562 1.2925994396209716797 0.74823403358459472656 0.58886915445327758789 1.0936193466186523438 0.8292026519775390625 1.4977385997772216797 3.3377499580383300781 1.804724574089050293 1.7365031242370605469 1.4853125810623168945 1.1053661108016967773 0.41085773706436157227 0.023149730637669563293 0.2075653076171875 2.6970462799072265625 2.651699066162109375 0.22338379919528961182 0 0 0.0014667798532173037529 0.45238929986953735352 1.961429595947265625 0.3909956812858581543 0.82644557952880859375 0.78469192981719970703 0.28003802895545959473 1.3869695663452148438 1.8725104331970214844 1.6305682659149169922 1.6989831924438476562 2.0081617832183837891 1.9393608570098876953 1.4511771202087402344 2.1125278472900390625 1.4184460639953613281 0.21812835335731506348 0.76983559131622314453 2.8121995925903320312 2.8656189441680908203
0 0.033476885408163070679 0.014307141304016113281 0.30114233493804931641 2.9451770782470703125 3.3451457023620605469 2.8881013393402099609 2.9487829208374023438 3.5822694301605224609 3.2342731952667236328 0.40460225939750671387 0 0.11852348595857620239 0.055084511637687683105 0.45549041032791137695 0.45170485973358154297 1.8807108402252197266 2.5871596336364746094 3.7257547378540039062 3.812313079833984375 3.945194244384765625 3.6532721519470214844 2.9780874252319335938 2.1572012901306152344 0.29112333059310913086 0.025337537750601768494 0.054435588419437408447 0.014851594343781471252 0 0 0.83519911766052246094 0.63742601871490478516 0.11874222755432128906 0 0.0041240258142352104187 0.21994504332542419434 1.1043671369552612305 1.36779022216796875 0.25412803888320922852 1.0034892559051513672 0.28218415379524230957 1.9490971565246582031 2.3137791156768798828 0.14217461645603179932 0.37698590755462646484 1.0959473848342895508 3.2131292819976806641 3.1786904335021972656
0.26465001702308654785 1.674376368522644043 2.0820105075836181641 2.5044584274291992188 1.1719031333923339844 1.8670966625213623047 2.5152072906494140625 2.6674451828002929688 2.84357452392578125 2.359401702880859375 1.6904375553131103516 0.23793435096740722656 0.80512976646423339844 1.1533204317092895508 1.4205003976821899414 1.0675781965255737305 2.0888891220092773438 3.152309417724609375 3.2869408130645751953 3.7155046463012695312 3.7230682373046875 4.2439441680908203125 4.6266388893127441406 4.7882261276245117188 4.2636437416076660156 3.3953537940979003906 2.9363322257995605469 2.2370862960815429688 0.2256927788257598877 0 0.10030058026313781738 1.3268837928771972656 0.25773528218269348145 0 0.040597099810838699341 0 0.28725567460060119629 0.74487280845642089844 0.0093704564496874809265 0 0.43323078751564025879 2.6940429210662841797 0.90702968835830688477 0.18750254809856414795 0.47737410664558410645 1.2420573234558105469 3.627391815185546875 3.5330829620361328125
1.2305701971054077148 0.043958604335784912109 0 0.12382309138774871826 0.23129573464393615723 0.097438566386699676514 2.3795444965362548828 2.4792475700378417969 1.9870562553405761719 2.9216456413269042969 2.9895849227905273438 1.7867994308471679688 1.865589141845703125 2.5325551033020019531 2.5878326892852783203 3.1038079261779785156 3.600360870361328125 2.9360144138336181641 3.2186882495880126953 3.3639378547668457031 3.98842620849609375 3.7927927970886230469 3.7636120319366455078 4.2001924514770507812 4.261569976806640625 3.5190453529357910156 2.6319105625152587891 3.3509860038757324219 2.6417376995086669922 2.94073486328125 2.7584834098815917969 3.0850007534027099609 1.037386775016784668 0.27850502729415893555 0.08083473891019821167 0 0.014092843979597091675 1.1767257452011108398 0.0037025632336735725403 0.62510377168655395508 1.2630437612533569336 2.7454535961151123047 1.6530680656433105469 1.5429944992065429688 1.5402045249938964844 1.6812111139297485352 3.7336764335632324219 3.2437891960144042969
1.5342748165130615234 2.3359062671661376953 1.8373508453369140625 0.53218913078308105469 0 0 0.45697858929634094238 0.66817617416381835938 2.6959819793701171875 2.9154758453369140625 2.9988703727722167969 0.7598133087158203125 0.48288387060165405273 2.4899988174438476562 2.4857683181762695312 2.5636234283447265625 3.1775908470153808594 3.0227868556976318359 2.76446533203125 2.9692463874816894531 3.1036863327026367188 1.0926827192306518555 0.51885807514190673828 4.1159434318542480469 2.6964468955993652344 2.7190041542053222656 3.5506744384765625 3.9584856033325195312 3.67351531982421875 4.0890626907348632812 3.1072914600372314453 3.063518524169921875 3.150913238525390625 1.2466956377029418945 0.069938689470291137695 0.0080294534564018249512 0.49878066778182983398 1.1826807260513305664 0.05468134954571723938 0.74989753961563110352 0.30256241559982299805 1.8257277011871337891 1.1938345432281494141 1.0870096683502197266 1.3409795761108398438 1.6076750755310058594 3.0087625980377197266 3.6824440956115722656
2.4779756069183349609 2.6909155845642089844 2.7354443073272705078 3.2382302284240722656 2.5668694972991943359 3.4064450263977050781 2.3738698959350585938 1.4800899028778076172 2.7528853416442871094 3.3768711090087890625 3.9075858592987060547 1.9125901460647583008 0.14703726768493652344 2.3154449462890625 2.4927680492401123047 2.5744855403900146484 2.9571506977081298828 3.0116066932678222656 3.4063496589660644531 2.5300922393798828125 3.2499980926513671875 1.1637026071548461914 0.33437132835388183594 0.95520615577697753906 1.117674708366394043 0.9997768402099609375 2.3791747093200683594 3.3297259807586669922 4.1219477653503417969 3.5573272705078125 2.9416158199310302734 2.9172506332397460938 2.8424601554870605469 1.3835252523422241211 0.62857568264007568359 1.0956475734710693359 0.60555326938629150391 0.060115292668342590332 0 0 1.1375130414962768555 2.5705771446228027344 1.8327568769454956055 1.7733020782470703125 1.872890472412109375 1.4821381568908691406 1.2566467523574829102 3.8683807849884033203
2.736385345458984375 2.7061903476715087891 2.5287950038909912109 2.87577056884765625 2.9576790332794189453 3.8775548934936523438 2.9300174713134765625 2.8134646415710449219 2.7150564193725585938 3.1555702686309814453 4.0178928375244140625 3.1482305526733398438 0.20434075593948364258 1.8420838117599487305 2.5158812999725341797 2.7859292030334472656 2.9039959907531738281 3.5459151268005371094 2.9857087135314941406 3.5341832637786865234 3.1184215545654296875 1.7551565170288085938 0.081556648015975952148 0 0.14178627729415893555 0.20322453975677490234 0.12106163054704666138 0.59261679649353027344 3.3822851181030273438 3.1714916229248046875 2.7039232254028320312 3.2123916149139404297 4.0269207954406738281 1.6539092063903808594 0.55946332216262817383 1.5598787069320678711 0.3896051943302154541 0.070087149739265441895 0.047992162406444549561 0.03226373717188835144 2.0397291183471679688 3.0017240047454833984 3.0397372245788574219 3.4316334724426269531 1.9704278707504272461 1.1231744289398193359 0.77569788694381713867 1.3796086311340332031
2.5238130092620849609 2.8442029953002929688 2.6466367244720458984 2.5832417011260986328 2.4137444496154785156 2.8581647872924804688 3.55515289306640625 1.9960305690765380859 1.5307054519653320312 2.7650041580200195312 3.5745477676391601562 2.6331591606140136719 0.086981207132339477539 1.0812370777130126953 2.6647200584411621094 2.76617431640625 2.5015788078308105469 3.2113509178161621094 3.4879355430603027344 3.8839893341064453125 2.0162084102630615234 1.1249074935913085938 0.45538687705993652344 0 0.0021260622888803482056 0.68419945240020751953 0.33547407388687133789 0.39066323637962341309 3.6547422409057617188 3.3059360980987548828 1.2506138086318969727 1.2699077129364013672 2.9122598171234130859 2.0645151138305664062 0.39173245429992675781 0.92495781183242797852 1.1186254024505615234 1.0758938789367675781 0.0093038110062479972839 1.5259543657302856445 2.6491680145263671875 2.92012786865234375 3.3132300376892089844 3.4273428916931152344 3.4757673740386962891 2.235462188720703125 1.2052278518676757812 6.5242202254012227058e-05
2.6638491153717041016 1.1629937887191772461 2.3526747226715087891 2.4165375232696533203 2.3845522403717041016 2.4738898277282714844 2.6113939285278320312 2.3439319133758544922 1.5608637332916259766 2.4621281623840332031 3.0275468826293945312 3.3369374275207519531 2.3987796306610107422 2.2467324733734130859 2.3569085597991943359 2.7913036346435546875 2.4327633380889892578 2.5677495002746582031 3.4482736587524414062 3.6535451412200927734 2.3009853363037109375 0.6119778752326965332 0.67220169305801391602 0.059294559061527252197 0.0017297195736318826675 0.24460566043853759766 1.164586186408996582 1.9840080738067626953 4.3616361618041992188 1.2765629291534423828 0 0 2.382373809814453125 2.73043060302734375 0.98181521892547607422 1.5750417709350585938 1.4124457836151123047 0.63149541616439819336 0.056314073503017425537 3.3577423095703125 3.2675499916076660156 2.9251966476440429688 3.3895182609558105469 3.1095080375671386719 3.3054819107055664062 3.3516833782196044922 1.9444270133972167969 0
2.4762537479400634766 2.3515782356262207031 1.6903731822967529297 2.4407892227172851562 2.3842740058898925781 2.4959712028503417969 2.6330599784851074219 1.5343555212020874023 0.024993270635604858398 1.6002342700958251953 2.8096702098846435547 3.0848250389099121094 3.1421396732330322266 2.8256123065948486328 0.799510955810546875 2.2215340137481689453 2.4672043323516845703 2.3468968868255615234 3.2084145545959472656 3.2617440223693847656 2.2687792778015136719 2.1669573783874511719 0.87413680553436279297 1.6532675027847290039 0.0013364829355850815773 0.0037223494146019220352 0.30381035804748535156 0.23964886367321014404 0.78781759738922119141 0 0 0.91897511482238769531 2.4331145286560058594 2.6041016578674316406 2.9556417465209960938 1.0911797285079956055 2.1023409366607666016 0.19117091596126556396 1.1719982624053955078 4.2277727127075195312 3.3182163238525390625 2.7015557289123535156 3.0504007339477539062 3.0858111381530761719 3.2071895599365234375 3.5910317897796630859 2.1171200275421142578 0.2713241875171661377
1.875396728515625 2.2038559913635253906 2.2728800773620605469 1.8919658660888671875 2.3426678180694580078 2.5801088809967041016 2.9043455123901367188 2.8356211185455322266 1.3557343482971191406 0.39768889546394348145 2.3226504325866699219 2.8151001930236816406 2.8978199958801269531 3.0218911170959472656 2.8118376731872558594 2.2425098419189453125 2.4021153450012207031 2.2285697460174560547 2.4819636344909667969 3.0873351097106933594 2.3377363681793212891 2.6628193855285644531 2.1414692401885986328 3.5769824981689453125 0.16498991847038269043 0.013354858383536338806 0.33825638890266418457 0.56766480207443237305 1.0763025283813476562 2.5605196952819824219 1.3482296466827392578 1.8946554660797119141 2.6849992275238037109 2.0593616962432861328 2.2300443649291992188 1.1734287738800048828 0.88741910457611083984 1.0023837089538574219 1.6223857402801513672 3.7763240337371826172 3.2146620750427246094 3.0439088344573974609 3.4434030055999755859 2.8458414077758789062 0.34459826350212097168 1.2069340944290161133 0.07053165137767791748 0.24287845194339752197
0.34797495603561401367 0.29600101709365844727 0.74620366096496582031 1.5151879787445068359 2.4572682380676269531 2.6456234455108642578 2.8660652637481689453 2.9485199451446533203 1.7868058681488037109 1.4242544174194335938 0.82205295562744140625 1.7855283021926879883 2.9518477916717529297 3.3516957759857177734 2.7417893409729003906 0.90685904026031494141 0.83109384775161743164 1.865489959716796875 2.9498052597045898438 3.4807515144348144531 2.7163114547729492188 2.6921849250793457031 2.7591290473937988281 2.5969862937927246094 1.9062151908874511719 0.34987750649452209473 0.54730623960494995117 2.5401520729064941406 2.6950371265411376953 3.247447967529296875 2.4089922904968261719 3.0149135589599609375 2.0400710105895996094 1.0746005773544311523 2.7343597412109375 2.5533437728881835938 3.5532534122467041016 2.9355683326721191406 1.3241713047027587891 2.7618615627288818359 3.2416844367980957031 2.7759649753570556641 3.250858306884765625 3.0316355228424072266 0.36509412527084350586 0.017648115754127502441 0.029005054384469985962 0.0038806016091257333755
2.2911412715911865234 1.8806281089782714844 0 0.44015812873840332031 1.771838068962097168 2.1813497543334960938 2.599117279052734375 2.5868558883666992188 2.5971570014953613281 1.7788379192352294922 3.161304473876953125 1.3438749313354492188 1.9588743448257446289 2.8514013290405273438 3.3746204376220703125 2.1420035362243652344 1.3058087825775146484 2.0735371112823486328 3.2432274818420410156 1.2732774019241333008 2.7950747013092041016 2.5894856452941894531 2.7944147586822509766 2.6725134849548339844 2.7119045257568359375 1.1412253379821777344 0.66897511482238769531 1.3846187591552734375 2.0965127944946289062 1.8627173900604248047 1.7435038089752197266 2.1729092597961425781 1.0442273616790771484 1.2493977546691894531 2.6624574661254882812 3.0153014659881591797 2.7266387939453125 2.909313201904296875 3.2013614177703857422 3.6529393196105957031 3.4969699382781982422 3.7007317543029785156 2.4906969070434570312 3.5046367645263671875 1.3087031841278076172 0.30694270133972167969 0.27248632907867431641 0.045316800475120544434
2.0385503768920898438 1.9143290519714355469 0.074001498520374298096 1.3697961568832397461 0.35365226864814758301 1.8323122262954711914 2.7887148857116699219 1.7316073179244995117 1.5550360679626464844 0.85144388675689697266 1.4200787544250488281 2.1489577293395996094 1.3928303718566894531 1.9070544242858886719 3.0619215965270996094 3.2966330051422119141 1.9299368858337402344 1.1465992927551269531 2.6392979621887207031 2.5639729499816894531 2.5728499889373779297 2.8165938854217529297 2.7496054172515869141 2.6494901180267333984 2.6764633655548095703 2.6995308399200439453 2.0531566143035888672 2.4079217910766601562 2.0177047252655029297 1.5578751564025878906 1.6504671573638916016 1.7672262191772460938 1.7056733369827270508 2.145092010498046875 2.1223707199096679688 2.7889244556427001953 2.4871296882629394531 3.1697278022766113281 3.1214301586151123047 3.8398389816284179688 3.8462238311767578125 3.2822542190551757812 1.8319818973541259766 3.3066384792327880859 3.0981316566467285156 2.6522974967956542969 2.6262638568878173828 1.4262337684631347656
0.51594316959381103516 2.745174407958984375 1.3212832212448120117 1.5567328929901123047 1.8054032325744628906 1.6380398273468017578 3.3022351264953613281 3.4251263141632080078 3.3288941383361816406 2.4220986366271972656 1.198325037956237793 0.29884934425354003906 1.8247134685516357422 0.88720566034317016602 2.478626251220703125 3.5228602886199951172 3.3891773223876953125 0.71511769294738769531 0.38008683919906616211 2.0294442176818847656 3.65787506103515625 2.798030853271484375 2.6134288311004638672 2.7710900306701660156 2.8549375534057617188 2.7544617652893066406 2.6719884872436523438 2.79648590087890625 2.3128988742828369141 1.7454042434692382812 1.6068639755249023438 1.6686303615570068359 2.1505758762359619141 2.1365914344787597656 1.5756682157516479492 2.4005596637725830078 2.6633284091949462891 2.4595270156860351562 2.3807544708251953125 3.43408203125 1.130570530891418457 0.39165312051773071289 0.76978278160095214844 2.8340983390808105469 3.7107141017913818359 3.1622717380523681641 2.9001951217651367188 1.8360840082168579102
1.7026464939117431641 3.1882312297821044922 2.2616457939147949219 2.22873687744140625 1.3045928478240966797 1.6377131938934326172 3.3235640525817871094 3.8532993793487548828 3.7492775917053222656 4.0331273078918457031 2.4304571151733398438 1.0544259548187255859 0.82656586170196533203 1.0235831737518310547 2.5720157623291015625 3.1530580520629882812 3.349872589111328125 2.7498471736907958984 0.7711817622184753418 1.2646641731262207031 3.2463479042053222656 2.6532621383666992188 2.4328792095184326172 2.6571855545043945312 2.8144927024841308594 3.0770344734191894531 2.953479766845703125 2.8328433036804199219 2.7624564170837402344 2.1686346530914306641 1.6434664726257324219 1.3810873031616210938 2.1873469352722167969 1.5869948863983154297 0.17669142782688140869 2.0779221057891845703 2.5178513526916503906 1.8154188394546508789 1.4383780956268310547 2.2822401523590087891 1.7413592338562011719 0.87575173377990722656 2.0187222957611083984 1.7805184125900268555 3.5545296669006347656 3.2842051982879638672 3.4036014080047607422 2.7076959609985351562
2.4135677814483642578 2.1832444667816162109 2.4438419342041015625 2.2269988059997558594 1.6745533943176269531 0.064520925283432006836 0.653026580810546875 3.4112315177917480469 3.6101775169372558594 3.5507540702819824219 3.6639792919158935547 2.8995749950408935547 1.6527209281921386719 1.6362442970275878906 2.0994088649749755859 2.5162167549133300781 3.0031332969665527344 3.04412078857421875 2.5458142757415771484 3.0512568950653076172 3.0316319465637207031 1.4668040275573730469 0.95114636421203613281 2.6745123863220214844 3.1218571662902832031 3.2553935050964355469 2.8685050010681152344 3.1796665191650390625 2.5834712982177734375 2.1760058403015136719 1.5655872821807861328 1.4572918415069580078 1.709084630012512207 1.4049210548400878906 0.94222402572631835938 1.5613265037536621094 2.3780903816223144531 2.147357940673828125 1.8419555425643920898 1.0094628334045410156 2.5956492424011230469 0.53570902347564697266 0.54814624786376953125 0.79176360368728637695 1.6232259273529052734 3.3625867366790771484 3.294849395751953125 2.2666680812835693359
2.5921618938446044922 0.89307010173797607422 1.7720255851745605469 2.9117760658264160156 3.1384608745574951172 1.2457878589630126953 0.033438511192798614502 2.4977426528930664062 3.6055169105529785156 3.5656585693359375 2.6243238449096679688 0.091585263609886169434 0.041523769497871398926 1.8029568195343017578 2.042491912841796875 2.28124237060546875 2.5555171966552734375 2.9719753265380859375 2.7439641952514648438 3.0279016494750976562 2.8526480197906494141 2.2985546588897705078 1.3485879898071289062 1.8104050159454345703 3.204570770263671875 2.5954377651214599609 1.51312255859375 1.1863030195236206055 0.18169376254081726074 0.33080494403839111328 1.0315651893615722656 3.7793483734130859375 3.4194643497467041016 3.5353941917419433594 3.1073384284973144531 2.6805911064147949219 2.8409209251403808594 2.3902502059936523438 1.523250579833984375 1.1200340986251831055 2.8408269882202148438 0.83739411830902099609 0.77381956577301025391 0.59955966472625732422 0.82344162464141845703 3.3736693859100341797 3.2202486991882324219 3.0119204521179199219
2.4077830314636230469 3.0557427406311035156 2.6084947586059570312 1.3611971139907836914 2.2007534503936767578 2.3051323890686035156 1.4790747165679931641 3.0145525932312011719 3.7313928604125976562 2.6504960060119628906 1.7550361156463623047 0.78453660011291503906 0.55578398704528808594 0.78110575675964355469 2.7628216743469238281 2.9396674633026123047 2.9497251510620117188 2.4373545646667480469 2.553516387939453125 2.7300579547882080078 3.3028931617736816406 3.4736571311950683594 0.6105225682258605957 0.089156076312065124512 1.5095362663269042969 0.95913767814636230469 1.5094954967498779297 1.3875203132629394531 1.397027134895324707 2.4418313503265380859 3.1466917991638183594 2.6828675270080566406 2.3436985015869140625 2.1539680957794189453 2.843906402587890625 3.4155383110046386719 2.8034501075744628906 1.4736988544464111328 0.36859667301177978516 1.0961940288543701172 1.3182547092437744141 2.1709792613983154297 0.4025516510009765625 0.33165735006332397461 1.473529815673828125 2.8863697052001953125 3.3726434707641601562 3.0949275493621826172
1.296889185905456543 2.8456587791442871094 2.1829838752746582031 1.3760837316513061523 2.9209055900573730469 4.0062389373779296875 2.4264919757843017578 4.0084638595581054688 4.0238828659057617188 1.7074174880981445312 1.173065185546875 1.6864345073699951172 3.0447802543640136719 1.3510179519653320312 2.7537679672241210938 3.3063936233520507812 3.5918111801147460938 3.3796267509460449219 3.4463586807250976562 3.4725935459136962891 3.6185245513916015625 3.5127291679382324219 1.1429734230041503906 0 0 0.030013497918844223022 1.5113960504531860352 2.4065623283386230469 2.2765679359436035156 2.5108344554901123047 2.3540313243865966797 2.5093297958374023438 2.1080975532531738281 1.9237966537475585938 1.931079864501953125 2.08880615234375 2.6986782550811767578 2.7865726947784423828 0.4308274388313293457 0.6093514561653137207 0.24957776069641113281 2.3516848087310791016 1.3366742134094238281 0.830379486083984375 1.2748274803161621094 0.51226806640625 1.0156540870666503906 3.2659971714019775391
0.2330179363489151001 1.8282327651977539062 2.2774386405944824219 3.6343593597412109375 4.0298280715942382812 3.4260845184326171875 3.3948297500610351562 3.3796238899230957031 3.8075780868530273438 2.5839323997497558594 1.6613457202911376953 1.5466502904891967773 3.0157501697540283203 2.6083407402038574219 2.6625432968139648438 2.9554166793823242188 3.1860482692718505859 3.8525774478912353516 3.4208283424377441406 3.2123041152954101562 3.486057281494140625 2.8502631187438964844 2.3951578140258789062 1.4249947071075439453 2.5227675437927246094 2.8734745979309082031 3.0341496467590332031 2.8212594985961914062 2.1897528171539306641 2.4338827133178710938 2.4907805919647216797 2.1680574417114257812 2.0672230720520019531 2.15885162353515625 2.1605901718139648438 2.2556271553039550781 1.9434677362442016602 1.7312860488891601562 2.4343724250793457031 0.7190113067626953125 0.48577940464019775391 1.4347037076950073242 2.5094347000122070312 1.1680186986923217773 0.74224269390106201172 0.50137770175933837891 0.70374512672424316406 1.9964669942855834961
