gis/80m/LAI_conif.asc
ncols        128
nrows        143
xllcorner    726726.000000000000
yllcorner    7127190.000000000000
cellsize     80.000000000000
NODATA_value -9999
[rows 63 to 83 of 143, columns 48 to 95 of 128]
3.5837001800537109375 3.7162718772888183594 3.7468914985656738281 2.5705270767211914062 1.2188687324523925781 0.3643093407154083252 2.9512839317321777344 3.551082611083984375 4.6967234611511230469 4.5256142616271972656 4.0634713172912597656 3.8789958953857421875 3.3940534591674804688 3.8386297225952148438 3.16144561767578125 3.6026818752288818359 3.6465020179748535156 3.7397668361663818359 3.2231914997100830078 4.3769946098327636719 4.1577062606811523438 3.8435983657836914062 3.4007620811462402344 3.6758275032043457031 3.6009421348571777344 3.7684257030487060547 3.7734324932098388672 4.354152679443359375 4.3496823310852050781 4.2245583534240722656 3.6339974403381347656 4.0834569931030273438 4.0605511665344238281 3.6358399391174316406 3.5129258632659912109 3.0423154830932617188 3.92364501953125 3.5863204002380371094 3.4107890129089355469 2.8738446235656738281 2.6577749252319335938 2.3404986858367919922 1.9102816581726074219 2.3918995857238769531 3.0406949520111083984 0.20073217153549194336 0.64147078990936279297 2.1915709972381591797
3.4825735092163085938 3.2082774639129638672 3.0070891380310058594 3.4597315788269042969 2.5742812156677246094 2.1300365924835205078 2.8292527198791503906 3.0546827316284179688 4.4288439750671386719 4.1298918724060058594 4.3886203765869140625 3.6783823966979980469 3.5184493064880371094 3.7363767623901367188 4.0629758834838867188 3.7315511703491210938 3.4440660476684570312 2.53728485107421875 1.8875308036804199219 3.6199359893798828125 4.2559556961059570312 3.7836551666259765625 3.4258496761322021484 3.961505889892578125 3.7128133773803710938 4.0919704437255859375 3.7234311103820800781 4.1992120742797851562 4.2652869224548339844 4.3951959609985351562 3.7140045166015625 4.2405591011047363281 3.956790924072265625 3.8839602470397949219 3.320556640625 3.1174650192260742188 3.3813953399658203125 4.0369801521301269531 2.9837222099304199219 2.6202449798583984375 2.962696075439453125 2.8193798065185546875 2.4677710533142089844 2.450160980224609375 1.9274663925170898438 0.1188104674220085144 0.69132119417190551758 3.2314910888671875
2.9676165580749511719 3.0043139457702636719 2.6255452632904052734 3.532558441162109375 3.6525678634643554688 2.1530365943908691406 0 0 3.1540682315826416016 3.8944487571716308594 4.2588033676147460938 3.6175966262817382812 3.3360817432403564453 3.671268463134765625 4.6491589546203613281 4.3772463798522949219 3.448383331298828125 2.87921142578125 2.5130476951599121094 2.7458961009979248047 3.632633209228515625 4.1611819267272949219 3.7771348953247070312 3.8746752738952636719 3.8710737228393554688 4.230007171630859375 4.0222253799438476562 4.0036897659301757812 4.384288787841796875 4.6834917068481445312 3.7476105690002441406 3.9620823860168457031 3.7696251869201660156 3.9393687248229980469 3.2525150775909423828 3.2385931015014648438 3.1423044204711914062 2.8335247039794921875 2.67493438720703125 2.3518481254577636719 2.3211886882781982422 2.5153155326843261719 2.5374453067779541016 2.6828463077545166016 1.8929431438446044922 0.60800033807754516602 1.9266105890274047852 2.6659672260284423828
2.932891845703125 3.3835992813110351562 3.3978271484375 3.22725677490234375 4.1656098365783691406 2.8787605762481689453 2.0446753501892089844 2.6975901126861572266 2.7595295906066894531 2.8832454681396484375 4.1049180030822753906 3.7621097564697265625 2.1272890567779541016 2.9429545402526855469 4.2182316780090332031 4.8605298995971679688 4.0221099853515625 3.3917694091796875 2.9606671333312988281 2.2984499931335449219 2.4077165126800537109 3.4396002292633056641 3.4108791351318359375 3.4613742828369140625 3.3946857452392578125 3.4328360557556152344 3.8829486370086669922 4.0242724418640136719 3.6164038181304931641 4.30865478515625 3.9698863029479980469 3.5513105392456054688 3.4256377220153808594 3.0429430007934570312 3.4615814685821533203 3.3785634040832519531 2.9238352775573730469 2.6734361648559570312 1.9728078842163085938 2.6125364303588867188 2.8765511512756347656 2.438098907470703125 2.7243251800537109375 3.1348237991333007812 1.1208919286727905273 0.72194999456405639648 2.4819931983947753906 3.8061704635620117188
4.0967040061950683594 4.0225849151611328125 3.6181421279907226562 3.4395191669464111328 3.5884528160095214844 3.3942246437072753906 2.6009640693664550781 2.5469365119934082031 3.0461983680725097656 2.6018450260162353516 2.9131593704223632812 4.4948096275329589844 3.7106041908264160156 2.9849958419799804688 3.3791298866271972656 4.6740875244140625 4.5181989669799804688 3.628200531005859375 2.5546867847442626953 2.2450935840606689453 2.4048247337341308594 2.8533306121826171875 3.1781530380249023438 3.0657343864440917969 3.8506956100463867188 3.1096637248992919922 3.3665676116943359375 3.6284506320953369141 3.511173248291015625 3.9692826271057128906 3.8097884654998779297 2.5588457584381103516 3.2379069328308105469 3.4486091136932373047 2.9846744537353515625 3.4668219089508056641 3.0556211471557617188 2.8375561237335205078 2.5819249153137207031 3.8384010791778564453 3.1405160427093505859 2.2647850513458251953 2.3079314231872558594 3.0909595489501953125 0.82789146900177001953 0.0043576592579483985901 2.3747620582580566406 3.2303762435913085938
3.9091100692749023438 3.8646206855773925781 3.9541394710540771484 4.0027260780334472656 3.4250659942626953125 3.9606490135192871094 2.3679614067077636719 3.1199588775634765625 2.8272409439086914062 3.2873053550720214844 2.6160738468170166016 3.7503256797790527344 3.4517939090728759766 3.2290866374969482422 3.0698642730712890625 3.5121784210205078125 4.62702178955078125 4.3883719444274902344 2.9936513900756835938 2.9849042892456054688 2.63486480712890625 2.778972625732421875 3.6690993309020996094 3.3082947731018066406 4.1926836967468261719 4.09173583984375 3.8815472126007080078 3.5811414718627929688 3.7442126274108886719 4.3694772720336914062 3.5443007946014404297 3.0638229846954345703 3.4404196739196777344 3.5480680465698242188 3.1892149448394775391 2.4395284652709960938 4.5276041030883789062 2.9524641036987304688 1.4732651710510253906 3.2564854621887207031 3.8749494552612304688 2.8301413059234619141 2.4128394126892089844 2.4606473445892333984 0.25089281797409057617 0.76673221588134765625 3.5413012504577636719 3.28641510009765625
3.3410708904266357422 3.5076956748962402344 3.5064954757690429688 3.9419770240783691406 3.7198188304901123047 4.062755584716796875 2.8271570205688476562 3.1229546070098876953 2.9596114158630371094 3.1038985252380371094 3.3624591827392578125 3.4256007671356201172 3.6555991172790527344 3.8035039901733398438 3.4409873485565185547 3.301174163818359375 4.2690172195434570312 4.0857806205749511719 4.0689306259155273438 3.1451201438903808594 3.5130858421325683594 2.332729339599609375 2.9183976650238037109 4.0666480064392089844 4.0944614410400390625 4.2382178306579589844 4.0162792205810546875 3.2345476150512695312 3.7681229114532470703 3.8255825042724609375 4.1594705581665039062 3.6557533740997314453 3.2705760002136230469 3.5217576026916503906 2.2468824386596679688 0.37047335505485534668 3.8942859172821044922 3.7820830345153808594 2.8609905242919921875 2.9295291900634765625 3.3941211700439453125 2.7169935703277587891 2.4921104907989501953 1.0064785480499267578 1.1610114574432373047 0.78397238254547119141 2.9839048385620117188 3.5106892585754394531
3.7052979469299316406 3.3646311759948730469 3.2572896480560302734 3.4863443374633789062 3.680225372314453125 4.53784942626953125 3.968509674072265625 3.7644884586334228516 3.7162821292877197266 2.7799997329711914062 2.7414386272430419922 2.8378694057464599609 3.90911865234375 4.1451153755187988281 3.3992085456848144531 3.1911230087280273438 4.0857062339782714844 4.6920895576477050781 3.9022197723388671875 4.030292510986328125 3.2103300094604492188 2.2198228836059570312 2.4278814792633056641 2.6811497211456298828 3.0156550407409667969 4.1313571929931640625 4.4720029830932617188 3.8467912673950195312 3.5444383621215820312 3.0037667751312255859 3.4824209213256835938 3.9769594669342041016 3.6026639938354492188 3.6405825614929199219 2.0511863231658935547 0.12707465887069702148 1.7698473930358886719 3.8044209480285644531 3.6243743896484375 2.5213246345520019531 3.0828328132629394531 0.45464730262756347656 0.87091279029846191406 0.24203126132488250732 0 0 1.3055530786514282227 3.5495791435241699219
3.5153365135192871094 3.7812027931213378906 3.6517131328582763672 3.7042107582092285156 3.1940937042236328125 4.5605282783508300781 4.9353914260864257812 4.21663665771484375 4.5314359664916992188 2.9351885318756103516 2.5565860271453857422 3.7209620475769042969 3.7006592750549316406 4.1993508338928222656 4.4133925437927246094 3.4209008216857910156 3.9595904350280761719 3.9795255661010742188 4.0189113616943359375 4.2429385185241699219 2.7976002693176269531 2.3704447746276855469 2.5077202320098876953 2.4836871623992919922 2.9716651439666748047 3.7131934165954589844 4.0782570838928222656 4.1038331985473632812 3.56618499755859375 3.5201549530029296875 3.3071317672729492188 3.7980520725250244141 3.6359715461730957031 3.5749158859252929688 2.4597668647766113281 0.79288643598556518555 1.0338919162750244141 2.4359781742095947266 1.4958240985870361328 0.031176477670669555664 1.0867743492126464844 0.01208904758095741272 0 0 0 0 0.090533196926116943359 3.7205817699432373047
3.749011993408203125 4.0618424415588378906 3.6172518730163574219 3.1940112113952636719 1.3069807291030883789 3.3922252655029296875 4.3397731781005859375 4.163036346435546875 3.6021037101745605469 3.2400250434875488281 2.8743333816528320312 3.4075582027435302734 3.4842913150787353516 2.7809946537017822266 3.3461456298828125 3.5914659500122070312 3.0732760429382324219 2.7743933200836181641 3.5658702850341796875 2.3020823001861572266 2.4044957160949707031 2.3492491245269775391 2.5172045230865478516 3.0748648643493652344 3.1876311302185058594 3.2494244575500488281 3.3050658702850341797 3.7172143459320068359 4.0447053909301757812 3.8284044265747070312 3.4445922374725341797 4.0546402931213378906 3.6048097610473632812 3.5205125808715820312 2.9674916267395019531 2.6344394683837890625 1.9187910556793212891 0.62217527627944946289 0.015719829127192497253 0 0 0 0 0 0 0.00060191942611709237099 0.762195587158203125 3.8231844902038574219
3.6206731796264648438 3.537929534912109375 3.2285335063934326172 3.3185052871704101562 2.5428097248077392578 3.1856508255004882812 3.8186230659484863281 3.6954424381256103516 3.8518490791320800781 3.1260461807250976562 2.5076305866241455078 2.2305936813354492188 2.9511508941650390625 2.9145224094390869141 2.3519930839538574219 3.1508636474609375 2.8918638229370117188 3.0837531089782714844 3.1204442977905273438 2.4124355316162109375 2.963390350341796875 2.3831200599670410156 2.3054499626159667969 2.3170614242553710938 3.9442043304443359375 3.0477273464202880859 3.0924746990203857422 3.4308876991271972656 4.0999522209167480469 4.1208729743957519531 3.7186298370361328125 4.2892665863037109375 4.2570161819458007812 4.0803971290588378906 4.1035332679748535156 2.5316514968872070312 1.072426915168762207 0.0060271723195910453796 0.59360849857330322266 1.5407874584197998047 0.33882695436477661133 0.055936001241207122803 0.00068155582994222640991 0 0.013009438291192054749 1.0413713455200195312 2.852527618408203125 4.1606497764587402344
3.3929581642150878906 3.4627053737640380859 3.2924184799194335938 3.3952023983001708984 3.3901124000549316406 3.7175858020782470703 3.6246469020843505859 3.5821247100830078125 4.132427215576171875 3.0566477775573730469 2.6464684009552001953 3.0235598087310791016 3.1868052482604980469 2.7451457977294921875 3.0333578586578369141 3.0688920021057128906 3.2914361953735351562 3.7214293479919433594 3.2460832595825195312 3.2988383769989013672 3.7278180122375488281 2.8297338485717773438 2.8429207801818847656 2.3413834571838378906 3.9510087966918945312 3.3052349090576171875 3.2335062026977539062 3.6698336601257324219 2.2836396694183349609 1.0317988395690917969 2.2888355255126953125 2.541896820068359375 2.3618988990783691406 2.3067748546600341797 0 0 0 0.86371624469757080078 2.4599397182464599609 2.8683557510375976562 2.6575794219970703125 1.4822344779968261719 1.4182543754577636719 0.56222605705261230469 1.3719832897186279297 3.1972568035125732422 3.1949377059936523438 3.3651525974273681641
3.6256430149078369141 3.7916922569274902344 3.8115537166595458984 3.6313786506652832031 3.5839414596557617188 3.4426598548889160156 3.6119291782379150391 3.8956861495971679688 4.3047318458557128906 3.1071085929870605469 2.3481385707855224609 3.0855171680450439453 3.1850571632385253906 2.6312642097473144531 2.8440365791320800781 2.889995574951171875 3.4246964454650878906 3.8625946044921875 3.1994524002075195312 3.27620697021484375 3.3628411293029785156 2.54520416259765625 2.8735663890838623047 3.0462508201599121094 3.1834053993225097656 3.5062713623046875 3.4621024131774902344 2.5240240097045898438 0.09070742875337600708 0.18884485960006713867 2.7824072837829589844 2.8541383743286132812 2.9327158927917480469 1.7879978418350219727 0 0 0 2.1767497062683105469 2.5219225883483886719 2.9649100303649902344 2.8453745841979980469 2.7885725498199462891 2.5437455177307128906 2.548313140869140625 2.3357119560241699219 3.2535829544067382812 3.7181718349456787109 3.2656791210174560547
4.0993366241455078125 3.8436217308044433594 3.8625550270080566406 4.0738019943237304688 3.7697272300720214844 3.0698034763336181641 3.4286141395568847656 4.5206613540649414062 4.02634429931640625 3.4499461650848388672 2.3924350738525390625 2.4482450485229492188 3.922672271728515625 2.5681238174438476562 1.5106890201568603516 2.4300837516784667969 2.7015199661254882812 3.4458484649658203125 3.5344815254211425781 3.3319203853607177734 3.1371240615844726562 1.5075941085815429688 2.6820158958435058594 3.0381937026977539062 3.1876039505004882812 3.2319338321685791016 1.222180485725402832 1.4440503120422363281 0.0072460975497961044312 0.0049397121183574199677 0.10648863017559051514 0.53004121780395507812 2.391574859619140625 0.81022226810455322266 0 0 0.25983658432960510254 1.5218405723571777344 2.2836332321166992188 1.7201337814331054688 2.202671051025390625 2.8102779388427734375 2.6339027881622314453 1.5112147331237792969 1.3000521659851074219 2.6740238666534423828 3.229480743408203125 3.1413421630859375
0.84400713443756103516 3.7064740657806396484 3.9984297752380371094 4.172576904296875 4.2242426872253417969 3.3786633014678955078 3.9471883773803710938 4.4705524444580078125 3.4555857181549072266 3.4765844345092773438 2.7188951969146728516 2.3261296749114990234 3.6700367927551269531 2.8816533088684082031 2.3636450767517089844 2.8517489433288574219 2.73603057861328125 2.9271781444549560547 3.6491193771362304688 3.7437262535095214844 2.1506180763244628906 1.7864854335784912109 2.6790165901184082031 3.1406087875366210938 3.1715731620788574219 1.30242919921875 0 0.046731371432542800903 0 0.055487152189016342163 0.43303811550140380859 1.3975195884704589844 1.9894177913665771484 2.5784521102905273438 0.20721042156219482422 0.1783860623836517334 1.2149496078491210938 1.1398801803588867188 1.1713194847106933594 2.0455930233001708984 3.1834888458251953125 3.4466304779052734375 1.4829499721527099609 0.010893459431827068329 0.028172062709927558899 1.5918397903442382812 2.8563063144683837891 3.3079993724822998047
0 1.3852603435516357422 3.585540771484375 3.7816538810729980469 3.01100921630859375 4.3596177101135253906 3.8712136745452880859 3.8823337554931640625 3.1397495269775390625 3.4503998756408691406 2.7613658905029296875 3.0741627216339111328 2.4532375335693359375 2.3039286136627197266 3.4522485733032226562 3.4527673721313476562 4.0499544143676757812 3.1333768367767333984 3.4011688232421875 3.8517870903015136719 1.9307798147201538086 1.9704713821411132812 3.0744905471801757812 3.0017774105072021484 3.5916705131530761719 0.73398792743682861328 0.028313942253589630127 0 0 1.3022087812423706055 2.2813179492950439453 2.4146504402160644531 2.4636461734771728516 1.8103291988372802734 1.3897659778594970703 0.10876031219959259033 2.0970921516418457031 2.9594283103942871094 2.2004094123840332031 0.90527498722076416016 2.8556702136993408203 2.8713364601135253906 0.99469476938247680664 0.35525041818618774414 0 2.8091139793395996094 3.2095322608947753906 3.5412130355834960938
0 0 1.0898621082305908203 2.2822554111480712891 0.19731785356998443604 2.9808526039123535156 3.0909676551818847656 2.3106334209442138672 3.301227569580078125 3.8473381996154785156 3.3064718246459960938 4.3251132965087890625 4.3983697891235351562 3.5332231521606445312 3.1629424095153808594 3.8130400180816650391 4.571956634521484375 4.2125802040100097656 3.0288245677947998047 3.6150214672088623047 3.3846247196197509766 2.5838248729705810547 3.0727984905242919922 1.1010484695434570312 1.2150548696517944336 0.84043407440185546875 0.19330728054046630859 0.008223749697208404541 0.84064519405364990234 1.8860242366790771484 1.1759002208709716797 0.14591224491596221924 1.5277101993560791016 3.0070221424102783203 2.6652975082397460938 0.3190746307373046875 0.42737603187561035156 2.1767282485961914062 2.6027855873107910156 0.72660052776336669922 1.3485219478607177734 2.1767079830169677734 0.0093671530485153198242 0 0.73280501365661621094 3.2005298137664794922 2.9015522003173828125 3.2900362014770507812
0 0 0 0.10009900480508804321 1.4249248504638671875 3.7988126277923583984 1.321041107177734375 1.2901244163513183594 2.3699080944061279297 3.6164944171905517578 3.9744663238525390625 4.2040843963623046875 3.9507203102111816406 3.8926486968994140625 3.5152900218963623047 3.6392321586608886719 4.324604034423828125 4.2288303375244140625 3.2637624740600585938 3.7692592144012451172 3.2715272903442382812 3.0437717437744140625 2.8878505229949951172 1.5050295591354370117 1.9058820009231567383 1.6300525665283203125 0.83639597892761230469 1.4371803998947143555 2.4146554470062255859 0.96272081136703491211 0.33310055732727050781 0.11663621664047241211 0.45246082544326782227 2.9537982940673828125 3.0981512069702148438 1.2502149343490600586 0.78433930873870849609 2.6102323532104492188 2.4518306255340576172 2.4392704963684082031 0.32018354535102844238 1.0297254323959350586 0.0072729261592030525208 0 0.7988230586051940918 3.4001200199127197266 2.9833419322967529297 3.0686697959899902344
0 0.82075846195220947266 2.7931466102600097656 2.6409249305725097656 2.430751800537109375 2.60628509521484375 1.5383026599884033203 1.5304508209228515625 1.7080808877944946289 2.3413374423980712891 4.2375001907348632812 4.2961640357971191406 3.5541920661926269531 3.2745060920715332031 3.3092312812805175781 3.6910066604614257812 3.9413633346557617188 2.9228482246398925781 3.1939020156860351562 4.0109219551086425781 3.387454986572265625 2.2300188541412353516 3.0799975395202636719 2.2970631122589111328 3.0330808162689208984 2.7202219963073730469 2.7797098159790039062 2.4087631702423095703 2.6483941078186035156 2.6503806114196777344 2.9128513336181640625 3.7205936908721923828 3.2445054054260253906 2.3512072563171386719 2.7015275955200195312 1.0314384698867797852 2.6554617881774902344 2.6257119178771972656 2.2190408706665039062 2.4248149394989013672 2.2229189872741699219 0.013647088780999183655 0 0 0.35593312978744506836 3.4426622390747070312 2.9126796722412109375 2.9478473663330078125
0.62589740753173828125 2.3383359909057617188 2.606719970703125 2.704296112060546875 2.4056034088134765625 1.4317786693572998047 1.9008476734161376953 0.91371643543243408203 1.6046259403228759766 1.9867875576019287109 2.645885467529296875 3.2258791923522949219 3.7042107582092285156 4.1547307968139648438 3.8715336322784423828 4.1100854873657226562 4.559864044189453125 3.8207345008850097656 3.7474815845489501953 4.05401611328125 3.2373530864715576172 2.6950218677520751953 2.4058361053466796875 3.4686646461486816406 3.0160245895385742188 3.0057470798492431641 3.0868618488311767578 2.4085667133331298828 2.6052901744842529297 2.7406125068664550781 2.6245131492614746094 3.147979736328125 3.5342626571655273438 3.1072783470153808594 2.4770321846008300781 1.9079191684722900391 1.7356073856353759766 1.8243743181228637695 2.243316650390625 2.6770787239074707031 2.7500448226928710938 0.024050720036029815674 0 0 1.1637086868286132812 2.9250798225402832031 3.1868772506713867188 3.1970739364624023438
2.9328820705413818359 2.687114715576171875 2.9553582668304443359 2.4582970142364501953 2.0308563709259033203 2.4779047966003417969 2.6865887641906738281 2.4475905895233154297 2.20623779296875 2.8552255630493164062 3.5085568428039550781 2.8896021842956542969 1.612028956413269043 2.1469709873199462891 3.6422719955444335938 4.3108472824096679688 4.2323665618896484375 3.3703093528747558594 3.7664341926574707031 4.1807475090026855469 1.0988254547119140625 0.57920020818710327148 0.80729460716247558594 0.83499640226364135742 0.82730519771575927734 2.7432653903961181641 3.6658213138580322266 3.3427338600158691406 3.1764845848083496094 2.9506497383117675781 2.8603622913360595703 2.8005731105804443359 3.1295862197875976562 2.9050261974334716797 3.1618738174438476562 2.8552255630493164062 2.6618480682373046875 2.5685153007507324219 3.1371254920959472656 2.8670420646667480469 1.0556819438934326172 0 0 0.69194900989532470703 2.4662072658538818359 2.8002367019653320312 2.879970550537109375 3.2231972217559814453
