gis/80m/LAI_spruce.asc
ncols        128
nrows        143
xllcorner    726726.000000000000
yllcorner    7127190.000000000000
cellsize     80.000000000000
NODATA_value -9999
[rows 80 to 99 of 143, columns 46 to 91 of 128]
1.050449371337890625 0 0 0 0 0.033876203000545501709 0.62800925970077514648 1.7064945697784423828 0.49782299995422363281 0.37748879194259643555 1.3977102041244506836 1.9178988933563232422 1.9767836332321166992 1.9814383983612060547 1.7997440099716186523 1.6769154071807861328 1.7219181060791015625 1.5495799779891967773 2.4852654933929443359 2.4305565357208251953 1.2061284780502319336 1.5037198066711425781 1.7802834510803222656 1.1423395872116088867 1.1842238903045654297 0.57362949848175048828 0.87343668937683105469 0.63936764001846313477 0.43164870142936706543 0.48764529824256896973 1.3065969944000244141 0.51112073659896850586 0.029822461307048797607 0.0040459837764501571655 0.15038402378559112549 1.5810106992721557617 1.5295790433883666992 0.51705282926559448242 0.54368478059768676758 1.1623227596282958984 1.4987710714340209961 1.1948871612548828125 0.11182855814695358276 0.5583069920539855957 0.0055661587975919246674 0
0.96861732006072998047 0.4027405083179473877 0 0.29976773262023925781 1.3249759674072265625 0.91496598720550537109 0.70467090606689453125 1.0592303276062011719 0.56629455089569091797 0.66208422183990478516 0.94075262546539306641 1.2041121721267700195 2.1494784355163574219 2.3745718002319335938 1.4547401666641235352 1.3692630529403686523 1.3234310150146484375 1.6723803281784057617 1.9185642004013061523 1.0126000642776489258 1.1805461645126342773 1.7928731441497802734 1.7980595827102661133 0.98337668180465698242 1.3012545108795166016 1.0523989200592041016 2.0696732997894287109 1.2129749059677124023 1.2504091262817382812 0.85567420721054077148 0.60595554113388061523 1.0074598789215087891 0.93149733543395996094 1.7294327020645141602 1.858577728271484375 0.68691492080688476562 0.90010225772857666016 0.45663687586784362793 1.4176042079925537109 1.3627517223358154297 1.1965260505676269531 1.5854897499084472656 1.1374129056930541992 0.007813759148120880127 0 0
1.1742724180221557617 1.8041672706604003906 0.32326394319534301758 1.0101028680801391602 0.82342368364334106445 0.77795070409774780273 0.60497170686721801758 0.47276934981346130371 0.48924422264099121094 0.24436894059181213379 0.45900100469589233398 0.76013892889022827148 1.325405120849609375 1.4308611154556274414 1.5334917306900024414 1.5687836408615112305 1.6013205051422119141 1.8063470125198364258 2.3025622367858886719 1.7324922084808349609 1.5076997280120849609 1.987033843994140625 1.7556853294372558594 1.4244277477264404297 1.2405670881271362305 1.9583456516265869141 1.9737890958786010742 2.358341217041015625 1.5179032087326049805 0.7136433720588684082 0.76269418001174926758 0.79932868480682373047 0.74772393703460693359 1.2721043825149536133 2.0232286453247070312 1.3820934295654296875 0.90134501457214355469 1.0104132890701293945 0.72497695684432983398 0.86270946264266967773 1.1561071872711181641 1.2131047248840332031 1.5832642316818237305 0.015499160625040531158 0 0
1.2767996788024902344 1.4443861246109008789 1.5218503475189208984 0.99419778585433959961 0.68449306488037109375 0.59774839878082275391 0.43552830815315246582 0.74381172657012939453 0.83481597900390625 0.7790164947509765625 0.56801939010620117188 0.86634373664855957031 1.1209812164306640625 1.0927431583404541016 0.78235727548599243164 0.98652189970016479492 1.3073101043701171875 2.0063977241516113281 1.9416538476943969727 1.4437537193298339844 1.4807251691818237305 1.6184266805648803711 0.63928252458572387695 0.15119738876819610596 0.38900557160377502441 0.55112475156784057617 0.44776183366775512695 2.2241053581237792969 3.0231633186340332031 2.1180548667907714844 1.4755591154098510742 1.8039437532424926758 1.3378446102142333984 1.3221579790115356445 1.7736338376998901367 1.5967526435852050781 1.8067961931228637695 1.8695296049118041992 1.4012472629547119141 1.0430998802185058594 1.4135346412658691406 1.1738183498382568359 0.43958687782287597656 0 0 0.28153681755065917969
0.90546083450317382812 1.3578736782073974609 1.3020255565643310547 1.3228895664215087891 0.90060961246490478516 0.80791604518890380859 0.72960531711578369141 0.60619205236434936523 0.58041346073150634766 0.55156999826431274414 0.48003676533699035645 0.77291220426559448242 0.69234430789947509766 0.84959656000137329102 0.94522082805633544922 0.88902634382247924805 0.57160872220993041992 0.7823613286018371582 1.508276820182800293 1.7418522834777832031 1.2538123130798339844 1.7393823862075805664 0.32446435093879699707 0.023012718185782432556 0 0 0 0.024802103638648986816 0.79926294088363647461 2.3505928516387939453 2.4633009433746337891 2.1097500324249267578 1.8457368612289428711 1.5966986417770385742 1.1479413509368896484 1.1434496641159057617 1.3533875942230224609 1.7362750768661499023 1.162329554557800293 1.6858747005462646484 1.2885444164276123047 1.1149095296859741211 0.36286777257919311523 0.4143606722354888916 0.33304655551910400391 1.0078514814376831055
0.51129144430160522461 1.0280621051788330078 0.84619927406311035156 1.333668828010559082 0.70917141437530517578 0.67820733785629272461 0.53528183698654174805 0.52986115217208862305 0.44368866086006164551 0.45693328976631164551 0.47752648591995239258 0.43220531940460205078 0.47377961874008178711 0.49757826328277587891 0.52774071693420410156 0.76084309816360473633 1.3377128839492797852 0.57110095024108886719 0.7679774165153503418 0.95776033401489257812 1.2995536327362060547 0.91922515630722045898 0.74329859018325805664 0.20434235036373138428 0.0002379234792897477746 0 0.040638875216245651245 0.17802278697490692139 0.012765156105160713196 0.12752698361873626709 1.4597742557525634766 2.660449981689453125 2.5580759048461914062 2.6497364044189453125 0.69049555063247680664 1.0436166524887084961 1.2516636848449707031 0.59483808279037475586 1.1121671199798583984 2.2163329124450683594 2.2906415462493896484 1.7037155628204345703 1.1884695291519165039 0.85543298721313476562 0.60243374109268188477 0.5716597437858581543
0.50806409120559692383 0.3964322209358215332 0.78888887166976928711 1.2179092168807983398 1.2043415307998657227 0.76079881191253662109 0.48944762349128723145 0.45928108692169189453 0.5668544769287109375 0.5353367924690246582 0.47312644124031066895 0.41590446233749389648 0.40454018115997314453 0.38906165957450866699 0.44438821077346801758 0.60228872299194335938 0.54008769989013671875 0.76289612054824829102 0.47852462530136108398 0.55424511432647705078 1.316552281379699707 0.98076015710830688477 1.1741315126419067383 0.67682534456253051758 0.10689482837915420532 0.4164448082447052002 1.7174348831176757812 1.5357592105865478516 0.86616241931915283203 0.056216172873973846436 1.0142396688461303711 1.6143196821212768555 2.4649193286895751953 3.1649885177612304688 2.0222215652465820312 2.2913239002227783203 3.0347628593444824219 2.6655969619750976562 0.63446611166000366211 1.9644590616226196289 2.7757313251495361328 1.8124052286148071289 1.5959078073501586914 1.2296470403671264648 1.1009100675582885742 0.74253195524215698242
0.41857042908668518066 0.40419179201126098633 0.35913366079330444336 0.38114255666732788086 0.70226514339447021484 0.90317064523696899414 0.56573200225830078125 0.52920234203338623047 0.44478696584701538086 0.43408769369125366211 0.55793422460556030273 0.47647851705551147461 0.46962341666221618652 0.34309330582618713379 0.36999297142028808594 0.40432414412498474121 0.39418825507164001465 0.25012895464897155762 0.57611542940139770508 0.42865502834320068359 1.392373204231262207 2.0792329311370849609 2.0393915176391601562 2.1282939910888671875 2.5716345310211181641 2.9343893527984619141 2.0116496086120605469 1.7390366792678833008 2.0735547542572021484 1.607692718505859375 1.1837519407272338867 1.2772779464721679688 0.8524913787841796875 2.9707601070404052734 3.292903900146484375 2.7250783443450927734 2.7222304344177246094 2.2210845947265625 0.88697516918182373047 1.3864470720291137695 1.7252843379974365234 1.2947514057159423828 1.382908940315246582 1.1402809619903564453 1.8314369916915893555 1.5480133295059204102
0.33273676037788391113 0.55981564521789550781 0.28188145160675048828 0.40895065665245056152 0.58487176895141601562 1.0967422723770141602 0.57835394144058227539 0.82047253847122192383 0.5961430668830871582 0.57941138744354248047 0.47136688232421875 0.37531992793083190918 0.24643348157405853271 0.46815061569213867188 0.6366589665412902832 0.44724684953689575195 0.17251996695995330811 0.52866858243942260742 0.27525493502616882324 0.62030029296875 1.2233445644378662109 1.4737782478332519531 1.989527583122253418 2.0344252586364746094 2.0175311565399169922 0.92100119590759277344 0.76837682723999023438 0.50840789079666137695 1.3123351335525512695 1.4604517221450805664 1.2525906562805175781 0.70772606134414672852 0.37778332829475402832 2.2009799480438232422 2.6080009937286376953 2.7093453407287597656 3.2028677463531494141 2.4367337226867675781 1.9452042579650878906 1.6923371553421020508 1.1848695278167724609 1.2345051765441894531 1.2193365097045898438 0.94196081161499023438 1.0676518678665161133 1.2171956300735473633
0.35149782896041870117 0.54848837852478027344 0.65591168403625488281 0.41143620014190673828 0.42491269111633300781 1.1103675365447998047 0.88604444265365600586 0.99215120077133178711 0.6742159724235534668 0.49274924397468566895 0.56083947420120239258 0.67902797460556030273 0.2282848060131072998 0.33477059006690979004 0.74930536746978759766 0.83958429098129272461 0.82949608564376831055 0.51538920402526855469 0.48645243048667907715 0.56071197986602783203 0.64891016483306884766 1.2434034347534179688 0.56693911552429199219 0.96860504150390625 1.0283049345016479492 0.44750568270683288574 0.28283935785293579102 0.22060066461563110352 0.42185869812965393066 1.0613714456558227539 1.3481401205062866211 0.66010612249374389648 0.85102981328964233398 1.3072577714920043945 0.98685908317565917969 2.0969667434692382812 3.3949475288391113281 3.3632175922393798828 2.7928471565246582031 1.9057633876800537109 2.1927583217620849609 1.6621851921081542969 1.4119451045989990234 1.05956268310546875 1.3921520709991455078 0.75129073858261108398
0.37443631887435913086 0.2447274625301361084 0.50538301467895507812 0.33818355202674865723 0.31116086244583129883 0.51431894302368164062 1.266962885856628418 0.40746921300888061523 0.41090476512908935547 0.27332779765129089355 0.50827521085739135742 0.65063905715942382812 0.63734668493270874023 0.52167379856109619141 0.68350398540496826172 0.6471322178840637207 0.60525900125503540039 0.8179874420166015625 0.79918009042739868164 0.55084949731826782227 0.41903531551361083984 0.90891528129577636719 0.85847771167755126953 1.0398225784301757812 1.0415406227111816406 0.62018150091171264648 0.4368686378002166748 0.64921236038208007812 0.32622024416923522949 0.2330903857946395874 0.9628403782844543457 1.2539483308792114258 1.4635403156280517578 1.291001439094543457 0.84625595808029174805 1.4099864959716796875 2.9881341457366943359 2.9138379096984863281 3.2589941024780273438 3.1215786933898925781 2.3437378406524658203 1.6433905363082885742 1.5520750284194946289 1.1432281732559204102 1.2729594707489013672 1.0077794790267944336
0.16635833680629730225 0.26534134149551391602 0.20779645442962646484 0.4110596776008605957 0.48131018877029418945 0.68498176336288452148 0.78244650363922119141 0.51862335205078125 0.45375561714172363281 0.81516379117965698242 0.79240626096725463867 0.6056931614875793457 0.5259297490119934082 0.4831816554069519043 0.33671703934669494629 0.63966107368469238281 0.94936299324035644531 1.4769765138626098633 0.97324329614639282227 0.80022400617599487305 0.54835563898086547852 0.68222147226333618164 0.69479084014892578125 0.70943987369537353516 0.72825133800506591797 1.038390040397644043 0.73340183496475219727 0.4060306251049041748 0.22820556163787841797 0.31799262762069702148 0.41968536376953125 0.81842362880706787109 1.5448029041290283203 1.1845048666000366211 1.0873891115188598633 1.4172188043594360352 1.1225070953369140625 1.9539098739624023438 2.853374481201171875 2.9456646442413330078 2.4358916282653808594 1.3400282859802246094 1.2264183759689331055 1.3692666292190551758 1.3413815498352050781 1.6204967498779296875
0.86506307125091552734 0.6936690211296081543 0.63289797306060791016 0.46137550473213195801 0.35363417863845825195 1.1114065647125244141 0.46480852365493774414 0.36917465925216674805 0.26880729198455810547 1.1431980133056640625 1.1775178909301757812 1.0484470129013061523 0.51408034563064575195 0.28361091017723083496 0.39914420247077941895 0.82917904853820800781 1.3137867450714111328 1.236082911491394043 1.1212118864059448242 1.0184650421142578125 0.91067814826965332031 0.75028836727142333984 1.1077032089233398438 1.2673906087875366211 1.024808049201965332 1.1617604494094848633 0.66466546058654785156 0.47757399082183837891 0.60281574726104736328 1.1246533393859863281 0.67228037118911743164 0.53442591428756713867 0.42979061603546142578 0.2356189340353012085 0.2369317859411239624 0.5976924896240234375 0.70579129457473754883 0.82101905345916748047 1.5876823663711547852 1.9696456193923950195 2.9476459026336669922 2.1579356193542480469 0.13904108107089996338 0.57556521892547607422 1.2388894557952880859 0.88637882471084594727
0.94605326652526855469 1.4532167911529541016 1.0625574588775634766 1.2119103670120239258 1.2761555910110473633 1.3236460685729980469 0.73242384195327758789 0.15637154877185821533 0.33263307809829711914 0.92735004425048828125 1.4513698816299438477 1.4134640693664550781 0.74750274419784545898 0.48547923564910888672 0.56796926259994506836 1.0441933870315551758 1.0396920442581176758 1.2305942773818969727 1.3123286962509155273 1.2050555944442749023 1.0384916067123413086 0.94353729486465454102 1.0470356941223144531 1.1226867437362670898 1.0263291597366333008 0.70486944913864135742 0.568096160888671875 0.52863174676895141602 0.6164754033088684082 1.1697969436645507812 1.2305012941360473633 0.87746429443359375 0.38364684581756591797 0.11526624858379364014 0.015481833368539810181 0.32531455159187316895 0.43597507476806640625 0.78729319572448730469 0.72090226411819458008 0.63895463943481445312 1.079058527946472168 0.88465356826782226562 0.20565752685070037842 0.74183994531631469727 1.1617064476013183594 0.66365587711334228516
0.42659419775009155273 0.67888128757476806641 1.1171233654022216797 1.0234403610229492188 0.72735512256622314453 0.53381496667861938477 0.20930489897727966309 0.10443986952304840088 0.67182463407516479492 0.50060254335403442383 1.1739640235900878906 1.405517578125 1.3652741909027099609 -9999 0.86706048250198364258 0.9255695343017578125 1.1924992799758911133 1.3077543973922729492 1.3691942691802978516 1.4772511720657348633 1.3257118463516235352 1.2544522285461425781 1.1378477811813354492 1.0143855810165405273 0.62095338106155395508 0.79854404926300048828 0.89721345901489257812 0.33828872442245483398 0.62595766782760620117 0.94503754377365112305 0.76910126209259033203 0.78883457183837890625 1.1372952461242675781 0.4860439300537109375 0.20199202001094818115 0.03507433086633682251 0.02802366204559803009 0.17209905385971069336 0.46654346585273742676 0.91453230381011962891 0.89828592538833618164 1.2663022279739379883 0.34837499260902404785 1.2023683786392211914 0.87145733833312988281 0.99795967340469360352
1.2465020418167114258 1.6136176586151123047 1.2766256332397460938 1.0335808992385864258 0.70930743217468261719 0.67620414495468139648 0.65931475162506103516 0.46262916922569274902 1.1052590608596801758 0.72647166252136230469 0.68051797151565551758 0.91103327274322509766 0.8234882354736328125 1.8714317083358764648 1.7551934719085693359 1.4851032495498657227 1.2952456474304199219 1.31731414794921875 1.5237728357315063477 1.4864383935928344727 1.4031394720077514648 1.4251070022583007812 1.4494991302490234375 0.97992628812789916992 0.78179800510406494141 1.3276864290237426758 1.5078427791595458984 0.755489349365234375 0.54351270198822021484 0.91001313924789428711 0.52455347776412963867 0.31534162163734436035 0.86676877737045288086 0.5946979522705078125 0.33523640036582946777 0.48891559243202209473 0.31893885135650634766 0.27982050180435180664 0.14938290417194366455 0.57809197902679443359 0.35371127724647521973 1.4029043912887573242 0.43693342804908752441 0.72877335548400878906 0.79281789064407348633 0.61303240060806274414
0.10269901901483535767 1.1077791452407836914 1.4140539169311523438 1.3688510656356811523 1.4674973487854003906 1.424752354621887207 1.1552449464797973633 1.1531924009323120117 1.3266229629516601562 1.5688641071319580078 1.6775759458541870117 0.83704876899719238281 1.1165634393692016602 1.2398746013641357422 1.1643244028091430664 1.5221598148345947266 1.1316269636154174805 0.95055103302001953125 1.4584679603576660156 1.1934056282043457031 1.4082506895065307617 1.5271106958389282227 1.3338981866836547852 1.3007385730743408203 1.2294979095458984375 1.7873846292495727539 1.600045323371887207 1.1988337039947509766 0.64174962043762207031 1.1190928220748901367 1.0148888826370239258 0.55089765787124633789 0.78794872760772705078 0.92956370115280151367 1.2183079719543457031 0.92673629522323608398 0.59193372726440429688 0.53925156593322753906 0.25443622469902038574 0.66508024930953979492 0.55899858474731445312 1.6666680574417114258 0.21746942400932312012 0.51474487781524658203 1.0153601169586181641 1.2050435543060302734
1.5280243158340454102 1.0034731626510620117 1.1872299909591674805 1.5675156116485595703 1.9698761701583862305 1.9054721593856811523 1.741804957389831543 1.5588740110397338867 1.6734350919723510742 1.1889232397079467773 1.243320465087890625 0.50570130348205566406 0.75931215286254882812 0.63230860233306884766 0.45748865604400634766 0.47232455015182495117 1.211124420166015625 1.3204607963562011719 0.79628908634185791016 0.70781052112579345703 0.98797386884689331055 1.5029712915420532227 1.1605718135833740234 1.0684510469436645508 1.1100310087203979492 1.5499252080917358398 1.345401763916015625 1.0388758182525634766 1.2402865886688232422 0.91051888465881347656 1.0077083110809326172 0.71464228630065917969 0.16824364662170410156 0.021815370768308639526 0.238520011305809021 1.2171034812927246094 0.88624113798141479492 0.62186127901077270508 0.52535784244537353516 0.35248893499374389648 0.87695109844207763672 0.82867223024368286133 0.031706955283880233765 0.17212851345539093018 0.11498907208442687988 0.66443908214569091797
1.4404793977737426758 0.97819942235946655273 1.1506669521331787109 0.82626307010650634766 0.54001951217651367188 1.4144763946533203125 1.6148051023483276367 1.3887972831726074219 1.5324455499649047852 1.1941291093826293945 0.54982447624206542969 0.63192266225814819336 0.46626865863800048828 0.67760622501373291016 0.060783084481954574585 0.37996894121170043945 1.2070686817169189453 1.6568949222564697266 0.79128229618072509766 0.31190741062164306641 0.25965920090675354004 0.64724504947662353516 0.74614757299423217773 0.80084824562072753906 1.6520216464996337891 0.81944233179092407227 0.72196650505065917969 0.83168339729309082031 0.61984527111053466797 0.70857310295104980469 0.75928789377212524414 0.41101542115211486816 0.025623328983783721924 0 0.24914854764938354492 1.0839062929153442383 0.8079726099967956543 0.72411060333251953125 0.87452512979507446289 0.44118157029151916504 0.68136328458786010742 1.1196317672729492188 0.14521591365337371826 0 1.2394286394119262695 1.3721678256988525391
0.031214911490678787231 0.86780005693435668945 0.78124910593032836914 0.95037829875946044922 1.6622434854507446289 1.4833612442016601562 1.2115911245346069336 1.2179664373397827148 0.86217743158340454102 0.89051002264022827148 0.91712373495101928711 0.91412532329559326172 1.3593529462814331055 1.4596323966979980469 1.008159637451171875 1.2840079069137573242 0.83636415004730224609 0.76714521646499633789 0.95290666818618774414 1.0937550067901611328 1.4502716064453125 1.332424163818359375 0.33866417407989501953 1.0105420351028442383 0.99383729696273803711 0.95765948295593261719 0.44146075844764709473 0.60236304998397827148 0.50889807939529418945 0.33620107173919677734 0.27188667654991149902 0.49869012832641601562 0.59847718477249145508 0.67521005868911743164 1.5133869647979736328 1.2173846960067749023 1.3810707330703735352 1.0404285192489624023 1.4865585565567016602 0.5552692413330078125 0.7007268071174621582 0.73940396308898925781 1.0687440633773803711 1.0756261348724365234 0.90635508298873901367 0.56558984518051147461
