gis/80m/LAI_conif.asc
ncols        128
nrows        143
xllcorner    726726.000000000000
yllcorner    7127190.000000000000
cellsize     80.000000000000
NODATA_value -9999
[rows 105 to 125 of 143, columns 48 to 95 of 128]
2.7321786880493164062 3.0267190933227539062 2.1088290214538574219 1.7053649425506591797 1.9707486629486083984 0.30277818441390991211 0.030232587829232215881 0 0.017844865098595619202 0.15859657526016235352 0.38839060068130493164 0.67458373308181762695 1.018921971321105957 1.7045094966888427734 2.0410890579223632812 3.6670131683349609375 2.9684238433837890625 2.2754201889038085938 2.1336426734924316406 2.5448999404907226562 3.6592669486999511719 3.9304299354553222656 2.8141663074493408203 3.0013270378112792969 3.9158189296722412109 4.0512828826904296875 3.3273677825927734375 3.259124755859375 3.6108319759368896484 3.0718951225280761719 3.0601592063903808594 3.1416213512420654297 3.4302887916564941406 3.106960296630859375 3.1196107864379882812 2.8405311107635498047 2.7449116706848144531 2.6664144992828369141 2.2372822761535644531 1.9172112941741943359 2.3540322780609130859 3.1889939308166503906 3.3333516120910644531 3.4286692142486572266 3.0445952415466308594 2.9191572666168212891 2.2115354537963867188 2.8284745216369628906
2.9987611770629882812 3.2587060928344726562 2.5891237258911132812 1.7342329025268554688 2.0380597114562988281 0.56528556346893310547 0.064026609063148498535 0 0 1.6354147195816040039 0.51935946941375732422 0 0 0 0.34241884946823120117 4.3515896797180175781 3.3013329505920410156 2.6895022392272949219 2.4129045009613037109 2.7857527732849121094 3.5294573307037353516 3.79608917236328125 3.9174990653991699219 3.9976711273193359375 4.1995019912719726562 4.0864458084106445312 2.8267130851745605469 3.0738918781280517578 3.4846179485321044922 3.2612802982330322266 3.1607062816619873047 3.0908703804016113281 3.1426148414611816406 3.5128946304321289062 3.061435699462890625 2.7802424430847167969 3.0238764286041259766 2.715679168701171875 2.3800220489501953125 2.1731781959533691406 1.8283630609512329102 2.2419884204864501953 2.7906134128570556641 3.3896608352661132812 3.7469315528869628906 3.1770551204681396484 3.0200681686401367188 3.3242037296295166016
3.6005525588989257812 3.372493743896484375 3.6606097221374511719 1.807103276252746582 1.6715215444564819336 1.5937976837158203125 1.2407634258270263672 0.60977399349212646484 0.0042366725392639636993 0.033471841365098953247 0.02036810852587223053 0.011909804306924343109 0.015976566821336746216 0.073681458830833435059 1.4709768295288085938 3.2570364475250244141 3.4329080581665039062 3.4351096153259277344 2.8445196151733398438 2.9119112491607666016 3.5239887237548828125 3.6473317146301269531 3.6187977790832519531 3.2708501815795898438 3.1303586959838867188 3.4699063301086425781 3.4778585433959960938 3.6211919784545898438 3.5982382297515869141 3.2998554706573486328 2.9825758934020996094 3.0791025161743164062 3.5465254783630371094 3.481021881103515625 3.5787992477416992188 2.8220844268798828125 2.7577672004699707031 2.8321928977966308594 2.6247189044952392578 2.493366241455078125 2.3000011444091796875 1.7316631078720092773 1.7101404666900634766 2.1218328475952148438 2.5221498012542724609 3.4565589427947998047 3.4870359897613525391 3.1315598487854003906
3.5061736106872558594 3.1130218505859375 3.735073089599609375 2.4540550708770751953 1.065250396728515625 2.2418324947357177734 1.4567627906799316406 0.94179183244705200195 0.65160077810287475586 0.16040955483913421631 0.025779947638511657715 0.0037149849813431501389 0.0049835164099931716919 0 2.8372440338134765625 2.8911194801330566406 3.2333464622497558594 3.3667149543762207031 3.0464737415313720703 2.7880401611328125 3.2460465431213378906 3.6412403583526611328 3.3972392082214355469 2.9409966468811035156 2.9719707965850830078 3.2193508148193359375 3.4245257377624511719 3.6126298904418945312 3.4347486495971679688 3.7209146022796630859 3.6516995429992675781 3.372188568115234375 3.8667309284210205078 3.9802644252777099609 3.3094727993011474609 3.2707276344299316406 3.0999841690063476562 3.5506641864776611328 2.7978546619415283203 2.5083980560302734375 2.0110723972320556641 2.4930894374847412109 2.6031553745269775391 2.3248264789581298828 2.7373592853546142578 2.6313214302062988281 2.2900943756103515625 2.8020215034484863281
3.7715353965759277344 3.7416765689849853516 3.3900485038757324219 2.7820460796356201172 0.44390228390693664551 1.0776627063751220703 2.4032981395721435547 1.4508708715438842773 1.7800221443176269531 1.0661184787750244141 0.83731031417846679688 0.46417978405952453613 0.094459235668182373047 0.65605622529983520508 2.5674295425415039062 2.4898293018341064453 2.6686570644378662109 3.0411434173583984375 2.9303174018859863281 2.5777392387390136719 3.2328810691833496094 4.1190023422241210938 3.4115443229675292969 3.1015267372131347656 3.1571750640869140625 3.2905492782592773438 3.1912646293640136719 3.476863861083984375 3.8836863040924072266 3.5836689472198486328 3.5196197032928466797 3.6665675640106201172 3.504741668701171875 3.4780859947204589844 3.0932993888854980469 3.2961473464965820312 3.2311954498291015625 2.7013871669769287109 3.0186023712158203125 2.8212580680847167969 2.4542522430419921875 2.2050709724426269531 2.7317330837249755859 2.4420711994171142578 2.1233110427856445312 2.2749466896057128906 2.3144390583038330078 1.9396219253540039062
3.2495470046997070312 2.9233069419860839844 2.9572300910949707031 2.9652256965637207031 1.5955307483673095703 0.067101053893566131592 2.0591504573822021484 1.9370732307434082031 1.2580572366714477539 1.2791407108306884766 1.3394072055816650391 1.3505549430847167969 1.1466629505157470703 1.5338560342788696289 2.2490377426147460938 2.8944189548492431641 2.7096705436706542969 2.6443941593170166016 2.6120548248291015625 3.1425404548645019531 3.7962672710418701172 3.6608986854553222656 3.2860383987426757812 3.2349159717559814453 3.0350351333618164062 3.2592310905456542969 3.2595553398132324219 3.6974849700927734375 4.1788687705993652344 4.0083255767822265625 3.6345655918121337891 2.9161972999572753906 3.6566896438598632812 3.2968120574951171875 3.0501666069030761719 3.1736688613891601562 3.0776057243347167969 2.7987599372863769531 2.6411166191101074219 2.5617403984069824219 2.6935396194458007812 2.4152140617370605469 2.5114891529083251953 2.5044660568237304688 2.6984953880310058594 2.6036562919616699219 3.0599424839019775391 1.5460581779479980469
3.1469128131866455078 2.8813512325286865234 2.7489080429077148438 2.7596836090087890625 2.5190129280090332031 0.011544855311512947083 0.19183492660522460938 1.8563017845153808594 1.4741661548614501953 1.381392359733581543 1.0437475442886352539 2.7105469703674316406 2.137081146240234375 1.9751186370849609375 1.8365304470062255859 2.7204880714416503906 2.5648088455200195312 2.5763916969299316406 2.6648447513580322266 3.6160082817077636719 4.0877170562744140625 3.7955691814422607422 3.3477983474731445312 3.1465456485748291016 0 0 3.0293378829956054688 3.2406258583068847656 3.7350444793701171875 2.8395166397094726562 2.8259220123291015625 3.3497762680053710938 3.8299264907836914062 3.48410797119140625 3.0921237468719482422 3.0074212551116943359 3.05029296875 2.6011979579925537109 3.104785919189453125 2.5384736061096191406 2.5811057090759277344 2.990509033203125 2.5828003883361816406 2.6305780410766601562 2.5828845500946044922 2.7609224319458007812 3.4272084236145019531 3.8349518775939941406
2.9532589912414550781 2.8633518218994140625 2.662616729736328125 2.6399948596954345703 1.0441662073135375977 0.05414338037371635437 0 1.2380911111831665039 3.2718477249145507812 1.5792442560195922852 1.3119939565658569336 3.2920660972595214844 2.5551660060882568359 1.9634276628494262695 2.0059101581573486328 2.8026361465454101562 2.8792171478271484375 3.1631498336791992188 2.955539703369140625 3.6742720603942871094 4.1182751655578613281 3.883022308349609375 3.5742740631103515625 3.2067916393280029297 3.2250204086303710938 0 0 0 3.4432234764099121094 2.93527984619140625 2.8832669258117675781 3.4919381141662597656 3.9221301078796386719 4.0716333389282226562 3.2571051120758056641 2.6451201438903808594 2.5870201587677001953 3.0386421680450439453 3.4384527206420898438 3.1947047710418701172 2.8587079048156738281 2.9450345039367675781 2.2749395370483398438 2.6469211578369140625 2.6108126640319824219 3.1124298572540283203 3.4896883964538574219 3.5050730705261230469
3.2319731712341308594 2.7619037628173828125 2.4849390983581542969 2.7444524765014648438 0.19878989458084106445 0.57227855920791625977 0.62571746110916137695 0.82977962493896484375 2.4063234329223632812 2.6529684066772460938 3.75835418701171875 3.1196677684783935547 2.8107128143310546875 2.7131769657135009766 2.5663685798645019531 2.662044525146484375 3.2045731544494628906 3.2068967819213867188 2.9654269218444824219 3.1536219120025634766 3.3795418739318847656 3.8412539958953857422 3.8462307453155517578 0 0 0 0 0 0 0 2.3234448432922363281 3.7308335304260253906 2.1533360481262207031 3.5926256179809570312 2.6015582084655761719 2.5987496376037597656 2.9901490211486816406 2.8215177059173583984 2.8389089107513427734 2.6729459762573242188 2.6657953262329101562 2.7038602828979492188 2.7117636203765869141 2.6294140815734863281 3.1145520210266113281 3.537967681884765625 3.4658503532409667969 4.0066585540771484375
2.9192531108856201172 2.9703269004821777344 2.7073531150817871094 3.1946160793304443359 1.527707219123840332 0.51481020450592041016 0.41005092859268188477 1.9255404472351074219 0.56290555000305175781 1.6010444164276123047 3.7829494476318359375 3.3866465091705322266 2.6224331855773925781 2.9282355308532714844 2.5819973945617675781 2.321392059326171875 2.269329071044921875 2.7074878215789794922 2.6234674453735351562 0 0 0 0 0 0 0 0 0 0 0 0 0 0 0 0.76514470577239990234 0.58279788494110107422 1.8503775596618652344 2.5505731105804443359 2.6446533203125 2.6020324230194091797 2.2620122432708740234 2.6320891380310058594 2.8444836139678955078 2.0728249549865722656 1.4537422657012939453 1.9018847942352294922 1.9211223125457763672 1.9473130702972412109
1.8117612600326538086 3.0576567649841308594 2.8612561225891113281 2.6878292560577392578 1.5284999608993530273 0.42926177382469177246 1.1633746623992919922 0.83103346824645996094 0.12425131350755691528 0 0.93122744560241699219 2.8782591819763183594 2.9776172637939453125 2.27610015869140625 1.6471035480499267578 0 0 0 0 0 0 0 0 0 0 0 0 0 0 0 0 0 0 0 0 0.76361298561096191406 0.28185254335403442383 1.5044058561325073242 2.4422974586486816406 2.6672618389129638672 2.5576906204223632812 2.5164384841918945312 2.0572855472564697266 1.1939543485641479492 0.88498228788375854492 0.72645980119705200195 0.9213631749153137207 0.9628340601921081543
0.36622422933578491211 0.5573495030403137207 1.940457463264465332 2.2351572513580322266 0.6943264007568359375 1.7584698200225830078 2.3123013973236083984 0.46857401728630065918 0.011418131180107593536 0 0 2.3622367382049560547 2.8500905036926269531 2.2930874824523925781 0 0 0 0 0 0 0 0 0 0 0 0 0 0 0 0 0 0 0 0 0 0 0.18076303601264953613 0.2002188265323638916 0.48765397071838378906 1.3602914810180664062 2.3724050521850585938 2.4922804832458496094 1.3686950206756591797 0.85648512840270996094 1.1384875774383544922 0.94653761386871337891 0.76912820339202880859 1.2915704250335693359
0 0.0024427697062492370605 0.014134030789136886597 0.07067057490348815918 0.142443045973777771 0.48585861921310424805 2.2446832656860351562 0.27401179075241088867 0 0 0 1.7262358665466308594 2.7894988059997558594 0 0 0 0 0 0 0 0 0 0 0 0 0 0 0 0 0 0 0 0 0 0 0 0.23094035685062408447 0.10961005836725234985 0.32634258270263671875 1.0621134042739868164 1.2470631599426269531 1.225361943244934082 1.0317131280899047852 1.2398126125335693359 0.7908732295036315918 0.73669183254241943359 1.1781013011932373047 1.2593235969543457031
0 0 0 0 1.2915122509002685547 1.9760861396789550781 1.1180298328399658203 0.74948966503143310547 0 0 0 0 0 0 0 0 0 0 0 0 0 0 0 0 0 0 0 0 0 0 0 0 0 0 0 0 0.5169588923454284668 0.32676082849502563477 0.64185607433319091797 1.9668631553649902344 1.3917768001556396484 1.039561152458190918 1.1201267242431640625 1.1811940670013427734 0.88627403974533081055 0.98261320590972900391 1.1510035991668701172 1.50269317626953125
0 0 0 0.047873605042695999146 2.95157623291015625 1.9513696432113647461 0.60556012392044067383 0 0 0 0 0 0 0 0 0 0 0 0 0 0 0 0 0 0 0 0 0 0 0 0 0 0 0 0 0 0.45098096132278442383 0.43501046299934387207 0.53376209735870361328 2.2500987052917480469 1.3720985651016235352 0.93138825893402099609 1.0891108512878417969 1.2411847114562988281 1.435588836669921875 1.4631886482238769531 1.3403800725936889648 1.5156385898590087891
0 0 0 0 0 0 0 0 0 0 0 0 0 0 0 0 0 0 0 0 0 0 0 0 0 0 0 0 0 0 0 0 0 0 0 0 0.92398273944854736328 0.5099284052848815918 0.54260802268981933594 1.9503602981567382812 2.6098241806030273438 1.1904684305191040039 0.95455598831176757812 1.3340680599212646484 1.322605133056640625 1.0975384712219238281 0.87023234367370605469 1.2914488315582275391
0 0 0 0 0 0 0 0 0 0 0 0 0 0 0 0 0 0 0 0 0 0 0 0 0 0 0 0 0 0 0 0 0 0 0 0 1.8613212108612060547 1.9853054285049438477 1.6802119016647338867 1.6032172441482543945 1.907825469970703125 1.8040313720703125 0.69112408161163330078 0.82510101795196533203 0.71184879541397094727 0.52089232206344604492 0.66346710920333862305 0.7207965850830078125
0 0 0 0 0 0 0 0 0 0 0 0 0 0 0 0 0 0 0 0 0 0 0 0 0 0 0 0 0 0 0 0 0 0 0 0 2.2565982341766357422 2.235561370849609375 1.6352808475494384766 0.99230712652206420898 0.72028630971908569336 1.1326882839202880859 1.1929227113723754883 1.0693712234497070312 0.83520966768264770508 0.7130527496337890625 0.92638510465621948242 1.277203679084777832
0 0 0 0 0 0 0 0 0 0 0 0 0 0 0 0 0 0 0 0 0 0 0 0 0 0 0 0 0 0 0 0 0 0 0 0 1.4733545780181884766 2.4806032180786132812 2.0582056045532226562 1.2407721281051635742 0.895900726318359375 0.63862299919128417969 1.3258156776428222656 1.8999993801116943359 3.00426483154296875 1.8504807949066162109 1.6405053138732910156 2.594356536865234375
0 0 0 0 0 0 0 0 0 0 0 0 0 0 0 0 0 0 0 0 0 0 0 0 0 0 0 0 0 0 0 0 0 0 0 0 0.89588057994842529297 2.1001608371734619141 3.290386199951171875 3.082561492919921875 2.1178176403045654297 2.4837698936462402344 3.1844663619995117188 2.4910035133361816406 2.92911529541015625 2.7984230518341064453 3.0215096473693847656 3.4449925422668457031
0 0 0 0 0 0 0 0 0 0 0 0 0 0 0 0 0 0 0 0 0 0 0 0 0 0 0 0 0 0 0 0 0 0 0 0 2.0117220878601074219 3.0069060325622558594 3.4590647220611572266 3.8229651451110839844 2.9107136726379394531 2.9692664146423339844 3.0088179111480712891 3.1815185546875 2.2701327800750732422 2.0778226852416992188 2.9362471103668212891 1.1679345369338989258
