gis/80m/LAI_decid.asc
ncols        128
nrows        143
xllcorner    726726.000000000000
yllcorner    7127190.000000000000
cellsize     80.000000000000
NODATA_value -9999
[rows 42 to 62 of 143, columns 0 to 48 of 128]
-9999 -9999 -9999 -9999 -9999 0 0 0 0 0 0.012497185729444026947 0.0014670321252197027206 0.0035517229698598384857 0.019127411767840385437 0.0043708388693630695343 0.0048265405930578708649 0.0026129717007279396057 0.0089806234464049339294 0.013065758161246776581 0.0062520564533770084381 0.044092491269111633301 0.135079994797706604 0 0.027093138545751571655 0.011535127647221088409 0.0092643937095999717712 0.013926383107900619507 0.022832265123724937439 0.035457476973533630371 0.02160286344587802887 0.027314124628901481628 0.041441582143306732178 0.030685445293784141541 0.047285337001085281372 0.31965592503547668457 0.13667976856231689453 0.033119909465312957764 0.10935048013925552368 0.018524138256907463074 0.010200065560638904572 0.015971412882208824158 0.0063803568482398986816 0.0033475139643996953964 0 0 0 0 0 0
-9999 -9999 -9999 -9999 -9999 -9999 0 0.0045868046581745147705 0.029053838923573493958 0.0041826721280813217163 0.0036445034202188253403 0.030469711869955062866 0.0036050158087164163589 0.00051704462384805083275 0.0095838699489831924438 0.010238073766231536865 0.011991265229880809784 0.0064129792153835296631 0.011759975925087928772 0.010790557600557804108 0.22607249021530151367 0.37693184614181518555 0.24238710105419158936 0.031397279351949691772 0.015994856134057044983 0.0006866510375402867794 0.0046883523464202880859 0.010362490080296993256 0.011352475732564926147 0.0051420372910797595978 0.0090333241969347000122 0.012375278398394584656 0 0.012818465009331703186 0.069743268191814422607 0.24946032464504241943 0.078490324318408966064 0.019125264137983322144 0.048832532018423080444 0.0068009686656296253204 0.019497003406286239624 0.035306096076965332031 0.0060692061670124530792 0 0 0.023850427940487861633 0 0 0
-9999 -9999 -9999 -9999 -9999 -9999 -9999 0.011000197380781173706 0.075684413313865661621 0.032417349517345428467 0.013173867948353290558 0.01280267816036939621 0.044254187494516372681 0.0061404975131154060364 0.0054761855863034725189 0.00026306364452466368675 0.12530587613582611084 0.11694166064262390137 0.00024299639335367828608 0.077728994190692901611 0.070238679647445678711 0.25577840209007263184 0.065063752233982086182 0.0078440727666020393372 0.020952293649315834045 0.0025509209372103214264 0.0015789608005434274673 0.01508743874728679657 0.017768513411283493042 0.013307342305779457092 0.0078936340287327766418 0.045888118445873260498 0.022681964561343193054 0.0047347685322165489197 0.014895385131239891052 0.10820397734642028809 0.079424448311328887939 0.039036314934492111206 0.076693944633007049561 0.021887008100748062134 0.015679797157645225525 0.016061889007687568665 0.0026326996739953756332 0.00079519738210365176201 0.0023729507811367511749 0.003736981656402349472 0.028030067682266235352 0.07073472440242767334 0.0034962466452270746231
-9999 -9999 -9999 -9999 -9999 -9999 -9999 -9999 0.082443974912166595459 0.052523095160722732544 0.026872843503952026367 0.2415889054536819458 0.028217379003763198853 0 0 0.0036284639500081539154 0.036235213279724121094 0.045503385365009307861 0.0057984385639429092407 0.037647914141416549683 0.15662117302417755127 0.043788008391857147217 0.080541595816612243652 0.19208785891532897949 0.068850927054882049561 0.014131181873381137848 0.0030498877167701721191 0.0040167397819459438324 0.010747876949608325958 0.029869386926293373108 0.018664889037609100342 0.10891577601432800293 0 0.027577087283134460449 0.084693506360054016113 0.018015926703810691833 0.12378973513841629028 0.046423852443695068359 0.030751070007681846619 0.033960871398448944092 0.0072470828890800476074 0.009351749904453754425 0.0066477525979280471802 0.0031893840059638023376 0.0059001031331717967987 0 0 0.032072570174932479858 0.015259301289916038513
-9999 -9999 -9999 -9999 -9999 -9999 -9999 -9999 -9999 0.10365609824657440186 0.045075308531522750854 0.12080656737089157104 0.036896839737892150879 0 0 0 0.0071986308321356773376 0.00020125566516071557999 0.023512616753578186035 0.00079327035928145051003 0.038233827799558639526 0.021298278123140335083 0.054545059800148010254 0.078955516219139099121 0.0066103991121053695679 0.083345979452133178711 0.03581679612398147583 0.0095290485769510269165 0.027680199593305587769 0.010006678290665149689 0.0080597531050443649292 0.016864592209458351135 0.024426903575658798218 0.024256475269794464111 0.022800894454121589661 0.009634451940655708313 0.18329353630542755127 0.028620617464184761047 0.016932960599660873413 0.014591527171432971954 0 0 0.0035750796087086200714 0.028721235692501068115 0.0060996646061539649963 0.0057327244430780410767 0.0013421492185443639755 0.001221956801600754261 0
-9999 -9999 -9999 -9999 -9999 -9999 -9999 -9999 -9999 -9999 0.051648344844579696655 0.11352590471506118774 0.0033381839748471975327 0 0 0.00038471017614938318729 0.0072254007682204246521 0 0.052699681371450424194 0.019512386992573738098 0.047546960413455963135 0.037466194480657577515 0.048964921385049819946 0.4589354097843170166 0.010306289419531822205 0.014233198016881942749 0.013881221413612365723 0.024646844714879989624 0.035041578114032745361 0.009232151322066783905 0.093894854187965393066 0.051629729568958282471 0.024969588965177536011 0.060156099498271942139 0.033537827432155609131 0.0084041561931371688843 0.053139097988605499268 0.022283906117081642151 0.0037108459509909152985 0.00055176694877445697784 0.028763664886355400085 0.0043908860534429550171 0 0.031199904158711433411 0.0079689165577292442322 0 0 0 0
-9999 -9999 -9999 -9999 -9999 -9999 -9999 -9999 0.054033402353525161743 0.06551014631986618042 0.13133317232131958008 0.22684939205646514893 0.0063250758685171604156 0 0 0.0080635510385036468506 0.0048381304368376731873 0 0.025439122691750526428 0.047752693295478820801 0.051812864840030670166 0.03634546324610710144 0.030945342034101486206 0.050755381584167480469 0.022125447168946266174 0.0074838884174823760986 0.0018444773741066455841 0.0015181130729615688324 0.024367459118366241455 0.017557404935359954834 0.026594728231430053711 0.024809757247567176819 0.073281563818454742432 0.041867546737194061279 0.4483185112476348877 0.17693094909191131592 0.053718537092208862305 0.08251752704381942749 0.019189806655049324036 0.0036401208490133285522 0.059616543352603912354 0.00057677371660247445107 0 0 0 0 0 0 0
-9999 -9999 -9999 -9999 -9999 -9999 0.13256040215492248535 0.038841638714075088501 0.017773402854800224304 0.013055536895990371704 0.033219676464796066284 0.022642258554697036743 0 0 0.00039472957723774015903 0.027816930785775184631 0.044807612895965576172 0.027193505316972732544 0.055511407554149627686 0.0437696799635887146 0.083711110055446624756 0.015882918611168861389 0.0026541091501712799072 0.023216640576720237732 0.011492515914142131805 0.026046508923172950745 0.12254362553358078003 0.067306630313396453857 0.21467886865139007568 0.051161378622055053711 0.020113557577133178711 0.038840513676404953003 0.084444269537925720215 0.09420153498649597168 0.4368629753589630127 0.19647888839244842529 0.092412456870079040527 0.04039295390248298645 0.042900294065475463867 0.0085555631667375564575 0.0064414641819894313812 0.015188715420663356781 0.015677671879529953003 0.0012283740798011422157 0.032615475356578826904 0.018072629347443580627 0.00079086527694016695023 0.00088121223961934447289 0
-9999 -9999 -9999 -9999 0.011241409927606582642 -9999 0.11251493543386459351 0.072646029293537139893 0.048865150660276412964 0.023234052583575248718 0.00068614655174314975739 0.0015521220630034804344 0 0 0.008991068229079246521 0.11487642675638198853 0.039257340133190155029 0.14399836957454681396 0.073160998523235321045 0.33574244379997253418 0.22265990078449249268 0.033903643488883972168 0.0016710879281163215637 0.011292503215372562408 0.036904849112033843994 0.056130029261112213135 0.11191855370998382568 0.037923388183116912842 0.2195904850959777832 0.11507405340671539307 0.17026373744010925293 0.0052806725725531578064 0.057493835687637329102 0.097733326256275177002 0.33567923307418823242 0.20726974308490753174 0.23235106468200683594 0.21692144870758056641 0.013218281790614128113 0.013997256755828857422 0.016123542562127113342 0.022619783878326416016 0.037830200046300888062 0.0079397782683372497559 0.00054749741684645414352 0.0030158755835145711899 0.0045104036107659339905 0.0074755013920366764069 0.00077746488386765122414
-9999 -9999 -9999 0 0.018018271774053573608 0.0029059764929115772247 0.017427109181880950928 0.034965746104717254639 0.1195424497127532959 0.029241539537906646729 0.0020777678582817316055 0.0047000879421830177307 0 0 0.0074667334556579589844 0.18023751676082611084 0.1863047182559967041 0.48723077774047851562 0.3895663917064666748 0.26594442129135131836 0.22214908897876739502 0.09500738978385925293 0.05227341875433921814 0.02398619428277015686 0.018528535962104797363 0.06427498161792755127 0.17610670626163482666 0.31695148348808288574 0.39351996779441833496 0.23778793215751647949 0.06206547468900680542 0.069438725709915161133 0.0027568286750465631485 0.002331973053514957428 0.15093274414539337158 0.076843805611133575439 0.096044495701789855957 0.21002463996410369873 0.056186277419328689575 0.051500175148248672485 0.011144174262881278992 0.010767364874482154846 0.020088359713554382324 0.013620662502944469452 0.0049616401083767414093 0 0 0 0.00831088237464427948
-9999 -9999 -9999 0 0.0026864549145102500916 0.0059716342948377132416 0.0011533990036696195602 0.053525883704423904419 0.062472399324178695679 0.0093411589041352272034 0.045264642685651779175 0 0 0 0.0038650403730571269989 0.033859606832265853882 0.20664459466934204102 0.18577879667282104492 0.36025908589363098145 0.52494537830352783203 0.073182925581932067871 0.29894724488258361816 0.61602938175201416016 0.15221090614795684814 0.018219124525785446167 0.083743169903755187988 0.079444505274295806885 0.09718287736177444458 0.13876737654209136963 0.41694867610931396484 0.14583219587802886963 0.10887584090232849121 0.0085492609068751335144 0.0016886274097487330437 0.0068880883045494556427 0.21970525383949279785 0.28156831860542297363 0.25222387909889221191 0.25835320353507995605 0.062771879136562347412 0.030509078875184059143 0.079108521342277526855 0.120733603835105896 0.047798715531826019287 0.017379354685544967651 0 0.0019609904848039150238 0 0.0060089370235800743103
-9999 -9999 -9999 0.064425535500049591064 0.080577164888381958008 0.072087436914443969727 0.013993696309626102448 0.0057381810620427131653 0.018242279067635536194 0.033000510185956954956 0.0088954735547304153442 0.01736681722104549408 0.0010274386731907725334 0 0.00014332114369608461857 0.00020610945648513734341 0.010780395939946174622 0.11571254581212997437 0.2860857546329498291 0.74534118175506591797 0.22818066179752349854 0.32358989119529724121 0.050505194813013076782 0.18739514052867889404 0.1142412722110748291 0.044784575700759887695 0.14918309450149536133 0.054420687258243560791 0 0.074754327535629272461 0.043890852481126785278 0.057986397296190261841 0.021294070407748222351 0.0068318634293973445892 0 0.26813736557960510254 0.60647118091583251953 0.42683517932891845703 0.43751850724220275879 0.17863214015960693359 0.052489891648292541504 0.043322671204805374146 0.014279989525675773621 0.0041607571765780448914 0.000787216180469840765 0.0043328381143510341644 0.014129311777651309967 0.027961000800132751465 0.0015285891713574528694
-9999 -9999 -9999 0.13651990890502929688 0.054938402026891708374 0.028865475207567214966 0.047324981540441513062 0 0.011505811475217342377 0.004791063256561756134 0.041686534881591796875 0.0052303057163953781128 0.044850688427686691284 0.052191838622093200684 0 0 0.011785861104726791382 0.0099104605615139007568 0.16281144320964813232 0.3891970515251159668 0.049200337380170822144 0.014700096100568771362 0.012922777794301509857 0.03885781019926071167 0.22600291669368743896 0.12994855642318725586 0.1833346933126449585 0.1433439105749130249 0.0073382728733122348785 0.023766804486513137817 0.030837044119834899902 0.035835035145282745361 0.068871192634105682373 0.045058004558086395264 0.11056561768054962158 0.42921906709671020508 0.43467342853546142578 0.32220453023910522461 0.21520963311195373535 0.09248266369104385376 0.087469875812530517578 0.016562992706894874573 0.07491798698902130127 0.012625472620129585266 0.025475537404417991638 0 0.0085833212360739707947 0.012846148572862148285 0.0060149314813315868378
-9999 -9999 -9999 0.076619416475296020508 0.052754458039999008179 0.1581510007381439209 0.3070576786994934082 0.17699104547500610352 0.0026430224534124135971 0.011265370063483715057 0.0085582006722688674927 0.0013964804820716381073 0.046510882675647735596 0.059054534882307052612 0.013053619302809238434 0 0.0022687325254082679749 0.0007321098819375038147 0.0081759421154856681824 0.055490385740995407104 0 0.030575523152947425842 0.0043863067403435707092 0.0070931855589151382446 0.028661422431468963623 0.073630616068840026855 0.26262325048446655273 0.32440042495727539062 0.065983191132545471191 0.059043016284704208374 0.065254829823970794678 0.23204767704010009766 0.20831848680973052979 0.12529633939266204834 0.089366361498832702637 0.39886823296546936035 0.2020565718412399292 0.30203127861022949219 0.052845809608697891235 0.18453294038772583008 0.070621386170387268066 0.03065889701247215271 0.013859501108527183533 0.012752383016049861908 0.010229657404124736786 0.0097104916349053382874 0.0013459728797897696495 0 0.0014366196701303124428
-9999 -9999 -9999 0.015413075685501098633 0.040517520159482955933 0.14065301418304443359 0.14725285768508911133 0.069200895726680755615 0.051439356058835983276 0.0028015517164021730423 0.0040194047614932060242 0.00035694704274646937847 0.054089687764644622803 0.1044468805193901062 0.0070686857216060161591 0.0044585838913917541504 0 0 0 0 0 0.13378870487213134766 0.010918609797954559326 0.028692502528429031372 0.076985530555248260498 0.11289687454700469971 0.4041245579719543457 0.19783888757228851318 0.28711473941802978516 0.044799912720918655396 0 0.073946326971054077148 0.061651136726140975952 0.2880586087703704834 0.27756494283676147461 0.069717898964881896973 0.28760460019111633301 0.28293183445930480957 0.051144059747457504272 0.0078532984480261802673 0.13132913410663604736 0.07433243095874786377 0.0064143799245357513428 0.013203937560319900513 0.01246580854058265686 0.0030509189236909151077 0.0050713266246020793915 0.0053132330067455768585 0.0023514977656304836273
-9999 -9999 0 0.000259535590885207057 0.012371556833386421204 0.026801332831382751465 0.22033324837684631348 0.16157223284244537354 0.047484800219535827637 0.023327631875872612 0.026248881593346595764 0.0060644927434623241425 0.0087706744670867919922 0.0088359266519546508789 0 0 0 0.0099857915192842483521 9.9099797807866707444e-06 0 0 0.00013937572657596319914 0.0019190965685993432999 0 0 0 0.14007836580276489258 0.14874947071075439453 0.12407504022121429443 0.14216375350952148438 0.0165253467857837677 0.0015976984286680817604 0.0019888258539140224457 0.070417985320091247559 0.36356130242347717285 0.084533914923667907715 0.2383041083812713623 0.36501389741897583008 0.57152396440505981445 0.60410892963409423828 0.031794115900993347168 0.027676662430167198181 0.021547036245465278625 0.068876318633556365967 0.016487544402480125427 0.012436680495738983154 0.0018825320294126868248 0.0045521873980760574341 0
-9999 0.01128230709582567215 0 0.0014312869170680642128 0 0.044266570359468460083 0.27393099665641784668 0.25623244047164916992 0.004249585326761007309 0.037949778139591217041 0.019895726814866065979 0.080309659242630004883 0.031199064105749130249 0.11769527941942214966 0.008969933725893497467 0 0.0042822132818400859833 0 0.0023591460194438695908 0.0018611926352605223656 0.0084684947505593299866 0.0046816561371088027954 0 0 0 0 0.034052036702632904053 0.21710440516471862793 0.13359096646308898926 0.11361207067966461182 0.0044211042113602161407 0.098708681762218475342 0.015672501176595687866 0.026866715401411056519 0.27703693509101867676 0.62224161624908447266 0.30999290943145751953 0.028385667130351066589 0.64363557100296020508 0.51088863611221313477 0 0.006155696231871843338 0.032950550317764282227 0.0012431336799636483192 0.01023202948272228241 0.010943593457341194153 0 0.0052885934710502624512 0.0012204446829855442047
-9999 0.049599427729845046997 0.056362759321928024292 0.16295392811298370361 0.031643096357583999634 0.078806146979331970215 0.21533745527267456055 0.096077278256416320801 0.019709208980202674866 0.0072711501270532608032 0.046874988824129104614 0.079473949968814849854 0.24826386570930480957 0.038149125874042510986 0.052722439169883728027 0.011158968321979045868 0.026967490091919898987 0.0015276651829481124878 0 0.0016910410486161708832 0.0014011482708156108856 5.1333761803107336164e-05 0 0 0 0 0.019571827724575996399 0.2132685929536819458 0.024577448144555091858 0.085193231701850891113 0.15523859858512878418 0.10874675959348678589 0.017006441950798034668 0.0070050577633082866669 0.051057480275630950928 0.89473265409469604492 0.59980726242065429688 0.30807542800903320312 0.11121546477079391479 0.15625165402889251709 0.00098513602279126644135 0.020315174013376235962 0.0030039399862289428711 0.0014411966549232602119 0.0011256797006353735924 0.0064783575944602489471 0.0065155182965099811554 0.00020488498557824641466 0.0019101697253063321114
-9999 -9999 0.014097371138632297516 0.18044799566268920898 0.035522457212209701538 0.17675259709358215332 0.25669375061988830566 0.016139356419444084167 0.06918671727180480957 0.17071808874607086182 0.21356433629989624023 0.26525744795799255371 0.093749016523361206055 0.10836003720760345459 0.052069123834371566772 0.034062024205923080444 0.049179248511791229248 0.01554568018764257431 0.0021412447094917297363 0.013537409715354442596 0.0084449928253889083862 0.0011464495910331606865 0 0 0 0 0 0.07803691178560256958 0.10572284460067749023 0.0043451189994812011719 0 0 0.029383104294538497925 0.03445849195122718811 0.011747901327908039093 0.28725215792655944824 0.70801967382431030273 0.49907010793685913086 0.05437989160418510437 0.10245621204376220703 0.069121778011322021484 0.0064297984354197978973 0.0015407137107104063034 0.0063459784723818302155 0.0013834941200911998749 0.052974689751863479614 0.0073188901878893375397 0.011494307778775691986 0.0067723528482019901276
-9999 0.0003547276428434997797 0.0060070198960602283478 0.0068920655176043510437 0.081220142543315887451 0.2610969245433807373 0.27097579836845397949 0.06542978435754776001 0.082003168761730194092 0.029501652345061302185 0.087396077811717987061 0.39404565095901489258 0.46904921531677246094 0.21449668705463409424 0.093986056745052337646 0.048438113182783126831 0.029829243198037147522 0.017164696007966995239 0.026780826970934867859 0.042934831231832504272 0.016481602564454078674 0.00087959709344431757927 0 0 0 0 0 0.014140948653221130371 0.11801340430974960327 0.012949053198099136353 0 0.00087769876699894666672 0.001990691525861620903 0.010964064858853816986 0.057367842644453048706 0.05548035353422164917 0.3829968571662902832 0.47462227940559387207 0.4741026759147644043 0.052075605839490890503 0.072263240814208984375 0.0011593276867642998695 0.0094875758513808250427 0 0 0.0030954796820878982544 0.0035918296780437231064 0.0023728176020085811615 0.00054757331963628530502
-9999 0 0.0043925368227064609528 0.03959264606237411499 0.35565769672393798828 0.42382892966270446777 0.079184174537658691406 0.035257779061794281006 0.06362839043140411377 0.014683914370834827423 0 0.085860781371593475342 0.57908290624618530273 0.11826338618993759155 0.025797756388783454895 0.014925549738109111786 0.018539166077971458435 0.0067583783529698848724 0.048976249992847442627 0.027400683611631393433 0.0090796407312154769897 0.003003588411957025528 0.044842902570962905884 0.015321015380322933197 0.010332103818655014038 0 0 0.0067060166038572788239 0.018540164455771446228 0.0039549828507006168365 0.00086632958846166729927 0.0042397635988891124725 0 0.0063832309097051620483 0.26550456881523132324 0.19126673042774200439 0.11002562195062637329 0.62492173910140991211 0.54232680797576904297 0.10815407335758209229 0.067064121365547180176 0.0082959169521927833557 0 0.004335317760705947876 0 0.0055429884232580661774 0.016106212511658668518 0.0068984813988208770752 0
