gis/80m/LAI_pine.asc
ncols        128
nrows        143
xllcorner    726726.000000000000
yllcorner    7127190.000000000000
cellsize     80.000000000000
NODATA_value -9999
[rows 60 to 79 of 143, columns 0 to 45 of 128]
-9999 -9999 1.7558482885360717773 1.7282062768936157227 1.1301126480102539062 0.97580218315124511719 0.85196822881698608398 1.1886444091796875 0.84132754802703857422 1.3941761255264282227 1.3182636499404907227 1.813166499137878418 1.2782026529312133789 1.2942931652069091797 0.54717791080474853516 0.81578969955444335938 1.0247865915298461914 0.92846757173538208008 1.4666997194290161133 0.96144980192184448242 1.5985933542251586914 1.6591033935546875 1.4478647708892822266 1.2887161970138549805 1.1456978321075439453 0.1705052107572555542 0.26233652234077453613 0.95095080137252807617 1.0031297206878662109 0.25973197817802429199 0 0.84263604879379272461 1.1934244632720947266 1.914816737174987793 1.571520686149597168 1.3935898542404174805 1.5662748813629150391 1.1966696977615356445 1.5491526126861572266 1.3447805643081665039 1.1241081953048706055 1.5818837881088256836 0.74052053689956665039 0.61350381374359130859 1.2073363065719604492 1.0038737058639526367
-9999 0.42743313312530517578 0.59950006008148193359 1.0435553789138793945 0.81413942575454711914 1.7866566181182861328 1.4041143655776977539 1.2057300806045532227 0.89252614974975585938 1.7531764507293701172 2.1197021007537841797 1.8762606382369995117 1.440502166748046875 1.439194798469543457 1.417484283447265625 1.2819746732711791992 1.089058995246887207 1.404331207275390625 1.5396004915237426758 1.1720541715621948242 1.3764493465423583984 1.2740941047668457031 1.1411710977554321289 1.1820888519287109375 1.4496026039123535156 1.3261847496032714844 0.23803992569446563721 0.26111510396003723145 1.6245459318161010742 1.3158755302429199219 0.0040041683241724967957 0.10379779338836669922 0.42615401744842529297 0.80403405427932739258 1.6254993677139282227 1.574604034423828125 1.4422346353530883789 1.1564160585403442383 1.4154746532440185547 1.6308051347732543945 1.2815613746643066406 1.3259401321411132812 1.3336894512176513672 0.68180620670318603516 1.2286925315856933594 1.3505796194076538086
-9999 0.84435456991195678711 0.68800657987594604492 0.85586529970169067383 1.7091367244720458984 1.7702705860137939453 1.3960434198379516602 1.012074589729309082 1.1275982856750488281 1.7832262516021728516 1.8199967145919799805 1.8514440059661865234 1.7731283903121948242 1.372874140739440918 1.5895169973373413086 1.7684231996536254883 1.6899333000183105469 1.3806917667388916016 1.0459046363830566406 1.3040447235107421875 1.0722024440765380859 1.3161993026733398438 1.1705089807510375977 1.0983334779739379883 1.4367545843124389648 1.7904595136642456055 1.569834589958190918 0.36065286397933959961 0.26516431570053100586 0.49093762040138244629 0.158258780837059021 0.082793630659580230713 0.70710641145706176758 0.19623778760433197021 1.4885553121566772461 1.8259475231170654297 1.3040937185287475586 1.7105895280838012695 1.4608633518218994141 1.4735479354858398438 1.784863591194152832 1.6070001125335693359 0.98573589324951171875 1.3867512941360473633 1.3216305971145629883 1.1478204727172851562
-9999 1.5900185108184814453 1.1843341588973999023 0.90075093507766723633 1.2746757268905639648 1.2986481189727783203 1.5609536170959472656 1.0212024450302124023 0.8138077855110168457 1.4068899154663085938 1.8122797012329101562 1.7336772680282592773 1.7433137893676757812 1.3379395008087158203 1.6857935190200805664 1.7602567672729492188 1.1587303876876831055 1.5549194812774658203 1.2085298299789428711 0.90229046344757080078 0.87590104341506958008 0.9971707463264465332 0.5713265538215637207 0.69126093387603759766 1.6620718240737915039 1.8083688020706176758 1.7899304628372192383 0.94336628913879394531 0.17119209468364715576 0.74509119987487792969 0.43506601452827453613 0.013896500691771507263 0.050806961953639984131 0.92833614349365234375 1.8303657770156860352 1.9521440267562866211 1.4079685211181640625 2.0941359996795654297 1.987000584602355957 1.2098239660263061523 1.5515606403350830078 1.5545289516448974609 0.79132384061813354492 0.74428266286849975586 1.1614154577255249023 0.96384757757186889648
-9999 -9999 1.327289581298828125 2.0332710742950439453 0.96203094720840454102 1.41275787353515625 1.3455437421798706055 1.2592164278030395508 0.6379597783088684082 0.52772861719131469727 1.661396026611328125 1.8933924436569213867 1.3436745405197143555 0.5275389552116394043 0.70841395854949951172 1.6915490627288818359 1.1310976743698120117 1.0520349740982055664 1.0583809614181518555 1.3720171451568603516 1.4034687280654907227 1.7172092199325561523 1.02751922607421875 0.631816864013671875 0.78671860694885253906 2.0524260997772216797 1.666077733039855957 0.43097364902496337891 0.12967431545257568359 1.1506571769714355469 0.9905388951301574707 0.74196946620941162109 0.31035447120666503906 1.2827945947647094727 1.7097479104995727539 1.7850099802017211914 1.6197812557220458984 1.4838410615921020508 1.9819347858428955078 1.5739885568618774414 0.79273688793182373047 0.92743563652038574219 0.70565336942672729492 0.82143235206604003906 1.0455254316329956055 0.71015405654907226562
-9999 -9999 -9999 1.7346961498260498047 1.8041433095932006836 0.93834465742111206055 1.3860499858856201172 1.4162158966064453125 1.5507037639617919922 0.46968194842338562012 0.1654777824878692627 0.51272290945053100586 0.076711960136890411377 0.2573172450065612793 1.50601959228515625 1.1277564764022827148 0.93095743656158447266 0.40160587430000305176 0.31431365013122558594 1.1149666309356689453 1.8774253129959106445 1.4729163646697998047 0.54685056209564208984 0.16554214060306549072 0.15724350512027740479 0.50917184352874755859 0.097813971340656280518 0 0.004217396024614572525 0.034390039741992950439 1.3984513282775878906 0.4477061927318572998 0.71105247735977172852 1.3570152521133422852 1.2571829557418823242 1.7342336177825927734 1.4865936040878295898 1.5108511447906494141 1.5646409988403320312 1.5484235286712646484 1.2327039241790771484 1.2178910970687866211 0.70429646968841552734 0.51525956392288208008 0.74461185932159423828 1.1255434751510620117
-9999 -9999 -9999 1.6406797170639038086 1.8503146171569824219 1.6503002643585205078 0.96567988395690917969 1.9607489109039306641 0.68908786773681640625 0.95038712024688720703 0.969470977783203125 0.6479180455207824707 0.36917865276336669922 0.74278289079666137695 1.1811431646347045898 1.1200821399688720703 0.85015219449996948242 0.46539828181266784668 0.49292722344398498535 0.73898684978485107422 0.85141569375991821289 1.5202132463455200195 1.2508771419525146484 0.18695101141929626465 0.94103252887725830078 0.14841063320636749268 0.20019289851188659668 0 0.0026358726900070905685 0.22242031991481781006 1.1748187541961669922 0.6585375666618347168 1.4687147140502929688 1.5831519365310668945 1.1985800266265869141 0.81569522619247436523 1.0159803628921508789 1.2347408533096313477 1.592545628547668457 1.5940123796463012695 1.3490772247314453125 1.0624839067459106445 0.69758194684982299805 0.37846857309341430664 0.46715107560157775879 0.80222147703170776367
-9999 -9999 -9999 -9999 1.6334455013275146484 1.6174893379211425781 1.4083540439605712891 0.60127538442611694336 0.24624323844909667969 0.019998595118522644043 1.350442051887512207 1.8747048377990722656 2.1890470981597900391 0.21370674669742584229 0.24106810986995697021 0.85566526651382446289 0.87596565485000610352 0.65976864099502563477 0.8675295710563659668 1.7496474981307983398 1.825077056884765625 1.5281373262405395508 1.5056253671646118164 0.54365706443786621094 0.21683870255947113037 0.21263754367828369141 0.19895955920219421387 0 0 0.42245623469352722168 1.9745266437530517578 1.2722126245498657227 1.849324345588684082 1.5822569131851196289 1.4265083074569702148 0.78515064716339111328 0.91272962093353271484 1.7409169673919677734 1.8202722072601318359 1.0212630033493041992 1.0492863655090332031 0.43703505396842956543 0.58833253383636474609 0.36796084046363830566 0.55814039707183837891 1.4293893575668334961
-9999 -9999 -9999 -9999 -9999 1.4328376054763793945 1.4938160181045532227 0.56919360160827636719 0.037756960839033126831 0.013404025696218013763 1.2785198688507080078 1.6337182521820068359 1.8238503932952880859 0.92717576026916503906 0.78541147708892822266 1.5991106033325195312 1.0306829214096069336 1.6116346120834350586 1.5471932888031005859 1.2867990732192993164 1.5935626029968261719 0.5989806056022644043 0.77327370643615722656 0.60547924041748046875 1.2068059444427490234 1.2651063203811645508 0.78506308794021606445 0.169849395751953125 0.19882842898368835449 0.89428538084030151367 1.8278636932373046875 1.3752191066741943359 1.56217193603515625 1.1934531927108764648 1.2127327919006347656 1.0871765613555908203 1.6646549701690673828 2.0777072906494140625 1.4616507291793823242 1.1286070346832275391 1.1893438100814819336 0.49968177080154418945 0.46518230438232421875 0.3749332726001739502 0.76706755161285400391 0.6552550196647644043
-9999 -9999 -9999 -9999 -9999 1.1735661029815673828 1.1630185842514038086 0.97161120176315307617 0.58845615386962890625 -9999 1.8540185689926147461 1.6746032238006591797 1.8790551424026489258 1.7856259346008300781 1.434102177619934082 0.4568735957145690918 1.2139866352081298828 1.4918144941329956055 1.6688165664672851562 1.6727637052536010742 1.566959381103515625 0.84076446294784545898 0.6579113006591796875 1.1475510597229003906 0.64438289403915405273 0.42019537091255187988 1.1683137416839599609 0.90508854389190673828 1.4388549327850341797 1.3820474147796630859 1.7891626358032226562 2.0434844493865966797 1.7410519123077392578 1.1640715599060058594 1.2750149965286254883 1.4662457704544067383 1.2340487241744995117 1.0461571216583251953 1.2355680465698242188 0.36113438010215759277 0.8118374943733215332 0.63698112964630126953 0.86458700895309448242 0.3133869171142578125 0.34163433313369750977 0.30751958489418029785
-9999 -9999 -9999 -9999 -9999 -9999 1.1748578548431396484 -9999 -9999 -9999 -9999 -9999 -9999 1.7159457206726074219 0.88446646928787231445 0.3532778620719909668 0.62880021333694458008 0.73840504884719848633 1.7787342071533203125 1.9047224521636962891 2.0938832759857177734 1.5630757808685302734 0.50490850210189819336 1.9513380527496337891 1.8985540866851806641 0.18760047852993011475 0.40113231539726257324 0.74051725864410400391 0.89023929834365844727 1.4009073972702026367 1.6151943206787109375 1.9750412702560424805 1.7215796709060668945 0.99268090724945068359 0.43864420056343078613 0.94571632146835327148 0.78325557708740234375 0.8623549342155456543 1.1027066707611083984 1.0723320245742797852 1.466808319091796875 1.2198550701141357422 0.76378571987152099609 0.4277712404727935791 0.51565569639205932617 0.51730036735534667969
-9999 -9999 -9999 -9999 -9999 -9999 -9999 -9999 -9999 -9999 -9999 -9999 -9999 -9999 -9999 -9999 0.93867522478103637695 0.81313401460647583008 0.65346229076385498047 0.76393896341323852539 0.51131832599639892578 1.0335661172866821289 1.5845129489898681641 1.0279307365417480469 1.6007947921752929688 1.4555971622467041016 0.57902455329895019531 0.80789482593536376953 0.92347508668899536133 1.2348762750625610352 1.6439311504364013672 1.8625881671905517578 0.82219421863555908203 0.71389138698577880859 0.60079884529113769531 0.98104095458984375 0.96524500846862792969 0.69336885213851928711 0.67394697666168212891 0.76658862829208374023 0.81052672863006591797 0.90137702226638793945 0.63042736053466796875 0.59198004007339477539 1.2636008262634277344 0.38954558968544006348
-9999 -9999 -9999 -9999 -9999 -9999 -9999 -9999 -9999 -9999 -9999 -9999 -9999 -9999 -9999 -9999 -9999 -9999 1.2651265859603881836 0.7485141754150390625 0.57017987966537475586 0.68273121118545532227 1.7796823978424072266 0.26086148619651794434 1.229016423225402832 2.2445087432861328125 1.4851689338684082031 0.91983586549758911133 1.084229588508605957 1.0805324316024780273 1.5590833425521850586 1.3536701202392578125 1.1000794172286987305 1.0086157321929931641 0.95044320821762084961 1.0737318992614746094 1.2847516536712646484 0.45412835478782653809 0.41560080647468566895 0.64716982841491699219 1.5021015405654907227 1.142620086669921875 0.6619383692741394043 0.98454189300537109375 1.2083021402359008789 0.29958313703536987305
-9999 -9999 -9999 -9999 -9999 -9999 -9999 -9999 -9999 -9999 -9999 -9999 -9999 -9999 -9999 -9999 -9999 -9999 -9999 1.3174147605895996094 0.84726619720458984375 0.49589136242866516113 1.5059578418731689453 0.29338714480400085449 0.34550234675407409668 1.7341148853302001953 0.62373018264770507812 1.4277673959732055664 1.7306669950485229492 1.8485589027404785156 1.8148542642593383789 0.2632350623607635498 0 0.59247434139251708984 1.6000217199325561523 1.3565363883972167969 1.0688462257385253906 0.15992443263530731201 0.21347367763519287109 0.76608103513717651367 0.9165821075439453125 1.2104842662811279297 0.53806000947952270508 0.48595276474952697754 0.3840579986572265625 0.29695656895637512207
-9999 -9999 -9999 -9999 -9999 -9999 -9999 -9999 -9999 -9999 -9999 -9999 -9999 -9999 -9999 -9999 -9999 -9999 -9999 1.4100410938262939453 1.0164905786514282227 0.79012155532836914062 1.6282021999359130859 0.64920163154602050781 0 1.0988085269927978516 1.543021082878112793 1.5287417173385620117 1.8762313127517700195 1.6054236888885498047 1.7023842334747314453 0.18698351085186004639 0.20282973349094390869 0.93476504087448120117 1.5370995998382568359 1.9026160240173339844 1.0285933017730712891 0.0094810323789715766907 0.40162107348442077637 0.7326380610466003418 0.96315968036651611328 0.87276595830917358398 0.54522269964218139648 0.31049001216888427734 0.30062636733055114746 0.28213340044021606445
-9999 -9999 -9999 -9999 -9999 -9999 -9999 -9999 -9999 -9999 -9999 -9999 -9999 -9999 -9999 -9999 -9999 -9999 -9999 1.7403882741928100586 1.0968624353408813477 0.76513755321502685547 1.3559728860855102539 1.3958410024642944336 0 0.84171289205551147461 1.2829885482788085938 1.3392856121063232422 1.7978551387786865234 2.0364263057708740234 1.6114170551300048828 1.6182723045349121094 2.0166404247283935547 1.6271384954452514648 1.3665666580200195312 2.1013369560241699219 0.82411932945251464844 0.4346154630184173584 0.65173923969268798828 0.7731640934944152832 1.0053746700286865234 0.74060773849487304688 0.44415372610092163086 0.27540999650955200195 0.71804147958755493164 0.75086492300033569336
-9999 -9999 -9999 -9999 -9999 -9999 -9999 -9999 -9999 -9999 -9999 -9999 -9999 -9999 -9999 -9999 -9999 -9999 1.768444061279296875 2.3029980659484863281 1.972436070442199707 0.63582307100296020508 1.243513941764831543 1.2392659187316894531 0.23778221011161804199 0.8946526646614074707 1.3768911361694335938 1.7589498758316040039 1.6636970043182373047 1.9705269336700439453 1.5582441091537475586 0.1271778792142868042 1.5426082611083984375 1.7860531806945800781 1.6855418682098388672 1.7972329854965209961 0.36031061410903930664 1.0987045764923095703 0.99010491371154785156 0.98309755325317382812 1.1172163486480712891 1.1349829435348510742 0.66053229570388793945 0.4107596278190612793 1.5391991138458251953 0.89233887195587158203
-9999 -9999 -9999 -9999 -9999 -9999 -9999 -9999 -9999 -9999 -9999 -9999 -9999 -9999 -9999 -9999 -9999 1.2077829837799072266 1.6771454811096191406 2.1424579620361328125 2.0458519458770751953 1.1268714666366577148 1.0674502849578857422 1.1313297748565673828 1.1564276218414306641 1.2999422550201416016 1.381015777587890625 1.6036574840545654297 1.9442397356033325195 1.9612277746200561523 1.099362492561340332 0.047365259379148483276 0.98174315690994262695 2.4388034343719482422 2.0401797294616699219 1.9978653192520141602 1.9856162071228027344 1.2518084049224853516 0.44805541634559631348 1.2388086318969726562 0.83434122800827026367 1.4463076591491699219 0.75571167469024658203 0.5636653900146484375 0.74172121286392211914 0.19228310883045196533
-9999 -9999 -9999 -9999 -9999 -9999 -9999 -9999 -9999 -9999 -9999 -9999 -9999 -9999 -9999 -9999 -9999 -9999 1.595959782600402832 2.2004826068878173828 2.1349186897277832031 1.4029337167739868164 1.7394865751266479492 1.2388149499893188477 1.2332262992858886719 1.3163143396377563477 1.4555089473724365234 1.5666283369064331055 1.7624700069427490234 1.8812112808227539062 1.6725616455078125 1.3165146112442016602 1.6687155961990356445 1.8698191642761230469 2.0616121292114257812 2.1616797447204589844 1.8801721334457397461 1.8686796426773071289 0.29789009690284729004 1.0230139493942260742 1.4140359163284301758 1.7717719078063964844 1.0387254953384399414 0.60274815559387207031 0.37143480777740478516 0
-9999 -9999 -9999 -9999 -9999 -9999 -9999 -9999 -9999 -9999 -9999 -9999 -9999 -9999 -9999 -9999 -9999 -9999 -9999 1.6548131704330444336 1.327489018440246582 0.99942058324813842773 0.75497812032699584961 0.57896852493286132812 0.41999411582946777344 1.2326047420501708984 1.2577307224273681641 1.6659384965896606445 1.9596229791641235352 1.0552719831466674805 1.2918523550033569336 1.5101360082626342773 1.581498265266418457 1.7442109584808349609 1.7489767074584960938 1.7187113761901855469 1.7775908708572387695 1.722432255744934082 1.4780507087707519531 0.9453499913215637207 2.0300192832946777344 1.2217872142791748047 0.097561165690422058105 0 0 0.21693649888038635254
