gis/80m/LAI_pine.asc
ncols        128
nrows        143
xllcorner    726726.000000000000
yllcorner    7127190.000000000000
cellsize     80.000000000000
NODATA_value -9999
[rows 20 to 39 of 143, columns 46 to 91 of 128]
0.011273156851530075073 0 0 0.056466404348611831665 1.0092947483062744141 1.0452926158905029297 1.3939851522445678711 1.5350433588027954102 1.6209285259246826172 1.7628788948059082031 1.3096368312835693359 0.39745500683784484863 0.23944395780563354492 0.43874031305313110352 0.67714667320251464844 0.61857455968856811523 0.15607181191444396973 1.2232087850570678711 1.2554563283920288086 1.4353399276733398438 0.81044393777847290039 0.53911495208740234375 0.72510415315628051758 1.1182397603988647461 0.72217714786529541016 1.1566001176834106445 0.53893500566482543945 0 0 0.00086960755288600921631 0.1221401020884513855 0.40907430648803710938 1.3872308731079101562 1.6696832180023193359 1.5218337774276733398 1.3851336240768432617 1.0192226171493530273 1.2810834646224975586 1.1942306756973266602 1.0368192195892333984 1.2130771875381469727 1.4153499603271484375 1.5857646465301513672 1.3633103370666503906 0.80734473466873168945 1.3347011804580688477
0.007449618075042963028 0.05315259099006652832 0 0 0.32888108491897583008 0.72157919406890869141 1.0276206731796264648 1.3360142707824707031 1.3779222965240478516 1.4382302761077880859 1.350989222526550293 0.65698480606079101562 0.33748301863670349121 0.49866133928298950195 1.074840545654296875 0.74110656976699829102 0.80318534374237060547 1.4796086549758911133 0.85880500078201293945 1.0609961748123168945 0.69762367010116577148 0.54915434122085571289 0.20817300677299499512 0.017066445201635360718 0.10996216535568237305 1.5920881032943725586 1.5994417667388916016 0.19439038634300231934 0 0 0.00070882827276363968849 0.38299635052680969238 1.2310645580291748047 0.23116938769817352295 0.53506618738174438477 0.59070682525634765625 0.17096129059791564941 1.032161712646484375 1.4485262632369995117 1.1168531179428100586 0.95677918195724487305 1.087955474853515625 1.3677661418914794922 1.0875726938247680664 1.3482115268707275391 1.0126416683197021484
0.4312458336353302002 1.4266414642333984375 0 0.023736419156193733215 0.0082488115876913070679 0.17977885901927947998 1.0649859905242919922 1.4888292551040649414 1.5727030038833618164 1.2119845151901245117 1.0864517688751220703 0.9973506927490234375 0.2949504852294921875 0 0.077319987118244171143 0.021173823624849319458 0.2339201122522354126 0.280658721923828125 0.93492853641510009766 1.431456446647644043 1.6508232355117797852 1.6036618947982788086 1.6319828033447265625 1.7530962228775024414 1.1548191308975219727 1.0054116249084472656 0.19553235173225402832 0.018291581422090530396 0.030195292085409164429 0.0099804420024156570435 0 0 0.29443010687828063965 0.48825848102569580078 0.053102351725101470947 0 0.0038899211212992668152 0.1061596795916557312 0.72847276926040649414 0.8439185023307800293 0.16721014678478240967 0.40329337120056152344 0.18240171670913696289 1.2274374961853027344 1.1584466695785522461 0.084681458771228790283
0.77922356128692626953 0.38113421201705932617 0.1974837183952331543 1.0965933799743652344 1.1719740629196166992 1.2076772451400756836 0.60625880956649780273 1.1332497596740722656 1.5791971683502197266 1.2460657358169555664 0.94924056529998779297 1.0860915184020996094 0.97009694576263427734 0.23729100823402404785 0.2402140200138092041 0.57776427268981933594 0.94777542352676391602 0.61476904153823852539 1.0901937484741210938 1.1250327825546264648 0.99101352691650390625 1.0034488439559936523 1.1431601047515869141 1.139068603515625 1.5151516199111938477 1.6245808601379394531 1.5976362228393554688 1.6466580629348754883 1.6761629581451416016 1.338221430778503418 0.089354149997234344482 0 0.044567022472620010376 0.59976035356521606445 0.16562344133853912354 0 0.029356047511100769043 0 0.15178556740283966064 0.41984903812408447266 0.0093704564496874809265 0 0.43323078751564025879 1.1445983648300170898 0.72561889886856079102 0.18750254809856414795
0 0.1084354594349861145 0.83614408969879150391 0.031774699687957763672 0 0.042467299848794937134 0.10950224101543426514 0.072448387742042541504 1.7341830730438232422 1.626743316650390625 1.1199965476989746094 1.5172220468521118164 1.4719629287719726562 1.2518466711044311523 1.3541637659072875977 1.7435380220413208008 1.366967320442199707 1.2210931777954101562 1.3106774091720581055 0.71477437019348144531 0.68651932477951049805 0.78487288951873779297 1.0413354635238647461 1.5266300439834594727 1.3392453193664550781 1.3787202835083007812 1.5920586585998535156 1.5468401908874511719 1.5816464424133300781 1.4837915897369384766 1.0293711423873901367 1.4079613685607910156 1.7054867744445800781 1.7396414279937744141 0.52986174821853637695 0.13572742044925689697 0.055366653949022293091 0 0.0056643988937139511108 0.77915996313095092773 0.0037025632336735725403 0.49877381324768066406 1.0428296327590942383 1.0721136331558227539 1.0000438690185546875 1.1494095325469970703
0.88793033361434936523 0.68806004524230957031 1.0193657875061035156 1.5083204507827758789 0.63784593343734741211 0.071740262210369110107 0 0 0.34702432155609130859 0.47988229990005493164 1.8077276945114135742 1.7680515050888061523 1.5375419855117797852 0.43606194853782653809 0.31522420048713684082 1.4614048004150390625 1.0628139972686767578 0.99736839532852172852 0.75228607654571533203 1.0012843608856201172 0.96366930007934570312 0.6658840179443359375 1.1992647647857666016 0.90965282917022705078 0.40992662310600280762 1.5081006288528442383 1.6284184455871582031 1.335628509521484375 1.6312690973281860352 1.9634536504745483398 2.0641393661499023438 1.7782027721405029297 2.2061402797698974609 2.0468156337738037109 1.8132994174957275391 0.78021782636642456055 0.039255321025848388672 0.0015410755295306444168 0.32860299944877624512 0.77211272716522216797 0.011467556469142436981 0.35668209195137023926 0.25323948264122009277 0.66295427083969116211 0.8756377100944519043 0.93722689151763916016
1.6817290782928466797 1.1140624284744262695 1.8161159753799438477 1.9452917575836181641 1.5349173545837402344 1.0695142745971679688 0.94265359640121459961 1.8017915487289428711 1.5280878543853759766 1.0344023704528808594 1.6715333461761474609 1.8702878952026367188 2.1900582313537597656 1.0040037631988525391 0.077195383608341217041 1.2057666778564453125 1.286774754524230957 1.2017742395401000977 1.0358587503433227539 0.99609166383743286133 1.7790200710296630859 1.1886384487152099609 0.89669060707092285156 0.8082714080810546875 0.3260307013988494873 0.43850651383399963379 0.6559009552001953125 0.54159873723983764648 1.2583807706832885742 1.7733575105667114258 1.7082886695861816406 1.8788397312164306641 2.3073644638061523438 2.1518275737762451172 1.6068336963653564453 0.89202117919921875 0.30909746885299682617 0.43387278914451599121 0.19222749769687652588 0.025384778156876564026 0 0 0.47438481450080871582 1.5092409849166870117 0.94921922683715820312 1.1261047124862670898
1.3631633520126342773 1.5143531560897827148 1.6433142423629760742 1.7351742982864379883 1.6248365640640258789 1.6735408306121826172 1.8090686798095703125 1.6906895637512207031 1.7644392251968383789 1.6546926498413085938 1.8185518980026245117 1.895843505859375 2.3384928703308105469 1.5094268321990966797 0.1227270960807800293 1.3312687873840332031 1.7015050649642944336 1.6191056966781616211 1.3678957223892211914 1.004076838493347168 1.4892350435256958008 1.6060773134231567383 1.3359760046005249023 0.80250841379165649414 0.04769107326865196228 0 0.091372638940811157227 0.10061307251453399658 0.12106163054704666138 0.57161980867385864258 1.8226076364517211914 1.8917030096054077148 1.8925492763519287109 2.1111569404602050781 2.1241812705993652344 0.78625088930130004883 0.32106077671051025391 1.0634367465972900391 0.17163722217082977295 0.052667621523141860962 0.04682369530200958252 0.0058528231456875801086 0.69556462764739990234 1.5985301733016967773 1.7404235601425170898 1.5977725982666015625
1.466205596923828125 1.3153730630874633789 1.6768223047256469727 1.8678538799285888672 1.6988855600357055664 1.6392751932144165039 1.5553632974624633789 1.8699649572372436523 1.693905949592590332 1.0843098163604736328 0.93824756145477294922 1.6746033430099487305 1.7850410938262939453 1.2929005622863769531 0.058934934437274932861 0.7857716679573059082 1.7727125883102416992 1.4636052846908569336 1.484933018684387207 1.4478088617324829102 1.2653485536575317383 1.3503479957580566406 1.1366974115371704102 0.72008538246154785156 0.25899264216423034668 0 0.0021260622888803482056 0.54827147722244262695 0.16771614551544189453 0.37114936113357543945 1.6966807842254638672 1.2789425849914550781 0.78620791435241699219 0.83184516429901123047 1.3516942262649536133 1.148146510124206543 0.223724365234375 0.52662056684494018555 0.76675617694854736328 0.90451395511627197266 0.0041669597849249839783 0.47942015528678894043 1.4906853437423706055 1.8591673374176025391 2.0832645893096923828 1.4530434608459472656
0.57588118314743041992 1.6076350212097167969 1.457789301872253418 0.69140326976776123047 1.5573329925537109375 1.7589586973190307617 1.6313135623931884766 1.5646179914474487305 1.7938134670257568359 1.3576838970184326172 0.82587355375289916992 1.3158655166625976562 1.8282482624053955078 2.030086517333984375 1.631388545036315918 1.5772945880889892578 1.5990124940872192383 1.7407727241516113281 1.5577179193496704102 1.5409409999847412109 1.1575521230697631836 1.7786492109298706055 1.0116686820983886719 0.36460709571838378906 0.49349665641784667969 0.046383045613765716553 0 0.18136841058731079102 0.74196571111679077148 1.0826923847198486328 1.7665009498596191406 0.60466933250427246094 0 0 0.88901019096374511719 1.2943688631057739258 0.83556550741195678711 0.55870574712753295898 0.67262065410614013672 0.39389154314994812012 0.010069842450320720673 1.4355071783065795898 1.7078016996383666992 1.8751718997955322266 1.4615197181701660156 1.4704747200012207031
0.36080795526504516602 1.4200217723846435547 1.5433696508407592773 1.4337075948715209961 1.2107269763946533203 1.6387296915054321289 1.6362267732620239258 1.5578674077987670898 1.6071310043334960938 0.94082033634185791016 0.010095194913446903229 0.66572225093841552734 1.5120259523391723633 2.0456216335296630859 2.1782100200653076172 1.9675375223159790039 0.49999499320983886719 1.4735126495361328125 1.7306784391403198242 1.4963207244873046875 1.5574223995208740234 1.2137585878372192383 1.1160820722579956055 1.3490186929702758789 0.52827244997024536133 0.72846263647079467773 0.00086337001994252204895 0 0.26587900519371032715 0.20244437456130981445 0.49969059228897094727 0 0 0.67602825164794921875 1.2671298980712890625 1.2119184732437133789 1.307116389274597168 0.39455112814903259277 1.2829226255416870117 0.15116451680660247803 0.34914070367813110352 1.5871372222900390625 1.9427928924560546875 1.5796563625335693359 1.3132698535919189453 1.2623560428619384766
0.16579638421535491943 0.35535961389541625977 1.3368600606918334961 1.5056573152542114258 1.6004263162612915039 1.4354723691940307617 1.3615735769271850586 1.6668076515197753906 1.7359476089477539062 1.6794002056121826172 0.95019280910491943359 0.28328853845596313477 1.2919075489044189453 1.8835545778274536133 1.8319528102874755859 1.7224423885345458984 1.8757473230361938477 1.7506854534149169922 1.6939848661422729492 1.6141160726547241211 1.400879979133605957 1.3492704629898071289 1.3393740653991699219 1.3714233636856079102 1.1240106821060180664 1.7050588130950927734 0.088677011430263519287 0.013354858383536338806 0.33098620176315307617 0.3371365666389465332 0.54995316267013549805 0.89741337299346923828 0.69667172431945800781 1.0675232410430908203 1.7140938043594360352 1.0821105241775512695 1.1436363458633422852 0.70964151620864868164 0.38248893618583679199 0.61065155267715454102 0.82814824581146240234 1.5248851776123046875 1.5506240129470825195 1.2767291069030761719 1.6006871461868286133 1.0187954902648925781
0.89748597145080566406 0.4339351356029510498 0.27090185880661010742 0.19777412712574005127 0.59161496162414550781 1.1087191104888916016 1.8238180875778198242 1.813471674919128418 1.9069103002548217773 1.780327916145324707 1.1507482528686523438 0.72413855791091918945 0.33388316631317138672 1.062620997428894043 1.8166140317916870117 1.9703221321105957031 1.5781403779983520508 0.59881395101547241211 0.54720616340637207031 1.3141934871673583984 1.6796295642852783203 1.0283406972885131836 1.4414523839950561523 1.6252917051315307617 1.4907306432723999023 1.7997518777847290039 0.93262881040573120117 0.32532921433448791504 0.51390087604522705078 1.3207284212112426758 1.0601830482482910156 1.2238878011703491211 1.2745265960693359375 1.6739132404327392578 1.1691501140594482422 0.43952214717864990234 1.8176887035369873047 1.3735617399215698242 2.3224186897277832031 1.39139556884765625 0.81123274564743041992 1.4303687810897827148 1.5289733409881591797 1.4293179512023925781 1.3026072978973388672 1.1102380752563476562
0.57180923223495483398 0.52873450517654418945 1.3503934144973754883 1.2007752656936645508 0 0.32061079144477844238 1.3356959819793701172 1.4826108217239379883 1.7808349132537841797 1.7082223892211914062 1.5915070772171020508 1.11441802978515625 1.6309131383895874023 0.81746715307235717773 1.2447602748870849609 1.604311823844909668 1.9419527053833007812 1.4519886970520019531 0.69507843255996704102 1.3358750343322753906 0.98401170969009399414 0.4658673703670501709 1.5828720331192016602 1.668658137321472168 1.7169741392135620117 1.6844257116317749023 1.4878737926483154297 0.6687495112419128418 0.55068647861480712891 0.74197965860366821289 1.030419468879699707 1.0494712591171264648 0.99983251094818115234 1.1378159523010253906 0.56727385520935058594 0.95039045810699462891 1.9077106714248657227 2.1339929103851318359 1.7198843955993652344 1.9021601676940917969 1.6656039953231811523 1.6830016374588012695 1.5513786077499389648 1.9866309165954589844 1.1699820756912231445 1.0741099119186401367
0.66050440073013305664 0.53985464572906494141 1.1242854595184326172 1.1222608089447021484 0.056092049926519393921 0.92931956052780151367 0.21955530345439910889 1.466990351676940918 1.9028494358062744141 1.1033316850662231445 1.0363636016845703125 0.53696227073669433594 0.74881851673126220703 1.4200674295425415039 0.89924657344818115234 1.2473847866058349609 1.7378443479537963867 1.9844281673431396484 0.99831223487854003906 0.5632044672966003418 1.0541814565658569336 1.0689617395401000977 1.2603307962417602539 1.896953582763671875 1.8186897039413452148 1.6913837194442749023 1.3343998193740844727 1.4864598512649536133 1.1359819173812866211 1.1949974298477172852 1.1587363481521606445 1.3742297887802124023 1.2218403816223144531 1.2483077049255371094 1.3595153093338012695 1.3903414011001586914 1.5219064950942993164 1.9849886894226074219 1.7814453840255737305 2.0510838031768798828 2.0580205917358398438 2.0296511650085449219 1.4462038278579711914 1.4512586593627929688 0.75737732648849487305 0.8702475428581237793
1.2532372474670410156 0.52025085687637329102 0.28490045666694641113 1.9301242828369140625 0.94365715980529785156 1.0992511510848999023 1.2294777631759643555 1.0638579130172729492 2.1546573638916015625 1.951302647590637207 2.1610169410705566406 1.4333328008651733398 0.74295443296432495117 0.20112895965576171875 1.2578030824661254883 0.56414198875427246094 1.6673794984817504883 2.2930159568786621094 1.7795150279998779297 0.25052559375762939453 0.27390959858894348145 0.62097895145416259766 1.2514393329620361328 1.6937836408615112305 1.7146379947662353516 1.6061075925827026367 1.0995302200317382812 1.4992694854736328125 1.6888697147369384766 1.6039067506790161133 1.4505186080932617188 1.56493377685546875 1.5397683382034301758 1.2616790533065795898 1.4477391242980957031 0.93345910310745239258 1.1933999061584472656 1.8405594825744628906 1.9962402582168579102 1.5746260881423950195 1.6078149080276489258 1.6803705692291259766 0.70148074626922607422 0.24972285330295562744 0.49659717082977294922 1.0916500091552734375
1.3006129264831542969 1.6677196025848388672 1.1273261308670043945 1.5286042690277099609 1.3511934280395507812 1.2961672544479370117 0.72212928533554077148 0.72218215465545654297 1.3927985429763793945 1.7175662517547607422 1.9215593338012695312 1.7406595945358276367 0.86191934347152709961 0.48966076970100402832 0.49379661679267883301 0.6650435328483581543 1.4808025360107421875 1.7691516876220703125 1.1315368413925170898 1.3874666690826416016 0.46986502408981323242 0.88112807273864746094 2.0751769542694091797 1.5405607223510742188 1.5481528043746948242 1.7962576150894165039 1.3499991893768310547 1.5795671939849853516 1.8236043453216552734 1.5356764793395996094 1.422341465950012207 1.5589383840560913086 1.387312769889831543 0.83706068992614746094 1.5023555755615234375 0.77077686786651611328 0.13057634234428405762 1.2853248119354248047 1.601483464241027832 1.4202213287353515625 1.1953797340393066406 1.4799476861953735352 1.2533038854598999023 0.38487347960472106934 1.4000194072723388672 0.96258515119552612305
0.55247062444686889648 1.7083402872085571289 1.7970037460327148438 1.2400617599487304688 1.3729425668716430664 1.5098899602890014648 1.0571560859680175781 0.035583190619945526123 0.29362258315086364746 1.4553295373916625977 1.5021227598190307617 1.4188214540481567383 1.4505066871643066406 1.0978782176971435547 1.0610023736953735352 1.0102035999298095703 1.2281967401504516602 1.3912067413330078125 1.546053767204284668 1.6767778396606445312 1.4796857833862304688 2.0222866535186767578 1.9235669374465942383 0.89132571220397949219 0.64534562826156616211 1.7636101245880126953 1.5432459115982055664 1.6909224987030029297 1.8511527776718139648 1.0279842615127563477 1.253459930419921875 1.363692164421081543 0.92520391941070556641 0.9499721527099609375 0.93802082538604736328 0.85076385736465454102 0.58618003129959106445 0.91969788074493408203 1.2498464584350585938 1.6706624031066894531 1.5943851470947265625 0.62937200069427490234 1.4142692089080810547 0.3366585075855255127 0.31073760986328125 0.54446542263031005859
0.44311469793319702148 1.0158302783966064453 1.9379235506057739258 0.77558416128158569336 1.4657574892044067383 1.9146914482116699219 1.8454527854919433594 0.81020504236221313477 0.019064335152506828308 0.82624763250350952148 1.6805602312088012695 1.4767724275588989258 1.3650659322738647461 0.076018646359443664551 0.023207064718008041382 1.1049096584320068359 1.1272997856140136719 1.5424273014068603516 1.6526420116424560547 1.7708652019500732422 1.6432754993438720703 1.5075113773345947266 1.7507493495941162109 1.7716231346130371094 0.92517542839050292969 1.0070593357086181641 1.7891428470611572266 1.5344254970550537109 1.0282454490661621094 0.78989994525909423828 0.14574545621871948242 0.098326645791530609131 0.60557520389556884766 2.1842062473297119141 1.9296085834503173828 1.7400560379028320312 1.7168877124786376953 1.468703150749206543 2.0917065143585205078 1.8490979671478271484 1.3799096345901489258 0.67156171798706054688 1.6052267551422119141 0.57720583677291870117 0.41396552324295043945 0.44527804851531982422
0.32740303874015808105 0.050567414611577987671 1.6629828214645385742 1.6420406103134155273 1.8683265447616577148 0.89410638809204101562 1.3389815092086791992 1.4133577346801757812 0.88927513360977172852 1.5303881168365478516 1.8942499160766601562 1.4902806282043457031 1.0246640443801879883 0.56022799015045166016 0.24778407812118530273 0.40681907534599304199 1.7605435848236083984 1.7518278360366821289 1.9286122322082519531 1.6932404041290283203 1.7662819623947143555 1.9084391593933105469 1.9861420392990112305 2.1850144863128662109 0.38683626055717468262 0.083248093724250793457 0.82421815395355224609 0.54778283834457397461 1.1128468513488769531 0.83516424894332885742 0.97599452733993530273 1.5500544309616088867 2.219562530517578125 1.6582715511322021484 1.5371644496917724609 1.4657911062240600586 1.5000810623168945312 2.1185824871063232422 1.9156181812286376953 1.0637649297714233398 0.28620076179504394531 0.61267530918121337891 0.81633579730987548828 1.5984580516815185547 0.26569098234176635742 0.19670225679874420166
