gis/80m/LAI_spruce.asc
ncols        128
nrows        143
xllcorner    726726.000000000000
yllcorner    7127190.000000000000
cellsize     80.000000000000
NODATA_value -9999
[rows 0 to 19 of 143, columns 46 to 91 of 128]
-9999 -9999 -9999 -9999 -9999 -9999 -9999 -9999 -9999 -9999 -9999 -9999 -9999 -9999 -9999 -9999 -9999 -9999 -9999 -9999 -9999 0.18625272810459136963 -9999 1.7439448833465576172 1.7304314374923706055 1.9091800451278686523 -9999 -9999 -9999 -9999 -9999 -9999 -9999 -9999 -9999 -9999 -9999 -9999 -9999 -9999 -9999 -9999 -9999 -9999 -9999 -9999
-9999 -9999 -9999 -9999 -9999 -9999 -9999 -9999 -9999 -9999 -9999 -9999 -9999 -9999 -9999 -9999 -9999 -9999 -9999 0.14053419232368469238 0.01806360296905040741 0.56356674432754516602 1.9434152841567993164 1.9944331645965576172 2.1294128894805908203 1.815776824951171875 1.0554316043853759766 -9999 -9999 -9999 -9999 -9999 -9999 -9999 -9999 -9999 -9999 -9999 -9999 -9999 -9999 -9999 -9999 -9999 -9999 -9999
-9999 -9999 -9999 -9999 -9999 -9999 -9999 -9999 -9999 -9999 -9999 -9999 -9999 0.11916729062795639038 -9999 -9999 -9999 0.078275181353092193604 0.25914797186851501465 0.10827106982469558716 0.020018907263875007629 0.4698569178581237793 2.6116480827331542969 2.4559967517852783203 2.3013498783111572266 2.02603912353515625 1.2978852987289428711 1.354365229606628418 -9999 -9999 -9999 -9999 -9999 -9999 -9999 -9999 -9999 -9999 -9999 -9999 -9999 -9999 -9999 -9999 -9999 -9999
-9999 -9999 -9999 -9999 -9999 -9999 -9999 -9999 -9999 -9999 -9999 -9999 0.011707966215908527374 0.37430849671363830566 0.50734788179397583008 -9999 -9999 0.011927935294806957245 0 0.12173738330602645874 0.69918882846832275391 2.1915726661682128906 2.5473439693450927734 1.0074512958526611328 1.9603974819183349609 2.0444786548614501953 1.537440180778503418 1.4407029151916503906 -9999 -9999 -9999 -9999 -9999 -9999 -9999 -9999 -9999 -9999 -9999 -9999 -9999 -9999 -9999 -9999 -9999 -9999
-9999 -9999 -9999 -9999 -9999 -9999 -9999 -9999 -9999 -9999 0.42247092723846435547 0.015337081626057624817 0.10875752568244934082 0.010318109765648841858 0.037334468215703964233 0.42948365211486816406 0.0044792178086936473846 0 0 0.0036976719275116920471 0.19160763919353485107 1.9808200597763061523 2.2320492267608642578 2.2924687862396240234 2.8190333843231201172 2.6904902458190917969 1.9391391277313232422 1.6639964580535888672 1.9750530719757080078 -9999 -9999 -9999 -9999 -9999 -9999 -9999 -9999 0.98090976476669311523 -9999 -9999 -9999 -9999 -9999 -9999 -9999 -9999
-9999 -9999 -9999 -9999 -9999 -9999 0.33994638919830322266 0.49632489681243896484 0.53257966041564941406 1.064551234245300293 0.5131823420524597168 0.21397198736667633057 0.015521281398832798004 0.0078063583932816982269 0.010471944697201251984 0.58566504716873168945 0.12796479463577270508 0 0 0.026517590507864952087 0.75079828500747680664 1.4100878238677978516 2.4818770885467529297 2.9406826496124267578 3.2258243560791015625 2.7412276268005371094 2.7787311077117919922 1.6055150032043457031 1.4841338396072387695 -9999 -9999 0.05479316413402557373 -9999 -9999 -9999 -9999 -9999 0.64081835746765136719 1.4597544670104980469 1.3780131340026855469 1.1556049585342407227 0.17742821574211120605 0 0.50113880634307861328 -9999 -9999
-9999 -9999 -9999 -9999 -9999 -9999 0.78314983844757080078 0.84169572591781616211 0.24450272321701049805 0.45563054084777832031 0.14167480170726776123 0.0056760469451546669006 0.00081693287938833236694 0.21044164896011352539 0.14501559734344482422 0.70056897401809692383 0.45677733421325683594 0.05475233122706413269 0.0082176309078931808472 0 0.48568132519721984863 1.3220273256301879883 1.724488377571105957 1.9032553434371948242 2.3875222206115722656 2.7630274295806884766 3.0292711257934570312 1.3938624858856201172 1.1098748445510864258 1.0616419315338134766 0.3205776512622833252 0.3498064875602722168 0 -9999 -9999 0.0041456567123532295227 0.033063430339097976685 0.48114591836929321289 1.450478672981262207 2.0207571983337402344 2.0484724044799804688 0.61763197183609008789 0.15765455365180969238 0.22536037862300872803 0.097766958177089691162 -9999
-9999 -9999 -9999 -9999 -9999 -9999 -9999 0.29816150665283203125 0.0001492266310378909111 0 0 0.0096872085705399513245 0.22332292795181274414 0.20479403436183929443 0.2383603900671005249 0.20268858969211578369 0.2386499941349029541 0.20828598737716674805 0.22533205151557922363 0.1681614220142364502 0.098440319299697875977 0.57863622903823852539 1.0933922529220581055 1.2881578207015991211 1.5203162431716918945 1.019863128662109375 1.3301919698715209961 0.59408921003341674805 0.45851424336433410645 0.51379293203353881836 0.32961156964302062988 0.19986376166343688965 0 0.016329150646924972534 0.00091690040426328778267 0.0075445510447025299072 0.25228866934776306152 0.70960605144500732422 0.88027209043502807617 0.70787769556045532227 0.6191876530647277832 0.13882392644882202148 0.009181086905300617218 0.0050233528017997741699 0.12609876692295074463 0.080149009823799133301
-9999 -9999 -9999 -9999 -9999 -9999 -9999 0.227423056960105896 0.019475379958748817444 0.14502860605716705322 0.28069210052490234375 0.12908722460269927979 0.46988883614540100098 0.097586333751678466797 0.30211374163627624512 0.35270723700523376465 0.6656621098518371582 0.33234894275665283203 0.53825664520263671875 0.11563387513160705566 0.40659230947494506836 0.72523260116577148438 1.5852462053298950195 1.7725155353546142578 2.1256623268127441406 1.8962119817733764648 1.4539681673049926758 1.6050573587417602539 1.3275891542434692383 1.0904992818832397461 0.27863448858261108398 0.050884250551462173462 0.0021608823444694280624 0.0080537293106317520142 0.12760879099369049072 1.0993703603744506836 1.6104792356491088867 1.2631318569183349609 1.6415246725082397461 1.5625956058502197266 0.86539447307586669922 0.85549849271774291992 0.51970058679580688477 0.014473570510745048523 0.16377291083335876465 0.038940377533435821533
-9999 -9999 -9999 -9999 -9999 -9999 0.0029422165825963020325 0 0.017767786979675292969 0.096133477985858917236 0.35567197203636169434 0.0057375831529498100281 0.02017574012279510498 0.15737788379192352295 0.69687020778656005859 0.6598078608512878418 0.84264278411865234375 0.45289719104766845703 0.36663419008255004883 0.18714641034603118896 0.021700249984860420227 0.82338231801986694336 2.2798283100128173828 1.3283447027206420898 1.6098968982696533203 1.7523543834686279297 1.9134144783020019531 1.4312192201614379883 1.2166246175765991211 0.89205342531204223633 0.45709714293479919434 0.033182960003614425659 0 0.040267206728458404541 0.12397830933332443237 1.7546210289001464844 2.1760640144348144531 1.7029142379760742188 2.0154166221618652344 1.4148325920104980469 1.0439062118530273438 0.70359492301940917969 0.15335118770599365234 0.18372774124145507812 0.0032810084521770477295 0
0.77085041999816894531 1.0597007274627685547 0.81394982337951660156 1.4180198907852172852 1.4655361175537109375 1.3618471622467041016 0.42939150333404541016 0 0.083522282540798187256 0.099016688764095306396 0.034977845847606658936 0.073414519429206848145 0.34246075153350830078 0.38472655415534973145 0.11026486754417419434 0.90252822637557983398 1.5599814653396606445 1.0723835229873657227 0.27664065361022949219 0.062064647674560546875 0.73132663965225219727 0.15924285352230072021 1.7172932624816894531 0.930614471435546875 1.0459303855895996094 1.6103758811950683594 2.1141459941864013672 1.799603581428527832 1.3652880191802978516 1.03115081787109375 1.362469792366027832 1.3775005340576171875 0.031908534467220306396 0 0.019441463053226470947 0.77552723884582519531 0.61446511745452880859 1.0406993627548217773 1.6722038984298706055 0.59499335289001464844 0.70083379745483398438 0.38439887762069702148 0.11418075859546661377 0.0018067783676087856293 1.9598139260779134929e-05 0
0.28824889659881591797 0.46768915653228759766 0.69685447216033935547 0.88822501897811889648 1.2253049612045288086 1.9396079778671264648 0.89147138595581054688 0.003276023082435131073 0.13261710107326507568 0.37080061435699462891 0.73934459686279296875 0.29617348313331604004 0.26362553238868713379 0.42741888761520385742 0.5939152836799621582 1.1315752267837524414 1.3314957618713378906 1.6475772857666015625 0.26872017979621887207 0 0 0.28453728556632995605 1.102576136589050293 1.2106688022613525391 1.7688294649124145508 1.15081024169921875 2.1908025741577148438 3.1547701358795166016 1.6109403371810913086 1.4105619192123413086 0.71007710695266723633 1.1720539331436157227 0.58063149452209472656 0.0069116218946874141693 0.29816213250160217285 0.90986192226409912109 0.0031238228548318147659 0.11020235717296600342 0.67079746723175048828 1.1391661167144775391 1.0098454952239990234 1.2052273750305175781 0.53573364019393920898 0.00034049962414428591728 0 0.027219669893383979797
0 0.10935047268867492676 1.014386296272277832 0.067032083868980407715 0.1972640305757522583 0.90986043214797973633 1.1513197422027587891 0.0080779027193784713745 0.018861899152398109436 0.60206454992294311523 0.72877037525177001953 0.32216084003448486328 0.6059176325798034668 1.4185396432876586914 1.5222575664520263672 0.67377066612243652344 0.2411705702543258667 0.52760767936706542969 1.3877454996109008789 0.087061747908592224121 0.33502137660980224609 0.94305187463760375977 0.3647276759147644043 0.36394980549812316895 1.688929438591003418 1.7720829248428344727 1.699923396110534668 1.3577833175659179688 1.0683369636535644531 0.84359627962112426758 0.7843024134635925293 0.9907245635986328125 0.94488245248794555664 0.38182607293128967285 0.30375781655311584473 0.29446715116500854492 0.29074808955192565918 0.14185786247253417969 0.0049122930504381656647 0.046145997941493988037 0.01718892902135848999 0.363616943359375 0.069910101592540740967 0.053482808172702789307 0 0.057354528456926345825
0.0011778987245634198189 0 0.57706886529922485352 0.14600457251071929932 0 0.28015506267547607422 2.3767259120941162109 0.97540748119354248047 0.018882924690842628479 0.39680007100105285645 0.18719875812530517578 0.6221167445182800293 0.93290257453918457031 1.1239194869995117188 1.1184549331665039062 0.6105009913444519043 0.79188609123229980469 0.60671639442443847656 0.66591465473175048828 0.34374612569808959961 0.51338517665863037109 0.41599395871162414551 0.48948329687118530273 0.056192614138126373291 0.67478269338607788086 1.1803725957870483398 1.7544536590576171875 1.4489771127700805664 0.55135005712509155273 0.4237378239631652832 1.4764723777770996094 1.0441653728485107422 0.38085821270942687988 0.22353336215019226074 0.18928797543048858643 0.034755613654851913452 0.0045925914309918880463 0.068158715963363647461 0.17789813876152038574 0.069331981241703033447 0.061472363770008087158 0.020128961652517318726 0.17696301639080047607 0.11629775911569595337 0.00061235547764226794243 0.029414283111691474915
0.011648310348391532898 0 0 0 0 0.086601056158542633057 0.99640572071075439453 1.5750491619110107422 0.14111705124378204346 0.10412071645259857178 0.24640174210071563721 0.77275061607360839844 1.026349186897277832 1.7567971944808959961 1.0095283985137939453 0.68662244081497192383 0.6140111088752746582 0.56736904382705688477 0.64302277565002441406 0.84670329093933105469 0.48566466569900512695 0.94471621513366699219 0.028725989162921905518 0.0032669033389538526535 0.069623909890651702881 1.0003665685653686523 0.23210598528385162354 0.42698356509208679199 0.34770765900611877441 0.48824599385261535645 1.095311284065246582 0.38374212384223937988 0.19399115443229675293 0.6919053196907043457 0.43758663535118103027 0.48830071091651916504 0.23198761045932769775 0.040305543690919876099 0.34272018074989318848 0.35247632861137390137 0.27337577939033508301 0 0.050519365817308425903 0 0 0.026439292356371879578
0.37772354483604431152 0.94005846977233886719 0.9206154942512512207 0.60345548391342163086 0.048056058585643768311 0.80473673343658447266 1.7028729915618896484 2.1171107292175292969 0.29673868417739868164 0.041108466684818267822 0.46376109123229980469 0.702266693115234375 1.2913852930068969727 0.88783681392669677734 0.17252472043037414551 0.26111271977424621582 0.45915341377258300781 0.58177405595779418945 0.70593255758285522461 0.90836054086685180664 0.80136102437973022461 0.90860646963119506836 0.44257909059524536133 0 0 0.77872037887573242188 0.27731966972351074219 0.63889902830123901367 1.0491354465484619141 0.2874215245246887207 0.92566829919815063477 0.37890729308128356934 0.48551532626152038574 0.7096004486083984375 0.5518429875373840332 0.58154708147048950195 0.44084766507148742676 0.47939163446426391602 0.025720605626702308655 0.40782529115676879883 0.098864249885082244873 0 0.0071579818613827228546 0.036159466952085494995 0.23905046284198760986 0.055486038327217102051
1.2397344112396240234 1.8004143238067626953 0.4915847480297088623 0.54340398311614990234 0.58564579486846923828 0.78922694921493530273 0.84233838319778442383 1.070011138916015625 1.0898895263671875 0.54941231012344360352 1.0678322315216064453 0.77043771743774414062 0.2463998645544052124 0.04969380795955657959 0 0.11478686332702636719 0.25214287638664245605 0.53650003671646118164 0.69873815774917602539 0.73562645912170410156 0.88014835119247436523 1.2406301498413085938 0.77677708864212036133 0 0 0.06825281679630279541 0.48987722396850585938 0.51753306388854980469 0.14675962924957275391 0.081433601677417755127 0.83677083253860473633 0.39931568503379821777 0.35383436083793640137 0.5701115727424621582 0.73708385229110717773 0.54350948333740234375 0.45045989751815795898 0.71367877721786499023 0.31113684177398681641 0.80699735879898071289 0.2815876305103302002 0.25985637307167053223 0.21791669726371765137 0.10071745514869689941 1.4396077394485473633 0.1671082228422164917
0.34407028555870056152 1.6877071857452392578 0.5231723785400390625 0.0941335335373878479 1.1537255048751831055 1.78003692626953125 0.45183649659156799316 0.3108952641487121582 0.22098836302757263184 0.677822113037109375 0.82435083389282226562 1.0113817453384399414 0.56097018718719482422 0 0 0 0 0.29244133830070495605 0.37328749895095825195 0.43803098797798156738 0.49443742632865905762 1.5167385339736938477 1.0689733028411865234 0.12671257555484771729 0 0 0.30764231085777282715 0.16729408502578735352 0.072172410786151885986 0.10421188920736312866 0.95348364114761352539 0.46973502635955810547 0.31043580174446105957 0.57469969987869262695 0.71900916099548339844 0.66266322135925292969 0.63215911388397216797 0.97870963811874389648 1.0793813467025756836 0.81779193878173828125 1.1180467605590820312 0.58275163173675537109 0.1220200657844543457 0.032877370715141296387 0.49705585837364196777 0.064037330448627471924
0.78064996004104614258 2.1549727916717529297 1.5194456577301025391 1.4148840904235839844 1.4633063077926635742 1.3030381202697753906 1.0651826858520507812 1.0037064552307128906 0.42794394493103027344 0.24419267475605010986 0.20974130928516387939 0.19923999905586242676 0.0075028007850050926208 0.17223803699016571045 0.20000623166561126709 0 0 0.039477467536926269531 0.12657471001148223877 0.4552694857120513916 0.65251785516738891602 1.2370585203170776367 1.0901567935943603516 0.27707579731941223145 0 0 0 0.036494549363851547241 0.016558388248085975647 0.035386495292186737061 0.79097598791122436523 0.58293604850769042969 0.51365804672241210938 0.59408384561538696289 1.1672499179840087891 0.60809946060180664062 0.34086409211158752441 0.53911542892456054688 0.43757969141006469727 0.69220548868179321289 0.85963159799575805664 0.86011224985122680664 0.46157941222190856934 0.0032490103039890527725 0.34729915857315063477 0.4210605323314666748
0.26958370208740234375 0.52024412155151367188 1.1485569477081298828 1.5851805210113525391 1.2853983640670776367 2.2635419368743896484 1.6560711860656738281 1.0687326192855834961 1.2772485017776489258 0.78959119319915771484 0.024278394877910614014 0.27130925655364990234 0.011473378166556358337 0.028357513248920440674 0.13008657097816467285 0.019572580233216285706 0 0 0.59445112943649291992 1.3203634023666381836 1.1151148080825805664 1.2109045982360839844 0.97055917978286743164 0.93927615880966186523 0.55395549535751342773 0.25159543752670288086 0 0.0088925566524267196655 0.028984369710087776184 0.12670956552028656006 0.2792797088623046875 0.33211082220077514648 0.39589104056358337402 0.56809151172637939453 1.0596691370010375977 0.98271429538726806641 0.35641720890998840332 0.37551915645599365234 0.72841161489486694336 0.84308201074600219727 1.281788945198059082 0.98578941822052001953 1.0360424518585205078 0.15789838135242462158 0.28595691919326782227 0.67343091964721679688
