gis/80m/LAI_decid.asc
ncols        128
nrows        143
xllcorner    726726.000000000000
yllcorner    7127190.000000000000
cellsize     80.000000000000
NODATA_value -9999
[rows 0 to 20 of 143, columns 49 to 97 of 128]
-9999 -9999 -9999 -9999 -9999 -9999 -9999 -9999 -9999 -9999 -9999 -9999 -9999 -9999 -9999 -9999 -9999 -9999 0.024434708058834075928 -9999 0.0048016249202191829681 0.015966167673468589783 0.0047280392609536647797 -9999 -9999 -9999 -9999 -9999 -9999 -9999 -9999 -9999 -9999 -9999 -9999 -9999 -9999 -9999 -9999 -9999 -9999 -9999 -9999 -9999 -9999 -9999 -9999 -9999 -9999
-9999 -9999 -9999 -9999 -9999 -9999 -9999 -9999 -9999 -9999 -9999 -9999 -9999 -9999 -9999 -9999 0.00052959885215386748314 3.3611344406381249428e-05 0.063857801258563995361 0.043698988854885101318 0 0.013883111998438835144 0.0043528638780117034912 0.024666775017976760864 -9999 -9999 -9999 -9999 -9999 -9999 -9999 -9999 -9999 -9999 -9999 -9999 -9999 -9999 -9999 -9999 -9999 -9999 -9999 -9999 -9999 -9999 -9999 -9999 -9999
-9999 -9999 -9999 -9999 -9999 -9999 -9999 -9999 -9999 -9999 0.01610685884952545166 -9999 -9999 -9999 0.00019255488587077707052 0 0 6.8163091782480478287e-05 0.075900770723819732666 0.072597302496433258057 0.011560631915926933289 0.054713487625122070312 0 0.099678464233875274658 0.16803307831287384033 -9999 -9999 -9999 -9999 -9999 -9999 -9999 -9999 -9999 -9999 -9999 -9999 -9999 -9999 -9999 -9999 -9999 -9999 -9999 -9999 -9999 -9999 -9999 -9999
-9999 -9999 -9999 -9999 -9999 -9999 -9999 -9999 -9999 6.1547871155198663473e-05 0 0.016983559355139732361 -9999 -9999 0 0 0.0034559003543108701706 0.0090888440608978271484 0.093132235109806060791 0.15467295050621032715 0.0039544436149299144745 0.034551274031400680542 0.025033026933670043945 0.0019575199112296104431 0.037980973720550537109 -9999 -9999 -9999 -9999 -9999 -9999 -9999 -9999 -9999 -9999 -9999 -9999 -9999 -9999 -9999 -9999 -9999 -9999 -9999 -9999 -9999 -9999 -9999 -9999
-9999 -9999 -9999 -9999 -9999 -9999 -9999 0.0018235243624076247215 0 0.00088145351037383079529 0 0 0.00089750805636867880821 0 0 0 0 0.0090248566120862960815 0.033830069005489349365 0.098420403897762298584 0.00019505441014189273119 0.028849137946963310242 0.14396634697914123535 0.0021827812306582927704 0.013992643915116786957 0.011279579252004623413 -9999 -9999 -9999 -9999 -9999 -9999 -9999 -9999 0.065548785030841827393 -9999 -9999 -9999 -9999 -9999 -9999 -9999 -9999 -9999 -9999 -9999 -9999 -9999 -9999
-9999 -9999 -9999 0.0051656956784427165985 0.035697244107723236084 0.00072727823862805962563 0.016237212345004081726 0.0053584836423397064209 0 0 0 0 0.038876123726367950439 0.01560847647488117218 0 0 0 0.058510668575763702393 0.078340426087379455566 0.24678601324558258057 0.020430458709597587585 0.020601142197847366333 0.2331237494945526123 0.19622701406478881836 0.026766087859869003296 0.025138746947050094604 -9999 -9999 0.0018120814347639679909 -9999 -9999 -9999 -9999 -9999 0.078958876430988311768 0.05438761785626411438 0.016797853633761405945 0.017707033082842826843 0.017573377117514610291 0 0.089124627411365509033 -9999 -9999 -9999 -9999 -9999 -9999 -9999 -9999
-9999 -9999 -9999 0.019536573439836502075 0.074586018919944763184 0.0081367967650294303894 0.014511946588754653931 0.0021827702876180410385 0.00036730777355842292309 0 0 0.018454544246196746826 0.0090039493516087532043 0.0064211743883788585663 0.020455766469240188599 0.0033518641721457242966 0 0 0.11980113387107849121 0.11854013055562973022 0.065814249217510223389 0.037605747580528259277 0.1689106673002243042 0.14822995662689208984 0.057729434221982955933 0.077823400497436523438 0.012056786566972732544 0.0015910157235339283943 0.025500729680061340332 0 -9999 -9999 0.00091760925715789198875 0.0028712290804833173752 0.090754330158233642578 0.050360761582851409912 0.00050547590944916009903 0.014454944059252738953 0.0099258664995431900024 0.0077121756039559841156 0.022177804261445999146 0 -9999 -9999 -9999 -9999 -9999 -9999 -9999
-9999 -9999 -9999 -9999 0.0084243630990386009216 0 0 0 0 0 0.00019868304661940783262 0.015636598691344261169 0.0037686596624553203583 0.00045950213097967207432 0.0020634268876165151596 0.0029080240055918693542 0 0.037323035299777984619 0.13648211956024169922 0.23369795083999633789 0.09555149078369140625 0.060770742595195770264 0.064459204673767089844 0.050288878381252288818 0.027070133015513420105 0.0052530653774738311768 0.0051702861674129962921 0 0 0 0.0036336099728941917419 0.00029952573822811245918 0.0030773233156651258469 0.025078529492020606995 0.021817952394485473633 0.056080620735883712769 0.070595555007457733154 0.026284692808985710144 0.0011480931425467133522 0.0038234423846006393433 0.0021629519760608673096 0.027251213788986206055 0.0060543073341250419617 0 -9999 -9999 -9999 0.15596689283847808838 0.18207874894142150879
-9999 -9999 -9999 -9999 0.0093511762097477912903 5.3424235375132411718e-05 0.018218833953142166138 0.11142750084400177002 0.010040002875030040741 0 0 0.042581565678119659424 0.079461149871349334717 0.023874254897236824036 0.021436434239149093628 0.035461761057376861572 0.0036185539793223142624 0.11371767520904541016 0.091593757271766662598 0.28877091407775878906 0.44411936402320861816 0.38174358010292053223 0.19365608692169189453 0.016913995146751403809 0.019509674981236457825 0.021106639876961708069 0.08195696026086807251 0.00057518162066116929054 2.8711978302453644574e-05 0.00067548215156421065331 0.0026714224368333816528 0.0039033100474625825882 0.038932908326387405396 0.022378802299499511719 0.0046599260531365871429 0.0089389337226748466492 0.012569470331072807312 0.0300721731036901474 0.025257814675569534302 0.01479684002697467804 0 0.022094568237662315369 0 0 0.029142083600163459778 0.20980167388916015625 0.28748410940170288086 0.24446003139019012451 0.15145978331565856934
-9999 -9999 -9999 0 0 0 0.037088621407747268677 0.12192215025424957275 0.002169009065255522728 0.00014427999849431216717 0.0011293641291558742523 0.04976792261004447937 0.051518492400646209717 0.015875492244958877563 0.038411196321249008179 0.063602089881896972656 0.029086085036396980286 0 0.051190853118896484375 0.037612531334161758423 0.037843346595764160156 0.013910027220845222473 0 0.010579150170087814331 0.014635944738984107971 0.0079517010599374771118 0.00016613813932053744793 0.00075730058597400784492 0 0 0 0.0084873810410499572754 0.024439269676804542542 0.0047514764592051506042 0.0079304724931716918945 0.0038680853322148323059 0.01899283193051815033 0.036806244403123855591 0.030519016087055206299 0.0096261110156774520874 0.0038987365551292896271 0 0 0 0.0021663345396518707275 0.14705856144428253174 0.44810861349105834961 0.29223930835723876953 0.15010409057140350342
0.070563256740570068359 0.046099279075860977173 0.0092343473806977272034 0.0025790589861571788788 0 0.022586153820157051086 0.0042723114602267742157 0.0030566698405891656876 0.0010177744552493095398 0.00062995852204039692879 0.0049310545437037944794 0.010680118575692176819 0 0.00044638037797994911671 0.0059197074733674526215 0.067293860018253326416 0.0062078535556793212891 0.011375553905963897705 0 0.015236335806548595428 0.056763853877782821655 0.01135257817804813385 0.014197561889886856079 0.033478457480669021606 0.15531741082668304443 0.0026865967083722352982 0.0088505111634731292725 0.01566550135612487793 0.00065085722599178552628 0.0057602184824645519257 0 0.0053730518557131290436 0.029676018282771110535 0.24346216022968292236 0.010823230259120464325 0.050848927348852157593 0.046158600598573684692 0.04919137805700302124 0.017435189336538314819 0.0043067331425845623016 0.00030633667483925819397 0 0 0 0.015409921295940876007 0.081271894276142120361 0.31735137104988098145 0.41489589214324951172 0.32552444934844970703
0.048259411007165908813 0.025995619595050811768 0.0373077392578125 0.0055008004419505596161 0 0 0.033585872501134872437 0.055045675486326217651 0.029718384146690368652 0.011323305778205394745 0.0028429229278117418289 0.0019707053434103727341 0 0 0.0014461629325523972511 0 0 0 0 0.0033808662556111812592 0.0046679507941007614136 0.049711398780345916748 0.077448897063732147217 0.2300332188606262207 0.28457185626029968262 0.013240552507340908051 0.013166807591915130615 0.00023856709594838321209 0.038686361163854598999 0.030621422454714775085 0 0.048233769834041595459 0.064968541264533996582 0.00060687179211527109146 0.030007416382431983948 0.068723559379577636719 0.039059728384017944336 0.051175199449062347412 0.17043215036392211914 0.055466298013925552368 9.7137963166460394859e-05 0 0 0.062379144132137298584 0.035205494612455368042 0.082591190934181213379 0.033118721097707748413 0.092805325984954833984 0.18934722244739532471
0 0 0.01240868493914604187 0.0014297234592959284782 0 0 0.038650471717119216919 0.10005383193492889404 0.059624269604682922363 0.003497139783576130867 0 0.01478030811995267868 0 0 0.00088879402028396725655 0.075805798172950744629 0.00068955513415858149529 0 0.0066473125480115413666 0 0.017802150920033454895 0.10212554037570953369 0.070264317095279693604 0.083824515342712402344 0.035344216972589492798 0.12838211655616760254 0.0036106817424297332764 0.096413716673851013184 0.10671500116586685181 0.070367045700550079346 0.018021032214164733887 0.015997461974620819092 0.0073275277391076087952 0.013520196080207824707 0.018565097823739051819 0.00027074970421381294727 0.0017026233254000544548 0.00074726325692608952522 0.03696136176586151123 0 0.00091582204913720488548 0 0.0018398689571768045425 0.0087445350363850593567 0.079535916447639465332 0.020734190940856933594 0.049640245735645294189 0.012951203621923923492 0.12944053113460540771
0.00079814635682851076126 0 0 0 0 0 0.015979899093508720398 0.028212379664182662964 0.011381383985280990601 0.0015642142388969659805 0.013373361900448799133 0.016937024891376495361 0.098019532859325408936 0.032318376004695892334 0.00012259227514732629061 0.010353663936257362366 0 0 0.001851078239269554615 0 0 0.048592612147331237793 0.10105808079242706299 0.22051167488098144531 0.034148499369621276855 0.017253400757908821106 0.001374614308588206768 0.13549999892711639404 0.14999437332153320312 0.010823754593729972839 0.011325663886964321136 0 0.00053385592764243483543 0.00022381605231203138828 0.0002124548336723819375 0.0081574665382504463196 0.002657284960150718689 0 0 0 0 0 0 0.022622028365731239319 0.0012847123434767127037 0 0.0011364249512553215027 0.0015909950016066431999 0.037750892341136932373
0 0 0 0 0.0042681689374148845673 6.7748711444437503815e-05 0 0 0.0058423830196261405945 0.0057501229457557201385 0.11738338321447372437 0.051302511245012283325 0.006096711382269859314 0.0063143731094896793365 0 0.0062719816341996192932 0.013715581037104129791 0 0.14137761294841766357 0 0 0.020004630088806152344 0.024754736572504043579 0.0018889534985646605492 0.003703113878145813942 0.0010843434138223528862 0.0033115763217210769653 0.01912377774715423584 0 0.0028622143436223268509 0.040977228432893753052 0 0.044353432953357696533 0 0 0 0.0055332598276436328888 0.0017017646459862589836 0 0 0 0 0 0.0084763439372181892395 0.035276532173156738281 0 0 0 0.013051496818661689758
0.0059410175308585166931 0 0.053747814148664474487 0.065527692437171936035 0.020093388855457305908 0.00018254734459333121777 0 0.05486132204532623291 0.060930669307708740234 0.056021027266979217529 0.20452432334423065186 0 0 0 0.0028099592309445142746 0.0059178089722990989685 0.01126584317535161972 0.0098121752962470054626 0.060897253453731536865 0.003793130628764629364 0 0 0.03127454221248626709 0.0044554998166859149933 0.019428087398409843445 0.014765808358788490295 0.0053981593810021877289 0.0528716258704662323 0.0036775460466742515564 0.04929941520094871521 0.031830217689275741577 0.00069302396150305867195 0.005381184164434671402 0 0.0011944819707423448563 0 0.019775155931711196899 0.0042109848000109195709 0 0.00047701413859613239765 3.3929874916793778539e-05 0.003585811937227845192 0.0074298023246228694916 0 0 0 0 0 0.0041892300359904766083
0.011382800526916980743 0 0.0065642120316624641418 0.016746299341320991516 0.054076310247182846069 0.027442848309874534607 0.0024283507373183965683 0.046328946948051452637 0.041215844452381134033 0.0098476745188236236572 0 0 0 0 0.0019173839827999472618 0 0 0 0.033027436584234237671 0.0011748013785108923912 0 0 0 0.019737709313631057739 0.021474860608577728271 0.019551739096641540527 0.0029033506289124488831 0.070065803825855255127 0.0022290502674877643585 0.011041092686355113983 0.0094533013179898262024 0.01697789318859577179 0.0086003327742218971252 0 0.03459636494517326355 0.037577938288450241089 0.019360696896910667419 0.0036839924287050962448 0.0013287394540384411812 0 0.0051939296536147594452 0.019070660695433616638 0.016975291073322296143 0 0 0.053308777511119842529 0 0.003755499841645359993 0.007970029488205909729
0.0011233042459934949875 0.019201232120394706726 0.017642270773649215698 0.03755273669958114624 0.030423512682318687439 0.049801781773567199707 0.0051560117863118648529 0.0049726297147572040558 0.0015860706334933638573 0.0083583258092403411865 0 0 0 0 0 0 0 0 0.033677823841571807861 0.015521738678216934204 0 0 0 0.025091936811804771423 0.050776593387126922607 0 0.0017895614728331565857 0.021964484825730323792 0.008993604220449924469 0 0.0047493544407188892365 0.007508483249694108963 0.022099414840340614319 0.0060466881841421127319 0.021116092801094055176 0.033025003969669342041 0.023226210847496986389 0.0099480189383029937744 0.013599622063338756561 0.017814405262470245361 0 0.011913551948964595795 0.0039217020384967327118 0.056308433413505554199 0.024078765884041786194 0.045200150460004806519 0 0.00034401525044813752174 3.1264720746548846364e-05
0.12413720786571502686 0.031556140631437301636 0.0024425017181783914566 0.00153173843864351511 0.084289483726024627686 0.0071730408817529678345 0.027196148410439491272 0.01290683448314666748 0.0032571216579526662827 0.00027555684209801256657 0 0.0004451719578355550766 0 0 0 0 0 0 0.0089170252904295921326 0.00049837247934192419052 0.0011273673735558986664 0 0 0 0 0 4.6237793867476284504e-05 0.041171845048666000366 0.041490383446216583252 0.00449758162721991539 0.0044798622839152812958 0.27556264400482177734 0.043479330837726593018 0.0061203492805361747742 0.074213810265064239502 0.033810779452323913574 0.036214701831340789795 0.039844095706939697266 0.021255431696772575378 0.00052036123815923929214 0 0.0028633452020585536957 0.0072955037467181682587 0.0036478186957538127899 0 0.0028132430743426084518 0.0007160493987612426281 0 0
0.061856783926486968994 0.026012325659394264221 0.032813895493745803833 0.033754732459783554077 0.03206280246376991272 0.025445319712162017822 0.0043277069926261901855 0 0.00067521288292482495308 0.00038356595905497670174 0.0096588479354977607727 0.021630201488733291626 0.0034625784028321504593 0 0 0.0011985021410509943962 0 0 0.0015474945539608597755 0.0058343196287751197815 0.0043801669962704181671 0.0011994480155408382416 0.0033369022421538829803 0 0 0 0 0.032364588230848312378 0 0.0020999601110816001892 0.025552131235599517822 0.049058493226766586304 0.0061641065403819084167 0.0017197305569425225258 0.074059702455997467041 0.013421770185232162476 0.015649694949388504028 0.008571515791118144989 0.04019669070839881897 0.054157614707946777344 0 0.011965281330049037933 0.15612784028053283691 0 0 0.00017246900824829936028 0.0016394212143495678902 0 0
0.0021862606517970561981 0.0043541193008422851562 0.010981480590999126434 0 0.0097956918179988861084 0.034640099853277206421 0.021702582016587257385 0.0062139607034623622894 0.0061804349534213542938 0.0022822953760623931885 0.020944006741046905518 0.039917852729558944702 0.037331234663724899292 0.0023792537394911050797 0.0061958325095474720001 0.023109473288059234619 0 0.0007343870820477604866 0.0077280192635953426361 0 0.023449398577213287354 0 0 0.020426250994205474854 0 0 0 0 0 0.014691975899040699005 0.098480947315692901611 0.027970204129815101624 0.014572299085557460785 0 0.019003909081220626831 0.04432287067174911499 0.015138486400246620178 0.016555098816752433777 0.0034789189230650663376 0.0022792916279286146164 0.037059362977743148804 0.0031464044004678726196 0.017016919329762458801 0 0 0 0.00012688520655501633883 0.0058849127963185310364 0
