gis/80m/LAI_decid.asc
ncols        128
nrows        143
xllcorner    726726.000000000000
yllcorner    7127190.000000000000
cellsize     80.000000000000
NODATA_value -9999
[rows 63 to 83 of 143, columns 49 to 97 of 128]
0.0025492510758340358734 0.0082049900665879249573 0.02577174454927444458 0.0010234097717329859734 0 0.0048992647789418697357 0.0092719746753573417664 0 0.0031243364792317152023 0.0033629012759774923325 0.018072085455060005188 0.0059024891816079616547 0 0 0.014762719161808490753 0.14416061341762542725 0.026882831007242202759 0.030547412112355232239 0.037241093814373016357 0.053354427218437194824 0.0049387067556381225586 0.043370127677917480469 0.011775099672377109528 0.053825147449970245361 0.10364349186420440674 0.4045848846435546875 0.031100152060389518738 0 0.0079163117334246635437 0.010764015838503837585 0.0069410796277225017548 0.019238187000155448914 0.0020417964551597833633 0.22646296024322509766 0.37149679660797119141 0.32130342721939086914 0.56343930959701538086 0.037130728363990783691 0.22242178022861480713 0.088490299880504608154 0.00051307544345036149025 0 0.037043444812297821045 0.072338983416557312012 0 0.0012395479716360569 0.013264903798699378967 0.0027684911619871854782 0.030210822820663452148
0.0048530749045312404633 0.035768397152423858643 0.028274863958358764648 0.011366621591150760651 0.012582027353346347809 0.0240782126784324646 0.0041096820496022701263 0.0096770105883479118347 0.013059899210929870605 0.015209760516881942749 0.0031030424870550632477 0.011007545515894889832 0.0086132921278476715088 0.0033939275890588760376 0 0.05818635597825050354 0.00092792144278064370155 0 0.0071412427350878715515 0.030058410018682479858 0.0046150684356689453125 0.060713633894920349121 0.02106579020619392395 0.022822169587016105652 0.03402778133749961853 0.40363842248916625977 0.14171367883682250977 0.033403962850570678711 0.0047922725789248943329 0.015969825908541679382 0.007620388176292181015 0.011576952412724494934 0.0013216235674917697906 0.22593577206134796143 0.16048313677310943604 0.38159886002540588379 0.32819128036499023438 0.048576388508081436157 0.0079880263656377792358 0.26911443471908569336 0.0045944834128022193909 0 0.010154437273740768433 0.040477778762578964233 0.00038914478500373661518 0.010775855742394924164 0.18058313429355621338 0.0032660814467817544937 0.034785963594913482666
0.009796773083508014679 0.051677949726581573486 0.015501038171350955963 0.020423805341124534607 0.00043275131611153483391 -9999 -9999 0.0072424700483679771423 0.020453274250030517578 0.040525108575820922852 0.0026248740032315254211 0.028587421402335166931 0.0098312711343169212341 0.045658763498067855835 0.023949695751070976257 0.093549996614456176758 0.020779503509402275085 0.023186227306723594666 0.0062552727758884429932 0.010213026776909828186 0.080760300159454345703 0.021230174228549003601 0.00026184925809502601624 0.12829872965812683105 0.092028640210628509521 0.24278523027896881104 0.0028943344950675964355 0.047259796410799026489 0 0.0098422942683100700378 0.013002352789044380188 0 0 0.18842987716197967529 0.2760982513427734375 0.32814073562622070312 0.19899745285511016846 0.0082382010295987129211 0.0067051886580884456635 0.23783008754253387451 0.05220058932900428772 0.00053061067592352628708 0.014973829500377178192 0.040211591869592666626 0 0.02598451077938079834 0.021420510485768318176 0.054291807115077972412 0.033091373741626739502
0.024852542206645011902 0.015578554011881351471 0.012653856538236141205 0.010494603775441646576 0.0041192513890564441681 0.0071500795893371105194 0.018685502931475639343 0.0066715455614030361176 0.011720413342118263245 0.041915103793144226074 0.02215657941997051239 0.020431600511074066162 0.018245195969939231873 0.033195819705724716187 0.0031673342455178499222 0.0076980208978056907654 0.031501803547143936157 0.011098028160631656647 0.009465974755585193634 0.00032191039645113050938 0.018867347389459609985 0.023222567513585090637 0.00057173467939719557762 0.048728451132774353027 0.23071162402629852295 0.18700683116912841797 0.0052657434716820716858 0 0.0066432487219572067261 0.0078428816050291061401 0.009210911579430103302 0.0014965102309361100197 0 0.45956811308860778809 0.26126331090927124023 0.26747816801071166992 0.10980508476495742798 0.026867423206567764282 0.081129483878612518311 0.13228516280651092529 0.074867814779281616211 0.1349579542875289917 0.0040504778735339641571 0.10427931696176528931 0.0041422643698751926422 0.3359585106372833252 0.38341417908668518066 0.134510040283203125 0.035668138414621353149
0.00066698912996798753738 0.0043212729506194591522 0.0036343578249216079712 0.016026843339204788208 0.022381559014320373535 0.068252697587013244629 0.015970552340149879456 0.044410735368728637695 0.018656084313988685608 0.020113229751586914062 0.049775127321481704712 0.01315585896372795105 0.029371879994869232178 0.0039105168543756008148 0.017575640231370925903 0.037628050893545150757 0.044499192386865615845 0.0013859284808859229088 3.9599370211362838745e-05 0.00064117688452824950218 0.015704417601227760315 0.019126234576106071472 0.0042507685720920562744 0.023845581337809562683 0.086824208498001098633 0.031561281532049179077 0.014202033169567584991 0.0095593743026256561279 0.0012320855166763067245 0.012454698793590068817 0.015064364299178123474 0.028629068285226821899 5.3230327466735616326e-05 0.17027471959590911865 0.64687258005142211914 0.20198418200016021729 0.042510639876127243042 0.0012216694885864853859 0.013675316236913204193 0.12751910090446472168 0.00011415262270020321012 0.00079402129631489515305 0.01546318642795085907 0.00016468095418531447649 0 0.24459032714366912842 0.28130492568016052246 0.14488250017166137695 0.058827865868806838989
0.0054210606031119823456 0 0 0.084043025970458984375 0.00026443603564985096455 0.012310657650232315063 0.00336696673184633255 0 0.27805542945861816406 0.27857822179794311523 0.091735191643238067627 0.0021051117219030857086 0.004781885538250207901 0.0006757832597941160202 0.0025815253611654043198 0.033619716763496398926 0.020726140588521957397 0.0025523470249027013779 0.009685537777841091156 0.021740883588790893555 0.022410890087485313416 0.0494996681809425354 0.013068260625004768372 0.0050385682843625545502 0.012652416713535785675 0.016803411766886711121 0.00055818649707362055779 0.012743809260427951813 0.002197431633248925209 0.0088399928063154220581 0.025886433199048042297 0.010386256501078605652 0.0058599598705768585205 0.16210661828517913818 0.096692852675914764404 0.036139301955699920654 0.013813157565891742706 0.040469605475664138794 0.11132142692804336548 0.28685724735260009766 0.015447919256985187531 0.0035692434757947921753 0.02749421633780002594 0.00548991374671459198 0.0037627834826707839966 0.069950252771377563477 0.16078177094459533691 0.076085127890110015869 0.011816102080047130585
0 0 0 0.029228076338768005371 0 0.0017475495114922523499 0 0.0073209297843277454376 0.056231860071420669556 0.27749207615852355957 0.17184114456176757812 0.097852833569049835205 0.019206326454877853394 0.0090546784922480583191 0 0.011320259422063827515 0.0017661382444202899933 0.0040644127875566482544 0 0.0038217315450310707092 0 0 0.021189408376812934875 0.010829415172338485718 0 0.0022323455195873975754 0.002942140679806470871 0.010895196348428726196 0.0010115701006725430489 0.010574548505246639252 0.012663599103689193726 0.0034810071811079978943 0.013140335679054260254 0.16234913468360900879 0.0025201693642884492874 0.035916302353143692017 0.0082133589312434196472 0.19899697601795196533 0.025332368910312652588 0.14368097484111785889 0.048994470387697219849 0.0046625789254903793335 0.0032842555083334445953 0.019662898033857345581 0.016166033223271369934 0.063324697315692901611 0.0069602928124368190765 0.10056131333112716675 0.2557919919490814209
0.002428031526505947113 0.0074907355010509490967 0.017874443903565406799 0.026852961629629135132 0.026082916185259819031 0.0057817334309220314026 0.026512011885643005371 0.015387594699859619141 0.006772603839635848999 0.014513903297483921051 0.081461988389492034912 0.26030898094177246094 0.062819272279739379883 0.0050698057748377323151 0.0074367462657392024994 0.01329645887017250061 0.062241695821285247803 0.031472627073526382446 0.037209801375865936279 0 0 0 0.021775571629405021667 0.023771939799189567566 0 0.0010607803706079721451 0.015059318393468856812 0.027258571237325668335 0.0053781312890350818634 0.0022450427059084177017 0.002674433169886469841 0.012655865401029586792 0.064603380858898162842 0.22253715991973876953 0.0053715370595455169678 0.0055949152447283267975 0.010002056136727333069 0.11101934313774108887 0.10152383148670196533 0.019557043910026550293 0.049963898956775665283 0 0 0 0 0.12894000113010406494 0.15941490232944488525 0.47126001119613647461 0.39933866262435913086
0 0 0.017334187403321266174 0.02773497067391872406 0.052434522658586502075 0.043220624327659606934 0.039544738829135894775 0.094561047852039337158 0.014353903941810131073 0.019944980740547180176 0.026709642261266708374 0.28367674350738525391 0.15226182341575622559 0.25958833098411560059 0.019873002544045448303 0.06752039492130279541 0.064124405384063720703 0.14533340930938720703 0.054646566510200500488 0.0060735251754522323608 0 0.003704196074977517128 0.0011239520972594618797 0.01132990419864654541 0.0039352732710540294647 0 0.013814656995236873627 0.028324035927653312683 0.0072909481823444366455 0 0 0.019600223749876022339 0.47952881455421447754 0.037974651902914047241 0.0093184383586049079895 0.014645813964307308197 0.0073283747769892215729 0.02574329078197479248 0 0 0 0 0 0 0 0.0027733158785849809647 0.1348145604133605957 0.10484273731708526611 0.03990155830979347229
0 0 0.027706293389201164246 0.018711606040596961975 0.24578356742858886719 0.093363456428050994873 0.017740637063980102539 0.021680690348148345947 0.029346395283937454224 0.015930445864796638489 0.0234272051602602005 0.20422771573066711426 0.2582543492317199707 0.45441737771034240723 0.34602078795433044434 0.45395338535308837891 0.0747755393385887146 0.047999326139688491821 0.0072603472508490085602 0.011612971313297748566 0 0.00069774332223460078239 0.0038810605183243751526 0.0021725846454501152039 0.00074127031257376074791 0 0.026888422667980194092 0.037237841635942459106 0.025186602026224136353 0.010219071060419082642 0.012154787778854370117 0.27911394834518432617 0.57944929599761962891 0.42542892694473266602 0.17209586501121520996 0.10683917254209518433 0 0 0 0 0 0 0 0 0.00016245523875113576651 0.065200865268707275391 0.22897644340991973877 0.15215469896793365479 0.079927437007427215576
0.0015095819253474473953 0.012344715185463428497 0.0178889445960521698 0.022065250203013420105 0.22328518331050872803 0.027259264141321182251 0.019205214455723762512 0.029062142595648765564 0.053487975150346755981 0.11463928967714309692 0.016769044101238250732 0.0058718058280646800995 0.053592868149280548096 0.27798819541931152344 0.39024087786674499512 0.15319038927555084229 0.22138862311840057373 0.028416804969310760498 0.027058916166424751282 0.07606687396764755249 0.0022756254766136407852 0.013368988409638404846 0.0016747495392337441444 0.04041578248143196106 0.0027589648962020874023 0.0016064847586676478386 0.0069396831095218658447 0.017776940017938613892 0.050952732563018798828 0.058043193072080612183 0.22518672049045562744 0.049864582717418670654 0.019880466163158416748 0.072480656206607818604 0.23180377483367919922 0.032707985490560531616 0 0 0.0046290755271911621094 0 0 0 0 0 0.012464759871363639832 0.15441666543483734131 0.020765801891684532166 0.27992010116577148438 0.076328359544277191162
0.0086366068571805953979 0 0.0049538910388946533203 0.0047351419925689697266 8.7119507952593266964e-05 0.0044894251041114330292 0.03031296655535697937 0.053776253014802932739 0.02465386316180229187 0.026110759004950523376 0.050081703811883926392 0.017369087785482406616 0.073197163641452789307 0.065802268683910369873 0.21700647473335266113 0.14306610822677612305 0.029112994670867919922 0.0018167595844715833664 0.039628352969884872437 0.039219297468662261963 0.13287308812141418457 0.093893565237522125244 0 0.036281704902648925781 0.015425696037709712982 0 0.00050921342335641384125 0.019608145579695701599 0.017441928386688232422 0.015224101021885871887 0.13155309855937957764 0.43307527899742126465 0.22628605365753173828 -9999 0 0 0.043685682117938995361 0.040327876806259155273 0.04710164293646812439 0.0097597604617476463318 0 0.0055333003401756286621 0.0047150454483926296234 0.059088941663503646851 0.11410871893167495728 0.20658497512340545654 0.10718922317028045654 0.3461672365665435791 0.012758836150169372559
0 0 0 0 0.0014009764418005943298 0.010928530246019363403 0.088900886476039886475 0.03783381730318069458 0.043260436505079269409 0.027203701436519622803 0.006307492963969707489 0.020120665431022644043 0.015698347240686416626 0.020316388458013534546 0.031369313597679138184 0.038461599498987197876 0.019035985693335533142 0.0064056101255118846893 0.0015264087123796343803 0.01195998024195432663 0.033863622695207595825 0.0017901133978739380836 0.023830806836485862732 0.0022587431594729423523 0.012125786393880844116 0.071197435259819030762 0.24016630649566650391 0.0058209090493619441986 0.044634152203798294067 0.50332456827163696289 0.38938894867897033691 0.21056544780731201172 0.2179444730281829834 0 0 0 0.075625352561473846436 0.068824753165245056152 0.047233119606971740723 0.083845414221286773682 0.028344681486487388611 0.015877179801464080811 0.039106704294681549072 0.054517194628715515137 0.21632736921310424805 0.32719010114669799805 0.21877193450927734375 0.33057370781898498535 0.15875805914402008057
0 0 0 0.009737814776599407196 0 0 0.011763528920710086823 0.017664050683379173279 0.028179135173559188843 0.045956995338201522827 0.037427790462970733643 0.010916556231677532196 0.0081961518153548240662 0.098018668591976165771 0.0045049432665109634399 0.040204510092735290527 0.033185694366693496704 0.00087933527538552880287 0 0.0036152140237390995026 0.027896337211132049561 0.0061805378645658493042 0.005339145660400390625 0.015095118433237075806 0.13016232848167419434 0.10468383133411407471 0.095618069171905517578 0.00089670391753315925598 0.00087755685672163963318 0.018536463379859924316 0.022609861567616462708 0.078775726258754730225 0.0093361809849739074707 0 0 0 0.019064340740442276001 0.06120298430323600769 0.014079537242650985718 0.085795365273952484131 0.092249430716037750244 0.037412881851196289062 0.076961018145084381104 0.0087305577471852302551 0.046651251614093780518 0.015465348958969116211 0.063389651477336883545 0.066922992467880249023 0.097335882484912872314
0.046737954020500183105 0.21063014864921569824 0.0041425600647926330566 0.0088648162782192230225 0 0 0.035955842584371566772 0.0012452553492039442062 0.12364773452281951904 0.032904185354709625244 0.032916501164436340332 0.032228793948888778687 0.025584731251001358032 0.0027224300429224967957 0.040759958326816558838 0.031971078366041183472 0.015442492440342903137 0.025200000032782554626 0.0078702969476580619812 0.0047234380617737770081 0.039792194962501525879 0.0013236009981483221054 0 0.042062219232320785522 0.046233437955379486084 0 0.0072408844716846942902 0 0 0.016301613301038742065 0.027848947793245315552 0.005231196526437997818 0.066539585590362548828 0.0080930758267641067505 0.00053295062389224767685 0.080898366868495941162 0.017170684412121772766 0.030115891247987747192 0.055733691900968551636 0.070372506976127624512 0.091138496994972229004 0.060793936252593994141 0 0 0.19021180272102355957 0.30150231719017028809 0.20415097475051879883 0.17123851180076599121 0.07512985914945602417
0.010409415699541568756 0.02011717669665813446 0.020686939358711242676 0.01192163955420255661 0.014678988605737686157 0.0082551604136824607849 0.14149135351181030273 0.032675713300704956055 0.03284133225679397583 0.035094868391752243042 0.043034467846155166626 0.021468674764037132263 0.018476178869605064392 0.027502374723553657532 0.012743260711431503296 0.029787052422761917114 0.015980927273631095886 0.018454778939485549927 0.0160521678626537323 0.012189855799078941345 0.13976201415061950684 0.0022288046311587095261 0.00031370457145385444164 0.14694745838642120361 0.011787050403654575348 0 0 0 0.013800826855003833771 0.095500782132148742676 0.039292883127927780151 0.014981348998844623566 0.02247773297131061554 0.045551151037216186523 0.0014212017413228750229 0.23894445598125457764 0.087583281099796295166 0.13698270916938781738 0.00057495711371302604675 0.038608293980360031128 0.13572047650814056396 0.010402356274425983429 0 0 0.16039669513702392578 0.090624138712882995605 0.22575333714485168457 0.047910712659358978271 0.065372221171855926514
0 0.11266637593507766724 0.027834115549921989441 0.0023469463922083377838 0.22179974615573883057 0.046129588037729263306 0.03551319614052772522 0.029926400631666183472 0.026939170435070991516 0.056624740362167358398 0.037273876368999481201 0.058018811047077178955 0.050129227340221405029 0.040008053183555603027 0.038117773830890655518 0.028610624372959136963 0.023911770433187484741 0.02151337452232837677 0.032739304006099700928 0.00024315295740962028503 0.12903031706809997559 0.015481282956898212433 0.00040983984945341944695 8.7199969129869714379e-06 0 0 0.0003091399557888507843 0.006035120692104101181 0.011995818465948104858 0.025034643709659576416 0 0.01648797839879989624 0.21634650230407714844 0.10544990748167037964 0.013038348406553268433 0.040810666978359222412 0.1160158887505531311 0.042940255254507064819 0 0.067842662334442138672 0.060189288109540939331 0 0 0.084446154534816741943 0.63120180368423461914 0.1742152869701385498 0.043699894100427627563 0.014641688205301761627 0.071632362902164459229
0 0 0 0.013168533332645893097 0.12794461846351623535 0.11700187623500823975 0.12140612304210662842 0.016989646479487419128 0.12671838700771331787 0.070232778787612915039 0.038012977689504623413 0.048269268125295639038 0.022520978003740310669 0.040997020900249481201 0.0050520347431302070618 0.056695342063903808594 0.031561415642499923706 0.013518011197447776794 0.010364393703639507294 0.044653862714767456055 0.012056093662977218628 0.01196356210857629776 0.0016358031425625085831 0 0.035349588841199874878 0 0.00017487844161223620176 0.012421412393450737 0.0092412279918789863586 0.011182139627635478973 0 0 0.058280542492866516113 0.13447244465351104736 0.0021098272409290075302 0.0066283773630857467651 0.038898754864931106567 0.019233334809541702271 0.012185792438685894012 0 0 0 0 0.12207307666540145874 0.45227310061454772949 0.3375352323055267334 0.0043822568841278553009 0.01862630993127822876 0.011453622020781040192
0 0.13123832643032073975 0.032133653759956359863 0.0070642633363604545593 0.12354061752557754517 0.10712198168039321899 0.065981321036815643311 0.020196454599499702454 0.0523568764328956604 0.023606108501553535461 0.0023906226269900798798 0.029774615541100502014 0.01193079724907875061 0.028013490140438079834 0.060072086751461029053 0.016265595331788063049 0.010995818302035331726 0.019966216757893562317 0.017979312688112258911 0.0066917925141751766205 0.0032604509033262729645 0.032638154923915863037 0.038264535367488861084 0.0059727029874920845032 0.0035478831268846988678 9.512931137578561902e-05 2.5293782528024166822e-05 0.00016438834427390247583 0.0015627433313056826591 0.071586199104785919189 0.076985239982604980469 0.061314001679420471191 0.015951296314597129822 0.014176033437252044678 0.023160167038440704346 0.035995058715343475342 0.051614813506603240967 0.019419385120272636414 0 0.024560069665312767029 0 0 0 0.035987865179777145386 0.23988123238086700439 0.25968557596206665039 0.0083727966994047164917 0.028755396604537963867 0.0068331565707921981812
0.053098656237125396729 0.0055458582937717437744 0 0.00093901628861203789711 0 0.0024585712235420942307 0.021467640995979309082 0.023877199739217758179 0.020410858094692230225 0.019686114042997360229 0.035550154745578765869 0.041619881987571716309 0.019898274913430213928 0.013715722598135471344 0.016936518251895904541 0.021902129054069519043 0.026040097698569297791 0.0072355098091065883636 0.00088986917398869991302 0.059179790318012237549 0.087647058069705963135 0.015353730879724025726 0.014091568998992443085 0.018002888187766075134 0.0015816675731912255287 0.025895893573760986328 0.0066432198509573936462 0.001828868757002055645 0.0041183792054653167725 0.0048435106873512268066 0.046297278255224227905 0.022861724719405174255 0.018098657950758934021 0.0016587884165346622467 0.01173987705260515213 0.031985014677047729492 0.11684899032115936279 0.020682366564869880676 0.15820264816284179688 0.0051338961347937583923 0 0 0 0.047362361103296279907 0.030223999172449111938 0.19631214439868927002 0.087303832173347473145 0.17298893630504608154 0.063868954777717590332
0.11913344264030456543 0.060674212872982025146 0 0.0017112336354330182076 0 0 0 0 0.011575580574572086334 0.0047158878296613693237 0.022362940013408660889 0.03485463559627532959 0.024583967402577400208 0.005192876327782869339 0.033989246934652328491 0.043228551745414733887 0.035693008452653884888 0.011223334819078445435 0.12277628481388092041 0.12951749563217163086 0.070041634142398834229 0 0 0.0086739817634224891663 0 0 0.0039528561756014823914 0.0011592573719099164009 0.0075052040629088878632 0.010561423376202583313 0.0052880356088280677795 0.001691559329628944397 0.022848714143037796021 0 0 0.019271776080131530762 0.0043511432595551013947 0.0082261133939027786255 0.0047643608413636684418 0.002809033496305346489 0 0 0.10782806575298309326 0.302204132080078125 0.10290510207414627075 0.24168643355369567871 0.043927136808633804321 0.0029886423144489526749 0.039440877735614776611
