gis/80m/LAI_conif.asc
ncols        128
nrows        143
xllcorner    726726.000000000000
yllcorner    7127190.000000000000
cellsize     80.000000000000
NODATA_value -9999
[rows 63 to 83 of 143, columns 0 to 47 of 128]
0 2.5762839317321777344 2.1173338890075683594 1.9057109355926513672 2.3757519721984863281 4.0542020797729492188 3.7961773872375488281 4.19060516357421875 3.2434775829315185547 2.4532721042633056641 2.3824179172515869141 2.2285654544830322266 2.8202838897705078125 2.6715722084045410156 2.6275963783264160156 3.3293552398681640625 4.2546114921569824219 3.3796825408935546875 3.1338167190551757812 2.2845423221588134766 2.2855226993560791016 1.4767117500305175781 0.6938018798828125 0.73200124502182006836 2.0551404953002929688 2.6971602439880371094 2.4806156158447265625 1.2192301750183105469 0.1734670102596282959 1.2143665552139282227 0.62324923276901245117 0.01811665855348110199 0.054671905934810638428 1.7048914432525634766 3.1152386665344238281 3.2366411685943603516 3.4297692775726318359 3.9125614166259765625 3.2069020271301269531 2.3646845817565917969 3.5438759326934814453 4.31031036376953125 4.3788962364196777344 4.3593440055847167969 3.5171995162963867188 3.5936343669891357422 3.9134621620178222656 3.8071336746215820312
0 0 2.3824338912963867188 3.34194183349609375 1.8943948745727539062 3.1041402816772460938 3.4513225555419921875 2.9157323837280273438 1.7436263561248779297 0.87516999244689941406 2.2689340114593505859 2.4226148128509521484 1.7944321632385253906 1.3075826168060302734 1.7363501787185668945 3.0446796417236328125 4.4436559677124023438 3.0526165962219238281 2.0980060100555419922 2.7688295841217041016 2.6653828620910644531 2.5677626132965087891 1.0636466741561889648 0.63395172357559204102 0.986736297607421875 2.8874969482421875 2.3005831241607666016 0.55332809686660766602 0.16164289414882659912 1.2971159219741821289 1.9164369106292724609 0.92525184154510498047 0.38618242740631103516 2.2757420539855957031 2.7869553565979003906 2.8762412071228027344 2.9865221977233886719 3.3062486648559570312 3.6568863391876220703 2.7140765190124511719 3.8215770721435546875 3.8885741233825683594 3.7810652256011962891 3.7180144786834716797 3.3893504142761230469 3.6990942955017089844 0 3.3690404891967773438
0 0 0 2.3277773857116699219 2.7857847213745117188 1.8170728683471679688 2.9993724822998046875 3.3083996772766113281 2.7389841079711914062 0.99485933780670166016 0.29319545626640319824 0.71264243125915527344 0.13753409683704376221 0.65855681896209716797 2.7920649051666259766 2.8765625953674316406 1.9955946207046508789 0.93349206447601318359 0.56971371173858642578 2.0866894721984863281 2.6798179149627685547 1.9527114629745483398 0.68805849552154541016 0.24339441955089569092 0.30067473649978637695 0.69039261341094970703 0.10957449674606323242 0 0.0054678134620189666748 0.03550494462251663208 2.1899333000183105469 0.7323360443115234375 1.2542259693145751953 2.4948368072509765625 3.2628393173217773438 2.7542939186096191406 3.1215174198150634766 3.2724132537841796875 3.3253087997436523438 3.6136884689331054688 3.2098870277404785156 3.1069419384002685547 3.4846444129943847656 3.2083995342254638672 3.4265623092651367188 3.5203943252563476562 3.4820029735565185547 3.1950092315673828125
0 0 0 1.9996640682220458984 2.6858556270599365234 2.9273805618286132812 1.7654240131378173828 3.2486782073974609375 0.92208075523376464844 1.7600340843200683594 2.1877350807189941406 1.8432135581970214844 0.70733487606048583984 1.3617937564849853516 2.5729937553405761719 2.1593868732452392578 1.3883882761001586914 0.8527431488037109375 0.92972862720489501953 1.202075958251953125 1.10431671142578125 2.8626317977905273438 2.4388661384582519531 0.29862326383590698242 1.3114800453186035156 0.17036485671997070312 0.20019289851188659668 0 0.0034173836465924978256 0.28301516175270080566 2.2224636077880859375 1.1913723945617675781 2.7493486404418945312 3.2786102294921875 3.4589819908142089844 3.2604167461395263672 3.155975341796875 2.8000128269195556641 3.7314734458923339844 3.9041743278503417969 2.8028397560119628906 2.9350123405456542969 3.6244063377380371094 3.3479046821594238281 3.1786541938781738281 3.4732406139373779297 3.4824013710021972656 3.3083701133728027344
0 0 0 0 2.9800167083740234375 3.1583499908447265625 3.2799477577209472656 0.9017276763916015625 0.31887298822402954102 0.073648370802402496338 2.9269299507141113281 4.4735131263732910156 3.8020548820495605469 0.40569391846656799316 0.5581404566764831543 1.3268346786499023438 1.3951537609100341797 0.80516123771667480469 1.2796738147735595703 3.3457899093627929688 3.0638906955718994141 3.4661478996276855469 2.8358125686645507812 0.91590213775634765625 0.2346747666597366333 0.22382278740406036377 0.20346324145793914795 0 0.01605357043445110321 0.66723483800888061523 3.4901685714721679688 2.8508057594299316406 3.2381787300109863281 3.9851083755493164062 2.945034027099609375 2.4552822113037109375 2.3213880062103271484 3.3584775924682617188 3.7250075340270996094 4.223827362060546875 4.4823598861694335938 3.8987877368927001953 3.6668176651000976562 3.7202510833740234375 3.8900146484375 3.3367781639099121094 2.2178874015808105469 3.2569308280944824219
0 0 0 0 0 2.6190428733825683594 2.8162388801574707031 1.0432496070861816406 0.049319330602884292603 0.020192027091979980469 2.2524800300598144531 3.1051845550537109375 4.0001764297485351562 1.4796159267425537109 1.4581027030944824219 3.2138686180114746094 1.6646459102630615234 2.9700214862823486328 3.0543649196624755859 3.0284214019775390625 3.1700215339660644531 1.1812713146209716797 2.0635097026824951172 2.7136316299438476562 1.5527052879333496094 1.6388057470321655273 0.90755313634872436523 0.25427839159965515137 0.30487370491027832031 1.8329794406890869141 3.9445056915283203125 2.6412944793701171875 3.2523632049560546875 2.822582244873046875 2.3850929737091064453 2.4794831275939941406 2.5614705085754394531 3.2835373878479003906 3.3662645816802978516 2.0054223537445068359 3.7158641815185546875 4.0442299842834472656 3.6696126461029052734 4.0010671615600585938 3.9838609695434570312 3.9638209342956542969 3.5140204429626464844 4.0259609222412109375
0 0 0 0 0 2.3086552619934082031 3.0850472450256347656 1.9571343660354614258 0.99087607860565185547 0 2.6909363269805908203 2.7809271812438964844 3.31089019775390625 3.6400380134582519531 2.8141355514526367188 0.95430421829223632812 1.9089386463165283203 3.1345334053039550781 3.0840182304382324219 2.7439975738525390625 2.7016086578369140625 1.539287567138671875 1.3281397819519042969 2.7813675403594970703 1.0091495513916015625 0.44150334596633911133 1.6114301681518554688 1.5846698284149169922 2.4827620983123779297 2.2414004802703857422 3.1861827373504638672 3.54911041259765625 4.1292705535888671875 2.7741365432739257812 2.3659808635711669922 2.6037144660949707031 1.9395806789398193359 1.804058074951171875 2.0390422344207763672 0.68974357843399047852 2.0269711017608642578 3.9345836639404296875 3.8240606784820556641 3.9152784347534179688 3.7226412296295166016 4.1907072067260742188 3.9431331157684326172 3.8179962635040283203
0 0 0 0 0 0 3.4921174049377441406 0 0 0 0 0 0 4.1743106842041015625 2.0150654315948486328 0.46027296781539916992 0.76074743270874023438 1.2401669025421142578 3.2194581031799316406 3.4779553413391113281 4.09151458740234375 2.9224853515625 1.0542483329772949219 3.1692433357238769531 2.6315603256225585938 0.25032669305801391602 0.43318274617195129395 1.3344961404800415039 1.8064244985580444336 2.7435219287872314453 2.8856453895568847656 3.9104452133178710938 3.1090383529663085938 1.5623357295989990234 0.66374599933624267578 1.3338515758514404297 1.7473905086517333984 1.7706749439239501953 2.3125195503234863281 2.5571489334106445312 4.4956746101379394531 3.7428510189056396484 3.7759995460510253906 3.535968780517578125 3.6809480190277099609 4.5625152587890625 4.145549774169921875 3.7115416526794433594
0 0 0 0 0 0 0 0 0 0 0 0 0 0 0 0 1.3701099157333374023 1.5078794956207275391 1.1433943510055541992 1.181804656982421875 1.0326721668243408203 1.8634645938873291016 2.5314500331878662109 1.7668240070343017578 2.7132234573364257812 1.8993549346923828125 0.81927394866943359375 1.306428074836730957 2.2984595298767089844 2.7928795814514160156 3.3761086463928222656 3.3018903732299804688 1.6242227554321289062 1.6376912593841552734 1.0246733427047729492 2.0143208503723144531 2.3598582744598388672 1.5028660297393798828 1.6435588598251342773 2.4357295036315917969 4.1722822189331054688 3.6398940086364746094 3.9259741306304931641 3.8379755020141601562 3.8814911842346191406 4.5055375099182128906 4.37989044189453125 3.4347367286682128906
0 0 0 0 0 0 0 0 0 0 0 0 0 0 0 0 0 0 1.8903306722640991211 1.3477616310119628906 1.0909595489501953125 1.1214392185211181641 3.4171605110168457031 0.54814612865447998047 2.53171539306640625 3.1428329944610595703 2.1001210212707519531 1.5686619281768798828 2.1898062229156494141 2.2152018547058105469 3.5759148597717285156 2.9010753631591796875 1.6792273521423339844 1.6850996017456054688 1.9229493141174316406 3.3381812572479248047 3.3948032855987548828 1.2099512815475463867 0.79102456569671630859 1.6404440402984619141 2.254856109619140625 3.3547680377960205078 3.8935840129852294922 3.7728037834167480469 4.0412321090698242188 4.1712746620178222656 4.5545482635498046875 3.5657720565795898438
0 0 0 0 0 0 0 0 0 0 0 0 0 0 0 0 0 0 0 2.3092014789581298828 1.5483855009078979492 0.96268856525421142578 3.025333404541015625 0.69462531805038452148 0.69529676437377929688 3.3050484657287597656 1.0530132055282592773 2.4970064163208007812 3.1265904903411865234 3.3639943599700927734 3.8540635108947753906 0.54927301406860351562 0 1.2786698341369628906 3.0231456756591796875 3.3062071800231933594 2.9053177833557128906 0.3285694420337677002 0.43690949678421020508 1.8594505786895751953 1.8621429204940795898 3.3993062973022460938 3.8665111064910888672 3.9965856075286865234 3.8939657211303710938 4.0295796394348144531 3.98336029052734375 3.4788522720336914062
0 0 0 0 0 0 0 0 0 0 0 0 0 0 0 0 0 0 0 2.4541378021240234375 1.6876223087310791016 1.2994823455810546875 2.7523763179779052734 1.2823650836944580078 0 1.6125719547271728516 2.5204682350158691406 2.5069065093994140625 2.8695089817047119141 2.9961557388305664062 3.3647396564483642578 0.3731918036937713623 0.31749331951141357422 1.7484829425811767578 3.0434737205505371094 2.8672950267791748047 1.8280322551727294922 0.012999418191611766815 1.0813493728637695312 1.6690113544464111328 2.1207082271575927734 2.177455902099609375 3.6079628467559814453 3.5814385414123535156 3.6460542678833007812 3.8912889957427978516 3.6220140457153320312 3.5551817417144775391
0 0 0 0 0 0 0 0 0 0 0 0 0 0 0 0 0 0 0 2.4796845912933349609 2.1552436351776123047 2.1266870498657226562 2.6867375373840332031 2.0916159152984619141 0 1.1526589393615722656 1.8142607212066650391 1.7822376489639282227 2.0262801647186279297 2.6211817264556884766 2.3260941505432128906 2.4299991130828857422 3.3659815788269042969 3.1273000240325927734 2.0603432655334472656 3.0380082130432128906 0.99409806728363037109 0.77980744838714599609 1.6683827638626098633 1.7883777618408203125 2.0282511711120605469 1.6310228109359741211 3.6054847240447998047 3.8213305473327636719 3.7661774158477783203 2.8635892868041992188 1.1854827404022216797 2.8933000564575195312
0 0 0 0 0 0 0 0 0 0 0 0 0 0 0 0 0 0 3.0809803009033203125 3.5901219844818115234 3.2306001186370849609 1.0644655227661132812 2.4646048545837402344 2.2007479667663574219 0.41628611087799072266 1.2189596891403198242 1.7353211641311645508 1.8819626569747924805 1.7381974458694458008 2.1436934471130371094 1.7207465171813964844 0.16434134542942047119 2.3125395774841308594 3.060749053955078125 2.8020513057708740234 2.7638001441955566406 0.54426854848861694336 1.732212066650390625 1.7424147129058837891 1.7646998167037963867 1.3447681665420532227 2.4258017539978027344 4.13144683837890625 3.9800958633422851562 3.7334740161895751953 2.4043068885803222656 0.077361129224300384521 1.3059589862823486328
0 0 0 0 0 0 0 0 0 0 0 0 0 0 0 0 0 1.5056135654449462891 2.3206450939178466797 2.8799879550933837891 3.3300633430480957031 1.8620176315307617188 1.9966559410095214844 1.8225469589233398438 1.7846043109893798828 1.6975427865982055664 1.6789429187774658203 1.7093565464019775391 1.9762967824935913086 2.1320905685424804688 1.3277709484100341797 0.054096005856990814209 1.1390426158905029297 3.7403523921966552734 3.5543346405029296875 3.9174659252166748047 3.6017222404479980469 2.3119595050811767578 0.67863184213638305664 1.7589573860168457031 1.3548212051391601562 3.7273814678192138672 4.1367526054382324219 4.3865385055541992188 1.6458096504211425781 0.48520487546920776367 0 0.020740963518619537354
0 0 0 0 0 0 0 0 0 0 0 0 0 0 0 0 0 0 2.1682841777801513672 2.9287817478179931641 3.2416906356811523438 1.8444566726684570312 2.0197889804840087891 1.8732097148895263672 1.7591624259948730469 1.7444705963134765625 1.8103057146072387695 1.7066905498504638672 1.8792803287506103516 2.1204066276550292969 2.1495375633239746094 1.6651892662048339844 1.9084365367889404297 2.4700999259948730469 3.0729470252990722656 3.1484601497650146484 3.9187612533569335938 3.6112682819366455078 0.46108889579772949219 1.7734999656677246094 2.4522857666015625 4.096546173095703125 2.5070066452026367188 2.2879233360290527344 1.0779428482055664062 0 0 0
0 0 0 0 0 0 0 0 0 0 0 0 0 0 0 0 0 0 0 1.8658107519149780273 1.6491080522537231445 1.1398131847381591797 0.83976954221725463867 0.63356995582580566406 0.66082018613815307617 1.8459649085998535156 1.5974951982498168945 1.7628012895584106445 1.9972350597381591797 1.2694177627563476562 1.6205741167068481445 1.8932507038116455078 1.7403494119644165039 2.0205903053283691406 1.8892844915390014648 2.2794775962829589844 2.7665565013885498047 3.65171051025390625 2.4377198219299316406 1.7363550662994384766 3.6331548690795898438 2.9032449722290039062 0.14787086844444274902 0 0 0.34350538253784179688 0.0013930071145296096802 0
0 0 0 0 0 0 0 0 0 0 0 0 0 0 0 0 0 0 0 0 0 0 0 0 0.11817128956317901611 1.636135101318359375 0.90230506658554077148 0.95748126506805419922 1.2743470668792724609 0.17919382452964782715 0.061173468828201293945 1.1823230981826782227 1.6155941486358642578 1.6570589542388916016 1.912750244140625 2.668033599853515625 2.8413715362548828125 3.3194751739501953125 3.8107700347900390625 2.3119969367980957031 2.0722939968109130859 0.92444288730621337891 1.6247540712356567383 0.46067988872528076172 1.582828521728515625 3.4363346099853515625 1.8397334814071655273 0
0 0 0 0 0 0 0 0 0 0 0 0 0 0 0 0 0 0 0 0 0 0.60543072223663330078 0 0 1.1063157320022583008 1.4607722759246826172 1.3702511787414550781 1.03271484375 0.45849806070327758789 0.35131514072418212891 0.13058510422706604004 0.062472593039274215698 0.18710634112358093262 1.5345667600631713867 2.0777952671051025391 2.9900312423706054688 2.9655928611755371094 2.82585906982421875 3.2548425197601318359 2.9377171993255615234 2.9469728469848632812 2.3798854351043701172 3.1074266433715820312 1.0620696544647216797 0.033958025276660919189 1.3415749073028564453 2.029796600341796875 1.0068589448928833008
0 0 0 0 0 0 0 0 0 0 0 0 0 0 0 0 0 0 0 0 0 0 0 0 0 1.5983338356018066406 0 0 1.8275296688079833984 0 0 1.5487159490585327148 1.4168875217437744141 2.0645735263824462891 2.4778354167938232422 2.6870169639587402344 2.548030853271484375 2.4233381748199462891 2.6237168312072753906 2.8338706493377685547 2.92632293701171875 1.127501368522644043 1.4262413978576660156 1.3122370243072509766 2.5157704353332519531 2.1355903148651123047 2.7587957382202148438 3.2568159103393554688
0 0 0 0 0 0 0 0 0 0 0 0 0 0 0 0 0 0 0 0 0 0 0 0 0 0 0 0 0 0 0 0 0 0 2.2823286056518554688 2.2317936420440673828 2.0985243320465087891 1.9912381172180175781 2.2603025436401367188 3.0055315494537353516 3.0483849048614501953 1.7069225311279296875 0.1984554678201675415 0.37619072198867797852 2.6742415428161621094 1.6458466053009033203 2.7612271308898925781 2.9841392040252685547
