gis/80m/LAI_pine.asc
ncols        128
nrows        143
xllcorner    726726.000000000000
yllcorner    7127190.000000000000
cellsize     80.000000000000
NODATA_value -9999
[rows 100 to 119 of 143, columns 46 to 91 of 128]
0 0 0 0.46890655159950256348 1.6692384481430053711 1.8884750604629516602 1.6754018068313598633 1.4574626684188842773 1.2941904067993164062 1.1279405355453491211 1.5900766849517822266 1.8763356208801269531 1.8891314268112182617 1.4320250749588012695 1.5384148359298706055 1.3943700790405273438 0.25353223085403442383 0.0086344610899686813354 0.036585211753845214844 0.020339373499155044556 0.014884606935083866119 0.32323858141899108887 0.43273568153381347656 1.6033470630645751953 1.3905671834945678711 1.000672459602355957 0.88952028751373291016 0.91195291280746459961 1.1950563192367553711 1.4647524356842041016 1.6738839149475097656 1.3813598155975341797 1.0839835405349731445 1.2006357908248901367 0.95605003833770751953 1.1248441934585571289 1.6163566112518310547 1.5401200056076049805 2.02278900146484375 1.8971984386444091797 1.855167388916015625 2.1652495861053466797 2.1360642910003662109 2.0854160785675048828 2.0860130786895751953 1.9233573675155639648
0.084550194442272186279 0.21294339001178741455 0.56640255451202392578 1.6831655502319335938 1.9475228786468505859 1.5669313669204711914 1.8102773427963256836 1.9729713201522827148 1.4308290481567382812 1.629523158073425293 1.3605632781982421875 1.1410837173461914062 1.6806663274765014648 1.2561469078063964844 1.3789004087448120117 0.82742708921432495117 0.057336151599884033203 7.9051947977859526873e-05 0 0 0 0 0.13362798094749450684 0.97063022851943969727 0.88921940326690673828 0.93399918079376220703 1.156254887580871582 1.600512385368347168 1.6959331035614013672 1.5925302505493164062 1.654812932014465332 1.1268534660339355469 1.1134756803512573242 1.3482469320297241211 1.5853898525238037109 1.8933118581771850586 1.8835600614547729492 1.1387554407119750977 1.3203463554382324219 1.3499981164932250977 1.6963276863098144531 1.6049306392669677734 1.9220824241638183594 2.2809455394744873047 2.4750192165374755859 2.2304911613464355469
1.8060948848724365234 2.0332636833190917969 1.9787795543670654297 2.4787538051605224609 2.0862851142883300781 1.6124975681304931641 1.1950327157974243164 1.3059515953063964844 1.8496482372283935547 1.7342675924301147461 1.338665008544921875 1.6245721578598022461 1.1011422872543334961 1.1450841426849365234 1.1612573862075805664 1.1155200004577636719 1.1424235105514526367 0.97992861270904541016 0.7623665928840637207 0.50398361682891845703 0.54070395231246948242 0.40563547611236572266 0.36607584357261657715 0.77623569965362548828 1.1308525800704956055 1.1390830278396606445 0.97647553682327270508 1.5128103494644165039 1.6862084865570068359 1.8887618780136108398 1.6596595048904418945 2.1664159297943115234 2.130916595458984375 1.2807649374008178711 1.5256068706512451172 1.7977416515350341797 1.742359161376953125 1.5472924709320068359 1.6345403194427490234 1.4316530227661132812 1.5668035745620727539 1.8376349210739135742 1.9557722806930541992 2.3552465438842773438 2.4196803569793701172 2.3007903099060058594
2.2448344230651855469 2.2284719944000244141 1.7287217378616333008 1.8986871242523193359 1.9844758510589599609 0.93244349956512451172 0 0.1482188105583190918 0.81645834445953369141 1.0257513523101806641 1.2192995548248291016 1.7010345458984375 1.2845002412796020508 1.0936760902404785156 1.4118121862411499023 1.6130757331848144531 1.5556277036666870117 1.6261652708053588867 1.3691521883010864258 1.310054779052734375 1.4099591970443725586 1.6499376296997070312 1.4057326316833496094 1.0008306503295898438 1.324765324592590332 1.5244868993759155273 1.4668722152709960938 1.5585542917251586914 1.6172502040863037109 1.6651540994644165039 2.14255523681640625 1.6491472721099853516 1.8192819356918334961 1.424342036247253418 1.8062005043029785156 2.1516842842102050781 2.0540502071380615234 1.7733087539672851562 1.1257406473159790039 0.85606336593627929688 1.4317995309829711914 1.1452383995056152344 1.8079260587692260742 2.2689418792724609375 2.3204712867736816406 2.4326529502868652344
1.7630673646926879883 2.2553615570068359375 1.7674070596694946289 1.535406947135925293 0.63281166553497314453 0.98739409446716308594 0.68268293142318725586 0.34311136603355407715 0.4039191901683807373 0.57074278593063354492 1.3106110095977783203 1.7583001852035522461 1.808371424674987793 1.8728772401809692383 1.7241996526718139648 2.0303020477294921875 1.4278322458267211914 1.4826897382736206055 0.99168002605438232422 1.060429692268371582 0.8130289912223815918 1.2181570529937744141 1.2949423789978027344 1.1254333257675170898 1.0989654064178466797 1.4054166078567504883 1.02327728271484375 1.5110554695129394531 1.3265054225921630859 1.4174216985702514648 1.5722668170928955078 1.7234052419662475586 2.0367574691772460938 2.1409473419189453125 2.5634245872497558594 2.2480478286743164062 2.2642667293548583984 1.9926971197128295898 1.948277592658996582 1.226475834846496582 1.5749629735946655273 1.0989387035369873047 1.2071287631988525391 1.8145580291748046875 2.4052262306213378906 2.0988698005676269531
1.4685808420181274414 1.5733571052551269531 1.8035770654678344727 2.1291713714599609375 1.4072741270065307617 0.72836208343505859375 0.59118759632110595703 0.15952694416046142578 0.026283113285899162292 0 0.004327136557549238205 0.049901857972145080566 0.27976447343826293945 0.36252546310424804688 0.71334242820739746094 1.0080929994583129883 1.1941758394241333008 2.0024428367614746094 1.7594672441482543945 1.4871584177017211914 1.4341398477554321289 1.5681208372116088867 1.9974663257598876953 0.8289120793342590332 0.6927407383918762207 0.71670687198638916016 0.9109439849853515625 0.63661921024322509766 1.0951896905899047852 1.1441503763198852539 0.70404475927352905273 1.1503411531448364258 1.3732389211654663086 1.4534968137741088867 1.7707401514053344727 1.5432500839233398438 1.9783071279525756836 1.9351385831832885742 1.6677739620208740234 2.0120000839233398438 1.4445161819458007812 1.4954622983932495117 1.3952928781509399414 1.7628624439239501953 1.8979671001434326172 1.9928091764450073242
1.7068228721618652344 1.679198145866394043 1.5675094127655029297 2.0847513675689697266 1.2371163368225097656 0.81393128633499145508 0.68445962667465209961 0.20583064854145050049 0.054573055356740951538 0 0 0.73624491691589355469 0.21309146285057067871 0 0 0 0.10213537514209747314 1.3547918796539306641 1.2395278215408325195 1.6189748048782348633 1.9313745498657226562 1.64386749267578125 1.6771467924118041992 0.85866308212280273438 0.59249454736709594727 1.0704637765884399414 0.93571591377258300781 0.81632876396179199219 0.73007434606552124023 0.9459400177001953125 0.90288621187210083008 0.63810807466506958008 0.69138926267623901367 0.69567698240280151367 1.3166399002075195312 1.7240011692047119141 1.6154503822326660156 1.5406919717788696289 1.7842516899108886719 1.8798263072967529297 1.5991954803466796875 1.6340841054916381836 1.2498321533203125 1.5008398294448852539 1.3878109455108642578 1.6505532264709472656
1.6802042722702026367 1.5883474349975585938 1.6591941118240356445 2.0294935703277587891 2.0044691562652587891 1.0024838447570800781 0.74270349740982055664 0.75349074602127075195 1.1170705556869506836 0.58002203702926635742 0.0042366725392639636993 0.022979412227869033813 0.013440750539302825928 0.0092783961445093154907 0.012446628883481025696 0.040739294141530990601 0.89872121810913085938 1.7246057987213134766 1.4108065366744995117 1.279503941535949707 1.6261835098266601562 1.7550264596939086914 2.0209798812866210938 0.76107984781265258789 0.88144350051879882812 1.2576212882995605469 1.2715847492218017578 1.3789019584655761719 0.65790259838104248047 0.65637838840484619141 0.71377140283584594727 1.0790364742279052734 1.0630261898040771484 1.2120414972305297852 1.195330500602722168 2.0823080539703369141 2.0171341896057128906 1.5970401763916015625 1.7625128030776977539 1.7674525976181030273 1.9148199558258056641 1.7985397577285766602 1.7023532390594482422 1.2418562173843383789 1.3079049587249755859 1.3625748157501220703
1.4975565671920776367 1.4508681297302246094 1.3643043041229248047 1.692700505256652832 2.1907992362976074219 1.4420324563980102539 0.58980506658554077148 1.5346873998641967773 1.1218309402465820312 0.81022661924362182617 0.52326816320419311523 0.10334058105945587158 0.017152529209852218628 0.0028941787313669919968 0.003882434917613863945 -9999 1.8350025415420532227 2.0958287715911865234 1.6836466789245605469 1.2075496912002563477 1.2469940185546875 1.5428391695022583008 1.8814948797225952148 1.6481384038925170898 1.4025250673294067383 1.602893829345703125 1.6826584339141845703 1.4056661128997802734 0.95897316932678222656 1.0958939790725708008 0.84132713079452514648 1.1137490272521972656 0.99412125349044799805 0.84569132328033447266 1.6887795925140380859 1.784061431884765625 1.7528264522552490234 1.8278181552886962891 1.6931418180465698242 1.7205607891082763672 1.5170042514801025391 1.5736345052719116211 1.5025439262390136719 1.8028835058212280273 1.9467241764068603516 1.7527551651000976562
1.8221181631088256836 1.8263504505157470703 1.949802398681640625 2.2391908168792724609 2.2019960880279541016 1.7246614694595336914 0.20675259828567504883 0.97360455989837646484 2.2124888896942138672 1.3309192657470703125 1.4660269021987915039 0.99498915672302246094 0.74502712488174438477 0.46417978405952453613 0.085836306214332580566 0.41291368007659912109 1.2989215850830078125 1.7207759618759155273 1.7514034509658813477 1.4539723396301269531 1.7099881172180175781 1.6163349151611328125 1.7458198070526123047 1.6707302331924438477 1.3864670991897583008 1.3579949140548706055 1.2834565639495849609 1.3271012306213378906 0.89008378982543945312 0.89289307594299316406 0.62139338254928588867 0.7728093266487121582 0.92870068550109863281 1.6298587322235107422 2.0608568191528320312 2.1193296909332275391 1.9716103076934814453 1.682164311408996582 1.2276012897491455078 1.6338217258453369141 1.3960568904876708984 1.6966447830200195312 1.6467776298522949219 1.6902413368225097656 2.0801534652709960938 1.7659751176834106445
1.370247960090637207 1.9662671089172363281 1.9895198345184326172 2.3051919937133789062 2.3431863784790039062 2.1767523288726806641 0.87450540065765380859 0.01824034564197063446 1.3811739683151245117 1.2894459962844848633 1.2427451610565185547 1.2791407108306884766 1.3394072055816650391 0.8770478367805480957 0.67897504568099975586 0.83702689409255981445 1.1546630859375 1.5944646596908569336 1.0230039358139038086 0.59981274604797363281 0.6123440861701965332 1.2299004793167114258 1.7066085338592529297 1.5186811685562133789 1.6291428804397583008 1.466797947883605957 1.2435871362686157227 1.6441664695739746094 1.3929960727691650391 1.6190484762191772461 0.76894283294677734375 1.4860986471176147461 1.7329056262969970703 1.5293074846267700195 1.6364144086837768555 1.9138814210891723633 1.9261076450347900391 1.6491101980209350586 1.6895153522491455078 1.4735722541809082031 1.5025435686111450195 1.4615652561187744141 1.6189336776733398438 1.629221796989440918 1.6539242267608642578 1.6804814338684082031
1.4295638799667358398 1.6695435047149658203 2.1428234577178955078 2.0193338394165039062 2.0077261924743652344 2.0683381557464599609 1.6106133460998535156 0.0059512089937925338745 0.12883201241493225098 1.0919386148452758789 1.1585935354232788086 1.2889115810394287109 0.95613944530487060547 1.1601009368896484375 1.0043873786926269531 1.1249170303344726562 1.2470805644989013672 1.8144963979721069336 0.98056483268737792969 0.59356892108917236328 0.57058453559875488281 0.71987372636795043945 0.74405819177627563477 0.83981472253799438477 1.3351005315780639648 1.4999190568923950195 -9999 -9999 1.5920124053955078125 1.7363212108612060547 1.3699954748153686523 1.7862849235534667969 1.8562808036804199219 1.5072652101516723633 1.3293427228927612305 1.7055430412292480469 1.6723066568374633789 1.4670908451080322266 2.1147773265838623047 1.8907363414764404297 1.2601962089538574219 1.0823779106140136719 1.308197021484375 1.9117755889892578125 1.5258351564407348633 1.9865969419479370117
1.8263770341873168945 1.8836055994033813477 1.91832733154296875 2.0960736274719238281 2.1395823955535888672 1.8534029722213745117 0.48862871527671813965 0.030595352873206138611 0 0.56821173429489135742 1.4506325721740722656 1.1181622743606567383 0.8399874567985534668 1.5369156599044799805 1.2852822542190551758 0.9105930328369140625 1.1891421079635620117 1.4226632118225097656 1.1334512233734130859 0.72128725051879882812 1.0889348983764648438 1.0944430828094482422 0.79109877347946166992 0.66398072242736816406 0.85639590024948120117 1.6921708583831787109 1.9286638498306274414 -9999 -9999 -9999 1.6850856542587280273 1.6505259275436401367 1.3215352296829223633 1.6817374229431152344 1.5539808273315429688 1.3539750576019287109 1.708980560302734375 1.6407303810119628906 1.6579347848892211914 2.0826013088226318359 1.9393947124481201172 1.4530700445175170898 1.3598295450210571289 1.8895398378372192383 1.1992529630661010742 1.9438942670822143555
1.9164587259292602539 2.0945262908935546875 2.2415797710418701172 2.0405368804931640625 1.9716669321060180664 1.8402659893035888672 0.10254390537738800049 0.37588429450988769531 0.46172848343849182129 0.51763206720352172852 1.0596123933792114258 1.321918487548828125 1.6010658740997314453 1.6737122535705566406 1.3090418577194213867 1.0276272296905517578 1.0758734941482543945 1.3020889759063720703 1.4839386940002441406 1.3839478492736816406 1.3933392763137817383 1.5725122690200805664 1.3350903987884521484 0.76223850250244140625 0.62674194574356079102 -9999 -9999 -9999 -9999 -9999 -9999 -9999 1.4937646389007568359 1.5488756895065307617 1.1176650524139404297 1.4030042886734008789 1.6276342868804931641 1.8816268444061279297 2.3404221534729003906 2.3239433765411376953 2.3226189613342285156 1.9330129623413085938 1.8900966644287109375 1.9378290176391601562 1.7537348270416259766 1.7991324663162231445
-9999 2.1696279048919677734 2.1179239749908447266 2.072071075439453125 2.1531262397766113281 2.4472517967224121094 1.0855814218521118164 0.43193930387496948242 0.38739752769470214844 1.3195024728775024414 0.27328699827194213867 0.72497284412384033203 1.9745844602584838867 1.6335012912750244141 1.2220323085784912109 1.1602077484130859375 1.2016804218292236328 1.077880859375 1.2998864650726318359 1.4240972995758056641 1.4448881149291992188 -9999 -9999 -9999 -9999 -9999 -9999 -9999 -9999 -9999 -9999 -9999 -9999 -9999 -9999 -9999 0.62360745668411254883 0.55549943447113037109 1.401717066764831543 1.9005275964736938477 2.17438507080078125 2.1911065578460693359 1.7827452421188354492 1.8159409761428833008 1.9666663408279418945 1.2579514980316162109
-9999 1.5501306056976318359 1.3335069417953491211 1.9326845407485961914 2.0365812778472900391 2.0155212879180908203 1.0188132524490356445 0.42549911141395568848 0.74160337448120117188 0.79391992092132568359 0.12025621533393859863 0 0.45922166109085083008 1.4794057607650756836 1.3710273504257202148 1.5530591011047363281 0.99065101146697998047 -9999 -9999 -9999 -9999 -9999 -9999 -9999 -9999 -9999 -9999 -9999 -9999 -9999 -9999 -9999 -9999 -9999 -9999 -9999 -9999 0.74660575389862060547 0.19586355984210968018 1.1181094646453857422 2.0729651451110839844 1.9863666296005249023 1.8394579887390136719 1.5589628219604492188 1.0077995061874389648 0.5928561091423034668
-9999 -9999 0.18790356814861297607 0.31833192706108093262 1.0056754350662231445 1.464262843132019043 0.51072639226913452148 1.2115504741668701172 1.5178625583648681641 0.45752179622650146484 0.010793901048600673676 0 0 1.232705235481262207 1.3237911462783813477 1.3759839534759521484 -9999 -9999 -9999 -9999 -9999 -9999 -9999 -9999 -9999 -9999 -9999 -9999 -9999 -9999 -9999 -9999 -9999 -9999 -9999 -9999 -9999 -9999 0.13131581246852874756 0.12321351468563079834 0.36183646321296691895 0.89956629276275634766 1.5217068195343017578 1.197765350341796875 0.63713890314102172852 0.64052885770797729492
-9999 -9999 -9999 0.00078618846600875258446 0.0041510448791086673737 0.029597265645861625671 0.11306560039520263672 0.31225937604904174805 1.4510565996170043945 0.22470094263553619385 0 0 0 0.79500287771224975586 1.3223836421966552734 -9999 -9999 -9999 -9999 -9999 -9999 -9999 -9999 -9999 -9999 -9999 -9999 -9999 -9999 -9999 -9999 -9999 -9999 -9999 -9999 -9999 -9999 -9999 0.21160194277763366699 0.077363304793834686279 0.18601709604263305664 0.68060547113418579102 0.94417423009872436523 0.81135314702987670898 0.65569818019866943359 0.95810639858245849609
-9999 -9999 -9999 -9999 0 0 0.72153937816619873047 0.93175691366195678711 0.85944437980651855469 0.56616431474685668945 0 -9999 -9999 -9999 -9999 -9999 -9999 -9999 -9999 -9999 -9999 -9999 -9999 -9999 -9999 -9999 -9999 -9999 -9999 -9999 -9999 -9999 -9999 -9999 -9999 -9999 -9999 -9999 0.5169588923454284668 0.32133585214614868164 0.43187114596366882324 0.93758589029312133789 0.87662780284881591797 0.61873185634613037109 0.71866685152053833008 0.72493958473205566406
-9999 -9999 -9999 -9999 -9999 0.043060302734375 1.5172919034957885742 1.2193295955657958984 0.47413498163223266602 -9999 -9999 -9999 -9999 -9999 -9999 -9999 -9999 -9999 -9999 -9999 -9999 -9999 -9999 -9999 -9999 -9999 -9999 -9999 -9999 -9999 -9999 -9999 -9999 -9999 -9999 -9999 -9999 -9999 0.45098096132278442383 0.43501046299934387207 0.47787672281265258789 1.1060516834259033203 0.90042316913604736328 0.72808283567428588867 0.95837897062301635742 0.73145949840545654297
