gis/80m/LAI_spruce.asc
ncols        128
nrows        143
xllcorner    726726.000000000000
yllcorner    7127190.000000000000
cellsize     80.000000000000
NODATA_value -9999
[rows 40 to 59 of 143, columns 46 to 91 of 128]
0 0 0.3460591435432434082 1.3303601741790771484 0.93567544221878051758 0.36513042449951171875 1.1184568405151367188 1.8816334009170532227 0.7890021204948425293 1.9918991327285766602 2.0550997257232666016 0.79273009300231933594 0.21147835254669189453 0.70534855127334594727 1.583415985107421875 0.64055895805358886719 1.0911633968353271484 1.4856867790222167969 1.5938891172409057617 1.3563055992126464844 1.2408946752548217773 1.2186884880065917969 1.7075012922286987305 1.8117464780807495117 0.4263979792594909668 0 0 0.0092002870514988899231 0.62400847673416137695 0.64911228418350219727 0.83190274238586425781 0.8793004155158996582 0.90929371118545532227 1.1018050909042358398 0.91306567192077636719 0.61248302459716796875 0.73501193523406982422 0.75864952802658081055 1.1584669351577758789 1.2050558328628540039 0.26597416400909423828 0.39765432476997375488 0.20177718997001647949 1.1615689992904663086 0.46724814176559448242 0.34137833118438720703
0 0 0.052101414650678634644 0.83538734912872314453 1.027278900146484375 2.3332049846649169922 2.5115370750427246094 1.7068563699722290039 1.4955774545669555664 1.4633339643478393555 2.3659617900848388672 1.2421891689300537109 0.5995318293571472168 0.53478491306304931641 1.4335368871688842773 1.3532940149307250977 1.3210664987564086914 1.7055449485778808594 1.6731667518615722656 2.0396542549133300781 1.800694584846496582 1.2636188268661499023 1.6026166677474975586 1.1580229997634887695 1.0052088499069213867 0.7998981475830078125 1.4041731357574462891 1.900662541389465332 1.6029783487319946289 1.5927665233612060547 0.89941269159317016602 1.0583460330963134766 0.88172209262847900391 0.82202088832855224609 0.75735056400299072266 0.61281412839889526367 0.90607047080993652344 0.7723712921142578125 0.44579944014549255371 0.67831271886825561523 1.1199784278869628906 0.28342488408088684082 0.3981749117374420166 0.83135873079299926758 0.7568378448486328125 0.24831828474998474121
0 0 0 0.04377987980842590332 0.52359527349472045898 1.7363524436950683594 2.2257852554321289062 1.6152942180633544922 1.9009523391723632812 1.7364803552627563477 1.6379836797714233398 1.666304469108581543 0.74959188699722290039 0.37280240654945373535 1.0479303598403930664 0.2589174807071685791 1.0341430902481079102 2.2454187870025634766 0.82231241464614868164 1.8551416397094726562 1.2890584468841552734 0.90901166200637817383 1.1818356513977050781 0.98376512527465820312 1.0688536167144775391 1.8271200656890869141 2.3176376819610595703 2.5609447956085205078 1.0187195539474487305 1.7509636878967285156 1.1406904458999633789 1.0250315666198730469 1.2066072225570678711 0.58757436275482177734 0.11872301250696182251 0.29469272494316101074 0.41867610812187194824 0.62259781360626220703 0.70949089527130126953 0.5398241877555847168 0.75907665491104125977 0.91619622707366943359 1.412232518196105957 0.84324014186859130859 1.3385159969329833984 0.52230417728424072266
0.18973289430141448975 0.10256993770599365234 0 0.051213435828685760498 0.53800505399703979492 1.2519888877868652344 0.97232687473297119141 1.1962937116622924805 1.4722974300384521484 1.5779536962509155273 1.3245213031768798828 2.3074781894683837891 1.2705538272857666016 0.71935123205184936523 0.23278696835041046143 0.19290721416473388672 0.79957062005996704102 2.0521194934844970703 1.0300236940383911133 1.1562956571578979492 1.5605564117431640625 2.074710845947265625 1.3199584484100341797 1.0979765653610229492 0.93063873052597045898 1.3888050317764282227 2.6872441768646240234 3.1744091510772705078 1.7292714118957519531 1.6202709674835205078 1.344317317008972168 1.2179315090179443359 1.953197479248046875 2.0023465156555175781 1.3650597333908081055 0.51618170738220214844 0.257236480712890625 0.58577263355255126953 0.33039572834968566895 0.57267969846725463867 0.46400478482246398926 0.52846157550811767578 0.23258458077907562256 0.7067775726318359375 0.83484995365142822266 1.2172787189483642578
1.0374650955200195312 0.87533420324325561523 0.51594221591949462891 0.21962782740592956543 0.76966452598571777344 1.0327242612838745117 1.0018955469131469727 0.73359566926956176758 1.4677522182464599609 3.4237482547760009766 2.3488857746124267578 2.0231833457946777344 1.8480223417282104492 0.99898606538772583008 0.18340988457202911377 0.20719717442989349365 0.58194917440414428711 1.1900631189346313477 0.10504481196403503418 1.1145536899566650391 3.0069768428802490234 3.1740462779998779297 1.5854369401931762695 0.77311742305755615234 1.0630458593368530273 1.811823725700378418 2.4547238349914550781 2.9156823158264160156 2.6066305637359619141 1.2831389904022216797 1.4493317604064941406 1.4490811824798583984 1.1257033348083496094 1.2403560876846313477 0.98473513126373291016 1.4941992759704589844 1.4441339969635009766 0.85637742280960083008 0.83078622817993164062 0.68935406208038330078 0.38150545954704284668 0.33159041404724121094 0.4526615142822265625 0.29567047953605651855 0.50243419408798217773 1.5406818389892578125
0.52048707008361816406 0.80806940793991088867 1.0418331623077392578 1.1929607391357421875 0.71642607450485229492 0.90323340892791748047 1.0524306297302246094 1.4566941261291503906 1.0983034372329711914 1.5367653369903564453 2.3017361164093017578 2.0722584724426269531 2.1378731727600097656 1.6732939481735229492 1.0212060213088989258 0.53755116462707519531 0.75550740957260131836 0.41240650415420532227 0.091476269066333770752 2.1389174461364746094 2.8522024154663085938 2.8201477527618408203 2.1682949066162109375 1.3284664154052734375 1.4187933206558227539 3.0400302410125732422 2.2279708385467529297 1.9908587932586669922 2.8881990909576416016 1.3725160360336303711 1.4730514287948608398 1.2206615209579467773 1.1921905279159545898 1.2835612297058105469 0.93549019098281860352 0.98434603214263916016 1.0878330469131469727 1.2097728252410888672 0.42976361513137817383 0.30610555410385131836 0.23788744211196899414 0.42465892434120178223 0.42511147260665893555 0.59972667694091796875 0.29165813326835632324 1.2975268363952636719
0.36360457539558410645 0.40647536516189575195 0.2854207158088684082 0.77119863033294677734 0.71073269844055175781 0.57703131437301635742 1.5635542869567871094 1.3620469570159912109 2.2696144580841064453 2.1305136680603027344 1.4694515466690063477 1.9834015369415283203 2.2751355171203613281 1.201012730598449707 1.2727719545364379883 0.56718564033508300781 0.72994220256805419922 0.8253281712532043457 0.49865841865539550781 2.4345455169677734375 2.4927053451538085938 2.6172165870666503906 2.2854750156402587891 2.149478912353515625 1.4303369522094726562 1.9768847227096557617 2.4582309722900390625 2.7922036647796630859 1.5502785444259643555 1.4805356264114379883 1.3361114263534545898 1.787464141845703125 1.20195770263671875 1.1846337318420410156 1.5748282670974731445 1.1078195571899414062 0.86475378274917602539 1.9475194215774536133 1.0224386453628540039 0.46718794107437133789 0.82081609964370727539 0.67690032720565795898 0.71280688047409057617 0.69020342826843261719 0.54204630851745605469 1.5728839635848999023
0.050422374159097671509 0.043664675205945968628 0.011915388517081737518 0.15797224640846252441 0.72830319404602050781 0.4963550865650177002 0.25577652454376220703 0.091162949800491333008 1.2562445402145385742 1.7125421762466430664 0.70181715488433837891 1.4127004146575927734 1.3858625888824462891 0.83861851692199707031 1.2396914958953857422 1.2813687324523925781 0.98787593841552734375 0.54502952098846435547 0.23878554999828338623 1.9199552536010742188 1.6430910825729370117 1.6528840065002441406 2.4677555561065673828 2.2210645675659179688 0.99656319618225097656 1.0194077491760253906 1.7181786298751831055 2.1752226352691650391 1.1119109392166137695 1.4314777851104736328 1.6015913486480712891 2.1197872161865234375 1.3375192880630493164 1.084682464599609375 1.5845952033996582031 1.4042286872863769531 1.1462149620056152344 2.12299346923828125 1.4094816446304321289 1.0571126937866210938 0.80558234453201293945 0.63579392433166503906 0.74919486045837402344 0.43151074647903442383 0.37263065576553344727 0.79969817399978637695
0 0 0 0.11309600621461868286 0.9253794550895690918 0.15760326385498046875 0 0 0.13233144581317901611 1.1359629631042480469 1.4071012735366821289 1.3761903047561645508 0.95114868879318237305 0.57862448692321777344 0.86759239435195922852 1.6913312673568725586 0.86088824272155761719 0.29621428251266479492 0.44843396544456481934 1.7162321805953979492 1.5355855226516723633 1.663420557975769043 2.3452277183532714844 2.7383878231048583984 2.1599898338317871094 0.88352000713348388672 0.98325026035308837891 1.1019700765609741211 0.95873600244522094727 0.46208009123802185059 0.70321089029312133789 0.50378614664077758789 0.79520666599273681641 1.1267715692520141602 1.3830450773239135742 1.5437939167022705078 2.2029721736907958984 1.3067625761032104492 1.3640081882476806641 0.98998272418975830078 0.75276696681976318359 0.8295910954475402832 1.1001317501068115234 0.44131579995155334473 0.49376520514488220215 0.59178048372268676758
0.8121802210807800293 0.86723923683166503906 1.3701974153518676758 1.2038316726684570312 2.5730984210968017578 2.4712684154510498047 0.2535998225212097168 0.00028957729227840900421 0.0050702788867056369781 0.82137238979339599609 1.7513338327407836914 1.068083643913269043 0.87046802043914794922 0.46081557869911193848 0.90173757076263427734 1.5465828180313110352 0.53224635124206542969 1.0822138786315917969 0.50249677896499633789 1.4893876314163208008 2.0871317386627197266 1.6385824680328369141 2.3211658000946044922 2.6044547557830810547 2.5641598701477050781 2.4669361114501953125 1.6870815753936767578 0.038605373352766036987 0.40781119465827941895 0.87061762809753417969 0.79380649328231811523 0.5168578028678894043 0.37237903475761413574 0.6944453120231628418 1.4310698509216308594 1.6577696800231933594 2.4697213172912597656 1.9024528264999389648 0.89878004789352416992 0.88776373863220214844 0.71976512670516967773 0.60962748527526855469 0.64120519161224365234 0.73567944765090942383 0.66974812746047973633 0.95786422491073608398
0.95403844118118286133 1.5046532154083251953 2.4586560726165771484 1.9226124286651611328 2.7033166885375976562 3.6509478092193603516 2.49091339111328125 0.28872895240783691406 0.62688034772872924805 1.5618966817855834961 1.4608439207077026367 1.0802065134048461914 0.83506858348846435547 0.53619682788848876953 0.69619506597518920898 0.82312786579132080078 1.0918930768966674805 0.71202856302261352539 0.91573774814605712891 1.4638503789901733398 1.6039147377014160156 2.0936708450317382812 2.5832500457763671875 2.1954331398010253906 2.2115972042083740234 2.8184142112731933594 1.0723131895065307617 0.072985261678695678711 0.18289560079574584961 0.93304938077926635742 0.55560553073883056641 0.5345579981803894043 0.49349161982536315918 0.37771090865135192871 1.0931012630462646484 1.7899734973907470703 2.3713049888610839844 1.9006787538528442383 1.0479252338409423828 0.68069720268249511719 0.51418226957321166992 0.75688081979751586914 0.5474808812141418457 0.6171677708625793457 0.65474754571914672852 0.98571133613586425781
0.73742949962615966797 1.0381504297256469727 1.9341645240783691406 2.8409595489501953125 2.0951383113861083984 3.4768934249877929688 2.4465024471282958984 1.4052835702896118164 2.06880950927734375 3.0523364543914794922 1.3031854629516601562 1.6788529157638549805 1.7793565988540649414 0.82740259170532226562 0.24162815511226654053 0.46871978044509887695 1.5426919460296630859 0.86587256193161010742 1.1274285316467285156 1.6123881340026855469 1.3892053365707397461 1.3842310905456542969 2.7758769989013671875 2.319469451904296875 2.8888521194458007812 3.5158360004425048828 3.1465559005737304688 2.81189727783203125 1.986179351806640625 1.0413171052932739258 0.60278344154357910156 0.52739799022674560547 0.48567038774490356445 0.26958376169204711914 0.32269901037216186523 0.44374823570251464844 1.6110515594482421875 1.9605798721313476562 1.3150511980056762695 0.48439937829971313477 0.56150668859481811523 0.40613850951194763184 0.6870098114013671875 0.90246284008026123047 0.59128528833389282227 0.93073070049285888672
1.1378498077392578125 0.392543792724609375 1.0728982686996459961 3.1817941665649414062 1.5641918182373046875 3.0654649734497070312 3.0483222007751464844 2.2724809646606445312 1.9302123785018920898 3.0150856971740722656 3.0336327552795410156 1.3081163167953491211 1.5271825790405273438 1.1821856498718261719 0.20369656383991241455 0.25536784529685974121 1.2140518426895141602 0.99562186002731323242 0.83246833086013793945 1.3352577686309814453 2.4742257595062255859 2.7717821598052978516 3.1690359115600585938 2.5840396881103515625 3.3055939674377441406 2.946445465087890625 3.4628345966339111328 3.9674766063690185547 3.8186867237091064453 2.6321496963500976562 0.6475709080696105957 0.39539545774459838867 0.52306056022644042969 0.31222701072692871094 0.31103032827377319336 0.41350591182708740234 0.77411091327667236328 2.09798431396484375 1.7034199237823486328 0.50034558773040771484 0.46666991710662841797 0.54180377721786499023 0.53191047906875610352 0.73691827058792114258 0.64203411340713500977 1.4228361845016479492
1.5909872055053710938 1.3446403741836547852 0.70928996801376342773 2.5862324237823486328 2.6383190155029296875 1.9879276752471923828 3.0614366531372070312 2.8322670459747314453 2.2697503566741943359 3.2151625156402587891 3.0611133575439453125 1.743497014045715332 0.67656540870666503906 1.4280909299850463867 0.38132598996162414551 0.09344914555549621582 0.85549402236938476562 1.4214024543762207031 0.57614427804946899414 1.3815870285034179688 3.2161467075347900391 2.5467064380645751953 2.7548589706420898438 2.5152504444122314453 2.6095411777496337891 2.6368477344512939453 2.8156807422637939453 3.7783133983612060547 3.6456353664398193359 3.6107966899871826172 2.1458044052124023438 1.4863176345825195312 0.7089017033576965332 -9999 0.098563052713871002197 0.36306354403495788574 0.35284024477005004883 1.7448861598968505859 1.5972719192504882812 0.55048525333404541016 0.34673252701759338379 0.65786606073379516602 0.60425174236297607422 0.56495916843414306641 0.71928322315216064453 1.4583384990692138672
1.2030051946640014648 0.836284637451171875 0.67604297399520874023 1.2775130271911621094 3.1253705024719238281 2.4409856796264648438 1.964862823486328125 2.199008941650390625 3.1410527229309082031 3.2264342308044433594 2.661167144775390625 3.1261203289031982422 0.71352976560592651367 0.80800330638885498047 0.054519411176443099976 0.20830512046813964844 2.0837678909301757812 1.1158972978591918945 0.65188896656036376953 1.0380202531814575195 1.9559062719345092773 3.0323221683502197266 2.3006315231323242188 1.8845065832138061523 3.3872537612915039062 3.1098971366882324219 2.9329211711883544922 3.7264497280120849609 3.6420075893402099609 2.7376451492309570312 1.7978376150131225586 1.5028399229049682617 0.98258370161056518555 1.03801727294921875 0.81550592184066772461 0.32900017499923706055 0.20367673039436340332 0.83573818206787109375 1.1294006109237670898 1.025994420051574707 0.73639798164367675781 0.86024624109268188477 0.56894683837890625 0.34165558218955993652 0.34925699234008789062 1.6125751733779907227
0.97546499967575073242 0.8323109745979309082 0.87485373020172119141 0.73049116134643554688 1.4491080045700073242 2.7488658428192138672 1.4481008052825927734 1.7730629444122314453 2.6502110958099365234 3.2422566413879394531 2.7728497982025146484 3.3449621200561523438 1.5165082216262817383 0.65887027978897094727 0.15566223859786987305 0.46676453948020935059 1.7879357337951660156 0.31536707282066345215 1.072072148323059082 1.2096495628356933594 1.7610765695571899414 1.970485687255859375 1.8694479465484619141 1.9034497737884521484 3.539196014404296875 3.9015898704528808594 3.255702972412109375 3.7616236209869384766 3.8296353816986083984 2.7531070709228515625 2.2968385219573974609 1.8837653398513793945 1.3731826543807983398 0.93925517797470092773 1.7403770685195922852 1.7629035711288452148 1.0183216333389282227 0.49106609821319580078 1.2023293972015380859 1.0408178567886352539 0.86196529865264892578 0.17129918932914733887 0.17554959654808044434 0.59991097450256347656 0.85551679134368896484 0.97250008583068847656
1.0123696327209472656 1.3913551568984985352 1.5359815359115600586 1.2961641550064086914 1.5846046209335327148 2.3295400142669677734 1.5737128257751464844 1.0789476633071899414 1.7744128704071044922 2.9309105873107910156 2.3432421684265136719 3.0347390174865722656 3.0727720260620117188 0.820659637451171875 1.0150241851806640625 0.79821121692657470703 1.7279931306838989258 2.297695159912109375 1.3519411087036132812 1.4706246852874755859 2.5230829715728759766 1.2608401775360107422 2.3826391696929931641 1.6963803768157958984 2.3784732818603515625 4.353725433349609375 2.845760345458984375 3.9423778057098388672 4.2206006050109863281 4.0724406242370605469 3.1991274356842041016 2.5294167995452880859 1.8699724674224853516 1.5504975318908691406 1.7150820493698120117 2.4729201793670654297 1.5009371042251586914 1.8990017175674438477 1.0702259540557861328 0.5084323883056640625 0.48042151331901550293 0.18536627292633056641 0.29094901680946350098 0.51714456081390380859 0.91223657131195068359 0.78390991687774658203
2.6015346050262451172 2.6137125492095947266 2.1873700618743896484 1.6174981594085693359 1.5509173870086669922 2.0998859405517578125 2.712184906005859375 1.276411890983581543 3.0897173881530761719 3.4630870819091796875 2.5260500907897949219 2.3313302993774414062 3.4072465896606445312 1.4172037839889526367 1.2506730556488037109 0.91925609111785888672 0.82407307624816894531 2.4493062496185302734 1.9215606451034545898 1.42848968505859375 2.2009820938110351562 2.0917768478393554688 2.2184793949127197266 2.6066172122955322266 2.5808768272399902344 3.5127305984497070312 3.032550811767578125 3.5464582443237304688 3.7657537460327148438 3.6821999549865722656 4.0107402801513671875 2.4629988670349121094 1.8065024614334106445 1.7559876441955566406 2.1390173435211181641 2.3876407146453857422 2.4200291633605957031 2.298938751220703125 0.58180439472198486328 0 0 0 0 0.60747134685516357422 0.51622033119201660156 0.79091858863830566406
3.1659612655639648438 2.7454128265380859375 1.4861559867858886719 1.0344705581665039062 1.0791989564895629883 1.7275166511535644531 3.2538189888000488281 2.2353920936584472656 2.64571380615234375 3.4390075206756591797 3.2286088466644287109 2.323513031005859375 2.5713160037994384766 2.9939024448394775391 1.1310738325119018555 1.4234619140625 1.4560047388076782227 1.4994838237762451172 2.9831023216247558594 1.9605374336242675781 1.8796292543411254883 2.7866806983947753906 1.8611756563186645508 2.8815913200378417969 2.0601141452789306641 1.7098946571350097656 3.2332978248596191406 3.2931230068206787109 3.6198678016662597656 3.4331607818603515625 3.7976827621459960938 2.1656281948089599609 2.2353255748748779297 2.6598041057586669922 2.6776413917541503906 2.5100531578063964844 2.5886042118072509766 2.0914585590362548828 0.21930712461471557617 0.0041350969113409519196 0.26424968242645263672 0.51398861408233642578 0.75005346536636352539 0.75530093908309936523 0.86574161052703857422 1.4699225425720214844
2.6545281410217285156 3.5587108135223388672 1.6900957822799682617 0.96569782495498657227 0.93701171875 1.159918665885925293 1.8485438823699951172 2.7769439220428466797 3.0207371711730957031 3.3050379753112792969 2.5782117843627929688 2.4861383438110351562 2.3272550106048583984 2.1645789146423339844 1.3231077194213867188 1.5576399564743041992 1.8013912439346313477 1.5126105546951293945 2.7589092254638671875 3.0340783596038818359 2.2577245235443115234 2.9033484458923339844 2.2089231014251708984 1.5708742141723632812 1.3148397207260131836 2.0547506809234619141 3.5706043243408203125 3.6204781532287597656 3.9148416519165039062 3.6331298351287841797 4.1119604110717773438 2.2772402763366699219 2.232624053955078125 3.30709075927734375 2.4925465583801269531 2.7223403453826904297 2.5840053558349609375 1.0083920955657958984 0.022450335323810577393 0.00016019746544770896435 0.68401581048965454102 1.1648329496383666992 1.4205267429351806641 1.597530364990234375 1.4506566524505615234 1.4393438100814819336
