gis/80m/LAI_pine.asc
ncols        128
nrows        143
xllcorner    726726.000000000000
yllcorner    7127190.000000000000
cellsize     80.000000000000
NODATA_value -9999
[rows 0 to 19 of 143, columns 46 to 91 of 128]
-9999 -9999 -9999 -9999 -9999 -9999 -9999 -9999 -9999 -9999 -9999 -9999 -9999 -9999 -9999 -9999 -9999 -9999 -9999 -9999 -9999 0.13045552372932434082 -9999 1.2614036798477172852 1.3272690773010253906 1.2413820028305053711 -9999 -9999 -9999 -9999 -9999 -9999 -9999 -9999 -9999 -9999 -9999 -9999 -9999 -9999 -9999 -9999 -9999 -9999 -9999 -9999
-9999 -9999 -9999 -9999 -9999 -9999 -9999 -9999 -9999 -9999 -9999 -9999 -9999 -9999 -9999 -9999 -9999 -9999 -9999 0.1416273266077041626 0.019103704020380973816 0.36998188495635986328 1.4831970930099487305 1.3262040615081787109 1.1547073125839233398 1.325745701789855957 2.0878376960754394531 -9999 -9999 -9999 -9999 -9999 -9999 -9999 -9999 -9999 -9999 -9999 -9999 -9999 -9999 -9999 -9999 -9999 -9999 -9999
-9999 -9999 -9999 -9999 -9999 -9999 -9999 -9999 -9999 -9999 -9999 -9999 -9999 0.57058697938919067383 -9999 -9999 -9999 0.2966295778751373291 0.30054339766502380371 0.03855748102068901062 0.013160126283764839172 0.2435073554515838623 1.2180335521697998047 1.1168318986892700195 0.97761243581771850586 1.1947398185729980469 1.378165125846862793 1.7469244003295898438 -9999 -9999 -9999 -9999 -9999 -9999 -9999 -9999 -9999 -9999 -9999 -9999 -9999 -9999 -9999 -9999 -9999 -9999
-9999 -9999 -9999 -9999 -9999 -9999 -9999 -9999 -9999 -9999 -9999 -9999 0.044913295656442642212 1.1760418415069580078 1.3344281911849975586 -9999 -9999 0.058225978165864944458 0 0.12260342389345169067 0.19586125016212463379 0.6870701909065246582 1.3592085838317871094 0.52768999338150024414 0.78395605087280273438 1.0433313846588134766 1.2043157815933227539 1.7465522289276123047 -9999 -9999 -9999 -9999 -9999 -9999 -9999 -9999 -9999 -9999 -9999 -9999 -9999 -9999 -9999 -9999 -9999 -9999
-9999 -9999 -9999 -9999 -9999 -9999 -9999 -9999 -9999 -9999 0.73293679952621459961 0.040592137724161148071 0.35010597109794616699 0.03924264758825302124 0.1308778226375579834 0.77075719833374023438 0.0036160538438707590103 0 0 0.0064319409430027008057 0.27056077122688293457 1.2417845726013183594 1.3873608112335205078 1.1041835546493530273 0.6856587529182434082 0.60321974754333496094 1.1674966812133789062 1.8584959506988525391 1.794199824333190918 -9999 -9999 -9999 -9999 -9999 -9999 -9999 -9999 1.220187067985534668 -9999 -9999 -9999 -9999 -9999 -9999 -9999 -9999
-9999 -9999 -9999 -9999 -9999 -9999 0.94423985481262207031 1.1542170047760009766 1.8657793998718261719 1.701198577880859375 0.83476436138153076172 0.31403750181198120117 0.018531704321503639221 0.058152511715888977051 0.078009463846683502197 0.50787639617919921875 0.22512283921241760254 0 0 0.046126205474138259888 1.3000725507736206055 1.3032802343368530273 1.5059542655944824219 1.1886616945266723633 0.81791204214096069336 0.91074705123901367188 0.77929055690765380859 1.5586017370223999023 1.5708436965942382812 -9999 -9999 0.090633600950241088867 -9999 -9999 -9999 -9999 -9999 1.054866790771484375 1.1124696731567382812 1.3338000774383544922 1.6844525337219238281 0.46478959918022155762 0 0.90899360179901123047 -9999 -9999
-9999 -9999 -9999 -9999 -9999 -9999 1.9637166261672973633 1.1271693706512451172 0.67231541872024536133 0.53823143243789672852 0.17058989405632019043 0.025450415909290313721 0.0014325708616524934769 0.55317723751068115234 0.85260677337646484375 0.58546698093414306641 0.94300138950347900391 0.49600881338119506836 0.055683884769678115845 0 0.54736179113388061523 1.1749025583267211914 2.0383429527282714844 1.8241083621978759766 1.4733109474182128906 0.94695955514907836914 0.71708261966705322266 1.2101286649703979492 1.6407817602157592773 1.5652260780334472656 0.5570017695426940918 0.44040918350219726562 0.11469224095344543457 -9999 -9999 0.035771887749433517456 0.12772095203399658203 1.092599034309387207 1.6017960309982299805 1.4648354053497314453 1.4682122468948364258 0.96573817729949951172 0.14213696122169494629 0.34035485982894897461 0.076670877635478973389 -9999
-9999 -9999 -9999 -9999 -9999 -9999 -9999 0.57593935728073120117 0.00015339408128056675196 0.15051241219043731689 0.071500755846500396729 0.0077901692129671573639 0.46817946434020996094 0.59070974588394165039 0.52753615379333496094 0.48514774441719055176 0.35261952877044677734 0.58199083805084228516 0.18749518692493438721 0.21767155826091766357 0.15961001813411712646 0.71677517890930175781 0.96576267480850219727 1.0514754056930541992 0.68536216020584106445 0.67205023765563964844 0.58983385562896728516 0.77014523744583129883 0.79692548513412475586 0.87170159816741943359 0.48553305864334106445 0.37610748410224914551 0.0087367231026291847229 0.068183124065399169922 0.09361899644136428833 0.074916161596775054932 0.58383482694625854492 0.86494094133377075195 0.84033161401748657227 0.83410203456878662109 0.62276196479797363281 0.32001271843910217285 0.14634589850902557373 0.32044231891632080078 0.15132375061511993408 0.20331083238124847412
-9999 -9999 -9999 -9999 -9999 -9999 -9999 0.31643375754356384277 0.15252389013767242432 0.53383141756057739258 0.75804418325424194336 0.64340567588806152344 0.59688651561737060547 0.32440355420112609863 1.4460213184356689453 1.3850089311599731445 0.97064840793609619141 1.5159516334533691406 0.62837564945220947266 0.37787020206451416016 0.5443083643913269043 1.0170308351516723633 1.4083075523376464844 1.3534499406814575195 1.4797447919845581055 1.2568892240524291992 1.1946364641189575195 1.2818996906280517578 1.5974215269088745117 1.3339121341705322266 0.46833512187004089355 0.076795764267444610596 0.076142027974128723145 0.1504001915454864502 0.47494399547576904297 1.4895941019058227539 1.4303609132766723633 1.5640646219253540039 1.2293516397476196289 1.2634960412979125977 1.0584143400192260742 0.61273568868637084961 0.3965435028076171875 0.14086107909679412842 0.30931001901626586914 0.059797961264848709106
-9999 -9999 -9999 -9999 -9999 -9999 0.0068172048777341842651 0 0.11454473435878753662 0.10575181245803833008 0.41454064846038818359 0.012520859949290752411 0.17107899487018585205 0.19160085916519165039 1.0828061103820800781 1.2005324363708496094 1.1278494596481323242 0.89488273859024047852 1.3493442535400390625 0.20794647932052612305 0.034359168261289596558 0.86700129508972167969 0.89733648300170898438 1.1116102933883666992 1.2589117288589477539 1.1144416332244873047 0.93442964553833007812 1.6215393543243408203 1.6911367177963256836 1.2926865816116333008 0.37437188625335693359 0.014438380487263202667 0.025641357526183128357 0.1626857370138168335 0.29761999845504760742 1.2338407039642333984 1.2441295385360717773 1.4809386730194091797 1.4350632429122924805 0.85097837448120117188 0.97322422266006469727 0.87630504369735717773 0.58623564243316650391 0.52115750312805175781 0.0020682201720774173737 0
1.7966227531433105469 1.6031136512756347656 1.6314467191696166992 1.7546916007995605469 1.4796535968780517578 1.79021453857421875 0.36107501387596130371 0.057353746145963668823 0.066267065703868865967 0.15101709961891174316 0.092221714556217193604 0.24955256283283233643 0.82182681560516357422 0.8520647883415222168 0.18759717047214508057 1.4013026952743530273 1.0739033222198486328 1.0107330083847045898 0.4626960456371307373 0.24963304400444030762 0.79019516706466674805 0.22057358920574188232 1.2889548540115356445 1.3515955209732055664 1.3043751716613769531 1.1725113391876220703 0.73605483770370483398 1.1297905445098876953 1.7311961650848388672 1.7753614187240600586 1.6794614791870117188 0.64867568016052246094 0.03153298795223236084 0.0031665693968534469604 0.12073650211095809937 0.96690762042999267578 0.51117724180221557617 0.97574603557586669922 1.5205049514770507812 0.95547944307327270508 0.88225626945495605469 0.60894125699996948242 0.77522701025009155273 0.10223299264907836914 3.0271126888692378998e-05 0
1.1642020940780639648 1.2805004119873046875 1.6356955766677856445 1.2792638540267944336 1.6335046291351318359 1.6349602937698364258 0.59556728601455688477 0.0006335912039503455162 0.11777346581220626831 0.40513592958450317383 0.96911478042602539062 0.92885196208953857422 0.62563472986221313477 0.66744321584701538086 0.94088846445083618164 1.6809973716735839844 1.5937283039093017578 0.96865636110305786133 0.10896099358797073364 0 0 0.54560130834579467773 1.2791062593460083008 1.5677319765090942383 1.1208527088165283203 1.0361596345901489258 0.54739362001419067383 0.58447974920272827148 1.5466620922088623047 1.8126468658447265625 1.908558964729309082 1.6641222238540649414 0.41487511992454528809 0.0060264193452894687653 0.44717070460319519043 0.86953061819076538086 0.14513432979583740234 0.28889247775077819824 0.65784239768981933594 0.92199838161468505859 0.79562103748321533203 1.2368477582931518555 0.68575018644332885742 0.096904926002025604248 0 0.029524112120270729065
0 0.21016412973403930664 1.8502155542373657227 0.19502587616443634033 0.33536735177040100098 1.3172113895416259766 1.0589147806167602539 0.0077566164545714855194 0.01811348646879196167 0.72334569692611694336 0.89477789402008056641 0.70150643587112426758 1.3719704151153564453 1.7739205360412597656 1.6865818500518798828 0.93009179830551147461 0.41881859302520751953 0.97287762165069580078 1.4715827703475952148 0.13266284763813018799 1.3764247894287109375 1.8928356170654296875 0.54534047842025756836 0.22661074995994567871 1.1314306259155273438 1.1691031455993652344 0.69609147310256958008 1.0207111835479736328 0.93427604436874389648 1.4939398765563964844 2.0248737335205078125 1.8703943490982055664 1.378722071647644043 0.22101765871047973633 0.33246085047721862793 0.24584607779979705811 0.42381459474563598633 0.29417365789413452148 0.20986892282962799072 0.050167646259069442749 0.041136182844638824463 0.54325246810913085938 0.13110405206680297852 0.36700662970542907715 0.0024446826428174972534 0.27326610684394836426
0.009493677876889705658 0 1.0387253761291503906 0.33731314539909362793 0 0.45591199398040771484 1.1219807863235473633 0.50368714332580566406 0.020252959802746772766 0.82501715421676635742 0.42597523331642150879 1.0498838424682617188 1.1395227909088134766 1.3354723453521728516 1.1572867631912231445 1.3847533464431762695 1.6979212760925292969 1.8685697317123413086 2.0336916446685791016 1.3755899667739868164 0.93269109725952148438 0.9250278472900390625 0.80135643482208251953 0.086031109094619750977 1.1634827852249145508 1.1620512008666992188 0.66213750839233398438 1.5979654788970947266 0.67899620532989501953 0.96120357513427734375 1.8958561420440673828 1.740529179573059082 0.5843556523323059082 0.28906729817390441895 0.43098160624504089355 0.065508954226970672607 0.0050107468850910663605 0.012501727789640426636 0.2421306222677230835 0.15055224299430847168 0.055258616805076599121 0.23453193902969360352 0.17719289660453796387 0.15094844996929168701 0.42273607850074768066 0.075311414897441864014
0.0025617741048336029053 0 0 0 0 0.076138734817504882812 0.9070122838020324707 1.3310196399688720703 0.24420928955078125 0.10088994354009628296 0.57521218061447143555 1.2326208353042602539 1.3692541122436523438 1.451331019401550293 1.6029844284057617188 1.9414050579071044922 2.1932954788208007812 1.8725271224975585938 1.9877487421035766602 1.8898222446441650391 1.8805825710296630859 1.4339472055435180664 0.23380617797374725342 0.053069919347763061523 0.12080841511487960815 0.69409704208374023438 0.1954294741153717041 0.43674981594085693359 0.47536391019821166992 1.5151964426040649414 1.9082825183868408203 1.337668299674987793 0.35803002119064331055 1.3880341053009033203 1.4937082529067993164 1.3288178443908691406 0.62255179882049560547 0.071529269218444824219 0.90054810047149658203 1.0546729564666748047 0.48063799738883972168 0.031375922262668609619 0.10360217094421386719 0 0 0.083545088768005371094
0.57045084238052368164 1.0714498758316040039 1.3358136415481567383 1.3943158388137817383 0.18685676157474517822 0.86679112911224365234 1.4476139545440673828 0.95052951574325561523 0.30025282502174377441 0.013989885337650775909 0.83571839332580566406 1.3960098028182983398 1.6066498756408691406 1.2462116479873657227 0.23252125084400177002 1.1443693637847900391 2.0733187198638916016 1.9836946725845336914 1.8255696296691894531 1.6891078948974609375 1.9108321666717529297 1.5961525440216064453 0.52893209457397460938 0 0 0.73269033432006835938 0.44846841692924499512 1.1431366205215454102 1.589815974235534668 0.79575556516647338867 1.5857163667678833008 1.3615010976791381836 1.3171457052230834961 1.6534070968627929688 1.4962831735610961914 1.4148172140121459961 1.5786560773849487305 1.0580861568450927734 0.050721194595098495483 0.71667343378067016602 0.27717518806457519531 0.034484453499317169189 0.09530976414680480957 0.089222520589828491211 0.31375485658645629883 0.29548001289367675781
1.0556029081344604492 1.6712280511856079102 0.75832438468933105469 1.177153468132019043 1.5624709129333496094 2.1433413028717041016 1.9914323091506958008 2.0802090167999267578 1.25379180908203125 0.81798326969146728516 1.3044452667236328125 0.92567646503448486328 0.45003944635391235352 0.041800923645496368408 0 0.1827901005744934082 0.92903655767440795898 1.8144395351409912109 1.747410893440246582 1.6203415393829345703 1.8565852642059326172 1.8833538293838500977 0.77070057392120361328 0 0 0.051026213914155960083 0.62731254100799560547 0.47480398416519165039 0.17901359498500823975 0.21559488773345947266 1.3947234153747558594 1.1279839277267456055 1.1610032320022583008 1.4631707668304443359 1.4387558698654174805 1.3483506441116333008 1.6033728122711181641 1.5177152156829833984 0.95107340812683105469 0.99393540620803833008 0.44212117791175842285 0.71252453327178955078 0.82236486673355102539 0.13110397756099700928 1.4187865257263183594 0.27289652824401855469
0.50769442319869995117 1.577917933464050293 0.62165868282318115234 0.11612142622470855713 1.1831766366958618164 1.7839725017547607422 1.1915286779403686523 0.63065797090530395508 0.24951091408729553223 1.2421554327011108398 1.3217031955718994141 1.3606842756271362305 0.61124074459075927734 0 0 0 0 1.2713901996612548828 1.5627243518829345703 1.3461823463439941406 1.7509454488754272461 1.5445967912673950195 1.6436562538146972656 0.1510280221700668335 0 0 0.18633146584033966064 0.34935209155082702637 0.11482084542512893677 0.13900890946388244629 1.4611707925796508789 1.3343807458877563477 1.4127832651138305664 1.4042201042175292969 1.6422867774963378906 1.1328718662261962891 0.91884720325469970703 1.0074698925018310547 1.1533541679382324219 1.1289286613464355469 1.1831759214401245117 0.80621707439422607422 0.3406416475772857666 0.060148347169160842896 1.0572960376739501953 0.11655279248952865601
0.85011208057403564453 1.595740199089050293 1.6983035802841186523 1.8816089630126953125 1.8095871210098266602 1.5100166797637939453 1.4325958490371704102 1.4439233541488647461 0.6467106938362121582 0.31717708706855773926 0.42055419087409973145 0.32434266805648803711 0.0085130976513028144836 0.47323775291442871094 0.43966141343116760254 0 0 0.16004429757595062256 0.21870173513889312744 1.0023167133331298828 1.7424601316452026367 1.5784531831741333008 1.7107232809066772461 0.48981693387031555176 0 0 0 0.084508918225765228271 0.018426558002829551697 0.25698384642601013184 1.8641959428787231445 1.4864048957824707031 1.0941792726516723633 1.3192000389099121094 1.4935387372970581055 1.2638984918594360352 1.476979374885559082 1.2747797966003417969 1.3343368768692016602 1.4022423028945922852 1.4116876125335693359 1.1808459758758544922 0.38164642453193664551 0.01292162574827671051 0.94434744119644165039 1.2592759132385253906
0.15664467215538024902 0.57675403356552124023 1.1287366151809692383 1.7131013870239257812 1.4874043464660644531 1.3663988113403320312 1.3003907203674316406 1.3193717002868652344 1.7533907890319824219 0.58122795820236206055 0.0038586666341871023178 0.17016158998012542725 0.1414060443639755249 0.080579966306686401367 0.21242216229438781738 0.015347698703408241272 0 0 0.66232013702392578125 1.7928438186645507812 1.9393852949142456055 1.6418594121932983398 1.7043111324310302734 1.5895575284957885742 1.2129465341567993164 0.34771949052810668945 0 0 0.092624969780445098877 0.1982545703649520874 0.59190988540649414062 1.2254874706268310547 1.2992022037506103516 1.5247627496719360352 1.2180287837982177734 1.5392311811447143555 1.5448148250579833984 1.3999956846237182617 1.0708568096160888672 1.1825107336044311523 1.0329445600509643555 1.5536029338836669922 1.3129138946533203125 0.35892331600189208984 0.56217157840728759766 1.1539989709854125977
