gis/80m/LAI_spruce.asc
ncols        128
nrows        143
xllcorner    726726.000000000000
yllcorner    7127190.000000000000
cellsize     80.000000000000
NODATA_value -9999
[rows 20 to 39 of 143, columns 46 to 91 of 128]
0.015868118032813072205 0 0 0.073625646531581878662 0.83511900901794433594 2.4548826217651367188 1.7023011445999145508 0.88399446010589599609 1.2867248058319091797 1.4418083429336547852 1.6493288278579711914 0.28435739874839782715 0.082839407026767730713 0.06403967738151550293 0.16765044629573822021 0.16284400224685668945 0.046530760824680328369 0.51902633905410766602 0.73601621389389038086 1.7029767036437988281 1.164938807487487793 0.4429436028003692627 0.39684116840362548828 0.8388894200325012207 0.44084900617599487305 0.75050187110900878906 0.22762630879878997803 0 0 0.0014968271134421229362 0.07354284822940826416 0.1415367424488067627 0.61881214380264282227 0.87592047452926635742 0.82400953769683837891 0.88947755098342895508 1.0671306848526000977 0.64223378896713256836 0.75734406709671020508 1.1010453701019287109 0.99911022186279296875 1.0803827047348022461 0.89071440696716308594 0.56966841220855712891 0.21917581558227539062 0.57870894670486450195
0.0080438312143087387085 0.027651848271489143372 0 0 0.2573305666446685791 1.9229031801223754883 2.4292037487030029297 1.8187068700790405273 2.0115234851837158203 1.9680140018463134766 2.4216635227203369141 0.63561469316482543945 0.41075104475021362305 0.090207792818546295166 0.018778771162033081055 0.088096089661121368408 0.69455319643020629883 1.8581413030624389648 0.94591957330703735352 0.67550688982009887695 0.78768891096115112305 0.55621176958084106445 0.20268473029136657715 0.0060832854360342025757 0.097603149712085723877 1.1049582958221435547 1.0522571802139282227 0.028993407264351844788 0 0 0.00075795158045366406441 0.069392949342727661133 0.73036497831344604492 0.15982629358768463135 0.29137942194938659668 0.19398510456085205078 0.10907674580812454224 0.35480791330337524414 0.42398414015769958496 0.51371514797210693359 0.7422040104866027832 0.92020624876022338867 0.57159465551376342773 0.36360436677932739258 0.76431632041931152344 0.40580439567565917969
0.18138664960861206055 0.78585845232009887695 0 0.0097404653206467628479 0.0060583292506635189056 0.12136346101760864258 1.8801912069320678711 1.8563165664672851562 1.3153983354568481445 1.736798405647277832 2.4958176612854003906 2.2369225025177001953 0.10965176671743392944 0 0.04120349884033203125 0.033910688012838363647 0.22157028317451477051 0.17104612290859222412 0.94578230381011962891 1.1557031869888305664 2.0749316215515136719 2.2086510658264160156 2.3132114410400390625 1.900175929069519043 1.8232681751251220703 1.1517897844314575195 0.095590971410274505615 0.0070459567941725254059 0.024240294471383094788 0.0048711528070271015167 0 0 0.54076904058456420898 0.14916756749153137207 0.065639875829219818115 0 0.00023410446010529994965 0.11378537118434906006 0.37589439749717712402 0.52387177944183349609 0.086917906999588012695 0.60019588470458984375 0.099782429635524749756 0.72165971994400024414 1.1553324460983276367 0.057493153959512710571
0.42972025275230407715 0.35792136192321777344 0.067166298627853393555 0.57778298854827880859 0.91003638505935668945 1.2967813014984130859 0.56564438343048095703 0.73384696245193481445 0.93601012229919433594 1.4213795661926269531 1.894333958625793457 1.2733100652694702148 0.72034054994583129883 0.00064334488706663250923 0.56491571664810180664 0.57555615901947021484 0.4727249443531036377 0.45280915498733520508 0.99869543313980102539 2.0272767543792724609 2.2959272861480712891 2.7120559215545654297 2.5799081325531005859 3.1048758029937744141 3.1114871501922607422 3.1636455059051513672 2.6660075187683105469 1.7486956119537353516 1.2601691484451293945 0.89886480569839477539 0.13633863627910614014 0 0.055733554065227508545 0.72712349891662597656 0.092111848294734954834 0 0.011241051368415355682 0 0.13547010719776153564 0.32502380013465881348 0 0 0 1.5494445562362670898 0.1814107745885848999 0
0 0.080841034650802612305 0.39442613720893859863 0.012183905579149723053 0 0.081355787813663482666 0.12179349362850189209 0.02499017864465713501 0.64536142349243164062 0.85250413417816162109 0.86705964803695678711 1.4044237136840820312 1.5176219940185546875 0.5349528193473815918 0.51142543554306030273 0.78901702165603637695 1.2208653688430786133 1.8827147483825683594 2.2896835803985595703 2.2212400436401367188 2.5321688652038574219 2.5790650844573974609 2.9470906257629394531 2.266162872314453125 2.4243667125701904297 2.8214724063873291016 2.6695115566253662109 1.9722052812576293945 1.0502641201019287109 1.8671942949295043945 1.6123665571212768555 1.5327734947204589844 1.0529966354370117188 1.3453593254089355469 0.50752502679824829102 0.14277762174606323242 0.025468084961175918579 0 0.008428445085883140564 0.39756578207015991211 0 0.12632995843887329102 0.22021411359310150146 1.6733399629592895508 0.65302413702011108398 0.39358496665954589844
0.42298468947410583496 0.50268793106079101562 0.51490896940231323242 0.82758575677871704102 1.1995049715042114258 0.46044886112213134766 0 0 0.10995427519083023071 0.18829390406608581543 0.88825428485870361328 1.1474244594573974609 1.4613282680511474609 0.32375136017799377441 0.16765967011451721191 1.028593897819519043 1.4229544401168823242 1.5662549734115600586 2.4253046512603759766 2.0215024948120117188 1.8007960319519042969 2.3033623695373535156 1.9044215679168701172 0.18302986025810241699 0.10893148183822631836 2.6078429222106933594 1.0680283308029174805 1.3833756446838378906 1.9194053411483764648 1.9950319528579711914 1.609376072883605957 2.3108599185943603516 0.90115112066268920898 1.0167027711868286133 1.3376137018203735352 0.46647781133651733398 0.030683364719152450562 0.0064883781597018241882 0.17017765343189239502 0.41056799888610839844 0.043213792145252227783 0.39321544766426086426 0.049322947859764099121 1.1627733707427978516 0.31819680333137512207 0.14978282153606414795
0.82079470157623291016 0.5980198979377746582 0.66185963153839111328 0.7456238865852355957 1.2005269527435302734 2.1687159538269042969 1.6242158412933349609 1.6046535968780517578 0.84578210115432739258 0.44568750262260437012 1.0813521146774291992 1.5065833330154418945 1.7175276279449462891 0.90858638286590576172 0.069841876626014709473 1.1096781492233276367 1.2059932947158813477 1.3727113008499145508 1.9212919473648071289 2.0155150890350341797 1.6273294687271118164 1.3414537906646728516 2.3533074855804443359 0.3554312288761138916 0.0083406204357743263245 0.51669961214065551758 0.46177372336387634277 0.45817807316780090332 1.1207939386367797852 1.5563684701919555664 2.4136590957641601562 1.6784876585006713867 0.6342512965202331543 0.76542299985885620117 1.2356264591217041016 0.49150407314300537109 0.31947818398475646973 0.66177475452423095703 0.41332575678825378418 0.034730512648820877075 0 0 0.66312825679779052734 1.0613360404968261719 0.88353765010833740234 0.64719742536544799805
0.96903908252716064453 0.94137436151504516602 1.0930711030960083008 0.97101598978042602539 0.90395838022232055664 1.2022298574447631836 1.1486103534698486328 2.1868653297424316406 1.1655782461166381836 1.1587718725204467773 0.89650452136993408203 1.2597267627716064453 1.6793997287750244141 1.6388038396835327148 0.081613667309284210205 0.51081502437591552734 0.81437629461288452148 1.1668236255645751953 1.5361002683639526367 2.5418381690979003906 1.4964737892150878906 1.9281059503555297852 1.7824454307556152344 0.95264804363250732422 0.03386557847261428833 0 0.050413634628057479858 0.10261146724224090576 0 0.020996974781155586243 1.5596774816513061523 1.2797887325286865234 0.81137382984161376953 1.1012346744537353516 1.9027395248413085938 0.86765837669372558594 0.23840254545211791992 0.49644193053245544434 0.21796797215938568115 0.017419526353478431702 0.0011684682685881853104 0.026410913094878196716 1.3441646099090576172 1.4031938314437866211 1.2993135452270507812 1.8338609933853149414
1.0607903003692626953 1.1217539310455322266 0.84699070453643798828 0.97634917497634887695 0.94775122404098510742 0.94396650791168212891 0.85838109254837036133 0.98819983005523681641 1.861246943473815918 0.91172075271606445312 0.59245783090591430664 1.0904008150100708008 1.7895066738128662109 1.3402587175369262695 0.028046268969774246216 0.29546537995338439941 0.89200741052627563477 1.3025691509246826172 1.0166456699371337891 1.7635419368743896484 2.2225868701934814453 2.5336413383483886719 0.87951099872589111328 0.40482208132743835449 0.19639424979686737061 0 0 0.13592799007892608643 0.16775794327259063721 0.019513864070177078247 1.9580613374710083008 2.0269935131072998047 0.46440586447715759277 0.43806257843971252441 1.5605655908584594727 0.91636866331100463867 0.16800808906555175781 0.39833724498748779297 0.35186928510665893555 0.17137989401817321777 0.0051368512213230133057 1.0465341806411743164 1.1584825515747070312 1.0609606504440307617 1.2299655675888061523 1.9742994308471679688
0.3426691889762878418 1.2910037040710449219 1.2060598134994506836 0.47159051895141601562 0.79534173011779785156 0.6575787663459777832 0.75323873758316040039 0.90927183628082275391 0.81758034229278564453 0.98624795675277709961 0.73499011993408203125 1.1462625265121459961 1.1992985010147094727 1.3068509101867675781 0.76739102602005004883 0.66943794488906860352 0.75789612531661987305 1.0505307912826538086 0.87504547834396362305 1.0268085002899169922 2.2907214164733886719 1.874895930290222168 1.2893167734146118164 0.24737077951431274414 0.17870505154132843018 0.012911515310406684875 0.0017297195736318826675 0.063237249851226806641 0.42262050509452819824 0.9013156890869140625 2.5951352119445800781 0.67189365625381469727 0 0 1.4933636188507080078 1.4360616207122802734 0.14624969661235809326 1.0163359642028808594 0.73982506990432739258 0.23760385811328887939 0.046244230121374130249 1.9222351312637329102 1.5597484111785888672 1.0500247478485107422 1.9279984235763549805 1.6390333175659179688
0.23352217674255371094 0.5616251826286315918 0.93288409709930419922 0.91787052154541015625 0.47964614629745483398 0.80205965042114257812 0.74804735183715820312 0.93810385465621948242 1.0259288549423217773 0.59353518486022949219 0.014898076653480529785 0.93451201915740966797 1.2976442575454711914 1.0392035245895385742 0.96392959356307983398 0.85807478427886962891 0.29951593279838562012 0.74802130460739135742 0.73652589321136474609 0.85057610273361206055 1.6509921550750732422 2.0479855537414550781 1.1526970863342285156 0.81793862581253051758 0.34586438536643981934 0.92480486631393432617 0.00047311291564255952835 0.0037223494146019220352 0.037931341677904129028 0.03720448911190032959 0.28812703490257263184 0 0 0.24294684827327728271 1.1659845113754272461 1.3921831846237182617 1.6485254764556884766 0.69662863016128540039 0.81941831111907958984 0.040006402879953384399 0.82285749912261962891 2.6406354904174804688 1.3754235506057739258 1.1218994855880737305 1.7371308803558349609 1.8234552145004272461
0.16811408102512359619 0.26462456583976745605 0.53853666782379150391 0.69819861650466918945 0.67245376110076904297 0.45649349689483642578 0.98109418153762817383 0.91330116987228393555 1.1683980226516723633 1.1562209129333496094 0.40554150938987731934 0.11440035700798034668 1.0307430028915405273 0.93154573440551757812 1.0658671855926513672 1.2994486093521118164 0.93609035015106201172 0.4918244779109954834 0.70813047885894775391 0.61445373296737670898 1.0810836553573608398 1.7380646467208862305 0.99836236238479614258 1.291396021842956543 1.0174585580825805664 1.8719235658645629883 0.076312907040119171143 0 0.0072701741009950637817 0.230528220534324646 0.52634942531585693359 1.6631062030792236328 0.65155792236328125 0.82713216543197631836 0.97090548276901245117 0.97725117206573486328 1.0864081382751464844 0.46378722786903381348 0.50493013858795166016 0.39173215627670288086 0.79423755407333374023 2.2514388561248779297 1.6640379428863525391 1.7671797275543212891 1.8427158594131469727 1.8270459175109863281
0.45191019773483276367 0.27318885922431945801 0.077073082327842712402 0.098226882517337799072 0.15458868443965911865 0.40646889805793762207 0.6334502100944519043 0.83215171098709106445 0.95915496349334716797 1.1681920289993286133 0.6360575556755065918 0.7001158595085144043 0.48816981911659240723 0.72290730476379394531 1.135233759880065918 1.3813736438751220703 1.1636490821838378906 0.3080450594425201416 0.28388768434524536133 0.55129647254943847656 1.2701758146286010742 2.4524109363555908203 1.2748590707778930664 1.0668931007385253906 1.2683984041213989258 0.79723447561264038086 0.9735863804817199707 0.024548294022679328918 0.033405389636754989624 1.2194237709045410156 1.6348540782928466797 2.0235600471496582031 1.1344656944274902344 1.3410004377365112305 0.87092095613479614258 0.63507843017578125 0.91667103767395019531 1.1797819137573242188 1.2308347225189208984 1.5441728830337524414 0.51293849945068359375 1.3314927816390991211 1.7127110958099365234 1.3466470241546630859 1.948250889778137207 1.9213974475860595703
0.04043232649564743042 0.085687786340713500977 0.94074779748916625977 0.6798527836799621582 0 0.11954735219478607178 0.43614211678504943848 0.69873881340026855469 0.81828224658966064453 0.87863337993621826172 1.0056498050689697266 0.6644198298454284668 1.5303913354873657227 0.52640783786773681641 0.71411406993865966797 1.2470896244049072266 1.432667851448059082 0.69001489877700805664 0.61073029041290283203 0.7376620173454284668 2.2592158317565917969 0.80741006135940551758 1.2122026681900024414 0.92082756757736206055 1.0774406194686889648 0.98808783292770385742 1.224030613899230957 0.47247585654258728027 0.11828861385583877563 0.64263910055160522461 1.0660932064056396484 0.81324619054794311523 0.74367129802703857422 1.0350933074951171875 0.47695356607437133789 0.29900723695755004883 0.75474667549133300781 0.88130861520767211914 1.0067545175552368164 1.0071531534194946289 1.5357574224472045898 1.9699376821517944336 1.9455913305282592773 1.7141007184982299805 1.3207149505615234375 2.4305267333984375
0.067997805774211883545 0.31968718767166137695 0.91426503658294677734 0.79206824302673339844 0.017909448593854904175 0.44047662615776062012 0.13409696519374847412 0.36532190442085266113 0.88586533069610595703 0.62827563285827636719 0.51867252588272094727 0.31448164582252502441 0.6712601780891418457 0.72889024019241333008 0.49358382821083068848 0.65966963768005371094 1.3240771293640136719 1.3122048377990722656 0.93162459135055541992 0.58339482545852661133 1.5851165056228637695 1.4950110912322998047 1.3125191926956176758 0.91964036226272583008 0.93091571331024169922 0.95810645818710327148 1.3420635461807250977 1.213070988655090332 0.91717469692230224609 1.2129243612289428711 0.85896843671798706055 0.18364536762237548828 0.42862671613693237305 0.51891845464706420898 0.34615802764892578125 0.7547505497932434082 0.60046410560607910156 0.80393582582473754883 0.70568430423736572266 1.1186441183090209961 1.0634095668792724609 1.8101879358291625977 2.4000201225280761719 1.8309955596923828125 1.0746045112609863281 2.4363908767700195312
0.43568369746208190918 0.1099210008978843689 0.23104272782802581787 0.8150501251220703125 0.37762609124183654785 0.45748180150985717773 0.57592546939849853516 0.57418191432952880859 1.1475778818130493164 1.4738236665725708008 1.167877197265625 0.98876589536666870117 0.4553706049919128418 0.097720392048358917236 0.56691038608551025391 0.32306367158889770508 0.81124669313430786133 1.2298443317413330078 1.609662175178527832 0.46459209918975830078 0.10617723315954208374 1.408465266227722168 2.4064357280731201172 1.1042472124099731445 0.89879083633422851562 1.1649824380874633789 1.7554073333740234375 1.2551923990249633789 0.98311877250671386719 1.1925791501998901367 0.86238026618957519531 0.18047040700912475586 0.067095607519149780273 0.4069512486457824707 0.70283681154251098633 1.2031323909759521484 0.38226833939552307129 0.56000024080276489258 0.6670882105827331543 0.88490086793899536133 0.77293962240219116211 1.7537113428115844727 0.42908975481986999512 0.1419302523136138916 0.27318561077117919922 1.7424483299255371094
0.4887796938419342041 0.71250498294830322266 0.57532030344009399414 1.6596269607543945312 0.91045224666595458984 0.9325695037841796875 0.58246362209320068359 0.91553109884262084961 1.9307656288146972656 2.1357331275939941406 1.8277182579040527344 2.2924678325653076172 1.5685378313064575195 0.56476521492004394531 0.33276921510696411133 0.3585396111011505127 1.091213226318359375 1.383906245231628418 2.2183358669281005859 1.3623805046081542969 0.30131673812866210938 0.3835360407829284668 1.1711709499359130859 1.1127012968063354492 0.88472640514373779297 0.86092782020568847656 1.4644935131072998047 1.4974672794342041016 1.1298753023147583008 1.2971667051315307617 1.3401148319244384766 0.60969620943069458008 0.2561537623405456543 0.5440266728401184082 0.68499130010604858398 0.81621795892715454102 0.046115081757307052612 0.79259723424911499023 0.91636800765991210938 0.3951975405216217041 0.24299831688404083252 0.80229240655899047852 0.48805528879165649414 0.49087822437286376953 0.61870288848876953125 0.81793326139450073242
0.27851909399032592773 0.83936631679534912109 0.61656409502029418945 0.9431826472282409668 1.0708993673324584961 0.71710878610610961914 0.617397308349609375 0.028937730938196182251 0.35940399765968322754 1.955902099609375 2.1080546379089355469 2.1319327354431152344 2.2134726047515869141 1.80169677734375 0.59171855449676513672 0.62604063749313354492 0.87121218442916870117 1.1250098943710327148 1.4570796489715576172 1.3673429489135742188 1.0661284923553466797 1.0289702415466308594 1.1080650091171264648 0.5754782557487487793 0.3058007657527923584 0.91090220212936401367 1.5786113739013671875 1.5644710063934326172 1.0173521041870117188 2.1516821384429931641 1.3300114870071411133 0.8123137354850769043 0.64038330316543579102 0.50731968879699707031 0.77106380462646484375 0.554157257080078125 0.35604396462440490723 0.64162862300872802734 1.1282439231872558594 0.47669547796249389648 0.24757039546966552734 0.38009089231491088867 1.181380152702331543 0.19905051589012145996 0.2374086529016494751 0.24729818105697631836
0.40023502707481384277 0.48859629034996032715 0.65423828363418579102 0.11748591810464859009 0.30626812577247619629 0.99708461761474609375 1.2930080890655517578 0.43558278679847717285 0.014374176971614360809 1.6714949607849121094 1.9249567985534667969 2.088886260986328125 1.2592577934265136719 0.015566614456474781036 0.018316702917218208313 0.69804716110229492188 0.91519224643707275391 0.73881500959396362305 0.9028752446174621582 1.2011101245880126953 1.1006888151168823242 1.5203901529312133789 1.1018986701965332031 0.52693146467208862305 0.42341262102127075195 0.80334568023681640625 1.4154278039932250977 1.06101226806640625 0.48487713932991027832 0.39640307426452636719 0.035948302596807479858 0.23247830569744110107 0.42598995566368103027 1.5951421260833740234 1.4898557662963867188 1.7953381538391113281 1.3904507160186767578 1.2118879556655883789 0.74921429157257080078 0.5411522984504699707 0.14334094524383544922 0.44847238063812255859 1.2356001138687133789 0.26018831133842468262 0.35985401272773742676 0.1542816460132598877
0.24267025291919708252 0.029707595705986022949 0.74480026960372924805 1.4137021303176879883 0.74016833305358886719 0.46709072589874267578 0.86177200078964233398 0.89177459478378295898 0.58979958295822143555 1.4841644763946533203 1.8371429443359375 1.1602154970169067383 0.73037207126617431641 0.2243086397647857666 0.3079999387264251709 0.37428671121597290039 1.0022780895233154297 1.1878396272659301758 1.0211129188537597656 0.74411416053771972656 0.78723448514938354492 0.82161885499954223633 1.3167512416839599609 1.2886427640914916992 0.22368632256984710693 0.0059079849161207675934 0.68531817197799682617 0.41135480999946594238 0.39664870500564575195 0.5523560643196105957 0.4210326075553894043 0.89177691936492919922 0.92712938785552978516 1.0245959758758544922 0.80653405189514160156 0.68817704916000366211 1.343825221061706543 1.2969559431076049805 0.88783204555511474609 0.40993389487266540527 0.082395911216735839844 0.48351868987083435059 0.50191891193389892578 0.57252126932144165039 0.13686066865921020508 0.13495509326457977295
