gis/80m/LAI_decid.asc
ncols        128
nrows        143
xllcorner    726726.000000000000
yllcorner    7127190.000000000000
cellsize     80.000000000000
NODATA_value -9999
[rows 21 to 41 of 143, columns 49 to 97 of 128]
0 0.0038853879086673259735 0.024667926132678985596 0.0063944160938262939453 0.031030548736453056335 0.0093786157667636871338 0.043630588799715042114 0.0070089800283312797546 0.0007813500124029815197 0.014092383906245231628 0.0018163911299780011177 0.00020708906231448054314 0.0024769790470600128174 0.0054902136325836181641 0.013255489058792591095 0.0093542411923408508301 0.024121694266796112061 0 0 0.00010322653542971238494 0.00013993681932333856821 0 0 0.028813997283577919006 0.012483962811529636383 0 0 0 0 0.025279974564909934998 0.034898865967988967896 0.00014171483053360134363 0 0 0.028597133234143257141 0.057173211127519607544 0.076527491211891174316 0.0053945286199450492859 0.0088425781577825546265 0 0.049147225916385650635 0.016558976843953132629 0.012770442292094230652 0 0.0037297385279089212418 0.11226354539394378662 0.041118294000625610352 0.01505276653915643692 0
0 0 0 0.0092489579692482948303 0.017461774870753288269 0.0023130229674279689789 0.007748494856059551239 0.017658147960901260376 0.022867141291499137878 0 0 0.0078693842515349388123 0.0024110104423016309738 0 0.0015040632570162415504 0.010132683441042900085 0.026432633399963378906 0.0055097537115216255188 0.044617086648941040039 0.012975876219570636749 0.020530283451080322266 0.0064297295175492763519 0.00077957153553143143654 0 0 0 0 0 0 0.020313760265707969666 0.011467044241726398468 0.0053851637057960033417 0 0 0.0027746292762458324432 0.0285043325275182724 0.071144841611385345459 0 0.0065544079989194869995 0 0.0085940724238753318787 0.044496949762105941772 0.0011529616313055157661 0 0.040466841310262680054 0.044742010533809661865 0.060629010200500488281 0.0074546136893332004547 0.004098511766642332077
0.033777497708797454834 0.029220188036561012268 0.073321081697940826416 0.025161020457744598389 0.025961373001337051392 0 0 0.0030158509034663438797 0.0014600206632167100906 0.0044276732951402664185 0 0 0.0012468366185203194618 0.0065115671604871749878 0.016167920082807540894 0.026789680123329162598 0.016913577914237976074 0.011517816223204135895 0.0035025097895413637161 0.020650874823331832886 0.012086261063814163208 0.029605198651552200317 0.0073705953545868396759 0.034785136580467224121 0.015013750642538070679 0.02097283490002155304 0 0 0 0 0.11934882402420043945 0 0 0 0 0.030472928658127784729 0.038689713925123214722 0 0 0 0.048268467187881469727 0.013612129725515842438 0 0 0.066082611680030822754 0.014787327498197555542 0.020613227039575576782 0.01387152448296546936 0.0040522776544094085693
0 0 0.00168685161042958498 0.0010578561341390013695 0 0 0.0030104338657110929489 0.003879016730934381485 0.01936856098473072052 0.0063132806681096553802 0.0060140341520309448242 0.0085968896746635437012 0.010092960670590400696 0.047519683837890625 0.022976767271757125854 0.025810386985540390015 0.016677884384989738464 0.0028876287396997213364 0.022048119455575942993 0.033944729715585708618 0.024846965447068214417 0.041969269514083862305 0.13853472471237182617 0.03162463754415512085 0.014106484130024909973 0.0019332711817696690559 0.00032939892844296991825 0.0059950603172183036804 0.13157294690608978271 0.040220666676759719849 0.23270042240619659424 0.0033422631677240133286 0.0012013916857540607452 0 0 0 0.047825898975133895874 0 0 0.014389989897608757019 0.070501714944839477539 0.029734062030911445618 0.14139485359191894531 0.10124450176954269409 0.13945989310741424561 0 0.0036929023917764425278 0.014480947516858577728 0.0059734322130680084229
0.011301101185381412506 0.018984587863087654114 0 0 0 0 0.00075731077231466770172 0.013119108974933624268 0.016677996143698692322 0.028416557237505912781 0.0009073871769942343235 0.0031261357944458723068 0.02348483353853225708 0.061212684959173202515 0.014421072788536548615 0.022468801587820053101 0.0090692816302180290222 0.055519174784421920776 0.066545151174068450928 0.055553365498781204224 0.0069746663793921470642 0.0016092152800410985947 0.030591368675231933594 0.10253722965717315674 0.0029870742000639438629 0.014817717485129833221 0.017863392829895019531 0.044620607048273086548 0.015956299379467964172 0.069526933133602142334 0.025890961289405822754 0.032106436789035797119 0.00076202553464099764824 0 0 0.0086655942723155021667 0.01031164173036813736 0 0 0 0.0064009320922195911407 0.0016010124236345291138 0.015806453302502632141 0.024224489927291870117 0.028837114572525024414 0.31009680032730102539 0.15242302417755126953 0.042806334793567657471 0.00099142896942794322968
0.046437673270702362061 0.13164594769477844238 0.040327098220586776733 0.044348429888486862183 0.027093054726719856262 0.013586938381195068359 0.02339935302734375 0.038021396845579147339 0.022381387650966644287 0.010652076452970504761 0.0033969327341765165329 0.00076561787864193320274 0.039092849940061569214 0.046325638890266418457 0.017430411651730537415 0.016422009095549583435 0.037664406001567840576 0.022979501634836196899 0.014317733235657215118 0.12447164207696914673 0.024165906012058258057 0 0.0096719395369291305542 0.021439604461193084717 0.056456342339515686035 0.10424793511629104614 0.074693918228149414062 0.10897028446197509766 0.015616408549249172211 0.0012975662248209118843 0.0025949040427803993225 0.12980528175830841064 0.049310170114040374756 0.0071380501613020896912 0.0027382201515138149261 0.002772990148514509201 0.00036809605080634355545 0 0 0.013556641526520252228 0.00924632977694272995 0.026012361049652099609 0.0024512796662747859955 0.026199463754892349243 0.015067453496158123016 0.037691675126552581787 0.17910119891166687012 0.13213907182216644287 0.0081662721931934356689
0.14635026454925537109 0.19422505795955657959 0.24116207659244537354 0.13615427911281585693 0.078644089400768280029 0.049751836806535720825 0.0020340834744274616241 0.15758456289768218994 0.034400213509798049927 0.0090285297483205795288 0.0067782844416797161102 0 0.0038122136611491441727 0.012152856215834617615 0.019913846626877784729 0.02567370980978012085 0.033350255340337753296 0.011659800074994564056 0.003898977767676115036 0.02726971358060836792 0.10990078747272491455 0.008662677370011806488 0 0 0 0 0.0067769549787044525146 0.23283015191555023193 0.0042020524851977825165 0 0.02125866524875164032 0.05915190279483795166 0.0095022954046726226807 0.019563272595405578613 0.088879697024822235107 0.0018096641870215535164 0 0 0 0.0082282992079854011536 0.050921071320772171021 0.046056199818849563599 0.041140433400869369507 0.0039338069036602973938 0.014494118280708789825 0.025406854227185249329 0.11570496112108230591 0.01789332367479801178 0
0.019446611404418945312 0.011757018975913524628 0.018010672181844711304 0.056061819195747375488 0.056113570928573608398 0.025246800854802131653 0.0071596316993236541748 0.026498250663280487061 0.074998304247856140137 0.011904069222509860992 0.015921719372272491455 0 0 0.019357193261384963989 0.0078533077612519264221 0.00099517009221017360687 0.00904856901615858078 0.018844502046704292297 0.035064999014139175415 0.012663749977946281433 0.085161507129669189453 0.037714503705501556396 0 0 0.016422415152192115784 0.003400357905775308609 0.0020176563411951065063 0.099473528563976287842 0.021153008565306663513 0.017139257863163948059 0.048174522817134857178 0.33385971188545227051 0.099837169051170349121 0 0.014100329950451850891 0.011008339002728462219 0.0018233471782878041267 0 0 0.00317742140032351017 0.013870186172425746918 0.01996482163667678833 0.032187096774578094482 0.018975285813212394714 0.14475202560424804688 0.053897608071565628052 0 0 0.0028055836446583271027
0.011713333427906036377 0.014763197861611843109 0.0076658334583044052124 0.010180465877056121826 0.011862627230584621429 0.0072415494360029697418 0.019292119890451431274 0.044092398136854171753 0.15883938968181610107 0.020780395716428756714 0.0061955531127750873566 0.0011979034170508384705 0.0031233669724315404892 0.014626772142946720123 0.040497221052646636963 0.0050674006342887878418 0.0010626690927892923355 0.058443803340196609497 0.078227698802947998047 0.044758487492799758911 0.031771626323461532593 0.026939563453197479248 0.003586763748899102211 0 0 0.01738984324038028717 0.048299785703420639038 0.16865788400173187256 0.023836608976125717163 0 0 0.0064817410893738269806 0.12308354675769805908 0.0077684093266725540161 0.0113620758056640625 0.0026384503580629825592 0.00024755694903433322906 0 0.0089724967256188392639 0.13146539032459259033 0.067071795463562011719 0.039107337594032287598 0.058191664516925811768 0.0054819430224597454071 0.049770224839448928833 0.053004764020442962646 0 0 0.00069284666096791625023
0.018085831776261329651 0.012521309778094291687 0.0071458737365901470184 0.014800277538597583771 0.028755806386470794678 0.090123258531093597412 0.012066613882780075073 0 0.026823136955499649048 0.062981307506561279297 0.010004671290516853333 0.0074150436557829380035 0.022983023896813392639 0.0084763029590249061584 0.011761530302464962006 0.0034233310725539922714 0.00038458500057458877563 0.065760664641857147217 0.11840932071208953857 0.096763134002685546875 0.027758993208408355713 0.027993118390440940857 0.059704929590225219727 2.878895793401170522e-05 0 0 0.0018091128440573811531 0.067579589784145355225 0 0 0.0083541572093963623047 0.0023457729257643222809 0.035973485559225082397 0.06606267392635345459 0.020607901737093925476 0.051761843264102935791 0 0.0082557471469044685364 0.022019701078534126282 0.26678064465522766113 0.14391881227493286133 0.052454143762588500977 0.034406185150146484375 0 0.0034656396601349115372 0.030063059180974960327 0.0011284662177786231041 0.0039229919202625751495 0.001540892990306019783
0.0034532698336988687515 0.013515791855752468109 0.0026828693225979804993 0.0068626361899077892303 0.01564611680805683136 0.037917777895927429199 0.024957055225968360901 0.0020882005337625741959 0.0025682123377919197083 0.0124546075239777565 0.15501698851585388184 0.0020228084176778793335 0.027895253151655197144 0.026759216561913490295 0.00043018237920477986336 0.0053935162723064422607 0 0.052794296294450759888 0.094279214739799499512 0.028321120887994766235 0.023560097441077232361 0.016114076599478721619 0.12629131972789764404 0.0055272043682634830475 0 0 0.015861622989177703857 0 0.0029451781883835792542 0.041900970041751861572 0.15783508121967315674 0.025963282212615013123 0.0046105273067951202393 0.082517869770526885986 0.040994636714458465576 0.0085437251254916191101 0.048792280256748199463 0.0072523998096585273743 0.022213315591216087341 0.4554856717586517334 0.036810703575611114502 0.060369543731212615967 0.050263918936252593994 0 0.0086183920502662658691 0 0.0035056346096098423004 0.0057655079290270805359 0.00076452031498774886131
0 0 0 0.024240816012024879456 0.015110203064978122711 0.015609488822519779205 0.017921062186360359192 0.0027387533336877822876 0.008205522783100605011 0.023941008374094963074 0.050498489290475845337 0.020429469645023345947 0.022029321640729904175 0.016738049685955047607 0 0.0026960435789078474045 0 0.044685769826173782349 0.10265555232763290405 0.013798680156469345093 0.050141856074333190918 0.012567552737891674042 0.015551607124507427216 0.1536496579647064209 0.0081426706165075302124 0.0080220457166433334351 0.086350336670875549316 0.045975442975759506226 0.067252211272716522217 0.21158985793590545654 0.14731204509735107422 0.0090289721265435218811 0 0.017519550397992134094 0.062321171164512634277 0.10082107037305831909 0.28672233223915100098 0.0017164129531010985374 0.02596658654510974884 0.32090818881988525391 0.25265133380889892578 0.25464200973510742188 0.077472165226936340332 0.008086679503321647644 0.0002545185270719230175 0 0 0 0.0025583929382264614105
0.043888498097658157349 0 0 0 0 0.0048360908403992652893 0.017881726846098899841 0.023375574499368667603 0.015850519761443138123 0.025335082784295082092 0.0033071120269596576691 0.00096093228785321116447 0.013137269765138626099 0.04065955430269241333 0.0051319655030965805054 0 0.012983949854969978333 0.024659927934408187866 0.031432684510946273804 0.098334074020385742188 0.13604821264743804932 0.042967319488525390625 0.0120501713827252388 0.15030618011951446533 0.0130793033167719841 0.00088693789439275860786 0.099714793264865875244 0.050338029861450195312 0.064033240079879760742 0.017733313143253326416 0.021823968738317489624 0.011477171443402767181 0 0 0.083301030099391937256 0.031562246382236480713 0.012285241857171058655 0.08262529224157333374 0.034522313624620437622 0.1650219261646270752 0.35846570134162902832 0.36429229378700256348 0.10647934675216674805 0.074284017086029052734 0 0.0046074567362666130066 0.00021703745005652308464 0 0
0.036208990961313247681 0.0016978700878098607063 0.035732913762331008911 0 0.012488048523664474487 0.0015688647981733083725 0.016742547973990440369 0.00077406741911545395851 0 0.0099575323984026908875 0.014206774532794952393 0.0016158360522240400314 0.0021909556817263364792 0.040511485189199447632 0.036024246364831924438 0 0.034702882170677185059 0.02802465483546257019 0.0025303328875452280045 0.052463136613368988037 0.066247224807739257812 0.018460646271705627441 0.0061990693211555480957 0.053365584462881088257 0.15891014039516448975 0.094868086278438568115 0.17068079113960266113 0 0 0 0 0.0018777869408950209618 0.0080093126744031906128 0.025061398744583129883 0.043992530554533004761 0.011145832948386669159 0.017109762877225875854 0.0032375415321439504623 0.0090437270700931549072 0.13629391789436340332 0.076306916773319244385 0.15986718237400054932 0.075117155909538269043 0.13023424148559570312 0.18661573529243469238 0.12293802201747894287 0.007714389357715845108 0 0
0.014323621056973934174 0 0.0090288482606410980225 0.0064186342060565948486 0.040807962417602539062 0.0030154581181704998016 0.019738646224141120911 0.0028945636004209518433 0 0 0.0012208458501845598221 0.0049593453295528888702 0.0018833380891010165215 0.01677777804434299469 0.0023543008137494325638 0.0026764678768813610077 0.0056831021793186664581 0.0088621145114302635193 0.0030049602501094341278 0.063395507633686065674 0.018534390255808830261 0.011398435570299625397 0.016057685017585754395 0.26444002985954284668 0.15229292213916778564 0.0689374580979347229 0.28615352511405944824 0.11780089139938354492 0 0 0 0 0.00032811696291901171207 0.0010266886092722415924 0 0.0066044786944985389709 0.015509893186390399933 0.0065507376566529273987 0.043019581586122512817 0.0082742422819137573242 0.00045904784929007291794 0.0032323384657502174377 0.10287132859230041504 0.45295622944831848145 0.31166249513626098633 0.1703449934720993042 0.10640649497509002686 0.11689461767673492432 0.023820757865905761719
0.047201860696077346802 0.13176840543746948242 0.084242112934589385986 0.019006716087460517883 0.0066923103295266628265 0.0063038188964128494263 0.027708070352673530579 0.030411055311560630798 0.0037899217568337917328 0.0087766312062740325928 0.0012363407295197248459 0.0016585058765485882759 0.0037920263130217790604 0.045291505753993988037 0.0068907155655324459076 0.0053843278437852859497 0.0073516117408871650696 0.0021144980564713478088 0.00016246407176367938519 0.025531059131026268005 0.0097240665927529335022 0.0024748840369284152985 3.8112168113002553582e-05 0.19286324083805084229 0.15379324555397033691 0.017120296135544776917 0.024623431265354156494 0.098027370870113372803 0.0011586016044020652771 0 0.0061979773454368114471 0.041051886975765228271 0.0036266369279474020004 8.8373191829305142164e-05 0.033222094178199768066 0.021716399118304252625 0.00061085302149876952171 0.00032452229061163961887 0.033312004059553146362 0.0095020718872547149658 0.00037904232158325612545 0.0041716783307492733002 0.036670498549938201904 0.32009467482566833496 0.069445595145225524902 0.06265795975923538208 0.11190626770257949829 0.1206251680850982666 0.079584620893001556396
0.09054279327392578125 0.017243918031454086304 0.015347951091825962067 0.042842485010623931885 0.00045267777750268578529 0 0.0025835961569100618362 0 0.0079578040167689323425 0.035995043814182281494 0.04616953432559967041 0.020254472270607948303 0.016422439366579055786 0.016694912686944007874 0.028976375237107276917 0.0050525520928204059601 0.0098059531301259994507 0.019247803837060928345 0.0040693385526537895203 0.0040537710301578044891 0.0034281427506357431412 0.01053169742226600647 0.0064130011014640331268 0.16068279743194580078 0.097725473344326019287 0.15864269435405731201 0.03962559625506401062 0.05840447545051574707 0.0073093106038868427277 0.034187275916337966919 0.026738271117210388184 0.014710485935211181641 0.021496029570698738098 0.0043686782009899616241 0.010176721960306167603 0.012939489446580410004 0 0 0.021743535995483398438 0.024413155391812324524 0.0044945287518203258514 0 0.0097771221771836280823 0.068873047828674316406 0.037669312208890914917 0.087205015122890472412 0.017702838405966758728 0.013213189318776130676 0.01982669346034526825
0 0.01457383669912815094 0.018214320763945579529 0.008613584563136100769 0.0054391245357692241669 0 0.0079171853139996528625 0.0094003509730100631714 0 0 0 0 0.019240723922848701477 0.016021009534597396851 0.0057324199005961418152 0.0039464384317398071289 0.001628400641493499279 0.017734900116920471191 0.03643627464771270752 0.0086911423131823539734 0.0020088651217520236969 0.0033566807396709918976 0.0080443844199180603027 0.06402543187141418457 0.11590340733528137207 0.0081240935251116752625 0.0023832998704165220261 0 0 0.0021409897599369287491 0.090473346412181854248 0.12922506034374237061 0.20458956062793731689 0.023510482162237167358 0.01263449154794216156 0.000492908526211977005 0 0 0.002265956951305270195 0.098899446427822113037 0 0.0018432728247717022896 0.0038192614447325468063 0.002837875857949256897 0.069615975022315979004 0.11063837260007858276 0.30669119954109191895 0.24654783308506011963 0.012796657159924507141
0 0.0018696206388995051384 0.010896990075707435608 0.0075314291752874851227 0.0065760342404246330261 0.0049792705103754997253 0.022307068109512329102 0.0094610005617141723633 0.0027597837615758180618 0.02081370912492275238 0.02964915148913860321 0 0.002372414804995059967 0.0028436281718313694 0.01783945038914680481 0.0072017023339867591858 0.00093051465228199958801 0.0015542795881628990173 0.0016283836448565125465 0.00088523188605904579163 0.011901856400072574615 0.00073584797792136669159 0 0.025652648881077766418 0.049100451171398162842 0.04272678866982460022 0.0075875492766499519348 0.0016617700457572937012 0.0018371779005974531174 0.028018923476338386536 0.06015004962682723999 0.03486522287130355835 0.066829644143581390381 0.13563068211078643799 0.081960164010524749756 0.01147755701094865799 0.00087036786135286092758 0 0 0.023785797879099845886 0.00062512228032574057579 0 0 0.017784694209694862366 0.078245721757411956787 0.19894288480281829834 0.35361891984939575195 0.26756712794303894043 0.14692977070808410645
0.0091907121241092681885 0.0092645911499857902527 0.0013919854536652565002 0.01573638617992401123 0.00043673321488313376904 1.8552059373178053647e-06 0.01726755872368812561 0.0036030479241162538528 0.035424929112195968628 0.059186641126871109009 0.047073088586330413818 0.022848181426525115967 0.014677320607006549835 1.5259036445058882236e-05 0.00010288250632584095001 4.6031487727304920554e-05 0.0073205926455557346344 0 3.4893935662694275379e-05 0.0015324265696108341217 0.048998549580574035645 0.0030292244628071784973 0 0 0.0041252095252275466919 0.021484112367033958435 1.9940720449085347354e-05 0.032156072556972503662 0.017698613926768302917 0.0099546099081635475159 0.12193840742111206055 0.0074298940598964691162 0.00027973737451247870922 0 0.11558420956134796143 0.24298739433288574219 0.23411163687705993652 0 0 0 0.081780217587947845459 0.0008131305803544819355 0.0075309504754841327667 0.007074529305100440979 0.012670493684709072113 0.090839207172393798828 0.17959393560886383057 0.28924167156219482422 0.28695967793464660645
0.031423255801200866699 0.0060764150694012641907 0.034706540405750274658 0.10740000754594802856 0.047642298042774200439 0.0022626509889960289001 0.046829890459775924683 0.12135085463523864746 0.35194405913352966309 0.0050319503061473369598 0.082352779805660247803 0.028084797784686088562 0.028586555272340774536 0.0026601783465594053268 0 0 0.010395825840532779694 0.043331801891326904297 0.063914291560649871826 0.013709119521081447601 0 0.0023731831461191177368 0 0.0020228852517902851105 0 0 0.018100254237651824951 0.018081076443195343018 0.088172614574432373047 0.017276596277952194214 0.0014791780849918723106 0 0 0.0028610357549041509628 0.002715805545449256897 0 0.0074252705089747905731 0.019415121525526046753 0 0 0.085864745080471038818 0.039529539644718170166 0 0 0.003597325645387172699 0.031676832586526870728 0.13734260201454162598 0.45064005255699157715 0.052182570099830627441
