gis/80m/processed_dem.asc
ncols        128
nrows        143
xllcorner    726726.000000000000
yllcorner    7127190.000000000000
cellsize     80.000000000000
NODATA_value -9999
[rows 84 to 104 of 143, columns 47 to 93 of 128]
175.552215576171875 175.246124267578125 175.515472412109375 177.5074920654296875 178.054656982421875 178.8195037841796875 179.1780853271484375 179.4998321533203125 180.1480712890625 180.210662841796875 179.8655853271484375 179.3577728271484375 178.7247467041015625 178.0803070068359375 176.94818115234375 173.351470947265625 173.3513641357421875 174.909820556640625 176.559356689453125 178.4700469970703125 175.4541015625 177.8912811279296875 178.7906646728515625 179.1434478759765625 179.242431640625 179.906951904296875 179.9150543212890625 182.2138519287109375 184.2427520751953125 186.67138671875 189.5917205810546875 193.56903076171875 197.8765716552734375 200.7770843505859375 200.0886383056640625 198.679229736328125 197.66357421875 195.5229644775390625 196.5839385986328125 197.930145263671875 198.854156494140625 199.636688232421875 199.762664794921875 201.073822021484375 202.0401763916015625 204.008087158203125 200.6211395263671875
173.2017974853515625 173.201690673828125 173.0864105224609375 176.7104339599609375 176.9669036865234375 178.27789306640625 178.702423095703125 179.4405059814453125 179.946563720703125 180.4818267822265625 180.6904754638671875 180.7273101806640625 180.4544830322265625 179.792694091796875 178.8536224365234375 177.263336181640625 176.4915618896484375 173.3512420654296875 173.35113525390625 175.50494384765625 173.6890106201171875 178.263916015625 178.2819366455078125 178.183990478515625 178.1291046142578125 178.203369140625 176.0414886474609375 177.2747650146484375 179.5255279541015625 181.0644989013671875 182.434234619140625 187.1753082275390625 191.387359619140625 195.412567138671875 197.6549835205078125 197.0969696044921875 196.490692138671875 196.31280517578125 197.5133514404296875 198.5472869873046875 198.858612060546875 199.5356597900390625 200.0436859130859375 200.2511138916015625 202.2733001708984375 205.593994140625 202.965850830078125
178.242431640625 177.316314697265625 175.57806396484375 173.08575439453125 174.671905517578125 177.057159423828125 177.553436279296875 177.8070831298828125 178.2607421875 179.7092742919921875 180.3116302490234375 180.5530853271484375 180.82269287109375 180.6620330810546875 180.252899169921875 179.8051910400390625 179.1575469970703125 178.55694580078125 178.0460205078125 173.35101318359375 177.702117919921875 177.732818603515625 177.697265625 177.7123565673828125 176.1096954345703125 174.9055633544921875 170.66375732421875 173.259979248046875 176.5695648193359375 175.068206787109375 180.263458251953125 181.9270477294921875 185.8055419921875 190.4967193603515625 193.8016815185546875 195.3000335693359375 194.066650390625 195.1536712646484375 196.73095703125 197.96209716796875 197.82733154296875 198.807769775390625 199.303497314453125 200.254730224609375 201.4204864501953125 201.092437744140625 199.710845947265625
179.2108001708984375 177.9986419677734375 178.0370330810546875 177.9854888916015625 173.0856475830078125 178.0233306884765625 178.7417144775390625 179.411163330078125 179.6187591552734375 179.92388916015625 180.356201171875 180.643096923828125 180.7894134521484375 180.6381072998046875 180.4351806640625 180.144622802734375 179.894561767578125 179.6274261474609375 179.0866241455078125 176.518585205078125 173.3877716064453125 173.3878936767578125 173.6072998046875 175.0417938232421875 171.321014404296875 170.66387939453125 171.83026123046875 167.880157470703125 167.880035400390625 174.0474395751953125 177.361663818359375 179.2182159423828125 180.3381195068359375 183.66802978515625 188.526519775390625 190.4008636474609375 189.769683837890625 192.0020294189453125 194.66363525390625 197.2173309326171875 196.71624755859375 197.1693267822265625 197.5111083984375 199.78216552734375 200.15277099609375 197.6165924072265625 196.1118927001953125
179.885345458984375 178.7103271484375 178.0317535400390625 177.8602752685546875 173.0855255126953125 178.9256134033203125 179.1276397705078125 179.15826416015625 179.55218505859375 180.2570343017578125 180.73870849609375 180.7773590087890625 180.62518310546875 180.499969482421875 180.290863037109375 180.0256805419921875 179.81219482421875 179.80096435546875 179.6036376953125 178.9859161376953125 178.15435791015625 176.1685333251953125 174.8607330322265625 173.625 176.494720458984375 177.0275726318359375 177.014404296875 175.0540008544921875 170.138153076171875 165.7673187255859375 171.880218505859375 176.8536376953125 173.9452667236328125 176.567352294921875 179.6785430908203125 181.850494384765625 184.5602569580078125 188.371551513671875 190.85101318359375 194.65850830078125 195.3418121337890625 193.853363037109375 195.59051513671875 197.8909454345703125 198.762481689453125 196.7593231201171875 193.021636962890625
180.4259796142578125 178.951324462890625 176.75250244140625 176.6056060791015625 174.5720367431640625 173.085418701171875 178.545745849609375 179.017547607421875 179.8471221923828125 180.4422607421875 180.5821075439453125 180.330078125 180.005706787109375 179.1771240234375 178.7132415771484375 178.6275787353515625 178.87744140625 179.5037689208984375 179.5239105224609375 179.10137939453125 178.5343780517578125 176.8070831298828125 177.930999755859375 178.1673583984375 178.26556396484375 177.970550537109375 177.6334075927734375 177.2444305419921875 176.784576416015625 164.996612548828125 166.7220458984375 175.731170654296875 172.3967437744140625 169.68548583984375 174.1363525390625 174.912017822265625 180.19281005859375 183.7531585693359375 186.58868408203125 189.0101318359375 192.230621337890625 191.565032958984375 191.6422119140625 195.027008056640625 196.6486968994140625 195.421905517578125 184.6985015869140625
181.701751708984375 180.407806396484375 178.3012237548828125 176.06610107421875 178.7064971923828125 175.86651611328125 173.085296630859375 179.3863525390625 179.831207275390625 180.049102783203125 179.4684295654296875 178.6790924072265625 178.00006103515625 177.2542724609375 177.4067840576171875 177.8107147216796875 178.2829132080078125 178.7689666748046875 179.2234649658203125 178.9739990234375 178.7407379150390625 178.444183349609375 178.4376068115234375 178.4459991455078125 178.5018310546875 178.3356475830078125 177.7537994384765625 177.151763916015625 176.5061798095703125 171.8343353271484375 164.6312713623046875 164.6311492919921875 171.312652587890625 165.5810699462890625 170.6919403076171875 168.9690704345703125 172.3285980224609375 177.118438720703125 179.4518890380859375 181.5475006103515625 186.5601348876953125 187.906585693359375 187.46142578125 191.6854705810546875 193.266693115234375 193.0880889892578125 188.780303955078125
182.4460601806640625 181.69708251953125 180.2035980224609375 179.21527099609375 180.6004638671875 180.125152587890625 172.596832275390625 179.184600830078125 179.887603759765625 179.4786834716796875 178.325103759765625 176.957763671875 175.8739013671875 175.7184906005859375 176.3961334228515625 176.284820556640625 177.61383056640625 178.0146484375 178.4100494384765625 178.7586212158203125 178.7495574951171875 178.6101531982421875 178.638031005859375 178.6125946044921875 178.4096832275390625 178.2469482421875 177.680267333984375 176.9520263671875 176.141204833984375 175.6977386474609375 175.0330963134765625 170.2104034423828125 164.63104248046875 163.0371246337890625 159.0903167724609375 159.0901947021484375 165.6271820068359375 169.2757568359375 169.4942474365234375 174.7248382568359375 180.486083984375 182.9799346923828125 182.66546630859375 187.9106292724609375 188.42388916015625 187.0499267578125 184.6128387451171875
181.8462066650390625 181.5240936279296875 181.7177734375 180.8604736328125 180.927764892578125 180.748016357421875 172.596710205078125 179.2079620361328125 180.319488525390625 179.6861572265625 179.013458251953125 178.9615631103515625 176.851715087890625 176.098236083984375 175.7183685302734375 176.07843017578125 175.9241790771484375 177.2458343505859375 177.5847015380859375 178.0039825439453125 178.2342681884765625 178.082122802734375 178.315704345703125 178.277008056640625 178.2852935791015625 177.937591552734375 177.3261260986328125 176.446868896484375 175.69036865234375 174.971435546875 173.94403076171875 172.5220947265625 173.0002899169921875 172.3604278564453125 171.5957794189453125 168.084869384765625 159.090087890625 159.0899658203125 163.760589599609375 167.641448974609375 171.89227294921875 170.773345947265625 173.6037445068359375 181.576416015625 183.3133392333984375 183.408477783203125 180.9890289306640625
171.0954742431640625 176.1237030029296875 176.1520843505859375 169.98358154296875 171.4544677734375 172.5195159912109375 174.7873687744140625 180.6284942626953125 180.342132568359375 180.09356689453125 179.513092041015625 179.022125244140625 177.3707427978515625 178.3729705810546875 178.03839111328125 175.2244873046875 175.2243804931640625 175.9994659423828125 175.7766265869140625 177.2363739013671875 177.3794708251953125 177.0638580322265625 177.2327728271484375 177.7841644287109375 177.802764892578125 177.29925537109375 176.6363372802734375 175.9009246826171875 175.0987548828125 174.13873291015625 173.3712921142578125 171.84393310546875 171.467987060546875 171.9866180419921875 171.5050811767578125 171.20782470703125 170.7593994140625 165.03753662109375 158.6826019287109375 157.3678131103515625 167.4508209228515625 160.4508819580078125 167.518280029296875 172.492279052734375 174.21270751953125 174.1168975830078125 175.905303955078125
172.31573486328125 170.85418701171875 167.61834716796875 169.818511962890625 177.4409332275390625 177.2661285400390625 179.8652496337890625 180.554168701171875 180.2806549072265625 180.0907745361328125 179.6306915283203125 178.3384246826171875 -9999 178.0697174072265625 177.9287261962890625 175.2242584228515625 177.0690155029296875 177.3690643310546875 175.7765045166015625 177.158111572265625 177.0113983154296875 176.0205230712890625 177.3380279541015625 177.48291015625 177.0762176513671875 176.49383544921875 176.05810546875 175.2223358154296875 173.32708740234375 172.363739013671875 171.7409820556640625 171.049957275390625 171.00921630859375 171.6246795654296875 171.0937652587890625 170.7533416748046875 170.17242431640625 169.9930267333984375 169.515960693359375 163.8753204345703125 157.367706298828125 162.3593597412109375 167.992645263671875 167.8998565673828125 168.6840362548828125 167.3866119384765625 170.423980712890625
179.2689361572265625 179.9903411865234375 168.5229339599609375 167.61822509765625 173.6825408935546875 175.7102813720703125 172.4076995849609375 171.7198486328125 175.192657470703125 177.224761962890625 176.187713623046875 175.7098541259765625 175.14288330078125 171.0267333984375 174.1939544677734375 176.359222412109375 177.27471923828125 177.07830810546875 174.9939422607421875 176.7760467529296875 176.0642242431640625 176.0204010009765625 176.951751708984375 176.5480499267578125 176.179046630859375 175.6344757080078125 175.2167205810546875 174.6471405029296875 173.5662078857421875 172.571441650390625 171.0649871826171875 170.5600433349609375 171.339385986328125 170.994232177734375 170.4854736328125 170.324249267578125 168.6387176513671875 169.57647705078125 169.1139068603515625 168.67303466796875 164.863189697265625 157.367584228515625 167.211639404296875 166.7794189453125 166.43115234375 164.4763336181640625 161.8079833984375
168.2918701171875 176.3961639404296875 179.559722900390625 167.7864227294921875 167.6181182861328125 167.3055419921875 166.5791473388671875 164.25823974609375 164.2581329345703125 164.2580108642578125 166.4698333740234375 168.3589935302734375 166.5266265869140625 165.1085205078125 165.1083984375 168.8660736083984375 176.2707061767578125 174.649688720703125 164.7289581298828125 166.183349609375 169.890838623046875 173.97998046875 175.4829254150390625 175.3351898193359375 174.7705078125 174.3707733154296875 174.49774169921875 173.82562255859375 172.8570098876953125 172.0430145263671875 171.4744110107421875 170.101470947265625 167.954132080078125 168.9796142578125 169.5767822265625 168.627044677734375 168.366363525390625 169.3748016357421875 168.8717498779296875 168.1851348876953125 165.167327880859375 157.3674774169921875 166.72369384765625 166.2091522216796875 165.6780853271484375 161.942169189453125 155.49957275390625
171.34698486328125 173.300018310546875 177.842437744140625 180.2623748779296875 180.4214630126953125 171.9061737060546875 171.304046630859375 170.788299560546875 174.75421142578125 174.3007354736328125 171.683319091796875 168.90863037109375 168.6568450927734375 168.2024383544921875 171.4765777587890625 164.72930908203125 164.72918701171875 164.7290802001953125 168.0474090576171875 164.728851318359375 161.3842926025390625 161.384185791015625 166.6302947998046875 173.7192230224609375 172.882354736328125 174.040496826171875 173.7751312255859375 172.9521942138671875 171.8177337646484375 171.05902099609375 170.7867431640625 170.5325927734375 169.6833953857421875 167.954010009765625 167.750244140625 167.5649566650390625 166.4429473876953125 168.9253692626953125 168.579864501953125 167.7608489990234375 157.3673553466796875 163.5656890869140625 166.4447784423828125 165.7593841552734375 163.824310302734375 160.347442626953125 154.8580474853515625
180.3279266357421875 184.1753387451171875 183.637664794921875 182.0267181396484375 177.02947998046875 171.9534454345703125 178.707427978515625 180.0168304443359375 183.1783599853515625 182.537139892578125 182.5924530029296875 181.6325225830078125 179.899383544921875 177.0707855224609375 179.6297760009765625 166.267578125 168.3676910400390625 166.967254638671875 175.404205322265625 177.159820556640625 175.4117431640625 169.8409881591796875 161.384063720703125 161.3839569091796875 169.072296142578125 173.4473724365234375 172.8587188720703125 172.1562957763671875 169.9924468994140625 169.6943206787109375 169.2151641845703125 169.5463104248046875 168.9139404296875 167.3455352783203125 167.5296783447265625 165.4429473876953125 167.7359466552734375 168.016387939453125 167.8231353759765625 167.145965576171875 163.603973388671875 156.762115478515625 165.746124267578125 161.10882568359375 156.0064239501953125 156.0063018798828125 158.9824981689453125
185.349029541015625 186.5860748291015625 186.0178375244140625 183.87750244140625 175.724456787109375 177.17333984375 175.6871337890625 178.7143402099609375 183.21954345703125 182.2779083251953125 185.7877655029296875 182.9292755126953125 180.04876708984375 182.224853515625 180.41326904296875 171.965484619140625 176.7530670166015625 179.09112548828125 180.498016357421875 180.461456298828125 178.7627410888671875 175.7488250732421875 173.8105621337890625 166.018157958984375 161.3838348388671875 172.7635498046875 172.302276611328125 171.53375244140625 170.9410400390625 170.8437957763671875 168.5402984619140625 167.602325439453125 157.82452392578125 157.82440185546875 163.931304931640625 157.4649505615234375 163.73199462890625 167.2999267578125 167.056732177734375 166.5548248291015625 166.38037109375 162.6852264404296875 156.00665283203125 156.00653076171875 165.1470947265625 165.3047332763671875 164.4888916015625
187.913970947265625 187.283416748046875 185.5165863037109375 182.430572509765625 179.185150146484375 185.6506195068359375 185.0841064453125 185.0301666259765625 185.329437255859375 183.21954345703125 186.152984619140625 184.0848846435546875 187.1668701171875 188.874481201171875 182.4831695556640625 178.98187255859375 184.12139892578125 184.3213043212890625 183.5096435546875 182.2210540771484375 180.463409423828125 176.8951873779296875 173.662933349609375 170.5434417724609375 161.3838348388671875 161.38372802734375 161.38360595703125 161.3834991455078125 161.3833770751953125 165.969818115234375 167.2331085205078125 157.8246307373046875 161.115081787109375 161.2069549560546875 157.8242950439453125 160.71099853515625 153.8595733642578125 166.015869140625 163.5004425048828125 164.0266265869140625 165.895294189453125 165.974822998046875 165.8173370361328125 165.6946868896484375 165.59832763671875 165.3486785888671875 165.06475830078125
187.962432861328125 185.2947845458984375 181.7495574951171875 178.57965087890625 183.172698974609375 187.325927734375 187.43023681640625 186.8662872314453125 188.0423736572265625 187.8721771240234375 185.544769287109375 187.1020660400390625 187.0015411376953125 189.90252685546875 182.800537109375 189.287200927734375 187.78021240234375 186.5997772216796875 185.328826904296875 184.108642578125 182.3318023681640625 179.5911102294921875 176.3718414306640625 172.8278961181640625 167.454803466796875 164.01788330078125 163.3125762939453125 171.6619415283203125 162.6413116455078125 161.383270263671875 157.824859619140625 157.8247528076171875 165.8224334716796875 168.5577392578125 166.6538848876953125 163.9576568603515625 158.1564178466796875 153.859466552734375 153.859344482421875 153.2955322265625 161.6147003173828125 165.5550537109375 165.5638427734375 165.39447021484375 165.2600250244140625 165.16375732421875 164.9008941650390625
188.154083251953125 184.16632080078125 178.57952880859375 182.18426513671875 186.7210540771484375 187.4697265625 188.21710205078125 188.8745880126953125 188.8115234375 189.02197265625 187.0216064453125 191.6275787353515625 190.0077056884765625 192.7871246337890625 188.7604827880859375 191.69927978515625 192.134063720703125 190.84881591796875 190.171356201171875 189.1371002197265625 187.164947509765625 184.006866455078125 181.184326171875 181.6902618408203125 176.895233154296875 170.2450714111328125 166.4219818115234375 172.7292633056640625 170.834320068359375 170.7001495361328125 167.2864837646484375 169.9163665771484375 168.032012939453125 167.0691375732421875 166.2880706787109375 166.8728485107421875 162.0251617431640625 163.535858154296875 166.011077880859375 164.03729248046875 153.2954254150390625 163.8763275146484375 165.1378631591796875 165.1563720703125 165.2243194580078125 165.0734405517578125 164.56182861328125
189.3574676513671875 186.2491912841796875 178.5794219970703125 185.044219970703125 187.5770111083984375 187.7276611328125 187.893218994140625 188.8745880126953125 191.9091339111328125 192.063446044921875 189.5819854736328125 192.8987884521484375 191.6644744873046875 195.389739990234375 195.251708984375 196.3145904541015625 198.3016357421875 196.8004302978515625 197.29833984375 198.0050811767578125 197.3641204833984375 196.5398101806640625 195.522705078125 195.522705078125 195.41229248046875 187.3565521240234375 166.4221038818359375 179.9751434326171875 179.14886474609375 174.5961151123046875 171.906585693359375 173.326812744140625 170.676849365234375 168.94879150390625 168.0042266845703125 168.5727691650390625 166.055389404296875 166.1882781982421875 166.2293548583984375 165.3077239990234375 161.385284423828125 153.2953033447265625 165.01898193359375 164.987548828125 163.95819091796875 164.805633544921875 162.8278045654296875
186.2493133544921875 187.049896240234375 178.2012939453125 184.4842529296875 186.7725372314453125 188.20220947265625 190.3361968994140625 193.675750732421875 196.6829681396484375 196.7510986328125 196.1595001220703125 197.2910614013671875 198.6475830078125 197.85101318359375 199.2121429443359375 202.3951263427734375 205.4916534423828125 209.5408782958984375 210.304229736328125 211.664306640625 212.0043792724609375 211.4485321044921875 209.201080322265625 211.277984619140625 209.779815673828125 201.4049835205078125 194.7160186767578125 193.1881866455078125 191.15374755859375 188.1992645263671875 184.96624755859375 170.676971435546875 176.645294189453125 173.552581787109375 172.7076416015625 171.8291473388671875 169.6128692626953125 170.780914306640625 169.8423309326171875 167.2228851318359375 160.1631927490234375 153.295196533203125 154.8408660888671875 165.275634765625 163.9463348388671875 162.9272918701171875 158.9964141845703125
