gis/80m/processed_dem.asc
ncols        128
nrows        143
xllcorner    726726.000000000000
yllcorner    7127190.000000000000
cellsize     80.000000000000
NODATA_value -9999
[rows 42 to 62 of 143, columns 0 to 46 of 128]
-9999 -9999 -9999 -9999 -9999 296.9654541015625 289.731109619140625 282.965545654296875 281.531036376953125 284.595245361328125 285.119232177734375 286.091064453125 284.542510986328125 278.659332275390625 273.214508056640625 269.220611572265625 267.635101318359375 268.309326171875 274.125457763671875 279.18377685546875 285.26678466796875 295.362152099609375 302.135833740234375 307.401580810546875 312.650665283203125 318.046630859375 320.874725341796875 328.705108642578125 328.50189208984375 325.287017822265625 320.0557861328125 316.68768310546875 313.33544921875 309.5655517578125 307.297271728515625 306.26983642578125 303.8841552734375 299.907135009765625 294.203399658203125 290.9813232421875 289.9842529296875 291.62615966796875 294.5780029296875 290.71575927734375 289.845916748046875 289.90985107421875 291.50042724609375
-9999 -9999 -9999 -9999 -9999 -9999 296.093475341796875 292.893280029296875 297.785491943359375 300.6900634765625 300.126953125 297.6156005859375 294.909881591796875 292.219757080078125 285.671600341796875 278.532470703125 267.635009765625 270.5218505859375 275.006011962890625 277.686981201171875 283.783172607421875 294.36376953125 303.286773681640625 307.11639404296875 310.53790283203125 314.127838134765625 319.037017822265625 324.599273681640625 330.305419921875 327.4039306640625 321.946197509765625 317.099609375 311.634765625 305.776397705078125 302.406341552734375 301.3428955078125 300.234100341796875 297.338836669921875 293.9136962890625 291.10888671875 288.53033447265625 287.510223388671875 289.408172607421875 288.7008056640625 288.489898681640625 288.7037353515625 291.3280029296875
-9999 -9999 -9999 -9999 -9999 -9999 -9999 302.277862548828125 308.350341796875 310.530120849609375 309.3292236328125 308.46258544921875 308.733184814453125 307.104644775390625 300.49420166015625 293.099822998046875 281.904632568359375 266.849578857421875 264.90533447265625 267.486846923828125 273.796173095703125 284.726806640625 294.338836669921875 304.36279296875 312.32269287109375 313.024200439453125 316.248199462890625 318.83673095703125 326.76416015625 328.846527099609375 324.637725830078125 317.444183349609375 310.64886474609375 303.69329833984375 299.69732666015625 296.007904052734375 295.601409912109375 294.4088134765625 291.427154541015625 289.275115966796875 287.062530517578125 286.739349365234375 287.87847900390625 287.10333251953125 288.037811279296875 286.846466064453125 285.7154541015625
-9999 -9999 -9999 -9999 -9999 -9999 -9999 -9999 313.6807861328125 316.494659423828125 316.717803955078125 316.997467041015625 317.9398193359375 316.74969482421875 313.378875732421875 307.56842041015625 296.207427978515625 284.913299560546875 270.3839111328125 262.7823486328125 265.52667236328125 273.84423828125 285.35467529296875 296.575408935546875 306.822967529296875 310.30267333984375 313.02349853515625 317.734954833984375 319.88714599609375 325.048553466796875 323.562652587890625 318.6422119140625 311.127166748046875 304.03839111328125 299.264373779296875 294.401519775390625 291.5999755859375 291.685699462890625 290.09503173828125 287.761566162109375 285.88165283203125 285.84405517578125 286.79400634765625 286.1912841796875 285.8455810546875 284.69232177734375 284.372833251953125
-9999 -9999 -9999 -9999 -9999 -9999 -9999 -9999 -9999 326.945068359375 327.843505859375 329.208953857421875 327.809967041015625 325.0211181640625 323.8826904296875 320.48699951171875 315.305755615234375 307.23846435546875 289.706878662109375 271.34381103515625 262.278839111328125 267.398590087890625 275.066497802734375 284.514495849609375 293.14935302734375 302.845794677734375 307.52197265625 316.451904296875 317.57244873046875 320.623199462890625 320.607818603515625 317.10968017578125 312.236175537109375 304.354248046875 297.21026611328125 292.588043212890625 289.552947998046875 288.6195068359375 289.541534423828125 286.862701416015625 284.36376953125 284.841400146484375 286.192596435546875 285.9425048828125 286.505584716796875 283.97991943359375 283.267913818359375
-9999 -9999 -9999 -9999 -9999 -9999 -9999 -9999 -9999 -9999 339.928802490234375 343.909423828125 343.699188232421875 337.5887451171875 331.66204833984375 328.45306396484375 326.868621826171875 323.534820556640625 308.246856689453125 285.47637939453125 265.291015625 261.68841552734375 264.3935546875 272.772430419921875 293.422821044921875 303.73187255859375 305.806671142578125 310.24517822265625 317.25225830078125 320.192840576171875 320.11383056640625 318.055633544921875 314.478668212890625 309.037841796875 301.753265380859375 294.49383544921875 287.144927978515625 285.6334228515625 286.90777587890625 286.066253662109375 283.38702392578125 283.7650146484375 285.302337646484375 285.286529541015625 285.067413330078125 284.45196533203125 282.8607177734375
-9999 -9999 -9999 -9999 -9999 -9999 -9999 -9999 327.0020751953125 340.17431640625 352.84295654296875 354.6683349609375 348.594024658203125 342.59649658203125 333.19244384765625 327.29779052734375 325.80322265625 326.638580322265625 317.941619873046875 299.50830078125 276.97186279296875 260.16729736328125 259.5911865234375 265.55889892578125 280.947265625 295.361602783203125 299.5172119140625 309.59674072265625 316.75244140625 326.823211669921875 333.0328369140625 329.316192626953125 320.890594482421875 314.379608154296875 309.67291259765625 302.925811767578125 289.6551513671875 281.773040771484375 281.154327392578125 283.163909912109375 282.091278076171875 283.031982421875 285.0394287109375 284.995880126953125 286.217529296875 287.231597900390625 283.248992919921875
-9999 -9999 -9999 -9999 -9999 -9999 304.968170166015625 303.316741943359375 314.11456298828125 334.21759033203125 347.680633544921875 350.819061279296875 347.813262939453125 342.60009765625 334.8897705078125 329.09735107421875 324.449462890625 321.13458251953125 319.26116943359375 305.3203125 290.661956787109375 273.116973876953125 258.445556640625 260.29400634765625 270.275177001953125 258.407989501953125 286.919769287109375 296.0321044921875 309.318939208984375 320.884063720703125 332.1898193359375 334.00897216796875 326.305389404296875 319.729248046875 315.93017578125 310.4029541015625 300.8489990234375 285.909942626953125 277.28594970703125 278.2222900390625 279.272491455078125 278.808929443359375 282.350799560546875 284.4141845703125 287.7105712890625 293.031524658203125 287.608489990234375
-9999 -9999 -9999 -9999 311.825469970703125 -9999 307.10321044921875 302.54132080078125 301.047119140625 317.42529296875 338.715606689453125 346.248291015625 346.755279541015625 343.7567138671875 335.915252685546875 326.51275634765625 321.463104248046875 316.424591064453125 313.783935546875 309.014892578125 297.244598388671875 285.34295654296875 264.43292236328125 257.082733154296875 258.40789794921875 268.08331298828125 280.212799072265625 291.54510498046875 288.610565185546875 313.154205322265625 320.959686279296875 328.11529541015625 328.67327880859375 325.27093505859375 322.7767333984375 316.499847412109375 307.6053466796875 294.7479248046875 283.0052490234375 272.488983154296875 273.37432861328125 276.371917724609375 277.31756591796875 280.93896484375 283.450958251953125 287.77294921875 287.534088134765625
-9999 -9999 -9999 304.195587158203125 301.320037841796875 304.46337890625 316.76690673828125 305.655975341796875 298.56671142578125 289.699676513671875 329.488006591796875 343.01202392578125 341.974151611328125 339.975555419921875 336.451446533203125 325.36334228515625 316.1859130859375 311.11370849609375 306.392913818359375 305.583648681640625 296.00531005859375 285.408477783203125 262.3294677734375 254.2117767333984375 252.6520233154296875 258.56390380859375 270.19940185546875 288.6104736328125 300.98114013671875 313.4398193359375 326.1441650390625 331.647247314453125 335.545379638671875 328.0882568359375 325.68206787109375 319.758056640625 312.855987548828125 302.483978271484375 295.143218994140625 283.28265380859375 268.905181884765625 272.204132080078125 272.28350830078125 273.415557861328125 280.76220703125 284.549407958984375 287.492095947265625
-9999 -9999 -9999 298.87115478515625 293.570281982421875 289.56427001953125 300.18743896484375 304.693115234375 297.221954345703125 289.6995849609375 300.018096923828125 325.23626708984375 331.44000244140625 339.06329345703125 334.990203857421875 328.594390869140625 320.44989013671875 313.463714599609375 307.942413330078125 301.240386962890625 294.54278564453125 281.11199951171875 268.2071533203125 253.9061737060546875 252.6519012451171875 256.16259765625 261.996063232421875 284.794677734375 311.976226806640625 320.844573974609375 327.691741943359375 331.520111083984375 333.89947509765625 331.0242919921875 325.846282958984375 320.7806396484375 312.346923828125 305.220306396484375 296.931243896484375 288.43646240234375 273.59246826171875 267.848175048828125 269.7965087890625 269.625244140625 274.9688720703125 281.600982666015625 286.331817626953125
-9999 -9999 -9999 282.64007568359375 281.41778564453125 280.852630615234375 281.507568359375 290.382659912109375 291.3271484375 285.665313720703125 287.788970947265625 294.952545166015625 309.641632080078125 322.47503662109375 330.27252197265625 323.930633544921875 320.517730712890625 314.5877685546875 308.33306884765625 299.199920654296875 291.4439697265625 283.218658447265625 275.1334228515625 258.2392578125 249.4842071533203125 250.0671844482421875 252.3031158447265625 266.948883056640625 308.500152587890625 319.995025634765625 328.286102294921875 331.132354736328125 330.162109375 330.26275634765625 324.23638916015625 319.662109375 312.192596435546875 306.14495849609375 299.96441650390625 291.004058837890625 279.5908203125 267.3438720703125 266.58953857421875 267.384124755859375 278.53253173828125 282.027679443359375 281.2249755859375
-9999 -9999 -9999 269.28790283203125 270.502899169921875 270.24652099609375 269.867462158203125 271.472259521484375 279.711700439453125 281.840423583984375 278.296051025390625 282.7178955078125 286.7535400390625 295.416778564453125 304.990875244140625 309.602508544921875 320.472869873046875 315.367889404296875 304.404510498046875 294.585906982421875 289.549224853515625 284.65179443359375 274.462677001953125 268.415679931640625 255.8287811279296875 246.219207763671875 244.9774627685546875 249.884124755859375 276.5677490234375 307.7603759765625 321.939300537109375 331.0631103515625 327.86529541015625 326.926116943359375 322.3460693359375 316.794281005859375 312.104827880859375 306.065765380859375 302.699859619140625 294.5911865234375 282.8619384765625 269.74932861328125 267.017852783203125 263.754302978515625 266.716461181640625 277.88385009765625 280.64324951171875
-9999 -9999 -9999 258.491973876953125 259.261505126953125 262.158050537109375 259.35955810546875 256.815704345703125 265.07269287109375 275.297332763671875 270.105682373046875 272.28509521484375 273.11767578125 275.076812744140625 280.30328369140625 287.765045166015625 296.87078857421875 305.72442626953125 300.382537841796875 295.788421630859375 287.10992431640625 281.3974609375 273.330078125 268.08038330078125 258.1324462890625 242.37164306640625 238.988494873046875 242.989227294921875 254.3734588623046875 282.1820068359375 306.6346435546875 322.983062744140625 324.554351806640625 321.2498779296875 319.368438720703125 314.34539794921875 309.977752685546875 305.39410400390625 302.5504150390625 294.213226318359375 281.231964111328125 274.185943603515625 278.770751953125 270.72637939453125 263.447967529296875 263.474761962890625 276.708648681640625
-9999 -9999 -9999 250.8757781982421875 251.973175048828125 253.62969970703125 252.2539825439453125 251.454925537109375 252.1414642333984375 258.12054443359375 260.48822021484375 260.0726318359375 264.106231689453125 262.07904052734375 263.605010986328125 265.9390869140625 274.402313232421875 285.19757080078125 292.52606201171875 294.0147705078125 283.972412109375 275.3212890625 270.9713134765625 263.71429443359375 254.7028045654296875 234.7022552490234375 234.7021331787109375 235.224517822265625 241.733642578125 266.84130859375 287.744873046875 303.4376220703125 323.172607421875 321.1651611328125 317.1204833984375 312.98333740234375 305.626312255859375 303.690155029296875 300.462554931640625 290.264312744140625 279.2384033203125 284.752838134765625 301.996185302734375 292.05029296875 272.54998779296875 259.394500732421875 264.5711669921875
-9999 -9999 232.8249969482421875 239.52581787109375 242.857757568359375 242.064971923828125 242.06494140625 241.0542144775390625 243.2976531982421875 242.734405517578125 246.0319671630859375 248.70794677734375 250.51666259765625 250.338958740234375 251.0851593017578125 251.0380706787109375 255.9228515625 259.49603271484375 265.918487548828125 282.997711181640625 279.874786376953125 271.685577392578125 270.967559814453125 265.895416259765625 260.725677490234375 246.9308013916015625 235.1936187744140625 232.394927978515625 238.4430694580078125 255.9447479248046875 278.155181884765625 289.553497314453125 301.936798095703125 317.850372314453125 313.24786376953125 307.744476318359375 302.00860595703125 301.36578369140625 297.6962890625 285.823699951171875 278.500244140625 295.6357421875 310.925750732421875 315.089691162109375 300.060791015625 275.50921630859375 257.022674560546875
-9999 214.6207733154296875 220.782012939453125 225.027496337890625 228.4345245361328125 230.7770538330078125 231.1816558837890625 231.896636962890625 232.1201934814453125 232.5220489501953125 233.480224609375 235.7671356201171875 240.28857421875 242.681396484375 241.77691650390625 240.374542236328125 239.9231109619140625 240.6754608154296875 242.8561248779296875 260.0775146484375 271.566986083984375 267.854644775390625 266.759307861328125 264.4764404296875 261.721588134765625 248.6473846435546875 235.4916534423828125 230.141204833984375 231.647430419921875 242.81231689453125 264.118072509765625 283.385528564453125 289.43170166015625 302.23272705078125 308.282745361328125 304.05584716796875 300.102508544921875 298.02520751953125 294.296630859375 282.984588623046875 276.647918701171875 300.92041015625 318.9342041015625 322.189208984375 314.849456787109375 294.877410888671875 267.278289794921875
-9999 207.8889923095703125 210.25885009765625 202.41619873046875 214.58746337890625 216.85797119140625 218.455230712890625 223.5558013916015625 222.6448822021484375 223.8976593017578125 223.88165283203125 227.6959686279296875 230.4867401123046875 232.1356964111328125 233.2597198486328125 232.0080413818359375 229.7958526611328125 228.6562652587890625 229.10064697265625 237.1787261962890625 254.920013427734375 262.883331298828125 262.651397705078125 257.33123779296875 252.664642333984375 245.823638916015625 236.60870361328125 225.7233734130859375 224.689361572265625 230.837677001953125 250.2815704345703125 271.74456787109375 286.06268310546875 288.75274658203125 298.982818603515625 300.986175537109375 296.62994384765625 291.851409912109375 290.002960205078125 280.962158203125 275.93206787109375 289.922149658203125 316.9332275390625 319.69586181640625 316.84210205078125 296.45782470703125 278.034820556640625
-9999 -9999 205.94793701171875 203.72698974609375 202.41607666015625 203.3337860107421875 198.0279083251953125 214.0958404541015625 214.188720703125 215.2815399169921875 213.7648468017578125 216.4030914306640625 217.22509765625 218.7400970458984375 218.5772705078125 217.5084075927734375 216.5318756103515625 217.189483642578125 221.3638763427734375 225.6046600341796875 238.225341796875 252.27435302734375 252.50238037109375 252.5975341796875 250.4152984619140625 246.3275909423828125 239.0882110595703125 227.985382080078125 220.6760711669921875 222.8512725830078125 236.1780242919921875 256.204498291015625 271.284271240234375 281.36956787109375 286.79754638671875 295.626068115234375 291.287841796875 270.14727783203125 281.796142578125 277.445220947265625 273.310150146484375 279.0098876953125 303.561859130859375 310.27490234375 300.334075927734375 292.155548095703125 285.095062255859375
-9999 205.3134307861328125 204.5254364013671875 202.8698883056640625 199.508819580078125 198.0277862548828125 201.6035614013671875 201.766204833984375 205.122039794921875 212.20611572265625 210.6590576171875 205.2481842041015625 204.259918212890625 200.2347412109375 213.208770751953125 212.38720703125 203.2893829345703125 209.9326934814453125 212.1944122314453125 215.804534912109375 224.6012420654296875 237.610565185546875 242.0653839111328125 245.5706787109375 248.8651885986328125 246.1942596435546875 240.873687744140625 231.748626708984375 224.0143585205078125 218.8153533935546875 225.316375732421875 240.5304718017578125 257.80706787109375 274.923675537109375 278.243072509765625 285.06524658203125 285.345947265625 278.305694580078125 270.147186279296875 270.636383056640625 267.37646484375 274.762298583984375 290.276580810546875 305.7037353515625 310.7979736328125 311.830078125 312.834075927734375
-9999 206.7999420166015625 204.4795074462890625 201.8695831298828125 201.80841064453125 198.374542236328125 196.537322998046875 196.298736572265625 197.942962646484375 202.3866729736328125 206.9332427978515625 207.160919189453125 200.234619140625 200.8839263916015625 209.272705078125 209.89251708984375 203.2892608642578125 204.2183837890625 206.2938690185546875 210.0247802734375 214.036346435546875 221.7542266845703125 226.9821014404296875 233.961212158203125 238.965301513671875 242.305267333984375 239.268157958984375 231.934173583984375 224.307220458984375 217.929107666015625 217.6417388916015625 227.143524169921875 242.0233154296875 261.306732177734375 269.658599853515625 274.333221435546875 274.9442138671875 266.8402099609375 262.26361083984375 264.2110595703125 266.154541015625 276.260772705078125 290.324432373046875 301.2906494140625 313.477508544921875 318.59564208984375 309.88934326171875
