gis/80m/processed_dem.asc
ncols        128
nrows        143
xllcorner    726726.000000000000
yllcorner    7127190.000000000000
cellsize     80.000000000000
NODATA_value -9999
[rows 42 to 62 of 143, columns 47 to 93 of 128]
291.296478271484375 291.258758544921875 291.61444091796875 292.27008056640625 290.80682373046875 285.89501953125 281.30865478515625 278.28912353515625 275.590240478515625 273.761566162109375 271.070068359375 266.609771728515625 268.47161865234375 268.153961181640625 262.992919921875 260.715728759765625 261.63397216796875 258.765350341796875 256.58001708984375 259.59417724609375 264.152862548828125 271.304931640625 273.6893310546875 272.59222412109375 268.93994140625 266.745941162109375 266.6229248046875 266.886199951171875 274.651275634765625 273.49139404296875 277.594024658203125 286.617645263671875 287.23223876953125 278.170623779296875 273.546356201171875 272.631195068359375 271.74560546875 270.944671630859375 263.8895263671875 246.7811126708984375 237.9311981201171875 233.153076171875 224.78619384765625 224.78607177734375 219.05169677734375 220.94537353515625 228.707794189453125
290.14862060546875 290.226470947265625 291.303985595703125 291.94390869140625 293.368408203125 288.84478759765625 284.25628662109375 281.227569580078125 277.64703369140625 273.47100830078125 272.16241455078125 265.8760986328125 266.3388671875 266.79840087890625 265.974090576171875 260.400299072265625 260.23614501953125 257.61663818359375 259.067138671875 265.114166259765625 272.48193359375 280.276214599609375 283.724578857421875 283.047515869140625 279.501434326171875 275.824676513671875 274.136138916015625 274.212677001953125 279.823333740234375 284.949249267578125 282.092559814453125 277.5941162109375 300.581207275390625 307.7197265625 293.0972900390625 272.74737548828125 269.37347412109375 266.010589599609375 262.213897705078125 250.796051025390625 242.28753662109375 240.1031646728515625 233.3282623291015625 229.12567138671875 221.429351806640625 217.3649444580078125 225.5319671630859375
285.886749267578125 288.4193115234375 290.255523681640625 290.323455810546875 292.87322998046875 290.6488037109375 286.5623779296875 283.73907470703125 279.26739501953125 275.027191162109375 270.5736083984375 266.28839111328125 262.367401123046875 264.252166748046875 264.664215087890625 261.471405029296875 258.34783935546875 258.10430908203125 261.40631103515625 270.389251708984375 279.66827392578125 289.081695556640625 296.33465576171875 296.226470947265625 288.9229736328125 283.948089599609375 280.854156494140625 281.6405029296875 284.219757080078125 287.981231689453125 290.746337890625 290.84503173828125 302.477996826171875 315.899688720703125 315.71563720703125 285.505035400390625 264.874481201171875 262.000885009765625 263.438232421875 255.676971435546875 244.54058837890625 236.497344970703125 230.8110504150390625 228.17108154296875 222.8451995849609375 214.667724609375 212.1202850341796875
284.458099365234375 285.55645751953125 286.49127197265625 287.263336181640625 289.086334228515625 289.66741943359375 289.343780517578125 290.89794921875 283.915130615234375 276.23358154296875 273.0885009765625 268.72430419921875 262.73040771484375 260.583526611328125 261.3275146484375 263.3077392578125 261.895477294921875 260.159271240234375 264.292022705078125 274.20379638671875 287.047760009765625 297.05877685546875 302.860076904296875 304.665771484375 299.0889892578125 292.22998046875 286.546112060546875 285.790313720703125 287.215118408203125 289.2332763671875 292.7005615234375 300.784027099609375 301.81048583984375 309.91595458984375 318.469696044921875 308.029022216796875 282.640838623046875 258.8839111328125 259.65704345703125 256.780059814453125 245.473602294921875 235.9800872802734375 230.083587646484375 226.2841339111328125 222.045562744140625 212.1201629638671875 216.9768218994140625
283.149810791015625 284.454925537109375 284.46490478515625 285.450469970703125 286.990020751953125 286.84368896484375 285.528289794921875 287.1988525390625 284.503753662109375 277.76776123046875 275.925628662109375 269.523956298828125 265.528472900390625 258.1822509765625 259.0360107421875 261.098876953125 262.209625244140625 261.008270263671875 265.939483642578125 275.773590087890625 292.38983154296875 300.02142333984375 303.072906494140625 304.759918212890625 304.927825927734375 301.2872314453125 294.76495361328125 289.4791259765625 288.5958251953125 291.15301513671875 293.715362548828125 300.351531982421875 305.637298583984375 306.085479736328125 312.12127685546875 309.781097412109375 293.25494384765625 265.302642822265625 252.219512939453125 250.3867340087890625 244.346832275390625 236.62896728515625 228.8291778564453125 222.859649658203125 221.9021759033203125 212.12005615234375 212.78253173828125
282.860595703125 283.779571533203125 283.7796630859375 284.39581298828125 285.231719970703125 284.64447021484375 284.06219482421875 283.888824462890625 284.06561279296875 279.55218505859375 278.071014404296875 272.018646240234375 267.747344970703125 266.679351806640625 258.182159423828125 260.14154052734375 259.010711669921875 261.006683349609375 266.260894775390625 276.176544189453125 289.644989013671875 298.49066162109375 303.0054931640625 304.052154541015625 303.79296875 302.309722900390625 299.03204345703125 294.9078369140625 290.980072021484375 289.567291259765625 290.34765625 295.604461669921875 304.385589599609375 305.244659423828125 307.48406982421875 305.221710205078125 292.853515625 275.302886962890625 250.519683837890625 243.5240936279296875 237.787689208984375 234.099700927734375 226.0908050537109375 219.910430908203125 212.7355194091796875 219.5224609375 212.10675048828125
282.860504150390625 284.021942138671875 284.21075439453125 286.763153076171875 286.7061767578125 284.04571533203125 283.1727294921875 282.3677978515625 285.402313232421875 287.50372314453125 282.868988037109375 275.30877685546875 267.9073486328125 267.480072021484375 258.575347900390625 256.97186279296875 257.8369140625 261.4276123046875 266.3277587890625 276.08770751953125 286.572174072265625 298.584320068359375 301.105133056640625 302.437896728515625 301.741668701171875 301.260040283203125 299.917022705078125 296.43634033203125 293.75201416015625 292.790252685546875 289.474822998046875 287.441986083984375 290.517242431640625 296.65899658203125 294.380645751953125 297.433013916015625 294.3094482421875 286.69757080078125 267.485076904296875 253.7499237060546875 239.8214569091796875 228.961700439453125 223.2053985595703125 218.9127655029296875 218.032257080078125 218.5028533935546875 212.1025543212890625
285.002105712890625 295.97064208984375 289.585601806640625 295.57794189453125 295.340606689453125 288.3135986328125 282.74847412109375 279.992828369140625 282.0576171875 289.4320068359375 284.647430419921875 277.94488525390625 268.2109375 265.220458984375 261.267547607421875 256.0135498046875 257.79437255859375 260.649871826171875 265.595306396484375 275.778717041015625 287.2064208984375 296.61517333984375 300.6357421875 301.04327392578125 299.3206787109375 298.4063720703125 297.558746337890625 296.082763671875 293.138946533203125 292.06390380859375 293.51416015625 290.686676025390625 287.16387939453125 284.567779541015625 281.8643798828125 282.727020263671875 287.06756591796875 281.371124267578125 274.5316162109375 272.49005126953125 258.405029296875 243.6942901611328125 227.5128021240234375 217.7899932861328125 216.502105712890625 210.8155059814453125 212.1025543212890625
278.642181396484375 288.126861572265625 287.90533447265625 302.772918701171875 301.99713134765625 297.766937255859375 285.843353271484375 281.36285400390625 278.819091796875 282.939178466796875 283.10009765625 276.8245849609375 268.144866943359375 259.46502685546875 260.092987060546875 255.833221435546875 256.9638671875 259.1170654296875 263.99542236328125 274.86572265625 287.7158203125 298.1429443359375 302.380126953125 300.3133544921875 296.53546142578125 295.016937255859375 293.886383056640625 293.17822265625 291.8809814453125 293.76611328125 299.95465087890625 297.772430419921875 296.154327392578125 291.98101806640625 283.439697265625 277.650054931640625 279.6031494140625 277.146148681640625 272.73602294921875 268.478759765625 266.01214599609375 262.30194091796875 243.4189910888671875 219.55511474609375 214.7123260498046875 210.1526947021484375 214.5202789306640625
284.3685302734375 278.642181396484375 279.656341552734375 290.336639404296875 302.267059326171875 296.919097900390625 288.4912109375 288.48577880859375 281.547882080078125 271.581573486328125 277.51715087890625 273.5323486328125 266.827911376953125 259.869049072265625 257.233551025390625 253.9952239990234375 255.248809814453125 257.884765625 262.255462646484375 272.908233642578125 286.972381591796875 294.760467529296875 299.70745849609375 299.350677490234375 294.322509765625 291.348297119140625 289.65997314453125 288.52362060546875 289.241546630859375 293.265350341796875 301.025634765625 302.926422119140625 305.55023193359375 301.91754150390625 288.051025390625 279.098541259765625 275.6829833984375 272.099334716796875 266.260986328125 261.139892578125 257.59930419921875 251.88555908203125 238.0452117919921875 220.4691314697265625 207.3499755859375 208.0005340576171875 212.6942291259765625
285.857757568359375 279.692626953125 273.246612548828125 275.727691650390625 293.094512939453125 292.147430419921875 287.01959228515625 284.06964111328125 279.6494140625 271.581787109375 269.878875732421875 272.560516357421875 266.0545654296875 260.600738525390625 257.9716796875 256.761566162109375 253.9952239990234375 257.04144287109375 260.6329345703125 269.39324951171875 285.129364013671875 294.330047607421875 295.762664794921875 295.771697998046875 293.693145751953125 287.25628662109375 285.07568359375 284.8856201171875 285.498565673828125 288.97113037109375 300.620086669921875 312.2598876953125 317.899932861328125 310.126129150390625 297.49853515625 285.637786865234375 274.0660400390625 271.320587158203125 261.19195556640625 256.00787353515625 254.1674957275390625 249.345367431640625 238.7380218505859375 222.1365203857421875 210.665740966796875 207.349853515625 211.84088134765625
279.1024169921875 277.275360107421875 270.652435302734375 266.098785400390625 278.543701171875 287.739227294921875 285.63592529296875 280.824737548828125 277.155517578125 270.824371337890625 264.783660888671875 269.43780517578125 264.737457275390625 259.013702392578125 257.27001953125 255.1889801025390625 253.420562744140625 256.45550537109375 258.52294921875 264.573211669921875 278.62152099609375 290.576568603515625 292.302947998046875 290.3350830078125 289.39404296875 285.3370361328125 281.81732177734375 281.237030029296875 280.055755615234375 285.506195068359375 301.77099609375 317.8414306640625 -9999 306.122528076171875 297.351165771484375 289.320770263671875 274.37677001953125 268.151611328125 263.09271240234375 252.492095947265625 246.7543792724609375 242.5158233642578125 234.03900146484375 221.509552001953125 210.7871551513671875 205.74560546875 209.10906982421875
279.47320556640625 274.10693359375 269.910736083984375 264.25830078125 262.28839111328125 279.2098388671875 281.9840087890625 276.423431396484375 272.1529541015625 269.58526611328125 262.8580322265625 262.085418701171875 263.805023193359375 258.489654541015625 255.8639984130859375 251.55145263671875 253.2394561767578125 255.7501220703125 256.775543212890625 261.3662109375 270.151458740234375 281.88677978515625 286.648529052734375 286.119659423828125 284.155975341796875 281.969573974609375 277.35302734375 277.129669189453125 275.22900390625 280.7203369140625 294.8800048828125 302.359375 307.7325439453125 300.06549072265625 291.438446044921875 287.03997802734375 277.117645263671875 266.185516357421875 261.843353271484375 254.048248291015625 244.015655517578125 237.5763702392578125 228.9587554931640625 220.384613037109375 212.183319091796875 202.5977783203125 203.3000030517578125
287.867431640625 278.59869384765625 260.16400146484375 262.608978271484375 259.058685302734375 265.513458251953125 275.93585205078125 275.10333251953125 267.82281494140625 264.505096435546875 260.719329833984375 254.9707489013671875 259.99664306640625 256.90032958984375 255.598358154296875 251.791534423828125 251.586456298828125 252.8183135986328125 254.858734130859375 259.739044189453125 265.8675537109375 272.4742431640625 279.749755859375 281.81512451171875 279.33367919921875 276.93951416015625 272.75146484375 272.40948486328125 270.82342529296875 272.430572509765625 281.04266357421875 288.717498779296875 297.63739013671875 296.290557861328125 288.055267333984375 282.991241455078125 277.640625 268.93988037109375 259.441162109375 253.4329071044921875 243.651214599609375 234.68505859375 225.3495025634765625 216.6376953125 211.3481292724609375 202.459564208984375 198.060516357421875
274.06500244140625 278.015594482421875 269.338653564453125 260.16400146484375 256.761627197265625 254.5624237060546875 266.48309326171875 269.4290771484375 265.75579833984375 259.3956298828125 258.06280517578125 252.0245361328125 253.3658599853515625 255.2041168212890625 253.757965087890625 251.3723602294921875 248.0500335693359375 249.279052734375 252.3115692138671875 257.027435302734375 263.38604736328125 267.07415771484375 271.6241455078125 276.38043212890625 274.697021484375 271.57525634765625 267.97625732421875 265.88702392578125 266.98907470703125 265.5780029296875 269.84552001953125 278.406097412109375 286.61468505859375 289.23138427734375 283.90081787109375 278.027191162109375 274.1756591796875 267.316680908203125 258.885101318359375 251.1170806884765625 240.2879486083984375 231.5583343505859375 224.1805419921875 217.2920074462890625 212.9476776123046875 203.9861602783203125 198.0855560302734375
258.35260009765625 265.6488037109375 266.260589599609375 258.543121337890625 253.1947479248046875 251.606414794921875 256.384002685546875 260.97021484375 260.429168701171875 256.273834228515625 253.096466064453125 251.849365234375 247.123443603515625 252.9362335205078125 251.5483551025390625 250.039337158203125 248.7353515625 245.62359619140625 249.107513427734375 252.36566162109375 259.87188720703125 264.911895751953125 265.79736328125 269.16497802734375 269.6903076171875 266.261444091796875 263.764007568359375 260.425048828125 261.124847412109375 259.755645751953125 260.882720947265625 267.217315673828125 273.96435546875 276.05804443359375 273.749114990234375 270.4549560546875 268.21551513671875 264.91497802734375 257.08294677734375 249.8950347900390625 242.183441162109375 231.766937255859375 223.2561187744140625 217.0473175048828125 211.7888336181640625 199.654266357421875 199.654266357421875
252.7098541259765625 253.010162353515625 259.867919921875 257.034881591796875 244.9023590087890625 246.1579437255859375 244.5689697265625 251.498687744140625 254.4250640869140625 252.3104248046875 245.8316192626953125 248.9803924560546875 247.123443603515625 249.7906036376953125 250.45843505859375 247.210601806640625 247.4873809814453125 243.3581085205078125 243.436614990234375 245.847900390625 251.7726287841796875 257.286773681640625 259.70001220703125 260.46258544921875 263.0870361328125 260.105499267578125 257.2034912109375 254.63885498046875 252.976898193359375 251.8436279296875 251.95123291015625 254.411407470703125 259.458526611328125 259.490570068359375 256.874969482421875 260.483489990234375 259.401214599609375 258.962158203125 252.7215576171875 247.5984344482421875 243.560516357421875 235.117767333984375 224.1874847412109375 218.45220947265625 212.26165771484375 209.1215362548828125 202.2920074462890625
260.76617431640625 246.91583251953125 250.8104400634765625 252.3731842041015625 249.57391357421875 244.9023590087890625 241.80584716796875 242.254180908203125 247.3056793212890625 247.9076385498046875 245.8316192626953125 246.1065216064453125 244.378753662109375 245.9771575927734375 248.1631317138671875 245.2035675048828125 244.512939453125 242.0111236572265625 238.42236328125 239.6916351318359375 242.18780517578125 248.0452728271484375 252.4024200439453125 253.31805419921875 254.5429840087890625 254.78485107421875 251.686370849609375 250.2902984619140625 246.96099853515625 245.6110687255859375 244.301605224609375 245.58746337890625 247.3385009765625 247.7132568359375 247.210906982421875 247.3234710693359375 250.3800201416015625 251.38372802734375 249.78118896484375 246.0336151123046875 243.9068450927734375 239.3528594970703125 227.99322509765625 217.95684814453125 210.361297607421875 205.7422637939453125 200.7401580810546875
275.01458740234375 254.10699462890625 241.4491119384765625 245.9652862548828125 246.2020721435546875 242.1697845458984375 238.1534423828125 235.5390167236328125 239.66595458984375 242.583038330078125 241.8577117919921875 241.1298828125 241.782073974609375 242.446746826171875 242.7446441650390625 241.9097900390625 239.4517364501953125 238.069427490234375 235.1395721435546875 232.8358612060546875 235.4184112548828125 239.439453125 244.3474578857421875 246.0270538330078125 247.2724609375 248.613372802734375 247.2660369873046875 245.1204833984375 242.1156768798828125 240.3752899169921875 238.4868621826171875 238.543487548828125 238.3721466064453125 238.222320556640625 238.5473480224609375 235.7257232666015625 238.8931121826171875 242.8325958251953125 244.89971923828125 243.2790374755859375 241.1685943603515625 238.966827392578125 231.2442474365234375 221.2243804931640625 211.367095947265625 204.282135009765625 197.6957855224609375
291.06634521484375 261.7437744140625 241.2769775390625 240.1013336181640625 240.8092498779296875 237.6772918701171875 235.6834869384765625 233.97357177734375 233.244537353515625 237.258087158203125 237.7862701416015625 236.348846435546875 238.2448883056640625 238.20330810546875 237.2143096923828125 238.2140960693359375 236.7192230224609375 235.3789520263671875 234.0668487548828125 231.0458984375 231.9879302978515625 232.51409912109375 236.06781005859375 239.48101806640625 242.0729217529296875 242.7840728759765625 243.8530731201171875 240.1692962646484375 236.9475860595703125 234.1184844970703125 233.679840087890625 232.233856201171875 230.7880401611328125 230.0908660888671875 230.07757568359375 227.716217041015625 231.7073822021484375 234.5554046630859375 236.2126007080078125 239.0258331298828125 237.164764404296875 235.89398193359375 231.2316436767578125 221.0104522705078125 212.8390960693359375 203.6101531982421875 196.7739105224609375
286.341766357421875 259.91864013671875 245.5079193115234375 235.999053955078125 236.3609466552734375 235.5529632568359375 235.29486083984375 236.6593780517578125 233.774871826171875 228.5857086181640625 233.101776123046875 232.9095611572265625 234.3116912841796875 235.839202880859375 233.281982421875 233.9246063232421875 235.236846923828125 232.005645751953125 232.1991729736328125 231.3037261962890625 228.6372528076171875 228.966217041015625 229.0009307861328125 222.9915771484375 237.216644287109375 239.0325927734375 238.15240478515625 234.4374847412109375 232.986663818359375 228.806610107421875 227.027252197265625 227.928741455078125 226.1020660400390625 224.53082275390625 223.349639892578125 221.2887115478515625 221.9606781005859375 224.23883056640625 227.47845458984375 232.7340850830078125 233.6291046142578125 231.36053466796875 228.4511566162109375 221.3593292236328125 212.63604736328125 204.6481781005859375 195.736968994140625
