gis/80m/processed_dem.asc
ncols        128
nrows        143
xllcorner    726726.000000000000
yllcorner    7127190.000000000000
cellsize     80.000000000000
NODATA_value -9999
[rows 63 to 83 of 143, columns 47 to 93 of 128]
271.108001708984375 255.6551513671875 245.3245697021484375 234.9433441162109375 233.1062469482421875 235.025360107421875 234.9234619140625 235.00128173828125 233.1039886474609375 228.5857086181640625 229.5924530029296875 228.243438720703125 229.9461212158203125 231.1592864990234375 231.241668701171875 228.6735382080078125 230.5411376953125 229.1073760986328125 229.7911224365234375 230.64239501953125 226.7804107666015625 223.310333251953125 222.991455078125 227.177886962890625 230.769622802734375 233.2758636474609375 232.6500396728515625 230.6540069580078125 226.973297119140625 224.4644012451171875 222.6900787353515625 224.074371337890625 220.748382568359375 218.8267364501953125 218.163970947265625 215.536651611328125 213.5338134765625 215.05682373046875 218.736541748046875 224.6776885986328125 229.3067474365234375 228.6543121337890625 224.6925201416015625 221.193572998046875 212.9187774658203125 203.62884521484375 189.6373138427734375
263.872314453125 256.72418212890625 245.46539306640625 239.069183349609375 232.7490997314453125 232.5843353271484375 234.6199798583984375 235.03240966796875 234.2545928955078125 229.81103515625 224.647186279296875 223.6918182373046875 226.2408447265625 226.7085723876953125 226.500701904296875 224.6819305419921875 225.73486328125 225.349700927734375 227.0294342041015625 227.42620849609375 225.718780517578125 220.4762115478515625 219.5569915771484375 221.0009613037109375 222.040557861328125 225.328582763671875 226.7937774658203125 225.10968017578125 216.367401123046875 220.2199249267578125 213.7688446044921875 219.131256103515625 217.593597412109375 215.849884033203125 212.7801666259765625 210.3196258544921875 208.062835693359375 207.427642822265625 210.6290283203125 216.44140625 222.373443603515625 223.6953277587890625 220.7192840576171875 219.93927001953125 211.6672210693359375 199.2411956787109375 193.3289337158203125
257.9871826171875 255.2442626953125 246.8014984130859375 240.016387939453125 234.6663665771484375 231.970977783203125 232.9150238037109375 -9999 -9999 234.2219696044921875 227.381500244140625 222.09808349609375 223.36187744140625 223.2969207763671875 223.1644287109375 221.7516326904296875 220.44696044921875 221.2248077392578125 222.884307861328125 223.6581573486328125 223.7703399658203125 221.82830810546875 215.4433746337890625 215.9909820556640625 217.7344970703125 219.9261322021484375 220.2944793701171875 219.207000732421875 216.367279052734375 216.3976898193359375 213.7688446044921875 212.78704833984375 213.977081298828125 213.3536376953125 211.5735626220703125 207.834442138671875 204.471527099609375 202.9571533203125 202.35430908203125 207.3805999755859375 213.552947998046875 218.46337890625 217.063262939453125 214.366363525390625 209.3472442626953125 196.5874481201171875 191.5164947509765625
253.387786865234375 252.418182373046875 248.104400634765625 239.7484893798828125 236.3151702880859375 234.609710693359375 230.899200439453125 234.2646026611328125 234.770599365234375 235.2000579833984375 231.2526092529296875 223.8131866455078125 219.175628662109375 221.537872314453125 221.78472900390625 221.7963409423828125 217.964569091796875 216.477142333984375 218.95281982421875 219.7902984619140625 222.2911224365234375 222.0566558837890625 216.77459716796875 213.2639312744140625 213.5772705078125 213.41217041015625 215.3403167724609375 213.3578948974609375 210.7135009765625 211.2646484375 210.2598114013671875 208.84765625 210.92486572265625 211.28302001953125 209.6857147216796875 208.5043487548828125 201.2225341796875 198.6329803466796875 198.18963623046875 200.4783935546875 203.11553955078125 209.8821563720703125 214.98590087890625 214.5785675048828125 206.9552764892578125 194.168121337890625 189.5318145751953125
252.2578582763671875 250.344512939453125 247.0332489013671875 240.288055419921875 234.4871826171875 233.311004638671875 229.7609100341796875 231.8479461669921875 233.5979766845703125 233.714813232421875 231.812042236328125 225.9059600830078125 218.95751953125 218.0787506103515625 221.20550537109375 220.727142333984375 217.378448486328125 213.322540283203125 213.848785400390625 216.3387603759765625 217.94012451171875 217.6371002197265625 216.5253448486328125 213.2638092041015625 213.2736053466796875 208.867279052734375 207.530487060546875 206.8403778076171875 207.36431884765625 206.6673126220703125 206.6845245361328125 206.252410888671875 208.141387939453125 207.83258056640625 206.9074859619140625 206.1514739990234375 199.5807952880859375 196.20501708984375 195.8965606689453125 197.20648193359375 200.4952239990234375 201.62060546875 209.218475341796875 214.136810302734375 210.5120086669921875 195.262939453125 189.272979736328125
248.840850830078125 248.6897735595703125 245.346527099609375 239.9981231689453125 232.68389892578125 229.700592041015625 228.8618927001953125 228.959930419921875 231.9736328125 232.2123260498046875 229.970062255859375 225.8485107421875 220.0836334228515625 213.923309326171875 216.506591796875 215.68603515625 214.47454833984375 211.038848876953125 209.6915740966796875 213.10198974609375 215.18707275390625 215.5502777099609375 215.9077301025390625 213.7335662841796875 209.0055999755859375 207.359588623046875 203.870361328125 203.953826904296875 204.41351318359375 204.8322906494140625 204.0032501220703125 202.42578125 203.5078582763671875 202.7813262939453125 202.9335479736328125 202.2383575439453125 199.535064697265625 194.8997802734375 192.6463623046875 194.43988037109375 197.3596954345703125 198.9520416259765625 199.064361572265625 204.86322021484375 207.023651123046875 193.699188232421875 189.2872772216796875
243.6778564453125 243.9465789794921875 243.24951171875 238.466949462890625 234.0337677001953125 225.4570770263671875 227.2381591796875 226.7527923583984375 228.57177734375 227.3709259033203125 227.831024169921875 226.444366455078125 219.2220458984375 211.5855712890625 210.8853759765625 209.672119140625 210.9744720458984375 210.104400634765625 207.000823974609375 209.10125732421875 212.38348388671875 213.437164306640625 216.3396453857421875 216.1845703125 208.9417877197265625 203.64727783203125 201.134063720703125 199.9723968505859375 199.6717681884765625 200.77606201171875 202.92218017578125 199.2775726318359375 197.2803802490234375 198.766815185546875 198.8709564208984375 198.5100250244140625 196.8912506103515625 194.6583709716796875 190.1690521240234375 189.1315765380859375 192.9100799560546875 195.629791259765625 192.33782958984375 194.4220123291015625 197.0079803466796875 193.642669677734375 188.9547576904296875
238.436370849609375 237.691680908203125 238.664581298828125 237.334197998046875 233.4399871826171875 229.3983001708984375 225.4569549560546875 223.5606231689453125 222.6503448486328125 223.7024078369140625 223.5846405029296875 222.7626953125 218.3218841552734375 210.45880126953125 204.271453857421875 203.7921142578125 204.3339691162109375 205.1723785400390625 204.7623138427734375 206.272125244140625 207.6463470458984375 210.694915771484375 216.7388458251953125 216.09332275390625 212.809417724609375 206.318939208984375 201.7838287353515625 196.8670806884765625 194.7909393310546875 195.67083740234375 197.0062408447265625 198.1877899169921875 196.567352294921875 195.470184326171875 194.71844482421875 194.3441009521484375 192.7735137939453125 192.4114227294921875 189.0556182861328125 184.1508331298828125 187.003326416015625 188.4378204345703125 187.222686767578125 190.3273162841796875 191.9974365234375 191.6259613037109375 188.423004150390625
231.203521728515625 232.3367156982421875 234.292449951171875 233.742889404296875 231.432373046875 229.326202392578125 225.0045013427734375 221.359893798828125 218.930816650390625 221.031005859375 221.0939788818359375 219.2486114501953125 216.7544097900390625 212.70538330078125 206.1084136962890625 200.583648681640625 198.46405029296875 199.2435302734375 200.704803466796875 203.3836517333984375 202.8291778564453125 206.5157318115234375 213.6069793701171875 212.96063232421875 209.842376708984375 207.3549041748046875 203.8828582763671875 200.1941986083984375 193.4555816650390625 191.7322998046875 190.2766571044921875 193.068389892578125 193.105926513671875 192.4295196533203125 192.7517852783203125 189.1179046630859375 189.30889892578125 186.4709625244140625 185.52484130859375 182.2338104248046875 182.946563720703125 182.7828369140625 185.95245361328125 189.2006988525390625 188.5848388671875 189.39813232421875 187.6925811767578125
224.92596435546875 225.8020172119140625 227.859222412109375 227.2616729736328125 225.89862060546875 224.18963623046875 222.6654052734375 220.448638916015625 217.7003021240234375 216.1014556884765625 217.73175048828125 217.0399627685546875 216.0377960205078125 214.0515289306640625 207.284698486328125 201.9057769775390625 197.3431549072265625 194.7331085205078125 198.0211029052734375 198.373077392578125 200.551910400390625 202.640716552734375 209.003448486328125 211.695709228515625 208.144378662109375 203.9225311279296875 202.655029296875 201.7993927001953125 195.669708251953125 190.3855438232421875 188.2582855224609375 188.070953369140625 188.0577392578125 186.4695892333984375 188.2313995361328125 186.1567230224609375 186.653839111328125 183.4907073974609375 181.271240234375 180.0940399169921875 179.8068084716796875 179.8066864013671875 185.4203338623046875 187.7142333984375 187.8538665771484375 187.65863037109375 185.4362945556640625
221.25848388671875 219.1061248779296875 221.096710205078125 220.6338653564453125 218.986968994140625 218.0915679931640625 218.003631591796875 216.408172607421875 215.2138824462890625 213.125457763671875 214.773590087890625 214.884368896484375 214.42584228515625 214.7608642578125 209.707183837890625 202.805755615234375 198.8840179443359375 193.578399658203125 193.6012115478515625 197.0919647216796875 199.3025054931640625 199.7536468505859375 202.193084716796875 204.4792022705078125 205.05517578125 199.9477691650390625 198.622161865234375 199.8855438232421875 197.3721160888671875 192.5175933837890625 186.32244873046875 184.9251708984375 184.36029052734375 183.6847686767578125 183.5560302734375 183.651947021484375 184.0065155029296875 182.4041748046875 179.807037353515625 179.806915283203125 181.114044189453125 181.3532257080078125 179.642852783203125 182.5046539306640625 185.542266845703125 185.2928466796875 182.57745361328125
211.407470703125 211.407470703125 213.759429931640625 213.7393951416015625 211.6557769775390625 211.0155487060546875 210.6475067138671875 210.99530029296875 208.66876220703125 208.5706787109375 211.4039154052734375 212.8238372802734375 212.0683135986328125 210.380126953125 208.8052978515625 204.7929534912109375 200.5874481201171875 196.3255615234375 190.907928466796875 194.40362548828125 198.2139739990234375 197.4554290771484375 197.447113037109375 199.416290283203125 201.5357208251953125 197.9482879638671875 192.19744873046875 194.3606109619140625 195.31219482421875 193.143798828125 187.7851715087890625 184.871429443359375 184.277191162109375 183.7216949462890625 183.0629119873046875 -9999 182.3466796875 181.603240966796875 180.1152801513671875 184.0836639404296875 191.0677032470703125 193.321014404296875 184.68157958984375 179.033447265625 182.736419677734375 183.9764251708984375 179.7962188720703125
200.5933074951171875 201.10675048828125 202.547027587890625 204.143707275390625 203.7925872802734375 202.339599609375 202.310333251953125 203.5605010986328125 203.2692718505859375 204.0841217041015625 205.894561767578125 207.6785736083984375 208.1677398681640625 206.6965484619140625 206.4724884033203125 205.556610107421875 202.836578369140625 199.67193603515625 192.75665283203125 189.8698577880859375 194.83563232421875 193.4928436279296875 194.5245361328125 196.179718017578125 197.828857421875 197.0330047607421875 192.3458251953125 187.840789794921875 189.129241943359375 186.3069000244140625 184.8395843505859375 183.579681396484375 183.9741668701171875 183.575439453125 182.10919189453125 181.5108184814453125 180.994873046875 180.5982208251953125 181.6177978515625 189.201568603515625 201.17950439453125 203.288726806640625 192.6105804443359375 184.9830780029296875 177.4761199951171875 177.47344970703125 174.7903289794921875
193.1575469970703125 190.6024932861328125 189.7676239013671875 192.46173095703125 195.85302734375 195.60198974609375 195.3434600830078125 194.35723876953125 195.6991424560546875 198.6652374267578125 200.7271270751953125 202.2228546142578125 203.210357666015625 203.0871124267578125 203.9457855224609375 203.69305419921875 201.0769500732421875 199.474578857421875 196.3944549560546875 188.5388031005859375 189.1741485595703125 189.0393524169921875 190.760955810546875 192.53802490234375 193.5804290771484375 192.637939453125 189.4199676513671875 185.5559844970703125 184.984832763671875 184.4157867431640625 185.0799407958984375 183.7524566650390625 182.368194580078125 182.368072509765625 182.108795166015625 181.3355865478515625 181.046661376953125 182.291229248046875 183.6596527099609375 181.617919921875 204.2241363525390625 216.77679443359375 201.088348388671875 187.2547607421875 181.992340087890625 178.0480804443359375 180.653564453125
184.38323974609375 183.80078125 183.2628936767578125 183.0268096923828125 187.467376708984375 186.4963836669921875 186.4802093505859375 185.7376251220703125 183.6800537109375 188.6204376220703125 194.7649383544921875 197.5242767333984375 198.03826904296875 198.770843505859375 199.6973419189453125 199.6077423095703125 198.4886627197265625 196.921905517578125 195.86932373046875 190.84625244140625 185.305023193359375 186.778289794921875 188.800079345703125 189.6473388671875 190.29046630859375 188.9510345458984375 186.607635498046875 184.8321380615234375 184.573089599609375 185.2591094970703125 183.588226318359375 183.2072296142578125 182.83447265625 182.605712890625 182.33856201171875 181.9257659912109375 181.7395172119140625 184.47686767578125 188.9158172607421875 188.7417144775390625 193.4902496337890625 206.415008544921875 208.0977020263671875 193.87701416015625 186.28570556640625 184.33966064453125 185.2283782958984375
181.263031005859375 181.24072265625 180.478515625 180.29583740234375 181.5457305908203125 180.405548095703125 180.0135955810546875 181.1634063720703125 178.3330078125 180.5932464599609375 185.7682952880859375 190.5606842041015625 192.6947784423828125 194.35748291015625 195.4205169677734375 196.559600830078125 196.7706146240234375 195.620819091796875 194.5677642822265625 190.400421142578125 185.400360107421875 184.65643310546875 187.7338104248046875 187.8448028564453125 186.3668975830078125 185.4191131591796875 185.7881011962890625 185.4591522216796875 183.9866790771484375 183.35589599609375 183.2073516845703125 183.5980224609375 184.7844085693359375 183.9055938720703125 183.97344970703125 182.75018310546875 182.701751708984375 184.0583343505859375 188.95538330078125 191.8134765625 193.37188720703125 200.335479736328125 209.3357086181640625 197.7132415771484375 189.836883544921875 185.985137939453125 185.3618011474609375
178.489990234375 178.7916259765625 178.9346466064453125 177.9746856689453125 179.1121673583984375 178.8700103759765625 177.4886016845703125 178.0547027587890625 177.235931396484375 178.7161712646484375 180.7471466064453125 187.0673065185546875 186.6156463623046875 189.2990264892578125 191.33905029296875 193.18768310546875 193.5104522705078125 193.4420318603515625 192.5464324951171875 189.6065521240234375 187.5599212646484375 182.76971435546875 187.096893310546875 186.966461181640625 185.499114990234375 185.073974609375 184.38104248046875 183.8236541748046875 183.3590240478515625 183.9429168701171875 187.3739166259765625 185.199798583984375 189.898956298828125 195.9876861572265625 194.72955322265625 185.398681640625 183.8883514404296875 184.675689697265625 187.0611724853515625 191.5539398193359375 193.51141357421875 195.57196044921875 201.3141937255859375 198.6806488037109375 190.4537811279296875 185.493682861328125 181.594207763671875
176.8511962890625 176.83837890625 177.8292999267578125 176.7986297607421875 176.7033233642578125 176.7034454345703125 176.75152587890625 175.8247528076171875 176.4398956298828125 176.526031494140625 178.1885833740234375 181.119171142578125 181.416656494140625 183.021148681640625 187.5692138671875 189.249053955078125 189.83673095703125 190.4627838134765625 189.2144012451171875 188.131103515625 186.4497222900390625 179.750579833984375 185.9263458251953125 186.7779693603515625 186.4657440185546875 186.1072235107421875 183.8237762451171875 185.9436798095703125 187.026824951171875 191.3338623046875 193.942413330078125 192.14117431640625 191.2573699951171875 197.310394287109375 199.338043212890625 190.7915802001953125 185.3619842529296875 186.8158416748046875 187.550048828125 189.806365966796875 189.806488037109375 193.4848785400390625 197.7219390869140625 199.166107177734375 194.60858154296875 188.401947021484375 180.306365966796875
177.9760284423828125 176.8385009765625 177.7873687744140625 178.183502197265625 178.2582244873046875 178.078033447265625 177.3905029296875 175.5303802490234375 175.5302581787109375 175.8705596923828125 175.327545166015625 176.90838623046875 176.558563232421875 180.9622344970703125 183.4131011962890625 185.6283721923828125 186.2989044189453125 187.334503173828125 186.928955078125 185.99029541015625 186.023895263671875 179.750579833984375 184.2558441162109375 185.590423583984375 185.726470947265625 187.8994140625 189.925048828125 198.350555419921875 202.795501708984375 208.7896575927734375 209.4818878173828125 205.4837188720703125 200.3905792236328125 198.2383575439453125 199.5973052978515625 197.1011199951171875 189.157440185546875 187.6629486083984375 190.8104400634765625 193.2321319580078125 195.282867431640625 193.993896484375 198.554229736328125 200.6377410888671875 194.930877685546875 188.710662841796875 182.4072265625
179.02276611328125 177.42193603515625 176.9546051025390625 178.32861328125 178.62457275390625 178.399322509765625 177.8608551025390625 177.6206512451171875 176.0723876953125 175.5301513671875 175.7682037353515625 174.74957275390625 174.7494659423828125 176.08807373046875 177.782623291015625 179.9995880126953125 181.68646240234375 182.5621795654296875 183.0257110595703125 181.855072021484375 183.3824462890625 179.2163848876953125 178.0622406005859375 183.206024169921875 183.6831817626953125 185.2698516845703125 190.3177032470703125 196.1660003662109375 204.8739013671875 211.111785888671875 208.7818603515625 210.1127471923828125 207.9813232421875 202.95111083984375 200.2499847412109375 199.0144500732421875 195.115447998046875 189.9741058349609375 192.6317901611328125 195.3117828369140625 197.4721527099609375 197.8801422119140625 198.84820556640625 200.8416900634765625 198.196746826171875 192.195709228515625 188.943634033203125
177.9338226318359375 178.1029510498046875 176.634918212890625 177.93402099609375 178.696990966796875 178.980194091796875 179.0898590087890625 178.511505126953125 178.70257568359375 178.6101837158203125 178.1367034912109375 177.43463134765625 176.67071533203125 174.7493438720703125 173.9308624267578125 174.6533660888671875 178.34210205078125 179.474700927734375 178.9035797119140625 179.0753936767578125 177.4265289306640625 175.61529541015625 177.3111724853515625 180.8506317138671875 181.0673065185546875 182.2913665771484375 185.085174560546875 188.2961578369140625 191.7769622802734375 197.719329833984375 201.205108642578125 203.251495361328125 206.044189453125 204.016021728515625 200.079132080078125 199.33038330078125 197.7562408447265625 193.6147308349609375 194.43426513671875 196.9150390625 198.47650146484375 199.1810302734375 199.1568145751953125 200.7696990966796875 200.8296051025390625 199.761505126953125 194.822845458984375
