gis/80m/slope.asc
ncols        128
nrows        143
xllcorner    726726.000000000000
yllcorner    7127190.000000000000
cellsize     80.000000000000
NODATA_value -9999
[rows 60 to 79 of 143, columns 45 to 89 of 128]
5.0823011398315429688 14.932348251342773438 16.657159805297851562 11.195987701416015625 2.4276716709136962891 3.1758496761322021484 3.6513264179229736328 1.668152928352355957 2.9844670295715332031 4.081554412841796875 4.5617756843566894531 3.24434661865234375 1.8916927576065063477 1.5044647455215454102 1.2950311899185180664 2.6935098171234130859 3.6831357479095458984 3.0960400104522705078 1.9427160024642944336 2.6325879096984863281 2.5343377590179443359 3.0491635799407958984 4.8809762001037597656 5.8840947151184082031 5.6985654830932617188 5.9307541847229003906 4.9275612831115722656 3.6305975914001464844 3.9678630828857421875 2.9687364101409912109 2.293064117431640625 3.0044443607330322266 3.3253355026245117188 3.6837139129638671875 5.3776292800903320312 6.7029056549072265625 6.41811370849609375 6.7279882431030273438 8.1982975006103515625 6.2497735023498535156 4.3291749954223632812 2.5490136146545410156 2.8364758491516113281 3.4265849590301513672 6.8175158500671386719
8.4174814224243164062 12.325827598571777344 18.855381011962890625 15.088902473449707031 6.113494873046875 3.1833989620208740234 2.9235010147094726562 2.2428648471832275391 1.8464959859848022461 1.050612330436706543 2.826663970947265625 2.0649702548980712891 2.1702616214752197266 1.5237133502960205078 2.5381667613983154297 2.4852786064147949219 2.8191974163055419922 2.8264307975769042969 2.2747881412506103516 1.138959050178527832 0.96119904518127441406 1.255695343017578125 2.3136820793151855469 5.0474753379821777344 5.8948330879211425781 6.0194754600524902344 5.6861371994018554688 4.2403354644775390625 3.6974070072174072266 4.1532397270202636719 4.0561666488647460938 4.4929528236389160156 3.6797628402709960938 2.1435303688049316406 4.8167948722839355469 5.0097069740295410156 5.0094599723815917969 5.5140204429626464844 6.7217302322387695312 6.8035922050476074219 5.8046460151672363281 4.3975672721862792969 3.2402594089508056641 3.7221305370330810547 5.4204587936401367188
2.6979823112487792969 12.62005615234375 18.51849365234375 16.438116073608398438 8.2828073501586914062 2.6740331649780273438 2.2223832607269287109 1.6502256393432617188 0.39484244585037231445 1.005808711051940918 0.79345399141311645508 1.6665859222412109375 3.3051967620849609375 2.9669864177703857422 2.7428698539733886719 2.7359349727630615234 3.3235373497009277344 2.8620023727416992188 2.6523153781890869141 1.9701193571090698242 1.0961555242538452148 1.0744812488555908203 2.2029168605804443359 3.3965084552764892578 4.3660192489624023438 5.0037360191345214844 5.2868146896362304688 3.9389688968658447266 3.4688208103179931641 4.8370337486267089844 3.3385512828826904297 1.6148375272750854492 1.8749662637710571289 1.0670326948165893555 3.9872605800628662109 4.0865178108215332031 4.5740594863891601562 5.0890302658081054688 6.0162816047668457031 7.11621856689453125 7.0152611732482910156 5.3599147796630859375 3.5466845035552978516 3.3722505569458007812 4.2373409271240234375
6.2792348861694335938 11.367426872253417969 15.635380744934082031 11.942633628845214844 8.128108978271484375 3.182987213134765625 1.2722290754318237305 0.84808123111724853516 0.715702056884765625 0.66221916675567626953 1.6833833456039428711 1.3118909597396850586 2.5849683284759521484 2.9382677078247070312 3.8942003250122070312 3.3578877449035644531 3.1234226226806640625 3.1743252277374267578 3.2611632347106933594 2.5956709384918212891 1.4629313945770263672 1.0202836990356445312 1.7405239343643188477 2.3836426734924316406 2.6895925998687744141 4.6028947830200195312 4.8851971626281738281 4.127288818359375 4.8938245773315429688 5.4227805137634277344 5.0581579208374023438 4.1411261558532714844 1.5034216642379760742 2.7243688106536865234 2.7171123027801513672 2.9454793930053710938 3.9213206768035888672 4.4223203659057617188 5.06163787841796875 6.1158566474914550781 7.0824756622314453125 6.6276640892028808594 4.4724211692810058594 3.1938166618347167969 3.5615234375
11.943474769592285156 -9999 7.0267777442932128906 6.5968332290649414062 6.3113627433776855469 4.6612410545349121094 1.7707005739212036133 0.095040172338485717773 0.75919538736343383789 0.81273472309112548828 1.9868066310882568359 1.1967051029205322266 3.1285359859466552734 1.9963169097900390625 3.24275970458984375 2.9794614315032958984 2.7163267135620117188 2.9290559291839599609 3.2956981658935546875 3.6254456043243408203 2.892803192138671875 2.1237635612487792969 1.7576521635055541992 2.0476992130279541016 2.9043734073638916016 3.9187378883361816406 5.4343900680541992188 5.4810090065002441406 4.4864907264709472656 4.8007912635803222656 4.0515995025634765625 3.8440079689025878906 2.0965425968170166016 2.3712956905364990234 1.5914963483810424805 3.1577246189117431641 2.6961803436279296875 3.3137729167938232422 3.7090520858764648438 4.8261919021606445312 6.3472962379455566406 7.3342571258544921875 6.1513738632202148438 4.3930459022521972656 3.2835259437561035156
10.476296424865722656 6.6139373779296875 1.5053807497024536133 3.1130442619323730469 3.803028106689453125 3.5008139610290527344 1.4919865131378173828 0.80166995525360107422 0.40450453758239746094 -9999 -9999 2.8493702411651611328 3.2681488990783691406 3.0217459201812744141 1.2552311420440673828 2.2079911231994628906 1.7512071132659912109 1.8417615890502929688 2.3995244503021240234 3.0456919670104980469 3.4948511123657226562 1.9991796016693115234 1.211239933967590332 2.7330596446990966797 1.9391855001449584961 1.8151037693023681641 3.5033211708068847656 4.1368098258972167969 4.0611367225646972656 4.1251344680786132812 3.2010200023651123047 2.6089890003204345703 2.2707102298736572266 2.1011853218078613281 0.85806059837341308594 2.3048300743103027344 1.8360913991928100586 3.0155637264251708984 3.1740009784698486328 3.3076028823852539062 5.1904683113098144531 6.8690514564514160156 6.8377666473388671875 5.35986328125 3.5783104896545410156
6.911739349365234375 4.3514404296875 0.93216943740844726562 2.7196507453918457031 3.517459869384765625 3.7867991924285888672 1.5256708860397338867 0.61599642038345336914 0.58139806985855102539 0.67883580923080444336 0.79137152433395385742 2.3765850067138671875 3.6581695079803466797 3.6668701171875 1.5041031837463378906 1.3782562017440795898 1.0708255767822265625 1.4734398126602172852 1.9772839546203613281 2.2739369869232177734 3.7100808620452880859 2.9536185264587402344 2.0949234962463378906 2.7208986282348632812 1.7068185806274414062 1.5715707540512084961 2.0387940406799316406 3.558147430419921875 4.6370387077331542969 4.6530904769897460938 3.8135333061218261719 2.9049043655395507812 3.0087151527404785156 2.1519474983215332031 1.4360524415969848633 2.22662353515625 1.8307657241821289062 3.0373044013977050781 3.5485482215881347656 2.4053950309753417969 3.068233489990234375 4.9704651832580566406 5.638885498046875 4.8160138130187988281 3.5060749053955078125
2.946201324462890625 1.8978345394134521484 1.128350377082824707 2.4402456283569335938 3.2964341640472412109 4.9070897102355957031 3.7281053066253662109 2.3614721298217773438 0.98042941093444824219 1.327235102653503418 1.1823368072509765625 0.77556151151657104492 3.2990736961364746094 3.7220513820648193359 3.2842586040496826172 1.7291709184646606445 2.2241940498352050781 2.3245525360107421875 2.6191995143890380859 2.3724000453948974609 2.8500139713287353516 3.5783746242523193359 2.0467228889465332031 1.0811052322387695312 1.9832737445831298828 1.3052977323532104492 2.2284300327301025391 2.9434599876403808594 3.3417379856109619141 3.1416096687316894531 2.9294855594635009766 2.22428131103515625 2.3133502006530761719 2.0211381912231445312 1.9939683675765991211 2.181850433349609375 2.368083953857421875 3.0382409095764160156 3.4104642868041992188 2.2802302837371826172 1.3234027624130249023 2.9497694969177246094 4.2799401283264160156 4.6383423805236816406 4.5814085006713867188
3.7190783023834228516 3.1142537593841552734 2.2993080615997314453 1.7918885946273803711 3.0832760334014892578 4.5904016494750976562 4.0196294784545898438 2.4090924263000488281 1.4194961786270141602 2.9174585342407226562 2.1755716800689697266 2.1717715263366699219 1.9689284563064575195 3.66977691650390625 4.1808257102966308594 2.4419460296630859375 3.5164432525634765625 3.4159600734710693359 3.0509595870971679688 2.4679343700408935547 1.9690264463424682617 3.4096937179565429688 2.2934222221374511719 1.1006320714950561523 1.1613966226577758789 1.4230583906173706055 2.8612999916076660156 2.8981060981750488281 2.771366119384765625 2.6810126304626464844 2.3638517856597900391 2.2468547821044921875 2.2803328037261962891 2.4257295131683349609 2.7848105430603027344 1.635457158088684082 2.8612058162689208984 2.7223837375640869141 3.1148657798767089844 2.0642273426055908203 1.8433927297592163086 2.5117347240447998047 3.6553208827972412109 4.4301805496215820312 6.2267374992370605469
3.9682323932647705078 4.5282740592956542969 4.5623555183410644531 3.1724989414215087891 2.4732265472412109375 3.2699651718139648438 3.6076345443725585938 2.3308024406433105469 1.253991246223449707 2.2683255672454833984 3.2571077346801757812 2.886936187744140625 1.6214178800582885742 4.0958147048950195312 4.7688307762145996094 3.4873323440551757812 3.5623047351837158203 4.2875876426696777344 3.7099802494049072266 2.7759456634521484375 2.129985809326171875 2.6862537860870361328 2.5521211624145507812 1.9899164438247680664 1.2915159463882446289 2.3326008319854736328 2.4177193641662597656 3.1765143871307373047 1.7934461832046508789 2.3017468452453613281 3.0451178550720214844 3.3742895126342773438 2.6600713729858398438 2.4423162937164306641 2.3990828990936279297 1.0970416069030761719 2.9924552440643310547 2.7605726718902587891 2.6837284564971923828 2.5463206768035888672 2.6943504810333251953 2.8857047557830810547 3.8469595909118652344 4.2058043479919433594 5.1047110557556152344
4.4973540306091308594 4.2980837821960449219 4.1618089675903320312 3.2483429908752441406 1.43398284912109375 3.2957813739776611328 2.8395895957946777344 2.5127403736114501953 1.7913635969161987305 1.6121225357055664062 3.1005671024322509766 2.7085633277893066406 1.8696420192718505859 2.6657536029815673828 4.1925745010375976562 4.4355435371398925781 2.9743676185607910156 3.4697985649108886719 4.0328211784362792969 3.5652759075164794922 3.1679744720458984375 3.0762221813201904297 3.7327446937561035156 3.4320666790008544922 2.7444102764129638672 1.3009769916534423828 2.6548504829406738281 2.4549407958984375 2.0174567699432373047 2.0573401451110839844 2.2070264816284179688 3.2751741409301757812 3.3020818233489990234 2.9520256519317626953 2.2281439304351806641 1.5444737672805786133 2.1962516307830810547 2.8529865741729736328 3.1186079978942871094 3.2232115268707275391 3.1510939598083496094 2.9701776504516601562 3.6674790382385253906 3.2839303016662597656 2.9993412494659423828
5.17028045654296875 4.7404522895812988281 5.4065704345703125 4.8643803596496582031 1.3571144342422485352 3.3345215320587158203 2.7968492507934570312 2.7334647178649902344 2.262775421142578125 2.3603014945983886719 1.9115402698516845703 2.3945355415344238281 1.7760425806045532227 0.85269856452941894531 3.4373874664306640625 3.9395568370819091797 4.5512685775756835938 2.2678806781768798828 2.2535696029663085938 3.0933022499084472656 3.3207185268402099609 3.1107125282287597656 3.0850849151611328125 4.4038705825805664062 3.1883158683776855469 1.3768755197525024414 2.7078013420104980469 1.824746251106262207 1.6648960113525390625 2.6194200515747070312 2.5229146480560302734 1.7587512731552124023 3.0917389392852783203 3.5078351497650146484 3.2700414657592773438 3.1650221347808837891 1.6159322261810302734 3.1717920303344726562 3.1039474010467529297 3.2733216285705566406 3.3333263397216796875 2.4846310615539550781 2.4396634101867675781 2.0763647556304931641 2.2686288356781005859
4.5179805755615234375 4.0833568572998046875 3.7368607521057128906 3.5398614406585693359 2.264019012451171875 4.447368621826171875 5.1066331863403320312 3.8657207489013671875 2.9671201705932617188 2.6677186489105224609 2.3360509872436523438 2.3423173427581787109 1.8851997852325439453 1.1456214189529418945 1.390857696533203125 3.2200555801391601562 4.4424033164978027344 4.2177906036376953125 2.0285062789916992188 1.6336905956268310547 2.5326926708221435547 2.8603181838989257812 2.2529568672180175781 4.2451953887939453125 3.414905548095703125 2.7559628486633300781 3.4012446403503417969 2.6031327247619628906 2.0451312065124511719 2.7926867008209228516 2.8319811820983886719 2.8703618049621582031 1.6863648891448974609 2.5351858139038085938 3.3571362495422363281 2.7676486968994140625 1.7486039400100708008 2.1934790611267089844 2.1604375839233398438 2.7072925567626953125 2.7448909282684326172 1.237326502799987793 1.4023861885070800781 1.1254731416702270508 2.2172756195068359375
6.0771236419677734375 5.9694151878356933594 5.1610121726989746094 3.8243043422698974609 2.9213571548461914062 3.7422654628753662109 4.2607369422912597656 4.7705121040344238281 4.3185858726501464844 3.6415386199951171875 3.1944582462310791016 3.1386024951934814453 2.3755557537078857422 1.4616261720657348633 0.78582882881164550781 2.0494067668914794922 3.6272089481353759766 3.7762515544891357422 3.6319980621337890625 1.7596429586410522461 1.2178789377212524414 2.7249038219451904297 2.0617897510528564453 3.6881420612335205078 3.8958270549774169922 2.7673661708831787109 2.9295415878295898438 2.9995527267456054688 2.7470366954803466797 2.5607724189758300781 2.4324293136596679688 2.3108966350555419922 1.8507149219512939453 1.2236367464065551758 1.7151150703430175781 1.476803898811340332 0.93448185920715332031 1.0176033973693847656 0.97650408744812011719 1.9990479946136474609 0.8691145777702331543 2.4391360282897949219 3.9988436698913574219 3.0701770782470703125 0.91217893362045288086
6.7914190292358398438 6.8901767730712890625 5.5196242332458496094 3.9442408084869384766 6.5783524513244628906 5.6312041282653808594 6.05716705322265625 5.4011983871459960938 5.3718495368957519531 5.0388975143432617188 4.2399201393127441406 3.5104639530181884766 3.5923550128936767578 2.7940442562103271484 2.4296543598175048828 1.3538984060287475586 2.3885326385498046875 2.4968850612640380859 3.3543188571929931641 2.9974112510681152344 1.1313326358795166016 1.620150446891784668 2.4743397235870361328 2.5462067127227783203 3.5600645542144775391 2.0374076366424560547 1.6521555185317993164 3.6690518856048583984 3.0941545963287353516 2.8527085781097412109 3.4625186920166015625 3.5790021419525146484 1.7360846996307373047 0.89973813295364379883 0.39048233628273010254 0.43429479002952575684 0.32641133666038513184 -9999 1.1348886489868164062 0.53950893878936767578 1.3778787851333618164 5.0203523635864257812 8.0833082199096679688 8.581462860107421875 6.6994466781616210938
6.9188222885131835938 7.4394626617431640625 2.4353976249694824219 4.1155261993408203125 7.4679880142211914062 7.6937041282653808594 7.4375214576721191406 5.7610793113708496094 5.4204306602478027344 5.2715139389038085938 4.9093995094299316406 4.5754766464233398438 3.7786951065063476562 3.6932227611541748047 3.2836377620697021484 2.3992197513580322266 1.4596121311187744141 1.4521421194076538086 2.0679507255554199219 2.9081220626831054688 1.7038236856460571289 1.6214032173156738281 2.9065396785736083984 3.2379908561706542969 3.1115958690643310547 1.3193739652633666992 1.7383042573928833008 3.7170534133911132812 3.1960623264312744141 3.4703514575958251953 2.9454090595245361328 2.3713667392730712891 2.7112202644348144531 1.6623063087463378906 0.80384367704391479492 0.77993685007095336914 0.78845769166946411133 0.68651866912841796875 0.48778739571571350098 0.44041857123374938965 1.9422587156295776367 6.3887548446655273438 8.1959962844848632812 6.4387054443359375 10.583592414855957031
4.1953892707824707031 3.2532093524932861328 3.6844012737274169922 5.1943726539611816406 8.0040950775146484375 8.5901002883911132812 6.4875860214233398438 6.2036070823669433594 6.277252197265625 6.42354583740234375 6.2109293937683105469 6.2031536102294921875 5.2589244842529296875 3.9703774452209472656 3.5580501556396484375 2.9047172069549560547 2.3172612190246582031 1.9724951982498168945 1.6648644208908081055 1.2041028738021850586 2.7909750938415527344 1.9178391695022583008 2.4633131027221679688 2.6910750865936279297 2.712604522705078125 2.3320803642272949219 2.9175350666046142578 3.5746600627899169922 2.9559502601623535156 1.6628209352493286133 1.4301998615264892578 1.0998771190643310547 0.86493849754333496094 0.2670014500617980957 0.24983572959899902344 0.38020354509353637695 0.48415333032608032227 0.4580224454402923584 0.75790482759475708008 1.4145710468292236328 2.1598918437957763672 5.9732747077941894531 8.1690998077392578125 1.4096928834915161133 8.90869903564453125
4.0869917869567871094 3.5502324104309082031 3.2091972827911376953 2.2715542316436767578 3.0509121417999267578 4.8485159873962402344 5.0456562042236328125 5.1731433868408203125 5.5953226089477539062 6.0649638175964355469 6.1657276153564453125 6.7163119316101074219 6.4052019119262695312 5.0832495689392089844 3.9699153900146484375 4.0032773017883300781 2.9639372825622558594 2.3194515705108642578 1.82970428466796875 1.6102910041809082031 1.3762705326080322266 1.5088266134262084961 1.7756152153015136719 0.97168743610382080078 0.52512532472610473633 1.6984779834747314453 2.6294956207275390625 2.9113416671752929688 2.0855774879455566406 0.98391044139862060547 0.66143679618835449219 0.43546727299690246582 0.56156218051910400391 0.74520260095596313477 0.33659940958023071289 0.95596146583557128906 1.2144825458526611328 0.43262064456939697266 1.1211490631103515625 2.3115134239196777344 2.2038614749908447266 4.4156737327575683594 7.7612614631652832031 3.516727447509765625 4.9951758384704589844
1.3229061365127563477 1.8268554210662841797 1.9206279516220092773 1.1978310346603393555 1.8164845705032348633 2.0439238548278808594 2.8177859783172607422 2.7768213748931884766 2.6219131946563720703 2.6078269481658935547 3.1169068813323974609 4.4523367881774902344 5.31102752685546875 4.6541919708251953125 4.1002488136291503906 3.6942467689514160156 3.1067931652069091797 2.2431244850158691406 1.7941505908966064453 1.6228077411651611328 1.2724663019180297852 1.8086954355239868164 1.1623721122741699219 0.81152582168579101562 0.48229303956031799316 1.0739114284515380859 1.7561650276184082031 1.6621785163879394531 1.4286810159683227539 1.0720069408416748047 0.40529486536979675293 0.46818482875823974609 0.7618719935417175293 1.5290862321853637695 3.0445854663848876953 3.8886981010437011719 4.2377381324768066406 3.1131694316864013672 0.96961694955825805664 2.5963985919952392578 1.6391063928604125977 2.0215654373168945312 5.9599890708923339844 5.2128047943115234375 2.6488373279571533203
1.3840576410293579102 1.6867911815643310547 1.8598716259002685547 0.94752669334411621094 0.90906381607055664062 1.0021995306015014648 1.3494658470153808594 1.6517320871353149414 1.3472312688827514648 1.2222688198089599609 0.96454101800918579102 2.4439096450805664062 3.8566613197326660156 3.9812374114990234375 3.8609111309051513672 4.0446352958679199219 3.5497159957885742188 2.934116363525390625 2.3329911231994628906 2.2035470008850097656 2.3516385555267333984 1.8041268587112426758 1.870657801628112793 0.93773341178894042969 1.5736229419708251953 0.61120831966400146484 0.80438411235809326172 1.2688815593719482422 0.52952343225479125977 0.2196187824010848999 1.287516474723815918 2.5892007350921630859 2.9682669639587402344 3.3993570804595947266 4.1412444114685058594 4.2383093833923339844 4.5256609916687011719 5.1899647712707519531 2.1300985813140869141 2.0139069557189941406 2.1952559947967529297 1.2220075130462646484 3.0735478401184082031 5.6155796051025390625 2.7594449520111083984
