gis/80m/slope.asc
ncols        128
nrows        143
xllcorner    726726.000000000000
yllcorner    7127190.000000000000
cellsize     80.000000000000
NODATA_value -9999
[rows 100 to 119 of 143, columns 45 to 89 of 128]
2.0650475025177001953 1.5537550449371337891 0.5311222076416015625 1.5904086828231811523 2.4990711212158203125 1.2571989297866821289 2.1172597408294677734 3.9732635021209716797 3.7219107151031494141 2.3869671821594238281 1.2544558048248291016 0.6618239283561706543 1.2857749462127685547 1.1577169895172119141 2.1060404777526855469 2.4613387584686279297 4.1663665771484375 3.4914000034332275391 4.4686632156372070312 3.1632525920867919922 1.6907019615173339844 1.3779621124267578125 1.7993682622909545898 2.8989436626434326172 3.7902920246124267578 3.8306920528411865234 1.5722469091415405273 1.9890915155410766602 2.9868786334991455078 3.0956718921661376953 3.0330018997192382812 3.8737931251525878906 3.7082870006561279297 1.6104198694229125977 0.57188045978546142578 2.0818159580230712891 2.7029817104339599609 1.5156052112579345703 2.2793681621551513672 4.397655487060546875 4.4433965682983398438 4.5694851875305175781 2.1321475505828857422 0.91693723201751708984 2.2571763992309570312
2.8103842735290527344 2.0943024158477783203 1.4354431629180908203 2.8116815090179443359 2.1542665958404541016 0.92043763399124145508 2.1293420791625976562 2.2989201545715332031 1.3407250642776489258 0.53452283143997192383 1.5194562673568725586 1.8502798080444335938 1.3579008579254150391 0.64087325334548950195 1.8496097326278686523 1.6462531089782714844 3.1057486534118652344 3.30437469482421875 3.3195717334747314453 2.6179220676422119141 2.1138398647308349609 2.3669147491455078125 2.9821164608001708984 3.0309464931488037109 3.4929869174957275391 5.7733211517333984375 5.8316063880920410156 4.3884639739990234375 2.4764547348022460938 3.7276754379272460938 3.9690418243408203125 2.9214181900024414062 2.1333858966827392578 2.5191082954406738281 3.5619332790374755859 3.3421342372894287109 3.0767717361450195312 3.7876870632171630859 2.2839832305908203125 0.96609187126159667969 0.23279596865177154541 1.1486849784851074219 2.6264255046844482422 3.1664981842041015625 0.95582175254821777344
4.0559105873107910156 3.7347850799560546875 2.6230781078338623047 2.8827662467956542969 1.1536797285079956055 2.6268987655639648438 2.7143158912658691406 1.4473268985748291016 0.41346940398216247559 0.5126355290412902832 1.1856453418731689453 1.6792995929718017578 1.1011294126510620117 1.3985561132431030273 2.5708556175231933594 2.0349173545837402344 2.9830515384674072266 3.8666818141937255859 3.6026549339294433594 3.6263513565063476562 4.3441395759582519531 4.7396149635314941406 5.6648664474487304688 6.4563803672790527344 7.1037201881408691406 8.6681346893310546875 9.0409383773803710938 7.9069705009460449219 4.4925627708435058594 4.3558678627014160156 4.4294857978820800781 5.260005950927734375 5.0369215011596679688 3.7014479637145996094 3.0572197437286376953 1.985909581184387207 0.6649354100227355957 3.2818548679351806641 3.6099731922149658203 4.4266376495361328125 4.3919253349304199219 3.2896659374237060547 0.84699100255966186523 2.3093938827514648438 2.9087302684783935547
4.7109808921813964844 4.701751708984375 3.804767608642578125 3.9726033210754394531 1.016463160514831543 3.3911907672882080078 1.6583318710327148438 0.31677600741386413574 0.23785953223705291748 2.0827960968017578125 2.5784103870391845703 3.0125222206115722656 2.3714940547943115234 1.2253198623657226562 2.9363272190093994141 3.0611352920532226562 3.2450029850006103516 4.5298137664794921875 4.8043770790100097656 6.3411116600036621094 7.6998457908630371094 8.789913177490234375 9.3371934890747070312 9.9731121063232421875 10.5809173583984375 11.193928718566894531 12.364455223083496094 13.424511909484863281 9.9132108688354492188 8.0722599029541015625 7.0760626792907714844 5.9300518035888671875 5.2511606216430664062 3.9167246818542480469 2.0288722515106201172 1.2276343107223510742 1.6334971189498901367 2.7819035053253173828 2.0312263965606689453 2.1856446266174316406 2.5711028575897216797 3.5810089111328125 1.8808971643447875977 2.0493383407592773438 3.4676959514617919922
5.1349024772644042969 4.9731006622314453125 5.8989095687866210938 5.599945068359375 2.2722620964050292969 2.5624153614044189453 1.8328577280044555664 0.86238431930541992188 0.62621921300888061523 1.8028606176376342773 3.8854854106903076172 4.1493024826049804688 4.8139367103576660156 2.2339737415313720703 4.6318206787109375 5.6476411819458007812 4.85161590576171875 5.2662100791931152344 5.4949221611022949219 6.9618458747863769531 8.4510545730590820312 9.3760251998901367188 9.71501922607421875 9.7239933013916015625 9.2883119583129882812 9.1255960464477539062 11.139286041259765625 13.78482818603515625 12.5751495361328125 11.563405990600585938 10.643443107604980469 9.7438335418701171875 9.1558408737182617188 7.1885981559753417969 5.9080834388732910156 4.40802764892578125 3.2569501399993896484 3.0822017192840576172 3.4746062755584716797 3.0957841873168945312 2.2699549198150634766 4.8814878463745117188 4.1573123931884765625 0.70093417167663574219 2.3845505714416503906
4.0756688117980957031 5.5560154914855957031 4.6419887542724609375 4.3087420463562011719 2.3428144454956054688 1.804915308952331543 3.2970840930938720703 1.8584642410278320312 1.4147101640701293945 1.5844455957412719727 4.4704070091247558594 4.2532634735107421875 4.4638433456420898438 2.2976446151733398438 5.7915234565734863281 6.5289297103881835938 7.3908667564392089844 7.0953550338745117188 6.0274519920349121094 6.3991146087646484375 6.9309873580932617188 7.1045665740966796875 7.8364305496215820312 7.960102081298828125 7.7188649177551269531 7.9006686210632324219 8.1509227752685546875 11.424221992492675781 12.470313072204589844 12.097394943237304688 11.222261428833007812 12.44158935546875 12.53533935546875 11.843658447265625 11.050550460815429688 9.707477569580078125 7.0575695037841796875 5.8520903587341308594 4.6429696083068847656 3.8810789585113525391 3.8140494823455810547 4.383819580078125 6.6113805770874023438 5.4101567268371582031 1.7066779136657714844
3.1958889961242675781 2.6539020538330078125 3.7617146968841552734 6.0321168899536132812 5.1096210479736328125 0.96713745594024658203 3.0618548393249511719 2.7619550228118896484 1.4821867942810058594 2.8758327960968017578 5.6331605911254882812 5.6818113327026367188 5.5299592018127441406 5.634952545166015625 3.4098362922668457031 4.0338578224182128906 6.5831747055053710938 8.2191171646118164062 8.5300645828247070312 7.268405914306640625 6.6529474258422851562 6.1051206588745117188 6.0154733657836914062 6.6106653213500976562 6.7799158096313476562 6.7953672409057617188 7.3802127838134765625 8.965908050537109375 10.2215118408203125 10.746329307556152344 11.096357345581054688 10.563162803649902344 11.394701004028320312 11.950339317321777344 11.837238311767578125 11.105006217956542969 10.30426788330078125 8.963409423828125 6.2077798843383789062 4.8580188751220703125 4.8382930755615234375 4.0527386665344238281 5.502140045166015625 7.7120981216430664062 4.8103966712951660156
7.8175549507141113281 5.4807105064392089844 3.6280000209808349609 5.9706559181213378906 6.0024647712707519531 2.4799876213073730469 1.7454290390014648438 3.0349590778350830078 2.5187304019927978516 3.1755578517913818359 3.9976110458374023438 3.7431697845458984375 3.2304437160491943359 2.743743896484375 2.2108843326568603516 0.34592664241790771484 5.6622776985168457031 8.2241849899291992188 9.1733188629150390625 8.5853929519653320312 7.2933058738708496094 6.3009581565856933594 6.0731182098388671875 6.0397863388061523438 5.7827754020690917969 6.0285663604736328125 6.3734717369079589844 6.7743201255798339844 7.4394526481628417969 7.9772396087646484375 8.4151220321655273438 8.73382568359375 8.997104644775390625 8.3093585968017578125 9.6521892547607421875 9.3382158279418945312 8.733493804931640625 8.9783382415771484375 7.5486707687377929688 6.1145539283752441406 5.6657962799072265625 4.5813913345336914062 3.8373415470123291016 6.9180254936218261719 6.4058852195739746094
9.6503820419311523438 5.6405229568481445312 5.6247038841247558594 5.0201659202575683594 5.0406498908996582031 5.095874786376953125 0.54118102788925170898 2.7101037502288818359 3.6975762844085693359 3.9063153266906738281 4.6195063591003417969 5.6501746177673339844 5.36887359619140625 1.4176180362701416016 1.0916695594787597656 3.1233699321746826172 -9999 4.7663831710815429688 7.4746417999267578125 7.642414093017578125 7.6568188667297363281 6.991062164306640625 6.8050704002380371094 6.6261849403381347656 6.5303626060485839844 7.4814019203186035156 7.9742007255554199219 8.1987047195434570312 8.3365325927734375 8.5854730606079101562 8.7324190139770507812 8.9044542312622070312 9.1128368377685546875 9.5853137969970703125 9.5738439559936523438 8.86785888671875 8.4336805343627929688 9.3297529220581054688 9.0369138717651367188 8.3988666534423828125 8.014286041259765625 6.50580596923828125 6.5508189201354980469 5.9760608673095703125 4.6111021041870117188
10.13211822509765625 7.187976837158203125 7.0151386260986328125 4.7569952011108398438 4.3012018203735351562 5.92382049560546875 3.2019181251525878906 0.37333658337593078613 3.7697031497955322266 6.0449213981628417969 7.5368528366088867188 8.5184984207153320312 7.4875607490539550781 4.5981192588806152344 2.8429629802703857422 4.8149194717407226562 5.8788561820983886719 2.8729612827301025391 3.2073562145233154297 4.6742787361145019531 5.132328033447265625 5.5975804328918457031 4.8870425224304199219 5.47489166259765625 6.6564188003540039062 10.541707038879394531 11.2828521728515625 10.927766799926757812 10.620641708374023438 12.243906021118164062 12.912273406982421875 12.060828208923339844 13.04000091552734375 14.411655426025390625 14.524135589599609375 13.189241409301757812 11.845623970031738281 11.197526931762695312 10.353466987609863281 9.7352514266967773438 9.7741632461547851562 8.850521087646484375 8.8695020675659179688 7.814361572265625 5.962665557861328125
9.6953945159912109375 9.3237752914428710938 9.097808837890625 6.3165559768676757812 5.2293148040771484375 7.070171356201171875 5.1287970542907714844 2.1431014537811279297 0.28481638431549072266 2.6428658962249755859 4.5764174461364746094 6.9711546897888183594 7.3362908363342285156 4.9414334297180175781 5.4649224281311035156 7.0737738609313964844 8.33640289306640625 6.4251732826232910156 4.507099151611328125 3.5665380954742431641 4.2286500930786132812 4.4277372360229492188 3.5388660430908203125 3.2102868556976318359 4.2181382179260253906 5.8260979652404785156 5.9386229515075683594 6.3329992294311523438 7.1875882148742675781 6.8272938728332519531 8.5745630264282226562 10.947607040405273438 13.158783912658691406 14.264339447021484375 15.755969047546386719 14.834314346313476562 12.776903152465820312 12.455183982849121094 11.550259590148925781 10.884412765502929688 10.25543975830078125 8.9652252197265625 9.5891971588134765625 9.5753221511840820312 7.5658235549926757812
7.3861708641052246094 9.9033746719360351562 11.62175750732421875 6.8627209663391113281 4.8642587661743164062 6.7099313735961914062 5.2530946731567382812 2.8705167770385742188 0.76906335353851318359 1.6310030221939086914 2.9480741024017333984 5.5427374839782714844 7.1508569717407226562 6.4303541183471679688 6.1569638252258300781 9.7347860336303710938 10.220526695251464844 9.2103586196899414062 4.653812408447265625 3.4235029220581054688 2.6194097995758056641 3.5521225929260253906 3.1261694431304931641 2.3152849674224853516 3.9754776954650878906 4.7034106254577636719 3.0511274337768554688 -9999 -9999 1.1110938787460327148 2.9301114082336425781 2.8332047462463378906 5.3744378089904785156 6.7729954719543457031 11.032810211181640625 10.984117507934570312 10.769140243530273438 11.291494369506835938 11.699371337890625 11.881982803344726562 11.159589767456054688 9.3375425338745117188 9.2403001785278320312 8.3243017196655273438 7.4524812698364257812
4.9133896827697753906 5.4278473854064941406 8.4725866317749023438 8.4851169586181640625 5.3567442893981933594 7.2524652481079101562 5.40770721435546875 3.4901998043060302734 1.6530463695526123047 0.71530222892761230469 2.0126535892486572266 3.7108876705169677734 6.1337480545043945312 7.281795501708984375 7.9797620773315429688 9.909786224365234375 10.417684555053710938 10.849413871765136719 6.8644666671752929688 3.4065368175506591797 2.9053070545196533203 2.6034708023071289062 3.5306394100189208984 3.0572752952575683594 3.2899789810180664062 3.2993683815002441406 1.6796375513076782227 1.0963580608367919922 -9999 -9999 -9999 0.84592366218566894531 2.9330117702484130859 2.1236562728881835938 6.3424801826477050781 7.92165374755859375 7.8248791694641113281 8.8284654617309570312 10.930357933044433594 11.096571922302246094 11.069607734680175781 9.1649913787841796875 8.3117494583129882812 6.0371465682983398438 3.939342498779296875
-9999 4.3537797927856445312 4.91538238525390625 7.2137889862060546875 7.1910905838012695312 7.1721329689025878906 6.0546207427978515625 4.4903001785278320312 2.8118975162506103516 1.0331733226776123047 1.1453809738159179688 1.5114753246307373047 3.1376938819885253906 5.51325225830078125 8.801250457763671875 10.30231475830078125 10.670701026916503906 10.73674774169921875 9.03498077392578125 3.6740078926086425781 2.6749401092529296875 3.3537015914916992188 3.3604216575622558594 2.6526434421539306641 1.8565490245819091797 1.4849158525466918945 -9999 -9999 -9999 -9999 -9999 -9999 -9999 2.2150800228118896484 3.7484130859375 3.6494400501251220703 2.8996498584747314453 3.8403193950653076172 6.5131773948669433594 10.825150489807128906 10.256002426147460938 9.9807786941528320312 10.065754890441894531 8.3964891433715820312 6.329936981201171875
-9999 -9999 3.4306321144104003906 5.2858829498291015625 7.6820559501647949219 6.97344970703125 6.251277923583984375 4.9316349029541015625 3.1924612522125244141 1.0987592935562133789 0.80008870363235473633 1.3667626380920410156 1.8350806236267089844 3.6564624309539794922 9.2877225875854492188 11.719807624816894531 9.5585489273071289062 10.133158683776855469 8.5328950881958007812 4.8290348052978515625 4.2832922935485839844 2.3349740505218505859 -9999 -9999 -9999 -9999 -9999 -9999 -9999 -9999 -9999 -9999 -9999 -9999 -9999 -9999 -9999 2.0501646995544433594 3.9573507308959960938 6.98865509033203125 9.7502880096435546875 9.057346343994140625 10.255954742431640625 10.177905082702636719 8.9626417160034179688
-9999 -9999 1.9981462955474853516 4.3580226898193359375 5.9321341514587402344 6.6491975784301757812 5.8260340690612792969 4.7575688362121582031 3.657894134521484375 1.4045180082321166992 0.93812227249145507812 1.0998464822769165039 0.875133514404296875 2.7425198554992675781 9.54901885986328125 12.028481483459472656 9.2076349258422851562 6.5418410301208496094 -9999 -9999 -9999 -9999 -9999 -9999 -9999 -9999 -9999 -9999 -9999 -9999 -9999 -9999 -9999 -9999 -9999 -9999 -9999 -9999 3.0627362728118896484 4.4992966651916503906 6.6729130744934082031 5.105922698974609375 6.8434205055236816406 7.4612789154052734375 7.3324370384216308594
-9999 -9999 -9999 3.3611464500427246094 4.8834595680236816406 5.2682428359985351562 5.9333167076110839844 4.3936824798583984375 4.3438076972961425781 2.3500504493713378906 0.99808675050735473633 0.42991852760314941406 0.38930138945579528809 1.4167451858520507812 7.5461263656616210938 10.6978912353515625 7.3612966537475585938 -9999 -9999 -9999 -9999 -9999 -9999 -9999 -9999 -9999 -9999 -9999 -9999 -9999 -9999 -9999 -9999 -9999 -9999 -9999 -9999 -9999 -9999 3.4789731502532958984 5.0081958770751953125 4.2110681533813476562 3.1437766551971435547 4.2346186637878417969 5.2396640777587890625
-9999 -9999 -9999 -9999 3.0691268444061279297 3.4429299831390380859 4.006378173828125 4.6328449249267578125 4.3310503959655761719 2.9623017311096191406 0.657024383544921875 0.17712742090225219727 0.20610113441944122314 0.47079807519912719727 4.116497039794921875 4.985218048095703125 -9999 -9999 -9999 -9999 -9999 -9999 -9999 -9999 -9999 -9999 -9999 -9999 -9999 -9999 -9999 -9999 -9999 -9999 -9999 -9999 -9999 -9999 -9999 3.6357524394989013672 4.1222310066223144531 3.83965301513671875 2.3339412212371826172 2.2904565334320068359 3.1235361099243164062
-9999 -9999 -9999 -9999 -9999 2.2361917495727539062 2.6348879337310791016 3.2606046199798583984 4.4589099884033203125 3.4848988056182861328 1.387127995491027832 0.65155392885208129883 -9999 -9999 -9999 -9999 -9999 -9999 -9999 -9999 -9999 -9999 -9999 -9999 -9999 -9999 -9999 -9999 -9999 -9999 -9999 -9999 -9999 -9999 -9999 -9999 -9999 -9999 -9999 2.8332240581512451172 4.5291953086853027344 3.6450512409210205078 2.5834460258483886719 2.3408095836639404297 2.2303256988525390625
-9999 -9999 -9999 -9999 -9999 -9999 2.2442488670349121094 1.7895767688751220703 2.8341610431671142578 1.8131843805313110352 -9999 -9999 -9999 -9999 -9999 -9999 -9999 -9999 -9999 -9999 -9999 -9999 -9999 -9999 -9999 -9999 -9999 -9999 -9999 -9999 -9999 -9999 -9999 -9999 -9999 -9999 -9999 -9999 -9999 2.4745271205902099609 3.771148681640625 3.2274630069732666016 2.658397674560546875 2.8500053882598876953 2.2376301288604736328
