gis/80m/slope.asc
ncols        128
nrows        143
xllcorner    726726.000000000000
yllcorner    7127190.000000000000
cellsize     80.000000000000
NODATA_value -9999
[rows 80 to 99 of 143, columns 45 to 89 of 128]
0.99591791629791259766 0.74189168214797973633 0.35905244946479797363 0.41908788681030273438 0.27629590034484863281 0.57821077108383178711 0.4481983184814453125 0.59697300195693969727 0.43866053223609924316 0.66040742397308349609 0.69331097602844238281 1.6011794805526733398 2.8812594413757324219 3.3123378753662109375 3.6333551406860351562 3.9414389133453369141 3.5050294399261474609 2.8749704360961914062 2.4646787643432617188 2.1771688461303710938 2.2035996913909912109 1.8982862234115600586 1.8720248937606811523 0.24650266766548156738 1.9748091697692871094 1.12877655029296875 0.67725199460983276367 1.5068187713623046875 3.3382055759429931641 5.6924586296081542969 8.1235971450805664062 9.210590362548828125 8.3966341018676757812 6.523677825927734375 4.5734000205993652344 3.1640145778656005859 2.8426039218902587891 4.7074913978576660156 3.3657419681549072266 1.7392911911010742188 2.3481040000915527344 1.4592404365539550781 1.1451389789581298828 3.2149469852447509766 2.1172122955322265625
0.62463027238845825195 0.60463660955429077148 0.6790205836296081543 0.47874805331230163574 0.28153944015502929688 0.45300179719924926758 0.57742047309875488281 0.79985707998275756836 0.9332453608512878418 0.66592925786972045898 0.24141570925712585449 0.2812919318675994873 1.490742802619934082 1.9853461980819702148 2.6450395584106445312 3.5639092922210693359 3.8832466602325439453 3.6309220790863037109 3.1359522342681884766 2.7105634212493896484 2.3941845893859863281 1.6991919279098510742 2.5571846961975097656 1.6340209245681762695 2.5951416492462158203 1.4406132698059082031 0.48858162760734558105 1.6280256509780883789 3.9780869483947753906 6.1718325614929199219 7.5020608901977539062 7.6177186965942382812 7.6978392601013183594 7.2444553375244140625 5.3425283432006835938 3.2191939353942871094 3.1303865909576416016 4.3066420555114746094 3.7976584434509277344 2.3921048641204833984 2.9211361408233642578 2.6162371635437011719 2.4156413078308105469 2.4537904262542724609 2.2532472610473632812
0.78805005550384521484 0.50222617387771606445 0.3120403289794921875 0.52238857746124267578 0.21102023124694824219 0.43579211831092834473 0.25455150008201599121 0.35767304897308349609 0.83719462156295776367 1.1554549932479858398 1.4981861114501953125 1.314670562744140625 0.93054693937301635742 0.22295919060707092285 0.75741064548492431641 2.1806247234344482422 3.2015061378479003906 3.9546875953674316406 3.9738633632659912109 3.3073842525482177734 2.8622326850891113281 3.0312559604644775391 3.7419254779815673828 2.4647099971771240234 3.1161639690399169922 1.4978295564651489258 2.0314717292785644531 3.063106536865234375 4.8079915046691894531 5.9866695404052734375 6.0424318313598632812 5.1029543876647949219 3.1225073337554931641 1.6659386157989501953 1.9696958065032958984 1.7664983272552490234 2.2199366092681884766 3.4047157764434814453 3.4642603397369384766 2.0627698898315429688 2.4000713825225830078 2.2259931564331054688 1.5457215309143066406 1.3268424272537231445 1.4781353473663330078
2.1699347496032714844 2.2051448822021484375 1.6066157817840576172 1.2732962369918823242 0.8181622624397277832 0.66504538059234619141 0.18712432682514190674 0.22955997288227081299 0.63267225027084350586 1.0412107706069946289 1.33417510986328125 1.695258021354675293 1.9467147588729858398 2.22209930419921875 1.5875997543334960938 0.63025438785552978516 0.83680695295333862305 1.8847948312759399414 2.7757825851440429688 2.8781375885009765625 2.6122267246246337891 2.3570661544799804688 1.8106477260589599609 1.4429411888122558594 1.6366701126098632812 0.90958893299102783203 1.9888670444488525391 2.7748510837554931641 4.7760815620422363281 6.9695343971252441406 8.3266620635986328125 8.7857847213745117188 8.413509368896484375 6.3589992523193359375 3.5092954635620117188 2.1234982013702392578 1.4402174949645996094 1.8951488733291625977 2.7614793777465820312 1.6806801557540893555 1.9386653900146484375 1.6810334920883178711 0.91340529918670654297 0.70226830244064331055 1.1616277694702148438
0.19198907911777496338 1.0551562309265136719 1.5873092412948608398 1.4516651630401611328 1.7621363401412963867 1.5686010122299194336 0.84010666608810424805 0.34342184662818908691 0.094338819384574890137 0.19061234593391418457 0.60186666250228881836 0.77670454978942871094 0.89360660314559936523 1.3730206489562988281 1.8826025724411010742 2.1476247310638427734 2.0735807418823242188 0.60609048604965209961 0.6414248347282409668 1.3900581598281860352 1.8584690093994140625 1.7228884696960449219 1.321247100830078125 0.30601611733436584473 0.23224976658821105957 0.66950142383575439453 1.0597255229949951172 1.9757188558578491211 2.8056445121765136719 4.2465753555297851562 5.6220412254333496094 6.3197541236877441406 6.7804303169250488281 6.6483826637268066406 5.4258050918579101562 3.1171174049377441406 1.7415672540664672852 1.1944143772125244141 1.6460853815078735352 0.76637315750122070312 1.5532525777816772461 1.0362141132354736328 0.60125523805618286133 0.30340415239334106445 0.6561419367790222168
2.5409939289093017578 2.102626800537109375 1.3844512701034545898 0.62486034631729125977 0.56898027658462524414 1.1438426971435546875 1.6985951662063598633 1.6052390336990356445 0.51342779397964477539 0.63176751136779785156 0.61644655466079711914 0.60711038112640380859 0.2903378605842590332 0.43354305624961853027 0.65646636486053466797 1.240941166877746582 2.2003366947174072266 2.165470123291015625 2.1575040817260742188 1.3289943933486938477 0.41166377067565917969 0.51715731620788574219 1.0821149349212646484 0.16797271370887756348 0.35514461994171142578 0.47824996709823608398 1.5476603507995605469 1.8720567226409912109 2.2387259006500244141 3.2236495018005371094 3.8526792526245117188 3.8600878715515136719 4.0677418708801269531 4.9732618331909179688 5.1770977973937988281 3.9771778583526611328 2.291736602783203125 1.5325715541839599609 1.2679524421691894531 0.39032590389251708984 1.1639468669891357422 0.56151497364044189453 0.34908935427665710449 0.44487389922142028809 0.6277141571044921875
1.7973573207855224609 2.0205359458923339844 2.2402060031890869141 2.1381030082702636719 1.5169914960861206055 0.69208997488021850586 0.70937967300415039062 1.8521345853805541992 0.22680786252021789551 0.37441390752792358398 0.52061820030212402344 0.45189875364303588867 0.20331235229969024658 0.088179089128971099854 0.081416614353656768799 0.21085250377655029297 0.76564824581146240234 1.3795286417007446289 1.9076328277587890625 2.1746380329132080078 1.9156171083450317383 1.8107789754867553711 1.4091283082962036133 1.6988773345947265625 2.2758202552795410156 2.551807403564453125 2.5335161685943603516 2.6943514347076416016 2.980022430419921875 3.0417029857635498047 3.4943583011627197266 4.0265679359436035156 3.9475309848785400391 3.1998567581176757812 4.2612414360046386719 4.9611754417419433594 3.64276885986328125 2.7718539237976074219 2.0439012050628662109 1.6465653181076049805 1.6377065181732177734 0.94517296552658081055 0.69920712709426879883 0.82898324728012084961 1.0573691129684448242
0.35221207141876220703 0.50252985954284667969 0.81520849466323852539 1.3454877138137817383 1.0362654924392700195 1.3418594598770141602 0.52243769168853759766 1.9224226474761962891 0.86076593399047851562 0.90300142765045166016 0.73781633377075195312 0.53105580806732177734 0.22805251181125640869 0.12039124220609664917 0.032557997852563858032 0.031960606575012207031 0.074875615537166595459 0.048835877329111099243 0.2673664391040802002 0.83362948894500732422 0.684291839599609375 0.97931069135665893555 0.63792657852172851562 0.67359507083892822266 1.1911236047744750977 0.72497868537902832031 0.41853308677673339844 1.1304953098297119141 1.3121560811996459961 0.54098135232925415039 1.1936339139938354492 3.1097028255462646484 5.1173954010009765625 3.3708825111389160156 3.9559214115142822266 5.8818964958190917969 5.7442593574523925781 4.6059231758117675781 3.8480560779571533203 3.0297601222991943359 2.5734393596649169922 1.7915225028991699219 1.2006858587265014648 1.2341800928115844727 1.6035809516906738281
0.40430498123168945312 0.50070601701736450195 0.58541417121887207031 0.68357509374618530273 0.97755873203277587891 1.2201547622680664062 0.46379238367080688477 1.4355990886688232422 1.4640957117080688477 0.64877873659133911133 0.29857718944549560547 0.27523919939994812012 0.14443734288215637207 0.15872886776924133301 0.34752857685089111328 0.53563153743743896484 0.5749728083610534668 0.47067177295684814453 0.32996258139610290527 0.045504964888095855713 0.74712347984313964844 1.6059702634811401367 1.9434688091278076172 1.8051364421844482422 1.9528373479843139648 2.1867969036102294922 2.3620324134826660156 3.0681908130645751953 3.8831479549407958984 2.8609442710876464844 2.3025033473968505859 0.33844205737113952637 3.7299168109893798828 3.9211595058441162109 3.376804351806640625 4.41967010498046875 5.8126549720764160156 4.9960637092590332031 4.771297454833984375 3.9915776252746582031 3.3657491207122802734 2.8980450630187988281 2.0767695903778076172 1.9265433549880981445 2.1705150604248046875
1.0547821521759033203 0.75687003135681152344 1.0181379318237304688 1.192664027214050293 0.84781086444854736328 1.2060207128524780273 0.21169488131999969482 0.61658114194869995117 1.5874259471893310547 1.9352869987487792969 0.16063538193702697754 0.23178394138813018799 0.5007451176643371582 0.7701969146728515625 1.1024709939956665039 1.217377781867980957 1.0691756010055541992 0.97311437129974365234 0.67318665981292724609 0.56565546989440917969 0.4352588653564453125 0.56356954574584960938 0.87299913167953491211 1.0877110958099365234 0.92953687906265258789 0.97631084918975830078 0.93734067678451538086 0.7034632563591003418 0.78581988811492919922 2.4171838760375976562 3.4528419971466064453 1.9880269765853881836 1.7253518104553222656 2.6214568614959716797 3.0135943889617919922 3.3826060295104980469 4.1457061767578125 4.8192958831787109375 4.8825945854187011719 4.5723657608032226562 4.852603912353515625 4.5666184425354003906 3.2902309894561767578 2.7971007823944091797 2.8430845737457275391
0.69223415851593017578 1.09754180908203125 1.4378352165222167969 1.6766946315765380859 1.4898178577423095703 2.1111600399017333984 1.9498914480209350586 1.4548422098159790039 0.76355177164077758789 2.3077704906463623047 0.14396774768829345703 0.5762888789176940918 0.80797326564788818359 1.2795772552490234375 1.6688567399978637695 1.4100729227066040039 1.0937696695327758789 0.88244032859802246094 0.78604680299758911133 0.62114810943603515625 0.29179283976554870605 0.13812361657619476318 0.35736852884292602539 0.23215329647064208984 0.40596783161163330078 0.34432086348533630371 0.08227653801441192627 0.36871302127838134766 0.45426526665687561035 0.66723620891571044922 3.3958086967468261719 3.5606091022491455078 0.73859125375747680664 0.73354184627532958984 2.8942830562591552734 4.0226302146911621094 4.8560080528259277344 5.6580419540405273438 7.1845006942749023438 6.9353671073913574219 6.0488653182983398438 5.7734866142272949219 4.5558862686157226562 3.5534317493438720703 3.6732349395751953125
1.8891614675521850586 0.55811113119125366211 0.45429766178131103516 1.6752300262451171875 2.1566205024719238281 1.5606137514114379883 1.6205828189849853516 2.8371295928955078125 1.1507651805877685547 1.8229126930236816406 0.12271835654973983765 0.44736954569816589355 0.54720932245254516602 1.1505380868911743164 0.7633482813835144043 0.35233634710311889648 0.49136170744895935059 0.78010576963424682617 1.0720632076263427734 0.80823147296905517578 0.60684299468994140625 0.45655673742294311523 0.27697020769119262695 0.11462026089429855347 0.16871984302997589111 0.11903453618288040161 0.1481615900993347168 0.34796980023384094238 0.50753325223922729492 0.51853173971176147461 1.4871516227722167969 3.4470322132110595703 2.8648419380187988281 2.3298773765563964844 2.9600012302398681641 2.2426118850708007812 0.74602305889129638672 1.6056146621704101562 3.8463983535766601562 5.5377855300903320312 6.9824652671813964844 7.5443520545959472656 6.0832662582397460938 5.2448649406433105469 5.8430037498474121094
6.0033845901489257812 5.5803403854370117188 4.3222866058349609375 3.7062785625457763672 3.7780840396881103516 3.3033385276794433594 2.8554472923278808594 3.0248034000396728516 1.5417497158050537109 2.1098453998565673828 0.28463834524154663086 0.54444873332977294922 0.87497580051422119141 1.157136082649230957 1.0063103437423706055 0.89895260334014892578 0.7383047938346862793 0.25562962889671325684 0.91823399066925048828 0.8407268524169921875 1.0040426254272460938 0.89176696538925170898 0.65104943513870239258 0.59658020734786987305 0.50668847560882568359 0.3199570775032043457 0.3893992006778717041 0.48944416642189025879 0.54235875606536865234 0.67908710241317749023 1.0435643196105957031 1.0353739261627197266 1.7052789926528930664 1.4296842813491821289 2.6779625415802001953 4.0316729545593261719 4.9139065742492675781 4.0713796615600585938 2.0628025531768798828 0.96492999792098999023 3.1404929161071777344 6.3362088203430175781 7.57453155517578125 7.0802316665649414062 6.7526836395263671875
0.24964673817157745361 2.0545568466186523438 3.1219992637634277344 4.1326441764831542969 5.0603203773498535156 4.49481964111328125 2.8948521614074707031 0.76832520961761474609 1.4539592266082763672 2.6360731124877929688 0.10292992740869522095 0.30370050668716430664 0.30527296662330627441 0.81184011697769165039 0.94863909482955932617 0.30664497613906860352 0.71501058340072631836 0.90144568681716918945 0.54701060056686401367 0.15804570913314819336 0.40981072187423706055 0.72851508855819702148 0.56538480520248413086 0.50876867771148681641 0.5353546142578125 0.40462613105773925781 0.46929723024368286133 0.5961615443229675293 0.74797075986862182617 0.97186690568923950195 1.0138146877288818359 1.1194782257080078125 1.5159604549407958984 1.1945192813873291016 0.86752027273178100586 0.4919662177562713623 1.3146613836288452148 2.8033568859100341797 3.3514914512634277344 3.2870037555694580078 2.0190958976745605469 0.93259400129318237305 2.8447809219360351562 4.3024182319641113281 5.7222819328308105469
2.5324447154998779297 2.0478293895721435547 1.5304814577102661133 1.8924038410186767578 2.87184906005859375 0.88638871908187866211 3.5318205356597900391 0.66760766506195068359 0.87446051836013793945 1.937794804573059082 2.0370848178863525391 2.2646381855010986328 0.47328412532806396484 1.2947350740432739258 -9999 1.0649222135543823242 1.0956327915191650391 0.25128293037414550781 1.5056822299957275391 1.4836056232452392578 0.28573459386825561523 0.92610931396484375 0.18223823606967926025 0.15922488272190093994 0.16390694677829742432 0.30192789435386657715 0.57357770204544067383 0.66821569204330444336 0.6916103363037109375 0.92693209648132324219 1.0281133651733398438 0.91451549530029296875 0.76254260540008544922 0.52769607305526733398 0.51148825883865356445 0.51537799835205078125 0.79379880428314208984 0.96266633272171020508 1.5558540821075439453 2.8158297538757324219 3.3076076507568359375 2.5932705402374267578 2.3017754554748535156 1.3301508426666259766 4.2416167259216308594
5.3347029685974121094 3.7482256889343261719 1.7803592681884765625 0.34218126535415649414 3.0318543910980224609 0.4028619229793548584 2.7170631885528564453 4.9651608467102050781 7.0185976028442382812 7.2780122756958007812 6.8000159263610839844 5.4643030166625976562 4.0239248275756835938 2.2604477405548095703 4.4889326095581054688 4.0951986312866210938 3.5812852382659912109 2.9620842933654785156 2.87635040283203125 2.5682742595672607422 2.5096075534820556641 2.7335412502288818359 2.9469621181488037109 2.0886416435241699219 1.0529438257217407227 0.44348469376564025879 0.87621057033538818359 0.74289101362228393555 0.62418472766876220703 0.81958532333374023438 0.88869845867156982422 0.68567037582397460938 0.66915440559387207031 0.58599656820297241211 0.63089233636856079102 0.92922252416610717773 0.91235882043838500977 1.061695098876953125 1.1164538860321044922 0.37583038210868835449 2.2405025959014892578 2.4678134918212890625 3.1361811161041259766 1.518799901008605957 3.1682114601135253906
0.96270829439163208008 1.5512001514434814453 3.1752827167510986328 1.1138815879821777344 2.6830511093139648438 2.4608793258666992188 1.9168616533279418945 1.5406441688537597656 0.74804574251174926758 1.0179082155227661133 1.9283738136291503906 3.4266664981842041016 2.7220327854156494141 1.5055100917816162109 0.46030139923095703125 2.5063166618347167969 3.6268205642700195312 3.9084715843200683594 5.3383269309997558594 5.3859744071960449219 5.0427074432373046875 4.8369660377502441406 5.1060204505920410156 5.1225686073303222656 4.7878408432006835938 3.3056695461273193359 1.1232372522354125977 0.39912846684455871582 0.60209941864013671875 0.92341578006744384766 0.91169530153274536133 0.65571737289428710938 0.66149312257766723633 0.60042709112167358398 0.69009619951248168945 0.8389415740966796875 1.2009882926940917969 1.0977491140365600586 0.78788477182388305664 0.82561224699020385742 1.2077964544296264648 2.7896511554718017578 3.6874828338623046875 2.3732821941375732422 2.8812031745910644531
8.7204160690307617188 6.7396931648254394531 4.5436553955078125 4.266239166259765625 4.6917695999145507812 4.4865446090698242188 3.9434664249420166016 4.1452322006225585938 5.9374356269836425781 6.4225282669067382812 6.4038176536560058594 4.7886567115783691406 4.6852893829345703125 6.1722369194030761719 6.592945098876953125 4.997669219970703125 3.4691665172576904297 1.0975296497344970703 1.3319672346115112305 0.41854831576347351074 1.5056473016738891602 2.1851971149444580078 1.2270177602767944336 1.3189691305160522461 3.3326802253723144531 4.4977173805236816406 4.2005248069763183594 1.9074572324752807617 0.94904494285583496094 1.1410732269287109375 1.0649068355560302734 0.86108177900314331055 0.035820115357637405396 0.68294668197631835938 1.2929351329803466797 0.68046408891677856445 0.65075445175170898438 0.9599564671516418457 1.2698856592178344727 0.21923105418682098389 0.87214982509613037109 2.1162381172180175781 3.2868742942810058594 1.3733527660369873047 2.7598893642425537109
5.5959858894348144531 5.8679518699645996094 5.5895724296569824219 4.4665765762329101562 2.2123820781707763672 3.0761990547180175781 2.2312114238739013672 0.65091526508331298828 1.7113118171691894531 2.3988535404205322266 2.56920623779296875 1.4986853599548339844 3.3629395961761474609 4.4908623695373535156 5.5717225074768066406 5.0274872779846191406 5.8152251243591308594 4.4238224029541015625 4.0423793792724609375 5.1859002113342285156 6.7087602615356445312 7.1509952545166015625 6.5375285148620605469 4.8717193603515625 2.133014678955078125 0.2708727717399597168 2.9412961006164550781 3.201183319091796875 0.70737308263778686523 1.0797394514083862305 0.67275309562683105469 0.34386429190635681152 1.3649106025695800781 2.9380052089691162109 2.8791561126708984375 3.1266496181488037109 3.0180711746215820312 2.6962223052978515625 2.3217852115631103516 1.7302381992340087891 1.2862813472747802734 1.6186102628707885742 2.9185688495635986328 0.58159691095352172852 1.6243134737014770508
2.5569243431091308594 2.2066051959991455078 2.0806276798248291016 1.5974277257919311523 1.7169291973114013672 2.6999502182006835938 2.3195297718048095703 2.7639007568359375 3.2549228668212890625 1.405615687370300293 0.56444138288497924805 1.0984328985214233398 0.81007391214370727539 1.6630144119262695312 2.2033665180206298828 2.4026250839233398438 4.8985838890075683594 4.5520191192626953125 5.514324188232421875 4.8640723228454589844 3.6619429588317871094 2.7084379196166992188 3.7063426971435546875 4.8623232841491699219 3.7946288585662841797 2.2853572368621826172 1.5274415016174316406 4.2064762115478515625 4.6558170318603515625 3.7378790378570556641 2.6914646625518798828 3.0097079277038574219 3.5805666446685791016 3.7698042392730712891 3.2730948925018310547 2.9760911464691162109 3.312530517578125 3.0716004371643066406 3.6007282733917236328 3.2103345394134521484 2.3766565322875976562 1.1054215431213378906 2.1166341304779052734 2.4610607624053955078 2.2070453166961669922
