gis/80m/slope.asc
ncols        128
nrows        143
xllcorner    726726.000000000000
yllcorner    7127190.000000000000
cellsize     80.000000000000
NODATA_value -9999
[rows 20 to 39 of 143, columns 45 to 89 of 128]
1.3864685297012329102 0.82484316825866699219 0.72224348783493041992 1.2287337779998779297 0.94422245025634765625 1.4970269203186035156 1.9001624584197998047 2.2363405227661132812 5.3394398689270019531 3.7589590549468994141 8.4301910400390625 7.4218044281005859375 7.4739871025085449219 2.3259847164154052734 1.2200245857238769531 2.3659017086029052734 2.3772933483123779297 2.0150511264801025391 2.8619391918182373047 2.7218050956726074219 2.3409726619720458984 4.1175475120544433594 4.5266509056091308594 3.2057309150695800781 2.3866372108459472656 0.93252092599868774414 0.94276940822601318359 1.4069788455963134766 1.3326646089553833008 0.40454828739166259766 0.97755217552185058594 0.66022413969039916992 3.7742750644683837891 4.9008316993713378906 5.2788586616516113281 5.4629993438720703125 1.7748895883560180664 3.6305637359619140625 3.7046494483947753906 4.1792664527893066406 4.5213627815246582031 4.8469309806823730469 3.7516677379608154297 4.0301237106323242188 5.7448487281799316406
0.49553385376930236816 0.6054642796516418457 0.4573472440242767334 0.78860253095626831055 0.67804753780364990234 0.8010794520378112793 3.4814393520355224609 5.0284667015075683594 6.2503805160522460938 4.7351241111755371094 2.7433099746704101562 6.5982050895690917969 6.7419643402099609375 5.4828820228576660156 2.3654828071594238281 2.6096911430358886719 2.7330734729766845703 0.94603407382965087891 2.1070437431335449219 3.7701203823089599609 6.9103770256042480469 10.006564140319824219 11.63292694091796875 10.923592567443847656 9.5391759872436523438 8.2129507064819335938 6.4514107704162597656 4.6828188896179199219 3.36077117919921875 1.363570094108581543 0.79389935731887817383 0.94772553443908691406 0.99633675813674926758 2.4990787506103515625 4.2644906044006347656 4.4903345108032226562 2.4659600257873535156 0.36872026324272155762 1.3557740449905395508 2.9027049541473388672 4.533355712890625 4.8913989067077636719 4.7054834365844726562 4.9917054176330566406 4.9785695075988769531
0.49362424015998840332 0.69338512420654296875 0.57783740758895874023 0.60242486000061035156 0.88992041349411010742 0.22330413758754730225 1.2418977022171020508 2.9083623886108398438 6.8589444160461425781 5.3075814247131347656 3.0752615928649902344 3.4978966712951660156 6.1180601119995117188 5.1415891647338867188 4.3638005256652832031 0.59319645166397094727 2.5990924835205078125 2.5176968574523925781 5.740345001220703125 9.8708515167236328125 10.484948158264160156 8.521427154541015625 9.1614551544189453125 11.638763427734375 13.449194908142089844 13.724147796630859375 13.809206962585449219 12.541200637817382812 10.320667266845703125 6.6375241279602050781 3.3821051120758056641 2.2180166244506835938 1.3758378028869628906 0.42195394635200500488 2.6566934585571289062 3.0682694911956787109 4.5839200019836425781 3.4306938648223876953 2.1286244392395019531 3.2852168083190917969 4.1763958930969238281 5.9822096824645996094 5.3076176643371582031 4.8449864387512207031 2.93228912353515625
0.21047091484069824219 1.2131595611572265625 0.88590592145919799805 0.81244337558746337891 1.2076506614685058594 0.26426929235458374023 1.1815333366394042969 2.7689740657806396484 5.0438995361328125 6.41735076904296875 4.5581512451171875 2.5783474445343017578 4.7234277725219726562 3.3933560848236083984 3.1422026157379150391 0.21953915059566497803 2.3718631267547607422 4.8376755714416503906 8.574527740478515625 7.6170554161071777344 6.4376001358032226562 5.6124873161315917969 4.6404500007629394531 5.9790506362915039062 7.6423435211181640625 12.146170616149902344 15.887316703796386719 18.465143203735351562 14.652386665344238281 11.621110916137695312 6.5898404121398925781 3.8122534751892089844 2.9987604618072509766 2.3921661376953125 0.61868023872375488281 1.8635370731353759766 5.2922940254211425781 5.6770157814025878906 3.1983213424682617188 2.6306540966033935547 5.2624144554138183594 7.4535441398620605469 5.8721041679382324219 4.6966867446899414062 3.7461702823638916016
1.2408437728881835938 0.89348852634429931641 2.567424774169921875 4.9285826683044433594 5.5327291488647460938 6.6748380661010742188 6.5814065933227539062 5.8826661109924316406 1.7903708219528198242 5.895008087158203125 3.1768643856048583984 1.4209263324737548828 2.4040825366973876953 1.5114541053771972656 4.2714486122131347656 0.89245820045471191406 5.0737690925598144531 9.5843610763549804688 6.4720492362976074219 6.9044671058654785156 1.5941224098205566406 1.6210952997207641602 2.4710104465484619141 1.4503765106201171875 5.457149505615234375 9.33286285400390625 10.13973236083984375 13.196511268615722656 16.82561492919921875 12.959997177124023438 8.499683380126953125 4.5183324813842773438 2.823017120361328125 2.3506348133087158203 2.3131244182586669922 2.7523989677429199219 1.9061725139617919922 3.9938035011291503906 2.4806463718414306641 3.4247355461120605469 6.5496568679809570312 8.162334442138671875 6.6130475997924804688 2.6412937641143798828 6.2690649032592773438
0.94263172149658203125 2.5780026912689208984 2.3939037322998046875 4.2482500076293945312 7.8357644081115722656 9.98340606689453125 8.1856489181518554688 9.2692651748657226562 4.4509906768798828125 2.3671667575836181641 3.5923924446105957031 2.1840887069702148438 0.28841572999954223633 5.1560344696044921875 5.89763641357421875 1.6272121667861938477 6.813251495361328125 11.023715019226074219 7.8309893608093261719 3.4863708019256591797 4.3151454925537109375 3.69963836669921875 2.7208642959594726562 5.2727155685424804688 8.2902631759643554688 4.7331476211547851562 5.2135219573974609375 6.7591218948364257812 12.27617645263671875 13.783864974975585938 10.248983383178710938 6.4014821052551269531 4.0799031257629394531 2.2426135540008544922 3.7907865047454833984 4.0966467857360839844 0.67485970258712768555 3.2312209606170654297 2.8835234642028808594 5.5022921562194824219 7.6195383071899414062 7.9474701881408691406 3.9683969020843505859 3.1282572746276855469 10.315722465515136719
2.4412581920623779297 3.8664727210998535156 3.7619047164916992188 3.6339583396911621094 3.6172497272491455078 5.6316027641296386719 7.7472734451293945312 7.924468994140625 6.5329041481018066406 0.1030718386173248291 2.6709012985229492188 3.5636663436889648438 2.8062419891357421875 6.0814118385314941406 5.7662138938903808594 4.0346736907958984375 4.5266923904418945312 12.452597618103027344 10.865827560424804688 6.3260369300842285156 5.1507744789123535156 6.9781804084777832031 3.5532786846160888672 9.351837158203125 10.16110992431640625 5.4378638267517089844 3.2301423549652099609 4.5745725631713867188 7.44593048095703125 9.3670902252197265625 6.4598703384399414062 3.1181147098541259766 1.3939580917358398438 0.40514922142028808594 2.6910560131072998047 4.9673953056335449219 2.3139164447784423828 2.3041310310363769531 2.6314539909362792969 5.4945750236511230469 6.4941430091857910156 5.9547839164733886719 1.3668682575225830078 7.3248019218444824219 12.611437797546386719
2.2549896240234375 5.4712591171264648438 6.32703399658203125 7.3272709846496582031 6.54439544677734375 4.6271257400512695312 3.3981723785400390625 6.7700829505920410156 5.4554696083068847656 3.0110933780670166016 2.2255532741546630859 3.9532082080841064453 3.6906650066375732422 4.1925725936889648438 5.4427137374877929688 3.3794109821319580078 1.8681883811950683594 7.0323910713195800781 9.989261627197265625 7.7338876724243164062 5.5172863006591796875 6.18395233154296875 3.3523945808410644531 11.929759979248046875 9.6406536102294921875 2.0425260066986083984 4.5687489509582519531 5.6089181900024414062 6.7285351753234863281 7.0204596519470214844 6.1484398841857910156 4.8358941078186035156 2.6238310337066650391 0.86696475744247436523 1.5112123489379882812 4.6243128776550292969 3.860813140869140625 1.2176809310913085938 2.4035036563873291016 5.5970034599304199219 5.9602189064025878906 2.3818840980529785156 3.6554210186004638672 8.3112668991088867188 13.978824615478515625
1.3055050373077392578 2.92630767822265625 4.005855560302734375 3.7506763935089111328 5.0958800315856933594 1.9072800874710083008 2.296749114990234375 5.6756920814514160156 4.3675670623779296875 4.0185532569885253906 1.7483612298965454102 2.5899517536163330078 3.120555877685546875 2.0103342533111572266 3.4682953357696533203 4.4820566177368164062 1.4042376279830932617 3.8593313694000244141 8.1496143341064453125 7.8188481330871582031 4.6124186515808105469 5.5739469528198242188 5.6231479644775390625 14.250506401062011719 6.6151318550109863281 2.9036908149719238281 4.8197941780090332031 4.0053644180297851562 6.1902980804443359375 9.4857959747314453125 8.8439683914184570312 7.0610218048095703125 3.9593408107757568359 1.348599553108215332 0.75509911775588989258 3.7744364738464355469 5.2497758865356445312 2.5448360443115234375 2.8954360485076904297 5.2439889907836914062 5.0196857452392578125 0.68540173768997192383 4.5914263725280761719 9.2493743896484375 13.274425506591796875
0.41395160555839538574 1.0148949623107910156 2.7344477176666259766 3.4587922096252441406 3.6123228073120117188 2.6297750473022460938 2.1920516490936279297 1.7884958982467651367 4.27564239501953125 4.4866576194763183594 3.7921147346496582031 1.6745759248733520508 2.2056913375854492188 1.5790898799896240234 1.3750596046447753906 3.9515600204467773438 3.6201431751251220703 1.2907783985137939453 5.9713225364685058594 7.8837218284606933594 5.2860536575317382812 4.7241253852844238281 7.456218719482421875 15.893727302551269531 5.5247111320495605469 4.1099081039428710938 3.8970003128051757812 4.3162665367126464844 5.3538079261779785156 7.73467254638671875 7.8160796165466308594 6.4750514030456542969 3.7939569950103759766 1.3138737678527832031 0.68764054775238037109 3.0701098442077636719 6.0123286247253417969 3.7044880390167236328 2.1357338428497314453 3.8168187141418457031 4.0948300361633300781 0.37863308191299438477 5.0973734855651855469 8.7625446319580078125 12.0708770751953125
4.2574596405029296875 1.8628685474395751953 1.2647635936737060547 4.0802283287048339844 4.6070156097412109375 5.9065914154052734375 5.3193268775939941406 3.558185577392578125 3.2440626621246337891 3.7803392410278320312 4.8831272125244140625 2.7463591098785400391 2.3410151004791259766 3.0688507556915283203 1.8488699197769165039 2.2311127185821533203 4.4686756134033203125 2.8799157142639160156 2.0761740207672119141 6.5158557891845703125 6.8384084701538085938 4.9567432403564453125 8.4358358383178710938 15.614238739013671875 8.5664110183715820312 3.530414581298828125 3.9041819572448730469 2.9873223304748535156 4.0520658493041992188 6.0905408859252929688 7.2237410545349121094 6.46840667724609375 4.2267374992370605469 2.2781043052673339844 2.4888379573822021484 4.4615969657897949219 5.9879579544067382812 3.8969676494598388672 2.5218336582183837891 3.1497757434844970703 2.8388524055480957031 0.25459465384483337402 4.1688566207885742188 7.6832137107849121094 11.014534950256347656
7.1507568359375 5.7738580703735351562 2.9910383224487304688 1.2890533208847045898 4.2499227523803710938 5.6938753128051757812 6.1602206230163574219 3.9266135692596435547 2.1648955345153808594 4.0491170883178710938 4.5155992507934570312 3.4504976272583007812 1.6646543741226196289 2.4967396259307861328 3.3406708240509033203 1.8790987730026245117 3.3217859268188476562 3.9453234672546386719 1.781239628791809082 2.8813686370849609375 5.2741990089416503906 4.4986543655395507812 7.62842559814453125 14.976375579833984375 12.88462066650390625 6.9328150749206542969 4.7238025665283203125 4.2356801033020019531 3.8228566646575927734 4.5945839881896972656 6.2436881065368652344 6.0688304901123046875 4.7512106895446777344 3.7070157527923583984 3.6700270175933837891 4.2556767463684082031 4.5683698654174804688 2.9009511470794677734 2.1798737049102783203 2.7857859134674072266 1.8862847089767456055 0.53244769573211669922 2.3632767200469970703 5.8989810943603515625 9.8042354583740234375
5.0952520370483398438 6.6266613006591796875 6.8154287338256835938 4.4016561508178710938 1.4590659141540527344 1.8678284883499145508 3.8658277988433837891 2.8717467784881591797 1.3968406915664672852 2.3975241184234619141 3.1786327362060546875 3.2019162178039550781 2.3955321311950683594 1.4444304704666137695 2.8607757091522216797 3.0970201492309570312 2.2318460941314697266 3.5688796043395996094 3.069477081298828125 2.0690150260925292969 3.1892678737640380859 3.1141514778137207031 4.7028360366821289062 10.949715614318847656 13.272128105163574219 9.6101522445678710938 5.6747899055480957031 5.2259106636047363281 4.10848236083984375 3.7094147205352783203 4.9946093559265136719 5.16211700439453125 4.5461368560791015625 4.6679224967956542969 4.6229462623596191406 4.1480684280395507812 3.2465946674346923828 2.4562633037567138672 3.0433697700500488281 2.7837312221527099609 1.9642893075942993164 1.3663121461868286133 0.73005121946334838867 4.514049530029296875 8.3251752853393554688
0.93580794334411621094 2.8577733039855957031 5.5485978126525878906 5.9045243263244628906 4.1893796920776367188 1.8184889554977416992 1.1357148885726928711 1.0556809902191162109 1.2367538213729858398 1.6402825117111206055 1.9815524816513061523 2.4367640018463134766 2.5633208751678466797 1.9494739770889282227 0.99196088314056396484 2.1472361087799072266 1.3984647989273071289 2.6755754947662353516 3.3746862411499023438 3.0299654006958007812 1.8740563392639160156 2.4748523235321044922 3.4626452922821044922 6.962543487548828125 11.568422317504882812 11.567475318908691406 8.1846704483032226562 6.4483923912048339844 4.6122903823852539062 2.8725383281707763672 3.7802350521087646484 4.5240530967712402344 3.3623561859130859375 4.0845980644226074219 5.3818058967590332031 4.9552693367004394531 2.7647254467010498047 1.6939897537231445312 3.0620260238647460938 2.5381205081939697266 1.5841430425643920898 2.2735636234283447266 2.4389576911926269531 4.6944842338562011719 6.8798084259033203125
2.2516636848449707031 1.6784272193908691406 3.0816874504089355469 4.9408817291259765625 4.8269052505493164062 3.50112152099609375 1.3492600917816162109 0.68959295749664306641 0.95933824777603149414 1.6728240251541137695 2.1650936603546142578 2.2826616764068603516 2.4510388374328613281 2.7458779811859130859 1.4972094297409057617 2.1892733573913574219 1.459463953971862793 1.4606955051422119141 3.0158505439758300781 3.9940121173858642578 2.0755672454833984375 2.4216411113739013672 3.2009937763214111328 4.9260840415954589844 9.1709947586059570312 12.112660408020019531 10.48383331298828125 8.0106439590454101562 6.0435333251953125 4.2939538955688476562 4.0053610801696777344 6.3427600860595703125 5.0906949043273925781 4.3459773063659667969 5.8393282890319824219 5.5121207237243652344 3.4792909622192382812 2.0123972892761230469 2.7848029136657714844 2.7407746315002441406 0.83172422647476196289 2.8693747520446777344 3.6227221488952636719 2.7032370567321777344 6.2289791107177734375
2.3011915683746337891 2.5165941715240478516 1.8538838624954223633 2.9101831912994384766 3.8770341873168945312 3.3057310581207275391 2.7923982143402099609 1.7793104648590087891 0.32854542136192321777 0.91503041982650756836 1.5049778223037719727 2.1995091438293457031 2.3806049823760986328 3.1417028903961181641 2.0562121868133544922 2.389678955078125 1.7873849868774414062 1.5737860202789306641 1.7984728813171386719 3.8626797199249267578 3.6501116752624511719 1.2035138607025146484 1.9282464981079101562 2.646030426025390625 4.674144744873046875 7.9323453903198242188 9.4828958511352539062 8.4655942916870117188 7.780399322509765625 7.1188950538635253906 8.987827301025390625 11.007565498352050781 10.176099777221679688 9.1223888397216796875 7.8787403106689453125 5.4387269020080566406 3.9638564586639404297 1.8913381099700927734 1.0376414060592651367 2.6167743206024169922 1.9686665534973144531 3.6420805454254150391 6.3867902755737304688 2.8940079212188720703 5.4109106063842773438
1.5810067653656005859 1.9533171653747558594 1.7809631824493408203 1.308794856071472168 2.8601276874542236328 3.076053619384765625 2.8344886302947998047 2.5228269100189208984 1.3453059196472167969 1.0695331096649169922 2.8200592994689941406 1.2873036861419677734 2.3624930381774902344 2.7586526870727539062 1.6451122760772705078 1.6612364053726196289 1.7255417108535766602 0.85426419973373413086 0.68299031257629394531 3.2445194721221923828 4.4269165992736816406 2.0077903270721435547 1.76922607421875 1.689585566520690918 2.4872014522552490234 3.5627541542053222656 6.0911536216735839844 7.9105587005615234375 9.54506683349609375 10.263154983520507812 11.5963897705078125 12.6522064208984375 10.882005691528320312 9.533504486083984375 7.8543486595153808594 6.1107130050659179688 4.3630390167236328125 3.3589136600494384766 2.779937744140625 1.8103309869766235352 0.85333544015884399414 2.8516252040863037109 6.3056397438049316406 7.2167730331420898438 0.94680041074752807617
0.36592364311218261719 1.6398448944091796875 1.8055020570755004883 1.4072648286819458008 1.5575990676879882812 2.3863537311553955078 2.6971526145935058594 2.2115302085876464844 1.902968287467956543 2.5532495975494384766 2.7163708209991455078 1.7607430219650268555 1.0765937566757202148 2.1580033302307128906 1.4814298152923583984 1.1215053796768188477 1.6712167263031005859 1.3129580020904541016 0.74354404211044311523 2.8472244739532470703 4.3970761299133300781 3.6882600784301757812 2.7846982479095458984 2.052936553955078125 2.4126913547515869141 3.8247332572937011719 4.6228718757629394531 6.6233758926391601562 8.6185140609741210938 9.8153028488159179688 9.1927118301391601562 7.7689037322998046875 3.1833367347717285156 2.34011077880859375 0.36018979549407958984 0.3681532740592956543 1.2815452814102172852 1.6363593339920043945 3.2422592639923095703 4.6093525886535644531 5.0543475151062011719 5.0358252525329589844 3.2140421867370605469 7.9965596199035644531 2.0884091854095458984
1.5839775800704956055 0.63291352987289428711 1.589612126350402832 2.1507091522216796875 2.1139342784881591797 2.2606379985809326172 2.7160277366638183594 2.8842399120330810547 2.4573373794555664062 2.6062083244323730469 2.5094311237335205078 2.0022995471954345703 1.1405097246170043945 0.69986921548843383789 1.4134128093719482422 1.0262913703918457031 1.6545621156692504883 2.1961443424224853516 0.81327408552169799805 1.7716807126998901367 3.2583413124084472656 3.97148895263671875 4.1739020347595214844 2.8232533931732177734 2.2372617721557617188 2.7290444374084472656 3.7713310718536376953 4.2166719436645507812 4.0943775177001953125 4.1678376197814941406 3.1258473396301269531 1.4786007404327392578 4.7354464530944824219 7.7545156478881835938 7.8713178634643554688 9.3068971633911132812 8.7842187881469726562 6.8067584037780761719 2.8563480377197265625 2.1941671371459960938 3.8864114284515380859 7.7578639984130859375 3.0594692230224609375 7.5838708877563476562 3.9670774936676025391
1.2475533485412597656 0.90192967653274536133 1.0998481512069702148 1.2899804115295410156 1.5559177398681640625 1.8603028059005737305 2.1557919979095458984 2.9817225933074951172 2.4188873767852783203 1.950542449951171875 2.5631890296936035156 2.0870482921600341797 1.1299853324890136719 0.96572107076644897461 1.3561778068542480469 1.4143342971801757812 1.2398513555526733398 2.8688180446624755859 2.6297936439514160156 3.9116837978363037109 4.6107645034790039062 4.0051298141479492188 4.4097781181335449219 3.3290126323699951172 2.3621103763580322266 2.1304385662078857422 1.0195716619491577148 1.0260107517242431641 0.69029289484024047852 1.8447400331497192383 3.5047788619995117188 6.0477910041809082031 8.5213384628295898438 9.2081499099731445312 9.0293140411376953125 9.2223567962646484375 10.939858436584472656 12.237685203552246094 10.331419944763183594 7.1593461036682128906 2.7256641387939453125 4.2874784469604492188 3.4897286891937255859 6.0751442909240722656 4.6653919219970703125
