gis/80m/soildepth.asc
ncols        128
nrows        143
xllcorner    726726.000000000000
yllcorner    7127190.000000000000
cellsize     80.000000000000
NODATA_value -9999
[rows 0 to 43 of 143, columns 0 to 95 of 128]
-9999.0 -9999 -9999 -9999 -9999 -9999 -9999 -9999 -9999 -9999 -9999 -9999 -9999 -9999 -9999 -9999 -9999 -9999 -9999 -9999 -9999 -9999 -9999 -9999 -9999 -9999 -9999 -9999 -9999 -9999 -9999 -9999 -9999 -9999 -9999 -9999 -9999 -9999 -9999 -9999 -9999 -9999 -9999 -9999 -9999 -9999 -9999 -9999 -9999 -9999 -9999 -9999 -9999 -9999 -9999 -9999 -9999 -9999 -9999 -9999 -9999 -9999 -9999 -9999 -9999 -9999 -9999 17 -9999 17 17 17 -9999 -9999 -9999 -9999 -9999 -9999 -9999 -9999 -9999 -9999 -9999 -9999 -9999 -9999 -9999 -9999 -9999 -9999 -9999 -9999 -9999 -9999 -9999 -9999
-9999 -9999 -9999 -9999 -9999 -9999 -9999 -9999 -9999 -9999 -9999 -9999 -9999 -9999 -9999 -9999 -9999 -9999 -9999 -9999 -9999 -9999 -9999 -9999 -9999 -9999 -9999 -9999 -9999 -9999 -9999 -9999 -9999 -9999 -9999 -9999 -9999 -9999 -9999 -9999 -9999 -9999 -9999 -9999 -9999 -9999 -9999 -9999 -9999 -9999 -9999 -9999 -9999 -9999 -9999 -9999 -9999 -9999 -9999 -9999 -9999 -9999 -9999 -9999 -9999 17 17 17 17 17 17 17 17 -9999 -9999 -9999 -9999 -9999 -9999 -9999 -9999 -9999 -9999 -9999 -9999 -9999 -9999 -9999 -9999 -9999 -9999 -9999 -9999 -9999 -9999 -9999
-9999 -9999 -9999 -9999 -9999 -9999 -9999 -9999 -9999 -9999 -9999 -9999 -9999 -9999 -9999 -9999 -9999 -9999 -9999 -9999 -9999 -9999 -9999 -9999 -9999 -9999 -9999 -9999 -9999 -9999 -9999 -9999 -9999 -9999 -9999 -9999 -9999 -9999 -9999 -9999 -9999 -9999 -9999 -9999 -9999 -9999 -9999 -9999 -9999 -9999 -9999 -9999 -9999 -9999 -9999 -9999 -9999 -9999 -9999 17 -9999 -9999 -9999 17 17 17 17 17 17 17 17 17 17 17 -9999 -9999 -9999 -9999 -9999 -9999 -9999 -9999 -9999 -9999 -9999 -9999 -9999 -9999 -9999 -9999 -9999 -9999 -9999 -9999 -9999 -9999
-9999 -9999 -9999 -9999 -9999 -9999 -9999 -9999 -9999 -9999 -9999 -9999 -9999 -9999 -9999 -9999 -9999 -9999 -9999 -9999 -9999 -9999 -9999 -9999 -9999 -9999 -9999 -9999 -9999 -9999 -9999 -9999 -9999 -9999 -9999 -9999 -9999 -9999 -9999 -9999 -9999 -9999 -9999 -9999 -9999 -9999 -9999 -9999 -9999 -9999 -9999 -9999 -9999 -9999 -9999 -9999 -9999 -9999 17 17 17 -9999 -9999 17 17 17 17 17 17 17 17 17 17 17 -9999 -9999 -9999 -9999 -9999 -9999 -9999 -9999 -9999 -9999 -9999 -9999 -9999 -9999 -9999 -9999 -9999 -9999 -9999 -9999 -9999 -9999
-9999 -9999 -9999 -9999 -9999 -9999 -9999 -9999 -9999 -9999 -9999 -9999 -9999 -9999 -9999 -9999 -9999 -9999 -9999 -9999 -9999 -9999 -9999 -9999 -9999 -9999 -9999 -9999 -9999 -9999 -9999 -9999 -9999 -9999 -9999 -9999 -9999 -9999 -9999 -9999 -9999 -9999 -9999 -9999 -9999 -9999 -9999 -9999 -9999 -9999 -9999 -9999 -9999 -9999 -9999 -9999 17 17 17 17 17 17 17 17 17 17 17 17 17 17 17 17 17 17 17 -9999 -9999 -9999 -9999 -9999 -9999 -9999 -9999 18 -9999 -9999 -9999 -9999 -9999 -9999 -9999 -9999 -9999 -9999 -9999 -9999
-9999 -9999 -9999 -9999 -9999 -9999 -9999 -9999 -9999 -9999 -9999 -9999 -9999 -9999 -9999 -9999 -9999 -9999 -9999 -9999 -9999 -9999 -9999 -9999 -9999 -9999 -9999 -9999 -9999 -9999 -9999 -9999 -9999 -9999 -9999 -9999 -9999 -9999 -9999 -9999 -9999 -9999 -9999 -9999 -9999 -9999 -9999 -9999 -9999 -9999 -9999 -9999 17 17 17 17 17 17 17 17 17 17 17 17 17 17 17 17 17 17 17 17 17 17 17 -9999 -9999 18 -9999 -9999 -9999 -9999 -9999 18 18 18 18 18 18 18 -9999 -9999 -9999 -9999 -9999 -9999
-9999 -9999 -9999 -9999 -9999 -9999 -9999 -9999 -9999 -9999 -9999 -9999 -9999 -9999 -9999 -9999 -9999 -9999 -9999 -9999 -9999 -9999 -9999 -9999 -9999 -9999 -9999 -9999 -9999 -9999 -9999 -9999 -9999 -9999 -9999 -9999 -9999 -9999 -9999 -9999 -9999 -9999 -9999 -9999 -9999 -9999 -9999 -9999 -9999 -9999 -9999 -9999 17 17 17 17 17 17 17 17 17 17 17 17 17 17 17 17 17 17 17 17 17 17 17 17 17 18 18 -9999 -9999 18 18 18 18 18 18 18 18 18 18 -9999 -9999 -9999 -9999 -9999
-9999 -9999 -9999 -9999 -9999 -9999 -9999 -9999 -9999 -9999 -9999 -9999 -9999 -9999 -9999 -9999 -9999 -9999 -9999 -9999 -9999 -9999 -9999 -9999 -9999 -9999 -9999 -9999 -9999 -9999 -9999 -9999 -9999 -9999 -9999 -9999 -9999 -9999 -9999 -9999 -9999 -9999 -9999 -9999 -9999 -9999 -9999 -9999 -9999 -9999 -9999 -9999 -9999 17 17 17 17 17 17 17 17 17 17 17 17 17 17 17 17 17 17 17 17 14 17 17 18 21 19 18 18 18 18 18 18 18 18 18 18 18 18 18 18 -9999 -9999 -9999
-9999 -9999 -9999 -9999 -9999 -9999 -9999 -9999 -9999 -9999 -9999 -9999 -9999 -9999 -9999 -9999 -9999 -9999 -9999 -9999 -9999 -9999 -9999 -9999 -9999 -9999 -9999 -9999 -9999 -9999 -9999 -9999 -9999 -9999 -9999 -9999 -9999 -9999 -9999 -9999 -9999 -9999 -9999 -9999 -9999 -9999 -9999 -9999 -9999 -9999 -9999 -9999 -9999 17 17 17 17 17 17 17 17 17 17 17 17 17 17 17 17 17 17 17 17 6 14 17 18 19 18 18 18 18 18 18 18 18 18 18 18 18 18 18 18 18 18 18
-9999 -9999 -9999 -9999 -9999 -9999 -9999 -9999 -9999 -9999 -9999 -9999 -9999 -9999 -9999 -9999 -9999 -9999 -9999 -9999 -9999 -9999 -9999 -9999 -9999 -9999 -9999 -9999 -9999 -9999 -9999 -9999 -9999 -9999 -9999 -9999 -9999 -9999 -9999 -9999 16 -9999 -9999 -9999 -9999 -9999 -9999 -9999 -9999 -9999 -9999 -9999 10 16 17 17 17 17 17 17 17 17 17 17 17 17 17 17 17 17 17 17 17 17 17 17 17 17 18 18 18 18 18 18 18 18 18 18 18 18 18 18 18 18 18 17
-9999 -9999 -9999 -9999 -9999 -9999 -9999 -9999 -9999 -9999 -9999 -9999 -9999 -9999 -9999 -9999 -9999 -9999 -9999 -9999 -9999 -9999 -9999 -9999 -9999 -9999 -9999 -9999 -9999 -9999 -9999 -9999 -9999 -9999 -9999 -9999 -9999 1 5 8 16 17 -9999 -9999 -9999 -9999 15 10 10 5 4 6 12 16 17 17 17 17 17 17 17 17 17 17 17 0 17 17 17 17 17 17 17 17 17 17 17 17 18 18 18 18 18 18 18 18 18 18 18 18 18 0 18 18 18 17
-9999 -9999 -9999 -9999 -9999 -9999 -9999 -9999 -9999 -9999 -9999 -9999 -9999 -9999 -9999 -9999 -9999 -9999 -9999 -9999 -9999 -9999 -9999 -9999 -9999 -9999 -9999 -9999 -9999 -9999 -9999 -9999 -9999 -9999 -9999 9 13 14 14 14 16 17 17 17 17 17 17 17 17 15 15 17 17 17 17 17 17 17 17 17 17 17 17 17 17 17 17 17 17 17 17 17 17 17 17 17 17 17 18 18 18 18 18 18 18 18 18 18 18 18 18 18 18 15 9 10
-9999 -9999 -9999 -9999 -9999 -9999 -9999 -9999 -9999 -9999 -9999 -9999 -9999 -9999 -9999 -9999 -9999 -9999 -9999 -9999 -9999 -9999 -9999 -9999 -9999 -9999 -9999 -9999 -9999 -9999 -9999 -9999 -9999 -9999 -9999 16 17 17 17 17 17 17 17 17 17 17 17 17 17 17 17 17 17 17 17 17 17 17 17 17 16 15 15 16 16 16 17 16 17 17 20 17 17 17 17 17 17 17 18 18 18 18 18 18 18 18 18 18 18 18 18 18 18 14 9 14
-9999 -9999 -9999 -9999 -9999 -9999 -9999 -9999 -9999 -9999 -9999 -9999 -9999 -9999 -9999 -9999 -9999 -9999 -9999 -9999 -9999 -9999 -9999 -9999 -9999 -9999 -9999 -9999 -9999 -9999 -9999 -9999 -9999 -9999 -9999 -9999 17 17 17 17 17 17 17 17 17 17 17 17 17 17 17 17 17 17 17 17 17 17 17 16 11 4 7 13 9 6 12 10 18 20 20 17 17 17 17 17 17 17 18 18 17 16 17 18 18 18 18 18 18 18 18 18 18 18 18 18
-9999 -9999 -9999 -9999 -9999 -9999 -9999 -9999 -9999 -9999 -9999 -9999 -9999 -9999 -9999 -9999 -9999 -9999 -9999 -9999 -9999 -9999 -9999 -9999 -9999 -9999 -9999 -9999 -9999 -9999 -9999 -9999 -9999 -9999 -9999 17 17 17 17 17 17 17 17 17 17 17 17 17 17 17 17 17 17 17 17 17 17 17 17 16 10 13 14 9 3 3 10 16 18 20 17 17 17 17 17 17 17 17 17 16 14 7 12 16 18 18 18 18 18 18 18 18 18 18 18 18
-9999 -9999 -9999 -9999 -9999 -9999 -9999 -9999 -9999 -9999 -9999 -9999 -9999 -9999 -9999 -9999 -9999 -9999 -9999 -9999 -9999 -9999 -9999 -9999 -9999 -9999 -9999 -9999 -9999 -9999 -9999 -9999 -9999 -9999 17 17 17 17 17 17 17 17 17 17 17 17 17 17 17 17 17 17 17 17 17 17 17 17 17 17 16 16 17 15 15 15 15 17 17 17 17 17 17 17 17 17 16 13 11 7 6 0 3 15 18 18 18 18 18 18 18 18 18 18 18 18
-9999 -9999 -9999 -9999 -9999 -9999 -9999 -9999 -9999 -9999 -9999 -9999 -9999 -9999 -9999 -9999 -9999 -9999 -9999 -9999 -9999 -9999 -9999 -9999 -9999 -9999 -9999 -9999 -9999 -9999 -9999 -9999 -9999 -9999 16 17 17 17 17 17 17 17 17 17 17 17 17 17 17 17 17 16 16 16 16 17 17 17 17 17 17 17 17 17 17 17 17 17 17 17 17 17 17 17 17 6 14 0 0 0 5 10 14 16 18 18 18 18 18 18 18 18 18 18 18 18
-9999 -9999 -9999 -9999 -9999 -9999 -9999 -9999 -9999 -9999 -9999 -9999 -9999 -9999 -9999 -9999 -9999 -9999 -9999 -9999 -9999 -9999 -9999 -9999 -9999 -9999 -9999 -9999 -9999 -9999 -9999 -9999 -9999 2 13 17 17 17 17 17 17 17 17 17 17 17 17 17 17 17 15 11 7 6 14 17 17 17 17 17 17 17 18 21 21 18 17 17 17 17 17 17 17 17 17 17 15 8 8 8 14 17 18 18 18 18 19 19 18 18 18 18 18 18 18 18
-9999 -9999 -9999 -9999 -9999 -9999 -9999 -9999 -9999 -9999 -9999 -9999 -9999 -9999 -9999 -9999 -9999 -9999 -9999 -9999 -9999 -9999 -9999 -9999 -9999 -9999 -9999 -9999 -9999 -9999 -9999 13 5 4 13 17 17 17 17 17 17 17 17 17 17 17 17 17 17 17 14 1 0 5 14 17 17 17 17 17 17 18 20 20 19 17 17 17 17 17 17 17 17 17 17 17 17 7 2 2 12 18 18 18 18 19 24 23 19 19 20 19 18 19 19 18
-9999 -9999 -9999 -9999 -9999 -9999 -9999 -9999 -9999 -9999 -9999 -9999 -9999 -9999 -9999 -9999 -9999 -9999 -9999 -9999 -9999 -9999 -9999 -9999 -9999 -9999 -9999 -9999 16 17 17 15 9 13 16 17 17 17 17 17 17 17 17 17 17 17 16 17 17 17 12 1 8 11 11 12 10 15 17 17 17 17 18 17 17 17 17 17 17 17 17 17 17 17 17 17 17 14 9 10 15 18 18 18 18 22 24 24 21 23 24 21 20 19 18 17
-9999 -9999 -9999 -9999 -9999 -9999 -9999 -9999 -9999 -9999 -9999 -9999 -9999 -9999 -9999 -9999 -9999 -9999 -9999 -9999 -9999 -9999 -9999 -9999 -9999 -9999 -9999 -9999 15 16 17 17 17 17 17 17 17 17 17 17 17 16 16 16 16 16 16 16 16 16 15 12 12 2 0 0 0 6 16 17 17 17 17 17 17 17 17 17 17 17 17 17 17 17 17 0 17 18 18 18 18 18 18 18 19 23 26 25 23 24 24 24 23 17 14 7
-9999 -9999 -9999 -9999 -9999 -9999 -9999 -9999 -9999 -9999 -9999 -9999 -9999 -9999 -9999 -9999 -9999 -9999 -9999 -9999 -9999 -9999 -9999 -9999 -9999 -9999 -9999 -9999 6 15 17 17 17 17 17 17 17 17 16 16 16 16 16 16 16 16 16 16 16 16 16 16 15 10 7 2 0 10 16 17 17 17 17 17 17 17 11 14 15 16 17 17 17 17 17 17 17 18 18 18 18 18 18 18 21 24 28 27 27 26 25 24 21 16 6 0
-9999 -9999 -9999 -9999 -9999 -9999 -9999 -9999 -9999 -9999 -9999 -9999 -9999 -9999 -9999 -9999 -9999 -9999 -9999 -9999 -9999 -9999 -9999 -9999 -9999 -9999 -9999 -9999 7 14 16 17 17 17 17 17 17 16 16 16 16 16 16 16 16 16 16 16 16 16 16 16 16 16 15 12 11 13 17 17 17 17 17 16 16 14 3 3 3 14 16 16 16 16 16 17 17 18 18 18 18 18 18 19 23 26 31 31 30 28 25 22 20 18 12 3
-9999 -9999 -9999 -9999 -9999 -9999 -9999 -9999 -9999 -9999 -9999 -9999 -9999 -9999 -9999 -9999 -9999 -9999 -9999 -9999 -9999 -9999 -9999 -9999 -9999 -9999 -9999 -9999 13 15 16 16 17 17 17 16 16 16 16 16 16 16 16 16 16 16 16 16 16 16 16 16 16 16 11 5 7 15 17 17 17 17 14 9 11 10 0 2 9 11 5 7 9 5 8 16 17 18 18 18 18 18 18 21 24 29 31 30 25 25 24 20 20 19 18 15
-9999 -9999 -9999 -9999 -9999 -9999 -9999 -9999 -9999 -9999 -9999 -9999 -9999 -9999 -9999 -9999 -9999 -9999 -9999 -9999 -9999 -9999 -9999 -9999 -9999 -9999 -9999 -9999 15 15 16 16 16 16 16 16 16 16 16 16 16 16 16 16 16 16 16 16 15 10 11 14 0 16 13 10 13 15 16 17 17 17 11 1 4 12 10 12 14 8 0 0 0 0 4 16 18 18 18 18 18 18 20 24 26 31 31 26 23 21 21 20 19 19 19 19
-9999 -9999 -9999 -9999 -9999 -9999 -9999 -9999 -9999 -9999 -9999 -9999 -9999 -9999 -9999 -9999 -9999 -9999 -9999 -9999 -9999 -9999 -9999 -9999 -9999 -9999 -9999 -9999 -9999 15 15 16 16 16 16 16 16 16 16 16 16 16 16 16 16 16 16 15 8 0 1 5 13 16 16 16 16 16 16 16 17 17 10 0 2 15 17 17 16 7 0 0 6 5 13 17 18 18 18 18 18 20 24 25 29 31 31 26 22 20 19 19 19 19 19 19
-9999 -9999 -9999 -9999 -9999 -9999 -9999 -9999 -9999 -9999 -9999 -9999 -9999 -9999 -9999 -9999 -9999 -9999 -9999 -9999 -9999 -9999 -9999 -9999 -9999 -9999 -9999 -9999 -9999 -9999 15 15 16 16 16 16 16 16 16 16 16 16 16 16 16 16 16 15 8 4 1 0 7 15 16 16 16 16 16 16 16 17 10 4 11 16 17 17 15 1 0 4 13 17 17 17 18 18 18 18 18 21 25 29 31 31 28 25 21 18 11 8 8 15 19 15
-9999 -9999 -9999 -9999 -9999 -9999 -9999 -9999 -9999 -9999 -9999 -9999 -9999 -9999 -9999 -9999 -9999 -9999 -9999 -9999 -9999 -9999 -9999 -9999 -9999 -9999 -9999 -9999 -9999 -9999 15 15 15 16 14 11 14 15 15 14 15 16 16 16 16 16 16 16 15 14 11 11 12 16 16 16 16 16 16 16 16 16 16 15 16 17 17 16 12 0 6 13 16 17 17 17 18 18 18 18 18 21 26 31 31 28 25 20 20 15 4 0 0 7 18 15
-9999 -9999 -9999 -9999 -9999 -9999 -9999 -9999 -9999 -9999 -9999 -9999 -9999 -9999 -9999 -9999 -9999 -9999 -9999 -9999 -9999 -9999 -9999 -9999 -9999 -9999 -9999 -9999 -9999 -9999 -9999 15 15 15 6 0 9 9 5 2 6 14 16 16 16 16 16 16 16 16 16 16 16 16 16 16 16 16 16 16 16 16 17 17 17 17 17 16 4 0 4 14 17 17 17 18 18 18 18 18 18 21 26 30 31 27 25 20 20 11 0 1 6 12 18 19
-9999 -9999 -9999 -9999 -9999 -9999 -9999 -9999 -9999 -9999 -9999 -9999 -9999 -9999 -9999 -9999 -9999 -9999 -9999 -9999 -9999 -9999 -9999 -9999 -9999 -9999 -9999 -9999 -9999 -9999 -9999 15 15 15 13 11 12 9 3 0 0 12 15 16 16 16 16 16 16 16 16 16 16 16 16 16 16 16 16 16 16 16 16 17 17 17 17 16 5 0 10 14 17 17 17 18 18 18 18 18 18 20 24 28 31 28 0 20 19 12 0 8 17 18 19 19
-9999 -9999 -9999 -9999 -9999 -9999 -9999 -9999 -9999 -9999 -9999 -9999 -9999 -9999 -9999 -9999 -9999 -9999 -9999 -9999 -9999 -9999 -9999 -9999 -9999 -9999 -9999 -9999 -9999 -9999 -9999 -9999 -9999 15 15 15 16 15 10 7 0 5 10 14 16 16 16 16 16 16 16 16 16 16 16 16 16 16 16 16 16 16 16 16 17 17 17 16 3 0 4 14 17 17 17 18 18 18 18 18 18 19 22 25 30 28 25 22 16 6 1 11 18 19 19 19
-9999 -9999 -9999 -9999 -9999 -9999 -9999 -9999 -9999 -9999 14 14 -9999 -9999 -9999 -9999 -9999 -9999 -9999 -9999 -9999 -9999 -9999 -9999 -9999 -9999 -9999 -9999 -9999 -9999 -9999 -9999 -9999 -9999 15 15 15 16 16 14 8 4 3 9 15 15 15 15 16 16 16 16 16 16 16 16 16 16 16 16 16 16 16 16 17 17 17 16 3 0 1 14 17 17 18 18 18 18 18 18 19 20 23 27 31 31 28 24 17 13 15 17 19 19 19 19
-9999 -9999 -9999 -9999 -9999 -9999 -9999 -9999 -9999 15 14 14 -9999 -9999 -9999 -9999 -9999 -9999 -9999 -9999 -9999 -9999 -9999 -9999 -9999 -9999 -9999 -9999 -9999 -9999 -9999 -9999 -9999 -9999 15 15 15 15 16 16 15 15 15 15 12 8 6 9 14 16 16 16 16 16 16 16 16 16 16 16 16 16 16 16 17 17 17 16 13 5 1 14 17 17 18 18 18 18 18 19 19 22 24 29 31 31 28 25 23 20 19 19 19 19 18 17
-9999 -9999 -9999 -9999 -9999 -9999 19 -9999 18 17 15 14 14 -9999 -9999 -9999 -9999 -9999 -9999 -9999 -9999 -9999 -9999 -9999 -9999 -9999 -9999 -9999 -9999 -9999 -9999 -9999 -9999 15 15 15 15 15 15 16 16 16 16 16 10 3 1 3 11 15 15 15 15 15 16 16 16 16 16 16 16 16 16 16 17 17 17 17 17 10 7 14 17 18 18 18 18 18 19 19 20 24 25 29 31 31 30 27 25 24 20 19 19 18 16 9
-9999 -9999 -9999 -9999 -9999 -9999 16 18 18 18 17 16 15 14 -9999 -9999 -9999 -9999 -9999 -9999 -9999 -9999 -9999 -9999 -9999 -9999 -9999 -9999 -9999 -9999 -9999 -9999 15 15 15 15 15 15 15 15 16 16 16 16 15 12 11 12 14 15 15 15 15 15 15 15 16 16 16 16 16 16 16 16 16 17 17 17 17 16 16 17 17 18 18 18 18 19 19 20 20 21 24 28 31 31 31 31 28 25 24 20 18 17 15 2
-9999 -9999 -9999 -9999 -9999 -9999 -9999 16 18 18 18 17 17 15 14 -9999 -9999 -9999 -9999 -9999 -9999 -9999 -9999 -9999 -9999 -9999 -9999 -9999 -9999 -9999 -9999 -9999 15 15 15 15 15 15 15 15 15 16 16 16 15 15 15 15 15 15 15 15 15 15 15 15 15 15 16 16 16 16 16 16 16 17 19 19 19 19 18 17 18 18 18 18 18 19 20 20 22 22 22 24 29 31 31 31 31 28 25 24 18 17 15 2
-9999 -9999 -9999 -9999 -9999 -9999 -9999 16 15 18 18 17 17 17 14 -9999 -9999 -9999 -9999 -9999 -9999 -9999 -9999 -9999 -9999 -9999 -9999 -9999 -9999 -9999 -9999 -9999 15 15 15 15 15 15 14 14 15 15 15 15 15 15 15 15 15 15 15 15 15 15 15 15 15 15 15 16 16 16 16 16 16 17 22 22 22 21 19 19 20 20 21 21 20 20 21 23 25 23 24 25 27 32 31 31 31 31 30 25 20 16 14 2
-9999 -9999 -9999 -9999 -9999 -9999 -9999 20 18 18 18 18 17 17 14 14 14 14 -9999 -9999 -9999 -9999 -9999 -9999 -9999 -9999 -9999 -9999 -9999 13 14 14 14 15 15 15 15 14 14 14 14 15 15 15 15 15 15 15 15 15 15 15 15 15 15 15 15 15 15 15 16 16 16 16 16 18 23 24 25 22 21 22 23 25 24 23 22 20 21 23 24 27 29 30 31 32 32 31 31 31 31 27 23 16 14 5
-9999 -9999 -9999 -9999 -9999 -9999 -9999 23 19 18 18 20 17 17 16 15 14 14 14 -9999 -9999 -9999 14 -9999 -9999 -9999 -9999 -9999 -9999 14 14 14 14 14 15 15 15 14 14 14 14 14 15 15 15 15 15 15 15 15 15 15 15 15 15 15 15 15 15 15 15 16 16 16 16 17 17 18 21 21 21 24 25 25 25 23 21 20 20 20 19 20 22 28 31 32 32 31 31 31 31 27 23 21 16 13
-9999 -9999 -9999 -9999 -9999 -9999 -9999 21 22 21 20 20 20 18 16 16 15 14 14 14 14 14 14 14 14 -9999 -9999 -9999 -9999 14 14 14 14 14 14 15 15 14 14 14 14 14 14 15 15 15 15 15 15 14 14 14 14 14 14 14 15 15 15 15 15 16 16 16 16 17 17 17 17 17 18 19 20 24 22 20 20 20 18 13 5 0 9 21 26 29 31 31 31 31 31 30 26 23 17 16
-9999 -9999 -9999 -9999 -9999 -9999 17 21 25 21 17 17 18 18 17 16 15 15 15 15 14 14 14 14 14 14 -9999 -9999 12 14 14 14 14 13 14 14 14 14 14 14 14 14 14 14 15 15 15 15 14 14 14 14 14 14 14 14 14 14 15 15 15 16 16 16 16 17 17 17 17 17 18 18 19 19 20 20 19 15 14 2 0 0 2 15 19 20 29 31 31 31 31 31 29 23 19 16
-9999 -9999 -9999 -9999 -9999 12 16 21 23 20 17 15 16 16 16 15 15 15 15 15 15 14 14 14 14 13 4 -9999 6 11 14 14 14 13 13 14 14 14 14 14 14 14 14 14 14 15 15 14 14 14 14 14 14 14 14 14 14 14 14 15 15 15 16 16 16 17 17 17 17 18 18 19 19 20 19 17 15 4 1 7 4 2 0 2 2 7 21 30 31 31 31 31 30 24 22 17
-9999 -9999 -9999 -9999 -9999 13 16 20 19 17 16 12 13 15 15 14 15 15 15 15 15 14 14 14 14 13 6 0 0 10 14 14 14 13 13 13 13 14 14 14 14 14 14 14 14 14 14 14 14 14 14 14 13 13 13 13 14 14 14 15 15 15 16 16 16 17 17 17 18 18 19 19 20 20 17 8 8 5 0 0 4 10 11 2 0 2 18 25 26 27 30 30 30 27 23 19
-9999 -9999 -9999 -9999 -9999 -9999 15 17 14 12 12 12 12 12 13 14 14 14 14 14 14 14 14 14 14 13 8 5 3 11 14 14 14 13 13 13 13 13 14 14 14 14 14 14 14 14 14 14 14 14 13 13 13 13 13 13 13 14 14 14 15 15 16 16 17 17 17 17 18 15 16 20 20 19 18 11 2 0 0 0 0 0 0 1 6 11 21 24 24 26 30 30 30 30 24 22
