gis/80m/soildepth.asc
ncols        128
nrows        143
xllcorner    726726.000000000000
yllcorner    7127190.000000000000
cellsize     80.000000000000
NODATA_value -9999
[rows 44 to 87 of 143, columns 0 to 95 of 128]
-9999 -9999 -9999 -9999 -9999 -9999 -9999 12 13 12 12 12 12 12 12 12 13 14 14 14 13 9 9 10 12 13 12 11 10 13 14 14 14 13 13 13 13 13 13 13 14 14 14 14 14 13 13 14 14 13 13 13 12 10 9 11 13 13 14 14 15 15 16 16 17 17 17 16 11 5 6 15 19 19 19 18 11 0 0 0 0 0 0 7 13 16 18 19 24 26 30 30 30 30 28 23
-9999 -9999 -9999 -9999 -9999 -9999 -9999 -9999 9 10 12 12 12 12 12 12 9 10 12 13 13 7 1 1 2 4 11 14 14 14 14 14 14 13 13 13 13 13 13 13 13 14 14 14 14 13 13 13 13 13 13 13 12 6 0 1 10 12 13 14 15 15 16 16 17 17 16 9 0 0 3 14 19 19 19 14 9 1 0 0 0 0 0 1 10 16 17 18 24 26 30 30 30 30 28 23
-9999 -9999 -9999 -9999 -9999 -9999 -9999 -9999 -9999 7 11 10 10 10 11 11 3 2 7 12 13 11 9 8 9 10 12 14 14 14 14 14 14 13 13 13 13 13 13 13 13 13 14 14 14 13 13 13 13 13 13 12 12 10 6 3 7 7 11 14 15 15 16 17 17 17 11 0 0 1 12 17 19 19 19 13 1 0 0 0 0 0 0 0 2 13 19 20 23 26 30 30 30 30 28 24
-9999 -9999 -9999 -9999 -9999 -9999 -9999 -9999 -9999 -9999 7 4 2 3 10 13 10 0 1 5 11 12 13 13 12 12 13 12 10 10 10 10 13 14 13 13 13 13 13 13 13 12 9 11 12 13 13 13 13 13 12 11 11 11 10 8 8 3 11 13 15 16 16 17 18 18 12 4 0 0 11 18 19 19 19 18 14 4 0 0 0 0 0 0 0 9 20 24 24 26 30 30 30 30 30 25
-9999 -9999 -9999 -9999 -9999 -9999 -9999 -9999 0 0 0 0 4 5 12 14 13 4 0 0 9 12 16 18 13 12 12 11 3 1 1 3 10 14 13 13 13 13 13 13 13 11 0 7 4 4 10 5 0 0 4 5 8 9 10 6 4 4 11 14 15 16 17 18 19 20 18 10 0 0 5 16 19 19 19 19 18 18 14 7 2 0 0 0 0 2 13 20 21 27 30 30 30 30 30 28
-9999 -9999 -9999 -9999 -9999 -9999 8 7 4 1 0 5 7 10 13 13 13 10 2 0 7 11 16 17 18 12 12 11 9 5 2 0 5 10 9 11 13 12 12 12 13 11 1 3 0 0 4 5 0 0 0 0 2 6 9 7 4 8 12 14 15 17 18 19 20 20 20 11 0 0 1 16 20 19 20 20 20 20 19 12 14 14 10 6 0 0 0 1 7 16 21 30 30 30 29 28
-9999 -9999 -9999 -9999 0 -9999 4 8 8 4 0 4 7 10 10 10 11 10 7 0 5 10 18 20 23 19 11 11 11 9 8 3 1 1 1 9 13 10 4 9 13 12 3 0 0 0 1 8 2 4 0 0 1 6 5 4 9 10 13 15 17 19 22 22 21 21 20 14 1 0 4 15 20 20 20 21 20 20 17 6 1 9 17 14 5 0 0 0 0 0 14 28 29 29 29 28
-9999 -9999 -9999 6 6 1 0 2 5 6 0 0 4 6 8 9 10 10 9 5 7 10 20 22 25 21 12 10 10 9 3 0 0 0 0 6 12 10 6 1 11 12 10 5 0 0 0 2 6 8 6 1 5 8 1 2 8 12 15 18 19 22 25 26 22 21 19 13 0 0 5 13 20 21 21 20 20 19 14 3 0 7 16 18 14 8 0 0 3 10 19 27 29 28 28 28
-9999 -9999 -9999 8 8 6 3 3 4 7 4 0 0 0 1 5 9 10 10 9 9 10 14 22 28 25 19 8 3 2 0 0 0 0 0 5 12 12 9 1 6 13 13 10 2 0 0 0 0 8 9 6 8 7 3 7 13 16 19 21 23 25 27 26 24 22 18 3 0 0 6 12 20 21 20 20 19 14 7 0 0 2 7 13 17 14 12 7 9 16 23 27 27 28 28 29
-9999 -9999 -9999 9 10 9 8 8 8 10 8 4 0 0 0 5 7 8 8 10 10 10 12 22 26 30 23 8 0 0 0 0 0 0 3 9 12 11 8 1 3 11 13 9 0 0 0 0 0 5 8 1 0 6 9 13 20 24 26 26 26 27 28 28 27 24 18 1 1 9 16 20 20 20 19 19 14 5 0 -9999 0 3 5 4 17 18 18 15 15 17 21 22 27 29 29 28
-9999 -9999 -9999 10 10 10 10 10 10 10 10 9 7 4 5 6 1 0 5 10 10 10 10 16 26 30 28 16 6 1 0 0 0 0 5 9 10 10 4 1 7 10 11 11 4 0 0 0 0 5 5 6 0 3 6 17 29 31 32 31 29 29 29 30 27 25 19 1 6 16 20 20 19 19 19 18 6 3 5 6 12 14 14 14 18 18 18 18 17 17 18 24 29 29 28 27
-9999 -9999 -9999 10 10 10 10 10 10 10 10 10 10 9 9 9 9 9 9 10 10 10 10 11 20 23 27 21 13 8 3 0 3 6 7 5 8 8 2 5 9 7 6 10 10 3 0 0 0 0 5 10 4 0 3 11 23 31 33 32 29 29 30 31 29 26 20 8 10 19 19 19 19 19 19 18 12 13 16 16 18 19 18 18 17 17 17 17 16 16 17 23 28 30 29 28
-9999 -9999 -9999 10 10 10 10 10 10 10 10 10 10 10 10 10 10 10 10 10 10 10 10 10 14 22 22 22 21 10 7 3 1 6 6 1 5 7 1 8 10 3 0 3 8 9 2 0 0 0 3 11 10 1 0 5 18 26 27 28 29 30 31 30 30 26 24 18 16 16 18 19 19 19 19 19 18 18 18 18 18 18 17 17 17 16 16 16 16 16 16 20 27 31 31 30
-9999 -9999 10 10 10 10 10 10 10 10 10 10 10 10 10 10 10 10 10 10 10 10 10 10 11 18 22 27 22 16 9 7 2 2 6 2 6 9 7 9 9 1 0 0 0 4 8 4 0 0 5 12 14 5 0 4 15 20 23 22 25 26 29 30 30 29 24 14 5 8 16 18 18 18 18 18 18 18 18 18 18 17 17 17 17 16 16 16 16 15 15 18 24 28 31 31
-9999 16 10 10 10 10 10 10 10 10 10 10 10 10 10 10 10 10 10 10 10 10 10 10 10 12 21 27 25 18 9 6 6 7 8 8 9 10 9 10 9 1 0 0 0 0 4 10 5 0 4 13 14 10 4 5 13 15 19 15 17 18 21 30 30 29 24 19 14 10 16 17 17 17 17 17 17 17 17 17 17 17 17 17 16 16 16 16 16 15 15 17 19 24 31 30
-9999 20 19 19 14 11 10 10 10 10 10 10 10 10 10 10 10 10 10 10 10 10 10 10 10 11 20 24 26 19 10 6 2 6 9 10 10 10 10 10 10 5 0 0 0 0 3 11 9 3 3 11 13 12 8 6 10 9 16 6 9 8 15 27 30 30 27 22 17 17 17 17 17 17 17 17 17 17 17 17 17 17 17 16 16 16 16 16 15 15 15 14 20 25 31 30
-9999 -9999 26 24 24 17 14 11 11 10 10 10 10 10 10 10 8 10 10 10 10 10 10 10 10 10 15 22 22 22 14 9 6 5 10 10 10 10 10 10 11 8 2 0 1 6 7 4 7 10 10 10 11 12 10 10 11 11 12 9 8 10 17 24 29 30 27 22 18 16 16 16 17 17 17 17 17 17 17 17 17 16 16 16 15 15 15 15 15 14 14 14 21 27 32 32
-9999 27 28 31 27 21 20 19 19 13 10 10 13 13 10 10 7 10 10 10 10 10 10 10 10 10 10 17 22 22 21 13 10 10 10 10 11 11 11 11 11 10 7 1 0 1 0 0 4 10 10 10 11 11 11 11 11 13 14 12 11 11 17 21 27 30 28 23 22 17 15 15 15 16 16 16 17 17 17 17 16 15 15 15 15 14 14 14 14 14 14 13 21 29 33 32
-9999 21 22 28 31 29 22 22 21 17 10 10 17 19 15 12 16 15 10 10 10 10 10 10 10 10 10 11 18 23 25 19 11 11 11 11 11 11 9 9 10 11 9 5 0 0 0 0 5 10 10 10 10 10 6 15 19 15 13 12 11 11 13 20 22 24 24 23 23 22 10 15 15 15 15 15 15 16 16 16 16 15 15 14 14 14 14 14 13 13 13 13 21 29 33 33
-9999 15 18 22 27 27 31 31 25 20 13 12 19 22 22 22 21 17 14 14 11 10 10 10 10 10 10 11 17 25 25 18 12 11 11 11 11 9 1 1 6 9 6 5 0 0 0 0 5 10 10 9 9 8 9 17 21 20 16 12 11 11 11 15 17 18 20 22 24 22 21 15 15 15 15 15 15 15 15 15 15 15 15 14 14 14 14 14 13 13 13 12 21 29 34 33
-9999 -9999 5 10 19 22 30 31 30 25 21 20 24 28 29 28 24 22 21 20 18 13 12 11 11 11 11 11 12 18 19 17 12 11 11 11 11 9 0 0 1 5 1 0 0 0 -9999 1 6 9 9 8 7 7 7 14 20 21 21 19 13 11 11 12 12 13 15 21 23 26 21 16 15 15 15 15 15 15 15 8 15 15 14 14 14 14 14 13 13 13 12 12 21 29 34 34
-9999 -9999 -9999 9 13 21 25 31 31 28 28 28 28 30 31 30 28 26 26 25 20 18 18 16 11 11 11 11 12 17 21 17 12 11 11 10 10 9 3 0 0 0 0 0 0 1 3 7 8 9 8 7 7 6 -9999 -9999 15 20 20 17 14 12 10 11 11 12 13 17 22 24 22 19 15 15 15 15 15 15 15 15 15 15 14 14 14 14 14 13 13 13 12 12 21 30 35 35
-9999 -9999 -9999 12 10 18 22 30 31 30 30 30 30 31 31 31 30 29 28 27 24 23 22 19 14 11 12 11 11 16 21 17 12 10 10 10 10 9 3 0 0 0 0 0 3 8 9 10 9 9 8 7 6 6 5 6 4 15 20 18 16 11 10 10 10 11 12 14 21 22 20 17 15 15 15 15 15 15 15 8 9 14 14 14 14 14 13 13 13 12 12 12 21 30 36 35
-9999 -9999 -9999 -9999 10 13 21 25 31 31 30 30 30 30 30 30 30 29 28 28 27 26 24 20 18 13 11 11 11 16 18 17 12 10 10 10 10 7 0 0 0 0 0 2 8 10 10 10 10 9 8 8 7 6 6 7 8 10 19 18 16 14 10 10 10 10 11 12 14 16 15 15 15 15 15 15 15 15 15 8 8 14 14 14 14 14 13 13 13 12 12 11 21 31 36 29
-9999 -9999 -9999 -9999 -9999 11 18 21 24 26 29 30 30 30 30 30 29 29 29 28 27 26 25 23 18 13 10 10 10 14 17 17 16 13 10 8 4 1 0 0 0 2 3 8 11 11 10 10 9 8 9 8 8 7 7 7 8 8 12 19 20 20 14 10 10 10 10 10 11 12 14 15 15 15 15 15 15 15 14 12 11 14 14 14 15 18 18 14 13 12 12 11 22 28 36 26
-9999 -9999 -9999 -9999 -9999 7 10 19 21 -9999 28 30 30 29 29 29 29 29 28 28 27 27 26 25 19 17 11 10 11 16 17 17 14 9 6 7 1 0 1 0 4 9 10 11 11 11 11 10 9 8 9 9 8 8 8 8 8 9 6 16 19 19 19 17 13 11 10 10 10 10 12 14 14 15 15 15 15 15 14 13 13 13 13 13 16 23 23 22 22 22 22 22 24 25 36 29
-9999 -9999 -9999 -9999 -9999 -9999 4 -9999 -9999 -9999 -9999 -9999 -9999 29 27 23 23 25 28 28 27 26 26 26 21 18 16 14 16 17 19 10 2 1 0 0 4 7 10 10 10 11 11 11 11 11 11 11 11 10 10 9 9 9 9 9 9 9 9 12 19 22 24 20 19 16 10 10 10 10 10 12 13 14 15 15 15 15 14 13 13 13 13 13 16 23 29 25 25 27 27 24 26 32 37 37
-9999 -9999 -9999 -9999 -9999 -9999 -9999 -9999 -9999 -9999 -9999 -9999 -9999 -9999 -9999 -9999 19 20 22 22 25 26 26 26 25 21 18 17 17 20 22 12 5 7 4 5 9 11 11 10 6 3 4 7 10 11 11 11 11 11 10 10 10 9 9 9 10 9 9 9 16 19 25 28 22 18 9 9 9 9 10 10 11 12 13 14 15 14 13 13 13 15 15 16 21 23 33 34 34 35 35 29 33 37 37 37
-9999 -9999 -9999 -9999 -9999 -9999 -9999 -9999 -9999 -9999 -9999 -9999 -9999 -9999 -9999 -9999 -9999 -9999 13 18 24 26 26 25 25 24 23 19 18 22 22 20 16 14 14 12 11 11 11 10 7 3 0 2 9 12 12 12 12 11 11 11 10 10 10 10 10 10 10 9 12 18 19 24 25 18 10 9 9 9 9 10 10 11 12 13 14 14 14 15 18 20 20 20 22 28 32 32 33 34 37 37 37 37 37 37
-9999 -9999 -9999 -9999 -9999 -9999 -9999 -9999 -9999 -9999 -9999 -9999 -9999 -9999 -9999 -9999 -9999 -9999 -9999 18 24 26 25 25 24 24 23 23 23 22 22 22 21 18 16 15 12 11 11 11 11 10 9 10 10 12 12 10 10 12 11 11 11 10 10 10 10 10 10 10 10 12 18 19 23 20 13 10 9 9 9 9 10 10 11 11 12 16 18 22 22 23 23 23 26 27 22 12 13 25 36 37 37 37 37 36
-9999 -9999 -9999 -9999 -9999 -9999 -9999 -9999 -9999 -9999 -9999 -9999 -9999 -9999 -9999 -9999 -9999 -9999 -9999 24 26 26 25 24 24 24 23 23 23 22 22 21 21 21 19 15 15 13 12 11 12 12 12 12 12 12 9 10 12 12 12 11 11 11 11 11 10 10 10 10 10 10 12 18 21 19 14 13 10 10 9 9 9 10 11 11 11 15 17 24 27 24 -9999 26 27 22 4 0 0 21 35 36 36 36 36 36
-9999 -9999 -9999 -9999 -9999 -9999 -9999 -9999 -9999 -9999 -9999 -9999 -9999 -9999 -9999 -9999 -9999 -9999 -9999 28 29 29 27 27 26 24 23 23 22 22 21 21 21 20 19 18 15 15 14 14 14 14 13 12 12 12 12 13 14 14 13 12 11 11 11 11 11 10 10 10 10 10 10 12 16 15 15 14 14 13 12 11 9 12 14 15 14 16 17 23 27 25 24 25 24 17 1 0 0 10 25 35 36 36 36 35
-9999 -9999 -9999 -9999 -9999 -9999 -9999 -9999 -9999 -9999 -9999 -9999 -9999 -9999 -9999 -9999 -9999 -9999 30 31 32 30 30 29 29 28 25 24 22 21 21 21 20 19 19 19 19 16 15 18 21 19 16 13 12 12 12 14 15 14 14 12 12 11 11 11 11 11 10 10 10 10 10 10 11 14 16 16 16 16 15 14 14 16 18 18 17 18 21 23 24 27 26 25 21 18 4 0 0 1 19 34 35 35 35 35
-9999 -9999 -9999 -9999 -9999 -9999 -9999 -9999 -9999 -9999 -9999 -9999 -9999 -9999 -9999 -9999 -9999 29 30 31 32 32 33 32 31 29 29 29 27 25 22 21 19 19 19 19 18 20 22 21 17 16 15 13 13 13 13 14 15 15 14 14 13 13 13 13 13 13 11 10 10 10 10 10 11 14 15 18 19 19 18 18 18 19 20 21 21 22 23 23 22 24 28 27 22 16 9 2 0 0 10 28 34 34 34 34
-9999 -9999 -9999 -9999 -9999 -9999 -9999 -9999 -9999 -9999 -9999 -9999 -9999 -9999 -9999 -9999 -9999 -9999 28 30 31 32 32 31 30 33 33 32 30 29 29 27 23 19 19 19 22 24 21 17 16 15 14 14 13 13 13 14 16 16 15 15 15 15 15 15 15 14 14 13 12 11 10 10 10 13 14 18 19 19 19 19 19 20 21 22 22 22 21 19 16 19 24 29 23 19 16 12 4 0 6 25 33 33 33 33
-9999 -9999 -9999 -9999 -9999 -9999 -9999 -9999 -9999 -9999 -9999 -9999 -9999 -9999 -9999 -9999 -9999 -9999 -9999 28 31 32 32 31 31 33 35 35 34 36 32 30 29 28 30 29 29 29 27 27 27 23 18 17 16 15 14 15 16 18 19 18 19 19 19 17 17 16 15 15 14 14 13 11 12 14 15 18 19 19 19 19 19 19 19 20 19 17 16 16 15 16 17 23 27 20 19 19 14 2 6 18 24 31 32 32
-9999 -9999 -9999 -9999 -9999 -9999 -9999 -9999 -9999 -9999 -9999 -9999 -9999 -9999 -9999 -9999 -9999 -9999 -9999 -9999 28 29 29 29 32 34 35 33 32 36 38 37 35 36 35 33 30 32 38 38 32 30 28 27 24 21 23 21 17 26 27 27 26 25 24 22 21 20 17 17 16 15 14 14 14 15 17 19 19 19 18 17 16 14 14 14 14 14 15 13 9 10 16 18 27 27 24 25 22 17 17 19 21 27 31 32
-9999 -9999 -9999 -9999 -9999 -9999 -9999 -9999 -9999 -9999 -9999 -9999 -9999 -9999 -9999 -9999 -9999 -9999 -9999 -9999 -9999 27 -9999 -9999 27 30 32 30 31 33 35 37 40 40 41 41 42 42 44 44 43 43 36 33 31 26 28 28 27 27 33 35 34 32 27 26 24 23 22 19 19 17 17 17 17 17 18 18 18 17 17 15 12 8 1 3 1 1 2 4 8 9 11 17 22 27 29 27 22 19 20 20 20 26 31 31
-9999 -9999 -9999 -9999 -9999 -9999 -9999 -9999 -9999 -9999 -9999 -9999 -9999 -9999 -9999 -9999 -9999 -9999 -9999 -9999 -9999 -9999 -9999 -9999 -9999 27 -9999 -9999 26 -9999 -9999 34 34 32 36 43 44 44 45 45 45 45 43 42 42 40 40 39 38 37 37 37 35 33 31 30 28 26 23 22 21 20 20 18 17 17 17 17 16 16 15 15 10 1 0 0 0 0 0 0 6 9 9 16 20 23 28 29 26 20 19 19 20 21 23 28
-9999 -9999 -9999 -9999 -9999 -9999 -9999 -9999 -9999 -9999 -9999 -9999 -9999 -9999 -9999 -9999 -9999 -9999 -9999 -9999 -9999 -9999 -9999 -9999 -9999 -9999 -9999 -9999 -9999 -9999 -9999 -9999 -9999 -9999 32 42 44 45 46 46 46 46 46 46 46 44 43 44 43 41 39 37 35 33 32 30 29 28 27 25 23 22 21 21 20 18 18 17 16 15 17 18 15 9 7 8 5 0 1 3 8 9 9 13 17 23 24 28 29 25 22 18 18 15 19 26
-9999 -9999 -9999 -9999 -9999 -9999 -9999 -9999 -9999 -9999 -9999 -9999 -9999 -9999 -9999 -9999 -9999 -9999 -9999 -9999 -9999 -9999 -9999 -9999 -9999 -9999 -9999 -9999 -9999 -9999 -9999 -9999 -9999 -9999 -9999 32 33 41 43 44 47 47 47 47 47 44 42 42 41 40 40 38 36 34 32 30 29 27 27 26 25 25 24 22 21 20 19 19 19 19 21 21 21 20 19 16 12 10 9 7 9 9 10 15 18 23 24 25 28 30 24 18 12 10 18 20
-9999 -9999 -9999 -9999 -9999 -9999 -9999 -9999 -9999 -9999 -9999 -9999 -9999 -9999 -9999 -9999 -9999 -9999 -9999 -9999 -9999 -9999 -9999 -9999 -9999 -9999 -9999 -9999 -9999 -9999 -9999 -9999 -9999 -9999 -9999 -9999 -9999 31 -9999 37 48 47 47 48 49 47 44 43 42 40 40 39 36 34 32 30 28 27 26 26 25 25 25 24 23 21 20 21 22 24 25 25 25 26 24 24 23 20 16 12 9 9 10 15 16 18 19 23 25 28 27 18 11 10 13 17
-9999 -9999 -9999 -9999 -9999 -9999 -9999 -9999 -9999 -9999 -9999 -9999 -9999 -9999 -9999 -9999 -9999 -9999 -9999 -9999 -9999 -9999 -9999 -9999 -9999 -9999 -9999 -9999 -9999 -9999 -9999 -9999 -9999 -9999 -9999 -9999 -9999 -9999 -9999 32 39 33 33 42 50 50 49 48 45 42 42 40 37 34 32 30 28 27 26 26 25 25 25 24 23 20 19 20 22 24 25 27 28 29 30 30 27 25 23 20 14 9 9 11 13 14 16 21 24 25 24 20 11 10 10 14
-9999 -9999 -9999 -9999 -9999 -9999 -9999 -9999 -9999 -9999 -9999 -9999 -9999 -9999 -9999 -9999 -9999 -9999 -9999 -9999 -9999 -9999 -9999 -9999 -9999 -9999 -9999 -9999 -9999 -9999 -9999 -9999 -9999 -9999 -9999 -9999 -9999 -9999 -9999 -9999 32 -9999 -9999 35 49 51 51 50 48 46 43 40 37 34 32 30 28 27 26 26 25 25 25 25 24 21 20 21 22 24 26 28 29 30 31 31 31 30 27 24 20 11 9 9 9 10 15 17 23 19 18 16 16 17 16 18
