gis/80m/twi_d8.asc
ncols        128
nrows        143
xllcorner    726726.000000000000
yllcorner    7127190.000000000000
cellsize     80.000000000000
NODATA_value -9999
[rows 40 to 59 of 143, columns 45 to 89 of 128]
11.830074310302734375 9.249622344970703125 11.004365921020507812 12.5332489013671875 8.4785413742065429688 9.2081613540649414062 9.4704923629760742188 7.4722294807434082031 7.5273122787475585938 8.5781660079956054688 8.6301288604736328125 8.9551286697387695312 14.304944038391113281 9.1409158706665039062 8.3610296249389648438 8.3365659713745117188 12.680284500122070312 7.4830069541931152344 7.338924407958984375 7.6023244857788085938 8.3269910812377929688 7.1883587837219238281 12.877363204956054688 12.282830238342285156 8.4083309173583984375 9.0021009445190429688 8.4985437393188476562 8.8818178176879882812 8.8747301101684570312 9.6045589447021484375 9.2980241775512695312 7.4085254669189453125 6.9516129493713378906 7.4215030670166015625 7.3520460128784179688 6.9089026451110839844 6.7806849479675292969 6.148040771484375 6.6715955734252929688 6.6979427337646484375 7.3526072502136230469 13.921866416931152344 7.6729192733764648438 7.0957517623901367188 7.0899038314819335938
11.985385894775390625 9.8266429901123046875 9.5683927536010742188 11.56354522705078125 13.870373725891113281 12.709515571594238281 11.69077301025390625 11.239577293395996094 11.622144699096679688 7.8899273872375488281 8.33583831787109375 11.832906723022460938 14.040689468383789062 10.153894424438476562 9.1589794158935546875 7.7600498199462890625 12.738585472106933594 9.060390472412109375 7.5191216468811035156 8.315441131591796875 10.313695907592773438 13.126791000366210938 8.3676280975341796875 6.47068023681640625 7.58599090576171875 7.51390838623046875 7.8029384613037109375 8.3520860671997070312 8.3975954055786132812 9.3737926483154296875 7.8543076515197753906 8.693561553955078125 7.1809592247009277344 6.7982802391052246094 7.6815543174743652344 7.2452883720397949219 8.1803045272827148438 7.2963418960571289062 6.7648296356201171875 6.92838287353515625 6.7303037643432617188 6.4569797515869140625 14.177614212036132812 7.4627003669738769531 7.132228851318359375
12.01927947998046875 8.8550777435302734375 9.4145870208740234375 9.7020635604858398438 10.070879936218261719 8.06201171875 7.6036143302917480469 8.313953399658203125 8.7100591659545898438 11.842581748962402344 11.802396774291992188 7.5794157981872558594 7.6394319534301757812 14.384844779968261719 8.8052072525024414062 7.756649017333984375 8.9374303817749023438 13.111176490783691406 7.9161972999572753906 8.574741363525390625 12.979457855224609375 8.3664913177490234375 7.2280783653259277344 6.3654742240905761719 7.4293704032897949219 7.3792386054992675781 7.7608995437622070312 8.4764318466186523438 8.5282392501831054688 9.497760772705078125 6.4992074966430664062 7.8353567123413085938 9.2847003936767578125 6.67038726806640625 6.5365953445434570312 7.0632724761962890625 7.7717223167419433594 8.3744354248046875 7.5438585281372070312 7.4071049690246582031 6.2847757339477539062 6.8907461166381835938 8.2617664337158203125 13.658244132995605469 13.423272132873535156
11.432859420776367188 7.8843946456909179688 8.59869384765625 9.2445344924926757812 8.5683460235595703125 8.949420928955078125 7.7563266754150390625 7.3991942405700683594 7.99417877197265625 8.0462322235107421875 7.2926516532897949219 7.8532075881958007812 7.538799285888671875 13.874202728271484375 8.7929029464721679688 8.1520481109619140625 7.6795468330383300781 8.9901342391967773438 12.706555366516113281 13.197784423828125 8.7386875152587890625 7.7122559547424316406 7.4171738624572753906 6.2943282127380371094 7.0806145668029785156 6.9883942604064941406 7.4203596115112304688 8.3306245803833007812 8.6074724197387695312 9.5957918167114257812 7.422275543212890625 7.031627655029296875 7.0420393943786621094 8.7652196884155273438 6.175022125244140625 6.0792956352233886719 6.5420861244201660156 7.3274564743041992188 8.5315570831298828125 7.3688206672668457031 6.9926810264587402344 7.3912949562072753906 6.612384796142578125 6.9367151260375976562 7.150402069091796875
10.302878379821777344 11.072844505310058594 9.4057188034057617188 8.1878271102905273438 7.8510999679565429688 8.8649206161499023438 8.6186513900756835938 7.766872406005859375 7.8899927139282226562 7.8335061073303222656 8.1717977523803710938 8.2311573028564453125 9.3313531875610351562 9.91756439208984375 14.129304885864257812 7.9798488616943359375 7.9485087394714355469 8.7928342819213867188 10.718736648559570312 10.951786994934082031 7.6178832054138183594 6.3389301300048828125 6.7227277755737304688 7.081119537353515625 6.5006146430969238281 6.4388599395751953125 6.8919630050659179688 8.0609607696533203125 8.3622894287109375 9.7159328460693359375 8.1876859664916992188 7.0487751960754394531 7.0010862350463867188 8.332050323486328125 6.3566403388977050781 6.573383331298828125 6.0580806732177734375 6.3599896430969238281 8.0146322250366210938 9.0814800262451171875 7.5227832794189453125 6.6420750617980957031 7.3652410507202148438 7.9308142662048339844 8.475528717041015625
10.970922470092773438 11.7614593505859375 10.000393867492675781 8.9900979995727539062 8.4851961135864257812 9.1599397659301757812 9.2659044265747070312 8.1531343460083007812 8.475711822509765625 8.1087923049926757812 7.2881555557250976562 8.0166883468627929688 8.0270633697509765625 7.0026693344116210938 9.7053480148315429688 14.140655517578125 9.0545148849487304688 7.8296008110046386719 8.1473722457885742188 9.2335224151611328125 7.9569478034973144531 7.2828135490417480469 6.9466457366943359375 6.6829590797424316406 7.0572223663330078125 6.9887509346008300781 7.3588647842407226562 7.1774325370788574219 7.868488311767578125 9.43521881103515625 8.1684064865112304688 8.2147626876831054688 7.5658860206604003906 6.7746987342834472656 7.8765196800231933594 7.0738935470581054688 6.7896108627319335938 5.7794260978698730469 6.42137908935546875 9.1673994064331054688 7.2013373374938964844 6.8282747268676757812 7.3359632492065429688 7.8421373367309570312 8.4279813766479492188
10.842385292053222656 12.55727386474609375 11.058255195617675781 8.3881731033325195312 9.9574232101440429688 8.7750196456909179688 9.377033233642578125 8.77516937255859375 9.0775213241577148438 7.6871790885925292969 7.6694493293762207031 8.4610452651977539062 8.1139249801635742188 8.3028659820556640625 8.8869771957397460938 13.89414215087890625 10.459250450134277344 8.94178009033203125 8.535369873046875 9.5324230194091796875 8.1260976791381835938 7.2281308174133300781 6.5740332603454589844 7.0555171966552734375 8.7510089874267578125 8.4692125320434570312 7.2865858078002929688 6.99201202392578125 7.585605621337890625 8.320575714111328125 9.5044498443603515625 7.8903965950012207031 7.4421377182006835938 7.0778594017028808594 6.8891572952270507812 7.4314408302307128906 7.3886904716491699219 6.1420125961303710938 5.7243127822875976562 7.27899932861328125 9.7492799758911132812 6.76256561279296875 6.5991716384887695312 7.4046335220336914062 7.9335908889770507812
9.0491809844970703125 12.615162849426269531 14.178240776062011719 11.760476112365722656 10.609987258911132812 10.827429771423339844 9.2062864303588867188 9.4401311874389648438 9.7686223983764648438 8.729877471923828125 9.3591070175170898438 8.3956737518310546875 7.0560827255249023438 7.8778176307678222656 7.2824859619140625 7.3075590133666992188 14.313782691955566406 8.439334869384765625 9.311191558837890625 9.6900205612182617188 8.7869968414306640625 8.2502546310424804688 7.9404201507568359375 7.9821906089782714844 7.9097795486450195312 8.9598035812377929688 9.0863275527954101562 7.8006124496459960938 7.384098052978515625 8.0267467498779296875 8.287433624267578125 12.489180564880371094 8.5067052841186523438 7.6019196510314941406 6.7396407127380371094 6.5736918449401855469 6.5712213516235351562 6.7366948127746582031 6.6235108375549316406 6.4170475006103515625 7.976940155029296875 10.031711578369140625 10.142679214477539062 6.7518219947814941406 7.4397487640380859375
7.9798603057861328125 9.4747714996337890625 13.890376091003417969 7.7334775924682617188 8.8753299713134765625 8.3700037002563476562 8.4163465499877929688 8.53969573974609375 9.564937591552734375 10.621323585510253906 7.8166527748107910156 7.3729219436645507812 7.3575725555419921875 7.2474436759948730469 8.0239953994750976562 8.970340728759765625 8.031581878662109375 14.333720207214355469 10.61419677734375 8.9134168624877929688 8.0681886672973632812 7.3809552192687988281 7.0882883071899414062 6.6808075904846191406 8.2517681121826171875 8.5049943923950195312 9.14133453369140625 8.1776266098022460938 7.7742466926574707031 7.6903300285339355469 7.7465791702270507812 8.432098388671875 10.881055831909179688 9.931941986083984375 7.7672405242919921875 6.3624730110168457031 6.8949198722839355469 6.3255443572998046875 6.6168146133422851562 5.9815473556518554688 6.6410574913024902344 6.7245450019836425781 7.4525008201599121094 9.9233074188232421875 10.138180732727050781
7.7412662506103515625 8.530170440673828125 8.525211334228515625 6.8434309959411621094 7.7094860076904296875 7.1305217742919921875 7.02523040771484375 7.5087094306945800781 8.9660081863403320312 11.7935638427734375 9.6398935317993164062 7.8705620765686035156 7.2207064628601074219 7.490589141845703125 7.86711883544921875 8.7019529342651367188 7.6585664749145507812 16.40988922119140625 10.137701034545898438 9.3819112777709960938 8.5510082244873046875 7.8962774276733398438 7.7017788887023925781 7.8736114501953125 8.5495615005493164062 8.3372201919555664062 9.1896791458129882812 8.385066986083984375 7.8237333297729492188 8.3611154556274414062 9.3162679672241210938 9.3258228302001953125 7.3815979957580566406 8.1036863327026367188 10.378225326538085938 10.714765548706054688 10.182159423828125 7.1957583427429199219 6.6712694168090820312 6.6651430130004882812 6.5354337692260742188 6.251003265380859375 5.9548039436340332031 6.5392565727233886719 7.3047127723693847656
7.5162191390991210938 7.9166035652160644531 9.15122222900390625 7.4741673469543457031 7.3572402000427246094 6.4481444358825683594 6.9531044960021972656 6.8684782981872558594 7.9538259506225585938 10.030961990356445312 9.383655548095703125 7.4759097099304199219 7.2863006591796875 6.8611307144165039062 7.1887450218200683594 9.4865636825561523438 8.0670862197875976562 14.357450485229492188 7.8819122314453125 8.7967815399169921875 8.0245199203491210938 7.4381766319274902344 7.1173620223999023438 6.709728240966796875 7.341999053955078125 8.1395425796508789062 8.0982990264892578125 9.4499073028564453125 8.1072816848754882812 7.8533177375793457031 8.6607646942138671875 7.643215179443359375 7.1504826545715332031 7.806606292724609375 6.5151066780090332031 7.5414195060729980469 8.156948089599609375 11.670248031616210938 7.8731493949890136719 6.7787547111511230469 6.7442369461059570312 7.1271147727966308594 6.8080339431762695312 6.2161951065063476562 5.8826246261596679688
7.4798908233642578125 8.2443170547485351562 8.388095855712890625 8.2584371566772460938 8.0757131576538085938 6.41916656494140625 6.5045537948608398438 7.5251669883728027344 8.76364898681640625 8.6474676132202148438 7.5154557228088378906 8.7190217971801757812 7.4875545501708984375 7.7335262298583984375 7.9345874786376953125 8.8522005081176757812 10.922626495361328125 15.376996040344238281 9.9631290435791015625 9.5702009201049804688 8.748920440673828125 8.128841400146484375 8.4630718231201171875 8.1575136184692382812 7.9351601600646972656 8.317535400390625 8.2971429824829101562 8.2614068984985351562 9.6696767807006835938 7.9886751174926757812 8.6414337158203125 7.1436419486999511719 6.8590159416198730469 7.584178924560546875 7.1899538040161132812 6.1488828659057617188 7.1131744384765625 8.3494958877563476562 10.877660751342773438 10.612452507019042969 7.4686112403869628906 7.3523383140563964844 7.3137655258178710938 6.3990750312805175781 6.5723276138305664062
8.192173004150390625 7.748691558837890625 7.39501953125 7.1680092811584472656 8.6323223114013671875 7.455539703369140625 6.3326516151428222656 7.0117554664611816406 7.304141998291015625 8.2134037017822265625 7.397830963134765625 7.7346830368041992188 9.0901002883911132812 7.5117034912109375 8.7508678436279296875 8.5342111587524414062 8.9877681732177734375 10.988289833068847656 11.474112510681152344 9.1633329391479492188 7.3894143104553222656 8.087268829345703125 6.8792614936828613281 8.4971857070922851562 9.3030443191528320312 7.6689085960388183594 7.1711735725402832031 8.7534160614013671875 9.9983358383178710938 8.4100599288940429688 8.6399021148681640625 7.7546510696411132812 6.5979766845703125 7.8548069000244140625 7.2512717247009277344 6.6121573448181152344 6.2317714691162109375 7.4546766281127929688 8.7039356231689453125 6.9158072471618652344 10.509052276611328125 8.5052700042724609375 7.023937225341796875 7.6832399368286132812 6.0446381568908691406
6.9238233566284179688 7.8690514564514160156 9.189441680908203125 6.6620450019836425781 7.624759674072265625 8.8885583877563476562 7.0056085586547851562 6.6198167800903320312 7.2508597373962402344 8.13254547119140625 8.996799468994140625 7.1710157394409179688 9.6144170761108398438 7.4960536956787109375 7.5438995361328125 8.7393522262573242188 8.4722051620483398438 9.1525774002075195312 11.950963020324707031 7.850772857666015625 8.091899871826171875 7.9025106430053710938 6.4872450828552246094 6.6663594245910644531 7.2348856925964355469 8.5536584854125976562 7.6177272796630859375 7.3535623550415039062 10.26415252685546875 8.732822418212890625 9.4761180877685546875 6.9588384628295898438 6.3291606903076171875 6.3573513031005859375 -9999 6.8637542724609375 7.2983999252319335938 6.4416599273681640625 7.2352952957153320312 9.08089447021484375 9.3322496414184570312 10.810475349426269531 8.6703920364379882812 7.2900457382202148438 7.6441631317138671875
6.6475825309753417969 6.8293128013610839844 8.0071582794189453125 8.8000078201293945312 6.7344040870666503906 7.2816014289855957031 9.2886409759521484375 6.5652880668640136719 8.1014537811279296875 7.9581761360168457031 8.7529211044311523438 7.2120037078857421875 9.9030237197875976562 8.06185150146484375 7.7235078811645507812 8.7111940383911132812 10.673716545104980469 12.025544166564941406 8.3780698776245117188 8.3958139419555664062 9.1405401229858398438 7.8773512840270996094 7.5588083267211914062 7.3003020286560058594 6.6917929649353027344 6.9341578483581542969 8.2091779708862304688 7.3012375831604003906 10.487155914306640625 7.13690948486328125 9.7899045944213867188 6.0523996353149414062 6.6150660514831542969 6.4390034675598144531 7.3276591300964355469 7.4068288803100585938 8.1335363388061523438 6.9462938308715820312 7.4143247604370117188 7.8343157768249511719 6.5677499771118164062 7.3863725662231445312 10.741302490234375 8.583660125732421875 7.5216832160949707031
8.7348470687866210938 6.4843468666076660156 6.3886790275573730469 6.8787236213684082031 9.2245435714721679688 7.2823991775512695312 9.92215728759765625 6.7507081031799316406 6.9078297615051269531 7.1563620567321777344 8.6442575454711914062 9.3481473922729492188 7.1200556755065917969 9.8034877777099609375 7.9885182380676269531 7.7204065322875976562 9.0609960556030273438 8.8309068679809570312 8.5426092147827148438 9.5123224258422851562 9.2327594757080078125 6.8950762748718261719 7.5740056037902832031 7.2833471298217773438 6.774219512939453125 6.9321541786193847656 7.8995509147644042969 9.0167026519775390625 10.224956512451171875 7.7537951469421386719 9.6429624557495117188 7.8218789100646972656 6.5289773941040039062 7.1301164627075195312 7.3158159255981445312 6.9069204330444335938 6.7322087287902832031 7.8992781639099121094 6.8654499053955078125 7.5689077377319335938 8.381969451904296875 8.5021457672119140625 8.642818450927734375 10.760693550109863281 10.8854217529296875
12.629582405090332031 7.761104583740234375 6.3777546882629394531 6.3220424652099609375 7.4735770225524902344 7.71624755859375 7.715984344482421875 9.8806209564208984375 6.803218841552734375 7.1394238471984863281 7.5825791358947753906 9.538608551025390625 7.3803496360778808594 10.354085922241210938 8.0923614501953125 8.25548553466796875 9.5150747299194335938 8.7107362747192382812 9.5809030532836914062 10.205471992492675781 7.9182400703430175781 8.3328619003295898438 6.7564401626586914062 7.508441925048828125 7.588623046875 6.9343080520629882812 6.9681901931762695312 8.9797773361206054688 7.5062518119812011719 10.700597763061523438 9.8476533889770507812 8.3280000686645507812 8.407016754150390625 7.0385460853576660156 6.2638339996337890625 6.4125127792358398438 6.970592498779296875 7.6439404487609863281 8.9208192825317382812 6.9822978973388671875 7.3942971229553222656 7.6247420310974121094 7.9145483970642089844 8.0313539505004882812 8.4308290481567382812
6.3353953361511230469 12.89896392822265625 8.0633249282836914062 6.5605263710021972656 6.7697057723999023438 7.6987404823303222656 7.9735722541809082031 9.8091745376586914062 7.1403479576110839844 6.7111306190490722656 7.0539598464965820312 7.8257355690002441406 10.291535377502441406 7.3376317024230957031 10.956765174865722656 8.0152826309204101562 9.0090513229370117188 10.108799934387207031 7.8743453025817871094 10.741237640380859375 8.777629852294921875 7.4439134597778320312 7.8063244819641113281 6.7732920646667480469 8.21599578857421875 6.8617205619812011719 6.846721649169921875 7.6906194686889648438 9.5458469390869140625 10.377320289611816406 9.9767255783081054688 9.413707733154296875 8.4027500152587890625 6.8788843154907226562 5.812103271484375 6.7161931991577148438 7.2791552543640136719 7.4874477386474609375 8.4988250732421875 6.8766665458679199219 6.8578171730041503906 7.3859767913818359375 7.6395311355590820312 7.872867584228515625 8.2645025253295898438
5.5581235885620117188 7.295551300048828125 12.808080673217773438 8.107036590576171875 6.9261274337768554688 8.1116771697998046875 9.812870025634765625 11.065654754638671875 7.9238495826721191406 7.1984982490539550781 6.8988084793090820312 7.7633605003356933594 10.94925689697265625 7.9476132392883300781 9.2054653167724609375 8.3036174774169921875 7.7054114341735839844 10.067971229553222656 7.6843023300170898438 10.90627288818359375 8.8978672027587890625 8.4565944671630859375 7.16043853759765625 6.5665659904479980469 8.2278509140014648438 7.37839508056640625 6.7200636863708496094 7.4908075332641601562 9.3723812103271484375 10.817424774169921875 10.16477203369140625 9.2820272445678710938 8.5827693939208984375 7.542816162109375 6.7677583694458007812 7.2064571380615234375 7.5551214218139648438 7.678600311279296875 8.3516588211059570312 6.9338164329528808594 7.8681015968322753906 8.4689836502075195312 8.3640222549438476562 8.5415487289428710938 9.0368442535400390625
6.5931906700134277344 7.5076990127563476562 7.211437225341796875 12.645180702209472656 7.0402126312255859375 8.0229368209838867188 7.9502234458923339844 8.4188098907470703125 10.908281326293945312 8.0041370391845703125 6.6595387458801269531 8.108982086181640625 9.3406572341918945312 8.85987091064453125 9.6072225570678710938 7.5919280052185058594 7.5328106880187988281 10.122470855712890625 8.1710405349731445312 7.2232880592346191406 10.588290214538574219 8.7491550445556640625 7.8945355415344238281 8.2893085479736328125 6.5767679214477539062 7.7839322090148925781 7.4934682846069335938 6.8916392326354980469 9.88427734375 7.4678139686584472656 10.928523063659667969 9.3896427154541015625 7.5778789520263671875 8.8140001296997070312 7.5606746673583984375 7.7820720672607421875 7.9683833122253417969 7.8663964271545410156 8.4208507537841796875 7.4605860710144042969 7.2501330375671386719 7.5246496200561523438 7.643402099609375 7.8379845619201660156 7.8310179710388183594
