gis/80m/twi_d8.asc
ncols        128
nrows        143
xllcorner    726726.000000000000
yllcorner    7127190.000000000000
cellsize     80.000000000000
NODATA_value -9999
[rows 20 to 39 of 143, columns 45 to 89 of 128]
8.103298187255859375 9.3158941268920898438 10.141887664794921875 9.8335542678833007812 10.096994400024414062 8.719692230224609375 7.7879476547241210938 9.0111989974975585938 6.7522320747375488281 7.10467529296875 6.2911810874938964844 6.4202160835266113281 7.1062774658203125 7.5855603218078613281 8.231231689453125 7.5685257911682128906 7.563716888427734375 7.7291965484619140625 7.37792205810546875 9.913112640380859375 10.874967575073242188 10.380568504333496094 10.679388046264648438 11.135470390319824219 11.602841377258300781 12.658911705017089844 8.4890966415405273438 8.0886077880859375 8.1428928375244140625 10.028367996215820312 8.4528598785400390625 15.263750076293945312 7.100597381591796875 8.4478435516357421875 7.8623208999633789062 6.7292189598083496094 8.954807281494140625 9.0854358673095703125 8.2178821563720703125 6.9983420372009277344 6.9193615913391113281 6.8495182991027832031 10.242116928100585938 7.0348052978515625 7.7772030830383300781
9.1323480606079101562 8.931976318359375 9.2125444412231445312 9.3608303070068359375 10.205039024353027344 8.6519832611083984375 8.97333526611328125 6.8125662803649902344 7.2867803573608398438 6.8729653358459472656 7.4203238487243652344 6.5390214920043945312 6.5172719955444335938 8.111858367919921875 9.5146131515502929688 8.1634769439697265625 8.1172151565551757812 9.58425140380859375 9.8817415237426757812 8.8934612274169921875 7.878658294677734375 6.1167721748352050781 7.0611519813537597656 6.0271086692810058594 8.1114568710327148438 7.7039537429809570312 7.2548632621765136719 8.6758823394775390625 9.162845611572265625 10.828008651733398438 11.49420166015625 8.483852386474609375 14.865154266357421875 8.8999910354614257812 7.6712288856506347656 8.3125705718994140625 7.5270547866821289062 9.4279565811157226562 10.205136299133300781 9.8486614227294921875 7.6098484992980957031 7.5334887504577636719 7.5724205970764160156 10.038817405700683594 8.2088842391967773438
9.1362094879150390625 9.4895219802856445312 8.9786825180053710938 9.6301565170288085938 8.5467967987060546875 13.918453216552734375 8.2134561538696289062 7.3618040084838867188 8.2916669845581054688 7.4513983726501464844 7.3059024810791015625 7.1768484115600585938 7.3083448410034179688 6.7902021408081054688 7.6481213569641113281 11.785660743713378906 7.4744048118591308594 8.1994123458862304688 7.3725275993347167969 7.740142822265625 6.7622094154357910156 6.2802581787109375 6.899822235107421875 5.9620237350463867188 7.4221658706665039062 6.890323638916015625 5.7852883338928222656 7.4945211410522460938 7.1838192939758300781 7.9193215370178222656 7.2105927467346191406 8.3262872695922851562 11.155521392822265625 15.783818244934082031 9.6496791839599609375 8.0013303756713867188 7.5987095832824707031 7.1962947845458984375 7.6743173599243164062 7.2397241592407226562 9.6380891799926757812 7.7364330291748046875 7.8568568229675292969 7.9485340118408203125 10.754794120788574219
9.9886569976806640625 9.8463134765625 10.497228622436523438 10.717337608337402344 10.88048553466796875 13.56769561767578125 8.2632989883422851562 9.4904394149780273438 6.80948638916015625 7.2602014541625976562 6.9112238883972167969 7.48242950439453125 6.8754496574401855469 7.9004111289978027344 8.6706209182739257812 9.9464731216430664062 7.5660061836242675781 6.8514389991760253906 6.2739529609680175781 7.4925603866577148438 6.563877105712890625 6.7020540237426757812 6.8932523727416992188 6.6383523941040039062 7.4892063140869140625 6.6112475395202636719 6.7372455596923828125 5.4788837432861328125 6.4166588783264160156 7.0621962547302246094 6.5403013229370117188 8.4768505096435546875 9.9701986312866210938 8.6560850143432617188 8.910381317138671875 8.906036376953125 6.7611522674560546875 7.3836951255798339844 7.9597353935241699219 7.4623179435729980469 7.4599933624267578125 9.2491140365600585938 8.0428247451782226562 8.8270626068115234375 12.695342063903808594
8.214305877685546875 8.5427942276000976562 7.4866805076599121094 7.9313435554504394531 7.4096045494079589844 7.2205176353454589844 9.7604694366455078125 9.7902154922485351562 10.150090217590332031 8.444370269775390625 8.8827714920043945312 8.7718868255615234375 7.5524983406066894531 8.0169496536254882812 6.9764456748962402344 9.6425609588623046875 7.9021630287170410156 6.8538794517517089844 6.5584950447082519531 6.4932279586791992188 7.9636721611022949219 7.9468846321105957031 7.5250062942504882812 8.0582170486450195312 6.7302966117858886719 6.1878123283386230469 6.7964224815368652344 5.8323960304260253906 6.2711596488952636719 6.5442719459533691406 7.3814635276794433594 8.7117938995361328125 9.3375482559204101562 8.268154144287109375 7.5911107063293457031 8.8033056259155273438 10.492837905883789062 8.4301824569702148438 7.5211091041564941406 7.1980376243591308594 6.5464715957641601562 6.3239264488220214844 9.67224884033203125 13.075047492980957031 8.2000627517700195312
9.1823902130126953125 8.1757106781005859375 7.5567460060119628906 6.9819116592407226562 6.3652935028076171875 6.119136810302734375 6.3210349082946777344 6.8879189491271972656 7.6282596588134765625 7.5679907798767089844 7.8432707786560058594 7.6485705375671386719 9.6735973358154296875 6.7873811721801757812 7.3453087806701660156 10.508066177368164062 7.6052675247192382812 6.7109050750732421875 6.3659105300903320312 7.1801571846008300781 6.9662294387817382812 7.8137745857238769531 9.0379896163940429688 7.8634920120239257812 7.0013060569763183594 6.8733849525451660156 6.7762327194213867188 6.5147066116333007812 5.9071245193481445312 6.8858103752136230469 7.7017669677734375 7.668163299560546875 8.1211004257202148438 7.622100830078125 7.0962195396423339844 7.0183787345886230469 11.713829994201660156 7.2563323974609375 7.370395660400390625 6.7220082283020019531 7.086765289306640625 7.7372517585754394531 8.6597280502319335938 13.031785964965820312 8.650646209716796875
9.146572113037109375 7.0763912200927734375 7.1038899421691894531 7.1385889053344726562 7.1432099342346191406 6.6986317634582519531 6.3767919540405273438 6.353893280029296875 7.9353494644165039062 11.801194190979003906 7.447113037109375 7.1581730842590332031 7.3976073265075683594 7.3143987655639648438 7.7734661102294921875 9.8668870925903320312 7.6113257408142089844 5.8924031257629394531 6.7256879806518554688 6.5815043449401855469 6.7884073257446289062 6.4825038909912109375 7.1610999107360839844 8.75069427490234375 7.48741912841796875 6.7338585853576660156 7.2566671371459960938 6.9076123237609863281 7.1100811958312988281 6.184085845947265625 6.560394287109375 7.2920370101928710938 8.0979089736938476562 9.333736419677734375 7.4395842552185058594 7.5179953575134277344 10.635291099548339844 7.5950107574462890625 7.4620137214660644531 7.4165673255920410156 7.9413518905639648438 6.6424489021301269531 13.888982772827148438 7.1266660690307617188 6.9779272079467773438
9.5625019073486328125 7.4208459854125976562 7.2744927406311035156 7.1263251304626464844 6.5472822189331054688 7.5892877578735351562 7.2058424949645996094 7.2062182426452636719 6.7306065559387207031 9.6296138763427734375 7.6297450065612792969 7.7472848892211914062 7.1230626106262207031 7.6882991790771484375 7.8315739631652832031 8.5976858139038085938 11.100767135620117188 7.5732998847961425781 7.2171506881713867188 6.3785424232482910156 6.7192697525024414062 7.2975497245788574219 9.9920253753662109375 7.0352306365966796875 6.1547646522521972656 8.4087896347045898438 6.9088916778564453125 6.702693939208984375 7.2124314308166503906 7.5750150680541992188 7.9965004920959472656 8.461246490478515625 9.2566785812377929688 8.5729341506958007812 8.0171098709106445312 9.9877939224243164062 10.213355064392089844 11.368649482727050781 7.5527391433715820312 7.3979816436767578125 6.6415300369262695312 9.3535451889038085938 12.919581413269042969 7.6918873786926269531 5.7725882530212402344
10.242932319641113281 9.4350833892822265625 8.1394777297973632812 7.1068873405456542969 8.5909395217895507812 8.4773530960083007812 7.5982232093811035156 6.6907825469970703125 7.64725494384765625 8.423984527587890625 10.761635780334472656 7.4779329299926757812 7.9844002723693847656 7.7315421104431152344 7.8785152435302734375 8.3144235610961914062 11.556294441223144531 8.4645404815673828125 6.3255071640014648438 6.3674817085266113281 6.8993377685546875 8.3184261322021484375 9.7446660995483398438 5.7525382041931152344 6.5364365577697753906 7.3634142875671386719 7.5483069419860839844 7.0409879684448242188 6.6033687591552734375 6.8644099235534667969 7.3411436080932617188 7.8568778038024902344 8.6620206832885742188 11.075441360473632812 11.706833839416503906 7.1005544662475585938 7.4624114036560058594 11.387350082397460938 7.3662662506103515625 7.4635205268859863281 7.9129352569580078125 14.633955955505371094 8.0025310516357421875 6.1969575881958007812 6.9249067306518554688
14.809411048889160156 11.359803199768066406 9.7261495590209960938 9.2675600051879882812 7.1445765495300292969 7.4626526832580566406 7.6449275016784667969 7.8485536575317382812 6.9754605293273925781 6.9270987510681152344 8.1944799423217773438 11.049902915954589844 8.7373304367065429688 7.9731516838073730469 8.11156463623046875 7.0545558929443359375 7.8355550765991210938 11.912508964538574219 7.3328027725219726562 6.3591146469116210938 6.7623386383056640625 6.875301361083984375 9.782833099365234375 6.3313555717468261719 6.7179164886474609375 7.0151357650756835938 8.67794036865234375 6.9659686088562011719 7.442676544189453125 7.4770522117614746094 7.7541346549987792969 8.1674652099609375 8.8871402740478515625 8.1570987701416015625 8.8046941757202148438 7.3075823783874511719 6.6327614784240722656 11.05113983154296875 7.6709799766540527344 8.1879682540893554688 8.8105831146240234375 15.250751495361328125 6.7988848686218261719 6.2519278526306152344 6.6176552772521972656
8.078350067138671875 13.395031929016113281 8.1952056884765625 7.0224080085754394531 6.9005150794982910156 7.343780517578125 7.8546404838562011719 7.1597161293029785156 7.2523579597473144531 7.0989871025085449219 6.8420424461364746094 8.11235809326171875 10.874949455261230469 8.001140594482421875 7.8153319358825683594 7.6272473335266113281 7.6242780685424804688 11.200291633605957031 8.3924360275268554688 6.5516910552978515625 7.1960816383361816406 6.8270053863525390625 9.7562379837036132812 5.6568765640258789062 6.2749142646789550781 7.1675715446472167969 7.0666561126708984375 9.280879974365234375 7.0293574333190917969 7.3128871917724609375 7.5461745262145996094 7.9453568458557128906 8.5964450836181640625 9.3981418609619140625 8.2109556198120117188 7.6258697509765625 7.3300004005432128906 8.1671237945556640625 11.455864906311035156 7.2819142341613769531 8.079181671142578125 15.678862571716308594 9.0802860260009765625 8.3311061859130859375 7.4049062728881835938
7.1509714126586914062 7.7721323966979980469 12.950494766235351562 13.803797721862792969 7.674663543701171875 7.7861752510070800781 8.2177152633666992188 7.0609087944030761719 7.6574053764343261719 7.7232351303100585938 8.0192546844482421875 8.5768194198608398438 9.86626434326171875 10.915831565856933594 7.9160952568054199219 7.799102783203125 7.2286295890808105469 7.0561404228210449219 11.784447669982910156 8.0642919540405273438 8.1508913040161132812 6.9244174957275390625 9.9477863311767578125 6.3937821388244628906 6.5503077507019042969 6.4890904426574707031 6.875370025634765625 9.182109832763671875 7.0877699851989746094 6.903228759765625 7.2878603935241699219 7.721950531005859375 8.2558526992797851562 8.7280673980712890625 9.6135921478271484375 8.0787706375122070312 8.7007341384887695312 10.765557289123535156 11.205852508544921875 11.375226974487304688 12.338578224182128906 15.178592681884765625 7.569637298583984375 7.3450789451599121094 6.1376118659973144531
7.492450714111328125 7.2278270721435546875 7.1994795799255371094 7.6394500732421875 13.697688102722167969 9.1914167404174804688 9.02246856689453125 7.3744950294494628906 8.788990020751953125 8.6538457870483398438 7.2727756500244140625 7.9586095809936523438 8.6546773910522460938 11.775898933410644531 8.7646236419677734375 7.2988386154174804688 7.6269183158874511719 7.1567072868347167969 7.307788848876953125 11.780283927917480469 7.9625759124755859375 7.2933115959167480469 10.463357925415039062 7.1232733726501464844 6.5196213722229003906 6.1579937934875488281 6.6909427642822265625 7.4669933319091796875 9.4133787155151367188 7.11798095703125 7.5125041007995605469 7.8848080635070800781 8.3001680374145507812 8.496761322021484375 8.976490020751953125 10.096903800964355469 10.3870697021484375 7.5309996604919433594 8.009494781494140625 11.094553947448730469 7.7547311782836914062 8.1179485321044921875 14.871708869934082031 6.9209871292114257812 8.2498073577880859375
8.496509552001953125 7.3793811798095703125 6.7135753631591796875 7.3441329002380371094 8.3822107315063476562 13.512084007263183594 14.023172378540039062 9.0691013336181640625 8.2176084518432617188 7.93511199951171875 9.1322689056396484375 9.1484174728393554688 9.2800416946411132812 9.7082185745239257812 12.266866683959960938 8.7642164230346679688 8.0946798324584960938 7.4453616142272949219 8.5990886688232421875 9.1125288009643554688 12.035898208618164062 11.134368896484375 7.1870021820068359375 8.2765293121337890625 6.6614022254943847656 6.6614861488342285156 6.3211560249328613281 6.5621881484985351562 9.5384225845336914062 7.3742194175720214844 7.0990147590637207031 6.9187641143798828125 7.2164626121520996094 7.714481353759765625 6.7442827224731445312 6.8273043632507324219 8.1056833267211914062 7.9028754234313964844 7.3102240562438964844 8.19132232666015625 7.9699549674987792969 7.6083798408508300781 13.673643112182617188 8.9610652923583984375 8.1062784194946289062
7.6180691719055175781 7.9121103286743164062 7.3038115501403808594 6.830226898193359375 7.546825408935546875 8.78536224365234375 8.130512237548828125 14.544862747192382812 14.239993095397949219 7.9154562950134277344 7.6573138236999511719 7.6043820381164550781 8.2262783050537109375 7.4193868637084960938 12.069474220275878906 7.6461968421936035156 8.051967620849609375 8.7442712783813476562 7.3254475593566894531 7.0438356399536132812 8.3927288055419921875 12.227343559265136719 7.265750885009765625 8.7791509628295898438 7.8150539398193359375 6.6140947341918945312 6.7623181343078613281 6.3429369926452636719 9.3355970382690429688 7.664318084716796875 7.040988922119140625 7.2719898223876953125 7.4933500289916992188 6.9590826034545898438 6.6621670722961425781 6.7202124595642089844 7.8753418922424316406 8.829128265380859375 7.4052886962890625 8.1143970489501953125 10.000732421875 9.3212327957153320312 9.2211351394653320312 13.651667594909667969 9.8159666061401367188
8.6949005126953125 8.1998510360717773438 7.8126215934753417969 7.3611769676208496094 7.0736551284790039062 7.2334856986999511719 9.0119981765747070312 8.9523181915283203125 10.641935348510742188 14.302791595458984375 8.7143926620483398438 7.6415281295776367188 7.5623230934143066406 8.3830976486206054688 11.883345603942871094 8.2516613006591796875 7.8491754531860351562 7.9765176773071289062 7.842987060546875 8.6868133544921875 8.9259014129638671875 10.44208526611328125 12.473745346069335938 9.535923004150390625 8.965427398681640625 7.4514994621276855469 6.1715741157531738281 9.1201429367065429688 6.3724727630615234375 7.5609488487243652344 6.2261323928833007812 6.7124075889587402344 7.709056854248046875 6.2110219001770019531 7.0529017448425292969 7.4268460273742675781 7.0514388084411621094 8.8912181854248046875 9.7794885635375976562 7.4676156044006347656 7.7525033950805664062 7.1363501548767089844 7.6704802513122558594 13.607036590576171875 6.738857269287109375
11.3392333984375 8.8589496612548828125 8.5459241867065429688 8.16097259521484375 8.0717029571533203125 8.6919393539428710938 8.080722808837890625 7.5042271614074707031 8.1334486007690429688 8.3629150390625 13.188745498657226562 8.8706827163696289062 7.56996917724609375 8.5133504867553710938 12.166276931762695312 8.615558624267578125 7.8844103813171386719 8.5876941680908203125 9.9100933074951171875 7.9453639984130859375 8.3268518447875976562 9.34224700927734375 12.646884918212890625 7.9054803848266601562 9.7156915664672851562 9.7233791351318359375 6.6196389198303222656 9.246044158935546875 7.7743554115295410156 6.0909171104431152344 5.9657731056213378906 6.5691275596618652344 8.4289121627807617188 6.1661524772644042969 7.4615068435668945312 7.7150206565856933594 6.9551491737365722656 8.82692718505859375 7.4070401191711425781 9.4458494186401367188 8.5887823104858398438 7.38153839111328125 6.5847601890563964844 7.5471501350402832031 14.734805107116699219
9.4355707168579101562 11.490726470947265625 7.8390836715698242188 8.0884046554565429688 7.9868617057800292969 7.5599083900451660156 7.4373178482055664062 8.3292188644409179688 7.7864708900451660156 7.4922242164611816406 8.1233539581298828125 13.663295745849609375 9.4549465179443359375 9.0468912124633789062 9.6464605331420898438 12.605913162231445312 7.9164180755615234375 8.1577959060668945312 8.72652435302734375 7.3830852508544921875 6.9473481178283691406 8.22232818603515625 9.7079114913940429688 12.585751533508300781 7.5489192008972167969 7.0872778892517089844 9.605113983154296875 9.4796190261840820312 8.0605182647705078125 6.8296084403991699219 6.8963570594787597656 6.3739695549011230469 13.351226806640625 13.70854949951171875 15.593401908874511719 15.586474418640136719 14.343227386474609375 14.115451812744140625 7.2529149055480957031 6.9000058174133300781 8.7533159255981445312 6.8110966682434082031 7.2616744041442871094 6.3447194099426269531 13.952989578247070312
7.9700598716735839844 8.88763427734375 11.577425003051757812 8.3571329116821289062 7.6812491416931152344 7.6140875816345214844 7.4303336143493652344 8.0632944107055664062 9.1399993896484375 8.164813995361328125 7.5095577239990234375 13.546690940856933594 8.2986459732055664062 8.7870655059814453125 8.0840435028076171875 12.786221504211425781 9.025051116943359375 7.6430606842041015625 8.6368732452392578125 7.8580060005187988281 7.2479562759399414062 7.0495090484619140625 6.9996309280395507812 12.368288040161132812 7.624492645263671875 7.4255452156066894531 7.7945270538330078125 9.7619886398315429688 10.756604194641113281 8.0997028350830078125 13.3486785888671875 14.114281654357910156 8.9523382186889648438 6.3758463859558105469 7.0538563728332519531 7.2892603874206542969 6.2494187355041503906 7.8939118385314941406 13.570196151733398438 7.6439619064331054688 9.6361818313598632812 7.0685563087463378906 7.3110609054565429688 6.3983659744262695312 13.31592559814453125
8.9020586013793945312 8.533390045166015625 11.9985198974609375 9.2740697860717773438 7.9879422187805175781 8.5023097991943359375 8.354770660400390625 8.4354610443115234375 8.9326457977294921875 10.064344406127929688 10.05328369140625 10.333117485046386719 14.128002166748046875 8.4650392532348632812 8.125396728515625 8.776538848876953125 12.681014060974121094 8.06866455078125 7.4626455307006835938 7.0647301673889160156 7.5928449630737304688 7.0410470962524414062 6.9444518089294433594 7.226451873779296875 13.26049041748046875 13.373908042907714844 14.153768539428710938 14.197482109069824219 14.623889923095703125 13.816506385803222656 10.119317054748535156 8.4185962677001953125 7.6665630340576171875 7.3001151084899902344 6.2214503288269042969 6.8930816650390625 6.0255842208862304688 6.6035099029541015625 6.7772898674011230469 12.661169052124023438 13.659235000610351562 6.9726858139038085938 7.1791920661926269531 6.6222906112670898438 7.5810155868530273438
