gis/80m/twi_dinf.asc
ncols        128
nrows        143
xllcorner    726726.000000000000
yllcorner    7127190.000000000000
cellsize     80.000000000000
NODATA_value -9999
[rows 100 to 119 of 143, columns 45 to 89 of 128]
13.086243629455566406 13.417733192443847656 13.669302940368652344 12.348031997680664062 11.895727157592773438 12.583233833312988281 12.741809844970703125 11.431087493896484375 12.272686004638671875 12.980937957763671875 13.551274299621582031 16.658252716064453125 12.560750961303710938 15.309390068054199219 12.067020416259765625 11.910959243774414062 11.438773155212402344 15.277803421020507812 11.313159942626953125 13.476567268371582031 14.172163009643554688 14.452950477600097656 14.036569595336914062 14.007274627685546875 14.239793777465820312 13.800810813903808594 16.242156982421875 17.8973846435546875 17.579713821411132812 17.555406570434570312 17.584188461303710938 11.494478225708007812 11.50031280517578125 18.387813568115234375 13.371072769165039062 12.450763702392578125 17.98241424560546875 12.396231651306152344 18.250467300415039062 11.329242706298828125 12.317980766296386719 12.116724014282226562 12.054688453674316406 12.898911476135253906 11.997648239135742188
13.492383956909179688 13.996090888977050781 14.543257713317871094 13.382300376892089844 12.945714950561523438 14.786144256591796875 13.163218498229980469 11.979304313659667969 12.708049774169921875 14.021832466125488281 14.723192214965820312 13.625433921813964844 15.312742233276367188 13.257162094116210938 14.687274932861328125 12.313503265380859375 15.140000343322753906 11.615923881530761719 13.5942840576171875 14.060946464538574219 14.07500457763671875 13.630295753479003906 13.315531730651855469 13.474073410034179688 14.107366561889648438 14.485499382019042969 12.897158622741699219 12.814202308654785156 15.2394561767578125 11.495082855224609375 13.258690834045410156 17.64752197265625 18.002706527709960938 15.090181350708007812 13.958292961120605469 11.604535102844238281 11.687437057495117188 14.842522621154785156 13.973343849182128906 19.17781829833984375 20.6089019775390625 19.020557403564453125 11.845955848693847656 11.658635139465332031 12.857371330261230469
12.930829048156738281 13.403513908386230469 13.827161788940429688 14.412627220153808594 16.112705230712890625 12.674458503723144531 12.506138801574707031 13.135496139526367188 13.6954345703125 13.480443954467773438 15.079546928405761719 12.717225074768066406 15.349252700805664062 12.476641654968261719 14.271165847778320312 12.101404190063476562 14.895892143249511719 13.057808876037597656 13.77527618408203125 13.583445549011230469 12.991468429565429688 12.824856758117675781 12.762975692749023438 12.805988311767578125 14.282609939575195312 12.095635414123535156 12.069695472717285156 11.283087730407714844 14.596962928771972656 11.338827133178710938 12.975679397583007812 11.749136924743652344 13.715616226196289062 11.653706550598144531 14.110644340515136719 14.450048446655273438 16.548528671264648438 11.622776985168457031 14.631908416748046875 13.046816825866699219 11.3305511474609375 11.620394706726074219 19.3359527587890625 12.667901039123535156 11.837903022766113281
12.709027290344238281 12.79123687744140625 12.413698196411132812 13.994151115417480469 16.610973358154296875 11.589930534362792969 12.306188583374023438 13.96183013916015625 14.248349189758300781 14.293803215026855469 12.110552787780761719 12.418781280517578125 14.301367759704589844 13.243708610534667969 13.835751533508300781 11.692542076110839844 14.0962371826171875 13.953189849853515625 13.67778778076171875 12.467221260070800781 12.236369132995605469 12.059807777404785156 12.228842735290527344 12.067128181457519531 13.7992401123046875 12.120790481567382812 10.782717704772949219 10.954038619995117188 13.759522438049316406 10.717199325561523438 12.312513351440429688 13.196483612060546875 12.114167213439941406 11.445465087890625 15.015729904174804688 13.349534988403320312 15.573026657104492188 12.297184944152832031 14.943907737731933594 13.308759689331054688 13.086181640625 12.282685279846191406 12.180171966552734375 18.46253204345703125 11.567567825317382812
12.213592529296875 12.476175308227539062 13.46215057373046875 11.086332321166992188 15.928097724914550781 11.870662689208984375 13.080152511596679688 13.634599685668945312 13.280295372009277344 14.23033905029296875 11.453497886657714844 12.388702392578125 13.296631813049316406 12.316595077514648438 12.247350692749023438 12.480233192443847656 13.3754119873046875 13.444316864013671875 13.871856689453125 12.075467109680175781 11.862117767333984375 11.788413047790527344 12.051726341247558594 11.858247756958007812 13.884831428527832031 12.144670486450195312 10.943467140197753906 12.111997604370117188 12.295262336730957031 12.309093475341796875 12.253161430358886719 12.4004974365234375 11.616788864135742188 13.652341842651367188 11.032405853271484375 11.326877593994140625 14.832246780395507812 13.094841957092285156 14.099202156066894531 12.671451568603515625 13.243300437927246094 13.801090240478515625 14.216474533081054688 19.593807220458984375 12.726221084594726562
12.859933853149414062 12.094649314880371094 11.274946212768554688 11.3497467041015625 12.594166755676269531 17.637537002563476562 12.488577842712402344 12.752629280090332031 12.465152740478515625 14.115422248840332031 11.68201446533203125 12.043010711669921875 12.739724159240722656 12.863262176513671875 11.745617866516113281 11.591694831848144531 12.524992942810058594 12.594895362854003906 13.372569084167480469 13.499342918395996094 11.603515625 11.870983123779296875 12.085408210754394531 11.944864273071289062 13.951959609985351562 12.353275299072265625 12.292844772338867188 11.618910789489746094 11.988062858581542969 12.206223487854003906 12.088307380676269531 12.022215843200683594 12.06214141845703125 12.261910438537597656 11.63283538818359375 13.606624603271484375 11.631747245788574219 12.911683082580566406 13.270296096801757812 12.265316009521484375 14.156436920166015625 12.690908432006835938 13.745152473449707031 11.604178428649902344 18.715850830078125
11.790544509887695312 12.988344192504882812 13.185359954833984375 13.352360725402832031 14.108263015747070312 18.2188568115234375 12.349590301513671875 12.430253028869628906 12.418538093566894531 13.125273704528808594 11.080380439758300781 11.269404411315917969 11.924806594848632812 11.995421409606933594 11.58443450927734375 11.417047500610351562 12.167759895324707031 12.225332260131835938 12.054118156433105469 13.4720001220703125 12.456173896789550781 11.942246437072753906 12.141613960266113281 11.910645484924316406 14.014628410339355469 12.39304351806640625 12.286309242248535156 11.8489990234375 11.936479568481445312 12.075002670288085938 11.824591636657714844 12.089319229125976562 12.058480262756347656 12.2148284912109375 12.204362869262695312 11.976960182189941406 12.41654205322265625 12.344812393188476562 12.803869247436523438 13.794236183166503906 12.79937744140625 12.099803924560546875 13.701229095458984375 11.431077003479003906 11.335848808288574219
12.010300636291503906 13.012053489685058594 13.83087158203125 13.535167694091796875 12.835350990295410156 17.134141921997070312 13.879587173461914062 12.612435340881347656 12.380767822265625 11.655772209167480469 12.118105888366699219 11.490922927856445312 11.638600349426269531 11.802191734313964844 12.018391609191894531 13.873796463012695312 11.850272178649902344 11.958227157592773438 11.41939544677734375 12.287349700927734375 13.098903656005859375 12.472178459167480469 11.78839874267578125 11.860644340515136719 14.099635124206542969 12.335718154907226562 12.152416229248046875 12.090292930603027344 12.073011398315429688 12.080707550048828125 12.054235458374023438 12.176775932312011719 12.232591629028320312 12.410449028015136719 12.096789360046386719 12.088959693908691406 12.546741485595703125 11.689290046691894531 12.024709701538085938 13.755419731140136719 12.363615989685058594 13.807905197143554688 11.46600341796875 10.922392845153808594 13.985301971435546875
12.18473052978515625 12.8397064208984375 13.190984725952148438 12.591238021850585938 12.383418083190917969 14.041916847229003906 18.5125579833984375 12.252078056335449219 12.269117355346679688 11.7800445556640625 11.279822349548339844 11.077344894409179688 11.128728866577148438 12.958279609680175781 13.078833580017089844 11.672376632690429688 -9999 12.464264869689941406 11.205652236938476562 11.523570060729980469 12.958202362060546875 12.451612472534179688 11.454637527465820312 11.478570938110351562 13.892848014831542969 11.809287071228027344 11.681828498840332031 11.716729164123535156 11.76922607421875 11.741736412048339844 11.844934463500976562 12.063735008239746094 12.133931159973144531 12.066371917724609375 11.882889747619628906 12.045932769775390625 12.195985794067382812 12.09496307373046875 13.226236343383789062 11.394455909729003906 12.305952072143554688 12.636759757995605469 12.230605125427246094 13.956868171691894531 14.678857803344726562
12.244194984436035156 12.7123870849609375 12.4275360107421875 11.937139511108398438 14.176256179809570312 12.067526817321777344 13.0333251953125 18.828760147094726562 12.424764633178710938 11.935640335083007812 11.669848442077636719 11.994082450866699219 11.764402389526367188 12.295602798461914062 12.727264404296875 11.784357070922851562 11.037400245666503906 11.756098747253417969 12.101654052734375 11.620371818542480469 13.082986831665039062 12.660459518432617188 11.223263740539550781 11.109057426452636719 13.79277801513671875 11.026848793029785156 10.97280120849609375 11.048628807067871094 11.139652252197265625 11.126031875610351562 11.269899368286132812 11.68451690673828125 11.639478683471679688 11.177540779113769531 11.082882881164550781 11.5828704833984375 11.852207183837890625 11.959544181823730469 12.314296722412109375 11.887337684631347656 11.911488533020019531 12.050082206726074219 12.061663627624511719 13.415886878967285156 14.228157997131347656
11.371551513671875 11.66414642333984375 11.506052017211914062 13.637964248657226562 11.155218124389648438 10.851302146911621094 11.655550003051757812 13.203502655029296875 19.036115646362304688 13.83000946044921875 13.401189804077148438 12.486730575561523438 12.349089622497558594 12.18640899658203125 12.542543411254882812 12.395198822021484375 12.005675315856933594 12.160336494445800781 11.997708320617675781 11.539392471313476562 13.062620162963867188 12.279996871948242188 11.968270301818847656 13.440919876098632812 13.713245391845703125 11.046478271484375 11.027213096618652344 10.962422370910644531 10.834659576416015625 11.2813720703125 11.389301300048828125 11.714626312255859375 11.223941802978515625 10.486021041870117188 10.593578338623046875 11.360323905944824219 11.665692329406738281 11.888625144958496094 11.809940338134765625 11.6590118408203125 11.601685523986816406 11.963038444519042969 12.331472396850585938 12.437433242797851562 13.676568984985351562
11.456216812133789062 11.325214385986328125 11.234236717224121094 11.831951141357421875 12.001183509826660156 11.265315055847167969 11.982901573181152344 13.0463409423828125 17.971464157104492188 14.4735565185546875 12.828713417053222656 12.792417526245117188 12.605830192565917969 12.592926979064941406 12.216108322143554688 11.822875022888183594 11.543306350708007812 11.076868057250976562 11.272391319274902344 11.580425262451171875 13.204739570617675781 12.0678253173828125 11.671479225158691406 13.604397773742675781 13.235581398010253906 12.648036956787109375 11.695822715759277344 -9999 -9999 12.70680999755859375 11.736367225646972656 12.801146507263183594 11.306568145751953125 10.894663810729980469 11.092085838317871094 11.244997978210449219 11.72609710693359375 11.758507728576660156 11.394823074340820312 11.082971572875976562 11.560153007507324219 12.018366813659667969 12.352464675903320312 12.163103103637695312 13.404506683349609375
11.300518035888671875 11.273398399353027344 11.474255561828613281 11.645290374755859375 12.426156044006347656 12.498918533325195312 13.190807342529296875 13.785938262939453125 14.867045402526855469 17.786828994750976562 14.702281951904296875 13.168879508972167969 12.124176979064941406 12.304259300231933594 12.686247825622558594 11.948993682861328125 11.50585174560546875 10.962953567504882812 11.1391754150390625 11.714661598205566406 11.744883537292480469 12.798826217651367188 12.260220527648925781 12.736424446105957031 12.559342384338378906 11.617443084716796875 12.986562728881835938 12.720164299011230469 -9999 -9999 -9999 12.979534149169921875 11.735376358032226562 12.058682441711425781 11.163086891174316406 11.534155845642089844 11.697385787963867188 11.534343719482421875 10.827628135681152344 11.272907257080078125 11.587260246276855469 12.131545066833496094 12.053529739379882812 11.010638236999511719 14.284803390502929688
-9999 11.339308738708496094 11.459115028381347656 11.578944206237792969 11.690529823303222656 12.119029045104980469 12.485159873962402344 12.68358612060546875 13.205402374267578125 16.887804031372070312 16.055097579956054688 14.160150527954101562 11.667791366577148438 14.125737190246582031 12.524522781372070312 12.074235916137695312 11.918453216552734375 11.769642829895019531 11.772362709045410156 12.207775115966796875 11.827626228332519531 12.226843833923339844 11.721560478210449219 11.836009025573730469 12.193210601806640625 12.416698455810546875 -9999 -9999 -9999 -9999 -9999 -9999 -9999 12.016492843627929688 12.063849449157714844 11.975195884704589844 11.746835708618164062 11.4652252197265625 11.518483161926269531 11.253235816955566406 11.417421340942382812 11.754163742065429688 11.685532569885253906 13.401336669921875 11.446478843688964844
-9999 -9999 11.578339576721191406 11.285729408264160156 11.547483444213867188 11.757760047912597656 12.150059700012207031 12.36600494384765625 12.5340118408203125 16.755243301391601562 13.840888023376464844 15.729221343994140625 15.426529884338378906 12.768009185791015625 11.943816184997558594 11.6912994384765625 11.895176887512207031 12.037967681884765625 11.909426689147949219 11.851521492004394531 11.355692863464355469 11.963726043701171875 -9999 -9999 -9999 -9999 -9999 -9999 -9999 -9999 -9999 -9999 -9999 -9999 -9999 -9999 -9999 12.09393310546875 11.622567176818847656 11.423220634460449219 11.398884773254394531 11.437337875366210938 11.551874160766601562 12.080458641052246094 11.914027214050292969
-9999 -9999 12.119654655456542969 11.338330268859863281 11.479920387268066406 11.579977035522460938 11.393029212951660156 12.419026374816894531 13.875804901123046875 16.464694976806640625 16.371915817260742188 13.305755615234375 12.945581436157226562 11.802639007568359375 12.148374557495117188 11.924533843994140625 12.124897003173828125 11.472844123840332031 -9999 -9999 -9999 -9999 -9999 -9999 -9999 -9999 -9999 -9999 -9999 -9999 -9999 -9999 -9999 -9999 -9999 -9999 -9999 -9999 11.692018508911132812 11.734147071838378906 11.51324462890625 11.841617584228515625 12.066462516784667969 11.544523239135742188 11.694466590881347656
-9999 -9999 -9999 12.291996955871582031 12.258968353271484375 12.486703872680664062 12.680247306823730469 13.374733924865722656 12.924840927124023438 13.649469375610351562 12.81409454345703125 17.119335174560546875 13.755666732788085938 12.617434501647949219 13.451183319091796875 11.842665672302246094 11.250439643859863281 -9999 -9999 -9999 -9999 -9999 -9999 -9999 -9999 -9999 -9999 -9999 -9999 -9999 -9999 -9999 -9999 -9999 -9999 -9999 -9999 -9999 -9999 11.564312934875488281 11.718604087829589844 12.188866615295410156 11.665851593017578125 11.367163658142089844 11.680189132690429688
-9999 -9999 -9999 -9999 11.859661102294921875 12.289693832397460938 12.451481819152832031 12.344414710998535156 11.928621292114257812 12.58396148681640625 15.245932579040527344 17.746288299560546875 17.372560501098632812 16.456590652465820312 12.16597747802734375 11.75084686279296875 -9999 -9999 -9999 -9999 -9999 -9999 -9999 -9999 -9999 -9999 -9999 -9999 -9999 -9999 -9999 -9999 -9999 -9999 -9999 -9999 -9999 -9999 -9999 11.520120620727539062 11.763460159301757812 12.216149330139160156 12.737792015075683594 11.982995986938476562 11.939465522766113281
-9999 -9999 -9999 -9999 -9999 12.138833045959472656 12.528056144714355469 11.879265785217285156 11.714597702026367188 13.432976722717285156 12.484848976135253906 13.240632057189941406 -9999 -9999 -9999 -9999 -9999 -9999 -9999 -9999 -9999 -9999 -9999 -9999 -9999 -9999 -9999 -9999 -9999 -9999 -9999 -9999 -9999 -9999 -9999 -9999 -9999 -9999 -9999 11.770049095153808594 11.740015983581542969 12.460173606872558594 13.129176139831542969 13.114203453063964844 12.009627342224121094
-9999 -9999 -9999 -9999 -9999 -9999 12.003397941589355469 12.923123359680175781 12.868330955505371094 12.312787055969238281 -9999 -9999 -9999 -9999 -9999 -9999 -9999 -9999 -9999 -9999 -9999 -9999 -9999 -9999 -9999 -9999 -9999 -9999 -9999 -9999 -9999 -9999 -9999 -9999 -9999 -9999 -9999 -9999 -9999 12.437355995178222656 11.744354248046875 11.913156509399414062 12.857348442077636719 13.941002845764160156 12.006354331970214844
