gis/80m/twi_d8.asc
ncols        128
nrows        143
xllcorner    726726.000000000000
yllcorner    7127190.000000000000
cellsize     80.000000000000
NODATA_value -9999
[rows 60 to 79 of 143, columns 45 to 89 of 128]
8.4112997055053710938 6.3968644142150878906 5.5886712074279785156 6.6950025558471679688 13.304773330688476562 7.2736535072326660156 7.133808135986328125 7.9182538986206054688 8.434539794921875 10.735653877258300781 8.0090379714965820312 7.2522702217102050781 7.7924180030822753906 9.4078807830810546875 8.1715488433837890625 9.0481090545654296875 7.8182573318481445312 7.2991557121276855469 10.330732345581054688 8.1547288894653320312 8.88596343994140625 10.978003501892089844 9.2403802871704101562 7.3476238250732421875 6.6867341995239257812 8.0328159332275390625 7.9315519332885742188 7.8326640129089355469 7.0504255294799804688 10.174434661865234375 11.570122718811035156 9.9683008193969726562 7.9207067489624023438 9.322177886962890625 8.1313581466674804688 8.1325740814208984375 8.3586940765380859375 8.3111257553100585938 8.6220550537109375 7.2868785858154296875 6.9629712104797363281 7.4938869476318359375 8.080020904541015625 7.1974964141845703125 6.506023406982421875
6.2927122116088867188 5.90296173095703125 5.4564146995544433594 6.3859419822692871094 7.7145619392395019531 13.039595603942871094 7.3566031455993652344 8.315135955810546875 8.5097646713256835938 9.767063140869140625 11.341588020324707031 7.7047047615051269531 8.3480749130249023438 9.8006267547607421875 7.4981570243835449219 9.311000823974609375 8.4916057586669921875 8.0835742950439453125 7.6078410148620605469 10.93906402587890625 8.4697332382202148438 12.009066581726074219 10.075776100158691406 8.195068359375 8.2620782852172851562 8.0178594589233398438 6.6889319419860839844 8.0823955535888671875 7.1212325096130371094 7.6977586746215820312 9.9187145233154296875 11.145198822021484375 8.2246417999267578125 9.9699182510375976562 8.4652233123779296875 8.6080827713012695312 8.7622833251953125 9.5530786514282226562 6.520305633544921875 7.6066994667053222656 7.7667779922485351562 6.9472355842590332031 8.3521451950073242188 7.1145491600036621094 6.73708343505859375
7.4370098114013671875 5.8786091804504394531 5.475788116455078125 6.2958216667175292969 7.4076838493347167969 13.235899925231933594 8.3243188858032226562 9.0276775360107421875 10.458118438720703125 8.4243593215942382812 8.6615495681762695312 9.5286321640014648438 7.2336473464965820312 7.3418126106262207031 8.1136312484741210938 7.4230198860168457031 9.5306863784790039062 8.4765119552612304688 7.4541058540344238281 10.524353981018066406 8.3383226394653320312 8.3582983016967773438 11.700421333312988281 8.8157711029052734375 6.954463958740234375 9.5255718231201171875 8.1484880447387695312 7.0577573776245117188 7.1852159500122070312 8.2378664016723632812 7.2235841751098632812 10.895193099975585938 12.077972412109375 8.3652563095092773438 9.8181219100952148438 8.9667730331420898438 8.9871664047241210938 9.6909036636352539062 7.3252468109130859375 7.8490109443664550781 8.0865888595581054688 6.748382568359375 7.1629619598388671875 8.599811553955078125 7.6776394844055175781
6.5889906883239746094 6.6794061660766601562 7.041748046875 7.5449461936950683594 8.1199445724487304688 9.5739889144897460938 14.027049064636230469 8.594959259033203125 10.150987625122070312 8.8423681259155273438 9.0077724456787109375 9.5449037551879882812 7.4798617362976074219 8.0447034835815429688 8.1678361892700195312 7.9109430313110351562 7.290332794189453125 9.9131917953491210938 7.9402360916137695312 10.30893707275390625 8.7427415847778320312 8.4100675582885742188 8.5689067840576171875 11.719929695129394531 10.273342132568359375 6.9014134407043457031 7.5347638130187988281 7.0109009742736816406 7.5329909324645996094 6.7366528511047363281 8.4160861968994140625 10.052064895629882812 12.326345443725585938 7.4272627830505371094 10.263147354125976562 9.4285421371459960938 7.0622620582580566406 10.237437248229980469 7.9045696258544921875 8.9181461334228515625 7.1606655120849609375 7.2276740074157714844 6.9302897453308105469 7.2680006027221679688 8.7682142257690429688
6.6285829544067382812 -9999 6.4754939079284667969 7.2323784828186035156 7.6824579238891601562 6.8887624740600585938 8.5517072677612304688 16.641641616821289062 8.7056913375854492188 8.6375370025634765625 7.7433238029479980469 8.943683624267578125 9.3681354522705078125 9.530303955078125 7.2527604103088378906 8.4362211227416992188 8.123371124267578125 10.06275177001953125 8.33514404296875 10.1366729736328125 7.3671774864196777344 8.3697528839111328125 7.8659610748291015625 11.932618141174316406 10.253550529479980469 7.7560701370239257812 7.8331136703491210938 7.4190545082092285156 8.0257482528686523438 6.8591289520263671875 9.1089143753051757812 7.0822362899780273438 10.867571830749511719 7.56624603271484375 7.9653215408325195312 10.169760704040527344 10.733515739440917969 7.9241976737976074219 10.552065849304199219 9.2517223358154296875 8.1875600814819335938 7.1253619194030761719 6.6097254753112792969 6.9482684135437011719 9.1861505508422851562
7.1685185432434082031 6.5366187095642089844 8.0209779739379882812 7.2936677932739257812 7.7861332893371582031 8.2746248245239257812 9.4162130355834960938 14.528982162475585938 10.028476715087890625 -9999 -9999 7.3823308944702148438 8.3435564041137695312 10.267930030822753906 8.2027740478515625 9.0239696502685546875 7.8696370124816894531 9.2054805755615234375 10.498837471008300781 10.360105514526367188 7.870868682861328125 8.8357229232788085938 8.2384595870971679688 7.4240732192993164062 12.244940757751464844 8.9323883056640625 8.5615892410278320312 8.1072015762329101562 8.4134082794189453125 7.011425018310546875 9.4629678726196289062 7.4705991744995117188 7.6096372604370117188 10.945400238037109375 9.2764062881469726562 7.5947070121765136719 7.8222723007202148438 10.692838668823242188 8.3728494644165039062 10.994118690490722656 8.86013031005859375 7.1915674209594726562 7.1961765289306640625 6.7483921051025390625 7.1540613174438476562
7.8784594535827636719 7.6509685516357421875 9.1935529708862304688 7.4289984703063964844 7.8644042015075683594 8.1958875656127929688 8.0075826644897460938 8.9147291183471679688 14.866941452026367188 8.8175830841064453125 8.6641778945922851562 7.5640153884887695312 7.1319308280944824219 7.8226957321166992188 11.317664146423339844 8.109241485595703125 8.3617076873779296875 8.0424337387084960938 9.5398921966552734375 11.369416236877441406 7.1178007125854492188 8.9557743072509765625 7.6902909278869628906 7.428539276123046875 8.5884733200073242188 12.521222114562988281 9.3269109725952148438 8.5460214614868164062 8.5034284591674804688 6.8905200958251953125 9.4881143569946289062 8.0561428070068359375 8.0209674835205078125 10.959246635437011719 8.068145751953125 8.7278757095336914062 8.5183258056640625 7.3183460235595703125 10.596422195434570312 11.402099609375 9.5054197311401367188 7.9228396415710449219 8.08362579345703125 7.54909515380859375 7.17450714111328125
8.9582929611206054688 8.887786865234375 8.3093671798706054688 8.6361627578735351562 7.2363080978393554688 7.5302705764770507812 8.9047002792358398438 8.2635488510131835938 8.449920654296875 8.8401241302490234375 8.2626190185546875 8.684360504150390625 7.2355060577392578125 7.8077178001403808594 8.3386287689208984375 11.283505439758300781 7.6303563117980957031 7.5861773490905761719 7.4666881561279296875 11.477803230285644531 9.328014373779296875 7.1540436744689941406 8.4067354202270507812 8.3521509170532226562 7.7451052665710449219 12.727997779846191406 7.6284518241882324219 9.7476825714111328125 9.0143871307373046875 7.9776625633239746094 9.8394613265991210938 8.7289295196533203125 8.6896257400512695312 11.093473434448242188 7.73972320556640625 9.0358915328979492188 8.6662149429321289062 7.3180370330810546875 7.8953704833984375 11.999897956848144531 10.452454566955566406 9.4270839691162109375 6.9744520187377929688 8.280002593994140625 6.9061126708984375
8.907131195068359375 8.67957305908203125 8.2902555465698242188 7.8466572761535644531 8.6895895004272460938 8.5135812759399414062 8.8291807174682617188 9.747638702392578125 8.7728939056396484375 8.7449703216552734375 7.6524815559387207031 8.3473787307739257812 7.7523703575134277344 7.8219013214111328125 8.09658050537109375 11.1744384765625 7.17154693603515625 7.8937563896179199219 7.3138518333435058594 8.2194004058837890625 11.829857826232910156 8.3010616302490234375 7.599674224853515625 9.027393341064453125 8.2804937362670898438 8.7703866958618164062 11.973265647888183594 7.3653426170349121094 10.300504684448242188 8.5419406890869140625 10.134343147277832031 7.6202092170715332031 8.9916982650756835938 11.04003143310546875 8.0984334945678710938 9.5474977493286132812 8.76447296142578125 7.4279928207397460938 7.2930817604064941406 8.398212432861328125 12.423470497131347656 8.201786041259765625 8.74214935302734375 6.9398174285888671875 7.6960654258728027344
8.996242523193359375 8.5272655487060546875 8.0089101791381835938 7.9678583145141601562 7.5241084098815917969 7.9375348091125488281 8.2444906234741210938 10.674531936645507812 8.203762054443359375 9.4024486541748046875 7.2483358383178710938 8.467823028564453125 7.946685791015625 7.0185823440551757812 7.558986663818359375 10.893452644348144531 7.8517031669616699219 8.0712728500366210938 7.8109750747680664062 7.4084792137145996094 11.848064422607421875 8.1345205307006835938 8.5912790298461914062 7.7417588233947753906 8.1742677688598632812 7.5827169418334960938 8.23998260498046875 11.898416519165039062 12.490179061889648438 10.687089920043945312 9.9548292160034179688 7.9060587882995605469 7.4511818885803222656 9.1461391448974609375 11.268154144287109375 8.3375139236450195312 9.6358346939086914062 7.4140410423278808594 8.1354618072509765625 7.494945526123046875 8.82465362548828125 12.051769256591796875 7.0814661979675292969 6.9919896125793457031 8.4068765640258789062
9.0041494369506835938 8.7619657516479492188 8.3888368606567382812 8.3496484756469726562 8.0695886611938476562 7.2365064620971679688 7.3857750892639160156 7.5082383155822753906 11.025004386901855469 10.031879425048828125 7.9908390045166015625 8.8193845748901367188 8.4972991943359375 7.4490447044372558594 7.6882987022399902344 8.5480403900146484375 11.231143951416015625 8.57122802734375 8.1327466964721679688 7.8508672714233398438 11.495649337768554688 7.3055896759033203125 8.7211313247680664062 7.8890409469604492188 7.4199223518371582031 8.1669664382934570312 7.4531493186950683594 8.2246856689453125 8.8266143798828125 12.39975738525390625 11.24903106689453125 8.3414049148559570312 7.9277396202087402344 7.3468766212463378906 7.6285805702209472656 11.756527900695800781 10.040906906127929688 8.074207305908203125 8.3904905319213867188 7.258819580078125 7.2814950942993164062 12.085667610168457031 7.1293821334838867188 7.9332637786865234375 9.528171539306640625
8.9818315505981445312 8.8177461624145507812 8.349102020263671875 8.45534515380859375 8.124706268310546875 7.2247943878173828125 8.094112396240234375 7.4239244461059570312 7.6131415367126464844 10.8289947509765625 10.490023612976074219 7.5564818382263183594 8.9541578292846679688 8.5895290374755859375 7.8874883651733398438 7.7507548332214355469 8.0113534927368164062 11.581177711486816406 9.6966638565063476562 8.3986539840698242188 11.477447509765625 7.2944183349609375 9.38214874267578125 7.6389451026916503906 7.2697277069091796875 8.1102437973022460938 8.1265192031860351562 7.8284745216369628906 7.9202094078063964844 7.4666037559509277344 12.21372222900390625 11.578907012939453125 8.6868429183959960938 7.1740040779113769531 7.937511444091796875 11.061264991760253906 7.9500765800476074219 9.9139919281005859375 7.2965998649597167969 8.8527975082397460938 7.2251539230346679688 12.273092269897460938 8.2309360504150390625 10.184103965759277344 8.3037023544311523438
9.222698211669921875 9.1010808944702148438 8.902347564697265625 8.9566516876220703125 7.6125912666320800781 8.034542083740234375 7.8956727981567382812 7.769733428955078125 7.3417673110961914062 7.448307037353515625 10.877074241638183594 10.57428741455078125 7.7958588600158691406 8.2941732406616210938 8.1001367568969726562 7.2598013877868652344 8.035663604736328125 8.3754281997680664062 11.782979011535644531 12.345860481262207031 7.5003190040588378906 9.6810741424560546875 8.716106414794921875 7.6757807731628417969 7.2009186744689941406 7.4157152175903320312 7.8980836868286132812 8.8591442108154296875 7.714366912841796875 7.4024572372436523438 8.0816097259521484375 12.119910240173339844 11.73603057861328125 8.1924810409545898438 8.3166322708129882812 11.2181396484375 7.8711252212524414062 10.416864395141601562 7.6594686508178710938 8.5321722030639648438 9.3656568527221679688 12.979318618774414062 13.917879104614257812 14.181218147277832031 7.6334748268127441406
8.819187164306640625 6.6399769783020019531 6.786411285400390625 9.652339935302734375 8.0504856109619140625 8.495433807373046875 8.3652601242065429688 7.9640974998474121094 7.6585764884948730469 7.8296465873718261719 7.26779937744140625 11.177295684814453125 7.5644488334655761719 8.7436342239379882812 8.671207427978515625 7.712276458740234375 7.1404528617858886719 8.1986846923828125 8.5254240036010742188 12.862040519714355469 10.717899322509765625 8.8133602142333984375 7.7062473297119140625 8.2223606109619140625 7.7619519233703613281 8.1047267913818359375 7.3545355796813964844 9.4103174209594726562 8.1121110916137695312 7.4892783164978027344 7.5407619476318359375 7.592075347900390625 12.576507568359375 13.340262413024902344 13.026272773742675781 13.415430068969726562 13.88242340087890625 11.245911598205566406 8.4539327621459960938 7.7371764183044433594 13.941095352172851562 12.917902946472167969 7.7357702255249023438 8.0007076263427734375 14.4054107666015625
8.8124799728393554688 7.1884670257568359375 7.4119906425476074219 9.8290042877197265625 6.5420618057250976562 8.3081407546997070312 8.234714508056640625 8.1269588470458984375 7.8447575569152832031 6.8104834556579589844 8.3701753616333007812 11.105078697204589844 8.2487459182739257812 7.4019703865051269531 7.5419049263000488281 8.8202266693115234375 7.5589947700500488281 7.5145764350891113281 8.3174734115600585938 8.0247392654418945312 13.42472076416015625 8.6406154632568359375 7.5236582756042480469 8.8812847137451171875 8.2577991485595703125 8.8167657852172851562 7.9278955459594726562 7.1289520263671875 9.7846727371215820312 8.0743055343627929688 7.1870388984680175781 7.1538677215576171875 7.878314971923828125 8.5358228683471679688 9.3706102371215820312 9.9574136734008789062 9.5498399734497070312 -9999 11.193960189819335938 9.740467071533203125 13.42272186279296875 6.814189910888671875 6.3337869644165039062 6.27313232421875 7.2168040275573730469
8.8890256881713867188 8.0272512435913085938 7.5395412445068359375 7.0137648582458496094 7.1070895195007324219 8.17557525634765625 8.2098360061645507812 8.2851886749267578125 8.1233835220336914062 7.458255767822265625 8.4460887908935546875 10.8586578369140625 8.4857177734375 7.8155150413513183594 7.933353424072265625 8.65313720703125 8.0518665313720703125 8.05699920654296875 7.7032608985900878906 7.3618869781494140625 8.5902309417724609375 13.088357925415039062 7.3624320030212402344 8.8636732101440429688 9.2400445938110351562 8.152919769287109375 8.5701837539672851562 7.1159181594848632812 7.2672963142395019531 9.8928241729736328125 7.3491244316101074219 8.6648283004760742188 7.4321079254150390625 9.3080615997314453125 8.6485385894775390625 8.67873382568359375 10.05416107177734375 10.598087310791015625 12.366980552673339844 14.497287750244140625 10.068603515625 6.5715575218200683594 6.3197541236877441406 6.5637040138244628906 6.7526307106018066406
9.4793844223022460938 9.0412960052490234375 7.1247658729553222656 7.8785452842712402344 7.4423775672912597656 8.8370599746704101562 6.5560765266418457031 8.392963409423828125 8.1987466812133789062 7.6646933555603027344 10.660458564758300781 6.6012778282165527344 8.3769512176513671875 8.1484022140502929688 8.2583665847778320312 8.7493543624877929688 8.2824697494506835938 7.7505588531494140625 7.9202284812927246094 8.2443714141845703125 7.4030714035034179688 12.943467140197753906 8.2212772369384765625 10.004526138305664062 8.124744415283203125 7.5829405784606933594 8.4572620391845703125 7.1550850868225097656 8.038692474365234375 10.865896224975585938 8.7653789520263671875 10.126691818237304688 8.5752744674682617188 9.7507476806640625 14.328058242797851562 13.919075965881347656 13.719931602478027344 13.816239356994628906 13.788797378540039062 8.0832242965698242188 8.3528690338134765625 8.7187681198120117188 6.3230862617492675781 8.0866794586181640625 6.2351207733154296875
11.115091323852539062 7.1619596481323242188 7.9563336372375488281 8.9955596923828125 8.7001619338989257812 9.5572404861450195312 6.8091359138488769531 8.7299604415893554688 8.4968957901000976562 8.0102748870849609375 10.70172119140625 8.3128786087036132812 7.9552593231201171875 6.8016743659973144531 8.4362010955810546875 8.6509494781494140625 8.4414548873901367188 8.2815237045288085938 7.8257594108581542969 9.0521879196166992188 8.1106843948364257812 8.0186901092529296875 13.113282203674316406 9.557491302490234375 9.0743436813354492188 8.5933752059936523438 8.8490533828735351562 7.3607783317565917969 8.387912750244140625 11.537418365478515625 8.8435497283935546875 9.261569976806640625 11.086695671081542969 12.972791671752929688 12.158161163330078125 9.573810577392578125 9.3343982696533203125 10.654422760009765625 12.341123580932617188 7.591808319091796875 7.63954925537109375 8.0417232513427734375 7.0681133270263671875 7.1714658737182617188 6.8192429542541503906
8.1502447128295898438 11.9544525146484375 8.8758392333984375 8.24959564208984375 10.030240058898925781 10.487546920776367188 8.0866422653198242188 9.4876050949096679688 9.4115610122680664062 7.4710454940795898438 11.4668121337890625 9.4997577667236328125 7.4507455825805664062 6.8902826309204101562 8.6269350051879882812 8.913848876953125 8.681976318359375 8.7204847335815429688 7.8453950881958007812 8.6389751434326171875 9.7985696792602539062 7.8373155593872070312 8.97280120849609375 13.917140007019042969 9.8525800704956054688 8.3588285446166992188 9.8127183914184570312 10.119068145751953125 8.0732946395874023438 8.3606042861938476562 12.468871116638183594 13.266660690307617188 12.813045501708984375 10.403241157531738281 8.00909423828125 7.7637891769409179688 7.6775450706481933594 8.3922395706176757812 12.412256240844726562 8.168590545654296875 7.9358296394348144531 7.7259664535522460938 7.3347163200378417969 6.776371002197265625 7.4554200172424316406
8.1050395965576171875 12.066020011901855469 9.1956892013549804688 9.1772098541259765625 8.5255098342895507812 11.760158538818359375 8.130359649658203125 7.9281520843505859375 10.904606819152832031 8.9225406646728515625 12.835709571838378906 7.5360479354858398438 8.1775522232055664062 7.0470495223999023438 9.5627422332763671875 8.6406373977661132812 8.5483999252319335938 7.3529725074768066406 8.2756967544555664062 8.73830413818359375 7.5745797157287597656 9.6316061019897460938 7.803607940673828125 13.797759056091308594 7.9766216278076171875 10.021145820617675781 10.257304191589355469 10.137864112854003906 11.463898658752441406 13.164986610412597656 11.50957489013671875 9.0876607894897460938 7.3413801193237304688 9.5080776214599609375 7.0075139999389648438 6.9842629432678222656 6.918407440185546875 7.4739336967468261719 10.809118270874023438 11.061969757080078125 8.7420778274536132812 8.22960662841796875 7.306461334228515625 7.3946466445922851562 7.4144506454467773438
