gis/80m/twi_dinf.asc
ncols        128
nrows        143
xllcorner    726726.000000000000
yllcorner    7127190.000000000000
cellsize     80.000000000000
NODATA_value -9999
[rows 0 to 19 of 143, columns 45 to 89 of 128]
-9999 -9999 -9999 -9999 -9999 -9999 -9999 -9999 -9999 -9999 -9999 -9999 -9999 -9999 -9999 -9999 -9999 -9999 -9999 -9999 -9999 -9999 12.545042991638183594 -9999 12.494790077209472656 12.363744735717773438 11.913008689880371094 -9999 -9999 -9999 -9999 -9999 -9999 -9999 -9999 -9999 -9999 -9999 -9999 -9999 -9999 -9999 -9999 -9999 -9999
-9999 -9999 -9999 -9999 -9999 -9999 -9999 -9999 -9999 -9999 -9999 -9999 -9999 -9999 -9999 -9999 -9999 -9999 -9999 -9999 12.395731925964355469 12.747242927551269531 12.597599029541015625 13.058691978454589844 12.595965385437011719 12.030777931213378906 12.004521369934082031 11.965854644775390625 -9999 -9999 -9999 -9999 -9999 -9999 -9999 -9999 -9999 -9999 -9999 -9999 -9999 -9999 -9999 -9999 -9999
-9999 -9999 -9999 -9999 -9999 -9999 -9999 -9999 -9999 -9999 -9999 -9999 -9999 -9999 13.716365814208984375 -9999 -9999 -9999 16.978796005249023438 14.986063003540039062 14.823179244995117188 13.41149139404296875 13.552288055419921875 12.9026641845703125 12.860494613647460938 12.23535919189453125 12.213953018188476562 12.048947334289550781 12.667449951171875 -9999 -9999 -9999 -9999 -9999 -9999 -9999 -9999 -9999 -9999 -9999 -9999 -9999 -9999 -9999 -9999
-9999 -9999 -9999 -9999 -9999 -9999 -9999 -9999 -9999 -9999 -9999 -9999 -9999 12.221487998962402344 13.276998519897460938 14.084958076477050781 -9999 -9999 16.158100128173828125 13.8462982177734375 14.629433631896972656 13.834761619567871094 12.944849014282226562 12.406830787658691406 12.680208206176757812 12.849287033081054688 12.297064781188964844 12.25487518310546875 12.178517341613769531 -9999 -9999 -9999 -9999 -9999 -9999 -9999 -9999 -9999 -9999 -9999 -9999 -9999 -9999 -9999 -9999
-9999 -9999 -9999 -9999 -9999 -9999 -9999 -9999 -9999 -9999 -9999 12.079531669616699219 14.426609992980957031 15.685763359069824219 16.467655181884765625 16.859935760498046875 16.619953155517578125 12.999207496643066406 13.322523117065429688 16.217443466186523438 15.105495452880859375 12.428826332092285156 13.881859779357910156 13.792400360107421875 13.624756813049316406 13.094524383544921875 12.518151283264160156 12.218441963195800781 12.422971725463867188 12.977461814880371094 -9999 -9999 -9999 -9999 -9999 -9999 -9999 -9999 13.167534828186035156 -9999 -9999 -9999 -9999 -9999 -9999
-9999 -9999 -9999 -9999 -9999 -9999 -9999 12.902001380920410156 13.102417945861816406 12.738703727722167969 12.85443878173828125 14.072462081909179688 14.129308700561523438 12.347214698791503906 12.799441337585449219 13.494957923889160156 13.202939033508300781 12.790891647338867188 12.484436988830566406 13.74968719482421875 15.276251792907714844 15.199263572692871094 13.606794357299804688 12.730107307434082031 12.473793983459472656 12.843035697937011719 12.64397430419921875 11.94928741455078125 11.803225517272949219 12.32163238525390625 -9999 -9999 15.492598533630371094 -9999 -9999 -9999 -9999 -9999 12.677248954772949219 13.174181938171386719 11.997977256774902344 12.309522628784179688 12.049735069274902344 12.377603530883789062 12.720729827880859375
-9999 -9999 -9999 -9999 -9999 -9999 -9999 11.915410995483398438 12.327731132507324219 13.626781463623046875 14.595486640930175781 13.437840461730957031 11.758325576782226562 12.299971580505371094 16.247930526733398438 15.89861297607421875 15.566218376159667969 16.356775283813476562 16.002550125122070312 16.52679443359375 14.377280235290527344 12.134073257446289062 11.603024482727050781 11.578233718872070312 12.603611946105957031 13.058909416198730469 12.621522903442382812 12.072855949401855469 11.916988372802734375 11.973062515258789062 13.656635284423828125 12.726418495178222656 14.296265602111816406 11.86370086669921875 -9999 -9999 13.040707588195800781 12.013323783874511719 12.861643791198730469 13.410413742065429688 12.699971199035644531 12.309618949890136719 11.647778511047363281 11.386060714721679688 11.8363037109375
-9999 -9999 -9999 -9999 -9999 -9999 -9999 -9999 12.518889427185058594 13.515985488891601562 12.334939956665039062 12.428430557250976562 13.119669914245605469 13.928807258605957031 11.917623519897460938 11.936507225036621094 11.7346649169921875 12.002957344055175781 12.418649673461914062 16.98517608642578125 12.612897872924804688 12.174036979675292969 14.919884681701660156 14.333559036254882812 14.150453567504882812 13.62319183349609375 12.875204086303710938 12.303461074829101562 11.770998954772949219 11.802447319030761719 12.694165229797363281 12.715867996215820312 14.045332908630371094 12.149866104125976562 11.750657081604003906 12.239980697631835938 12.627984046936035156 12.22637176513671875 12.361945152282714844 12.78025054931640625 13.579336166381835938 12.5905609130859375 12.412633895874023438 12.448974609375 11.914419174194335938
-9999 -9999 -9999 -9999 -9999 -9999 -9999 -9999 12.614459991455078125 12.304685592651367188 11.987534523010253906 11.758785247802734375 13.025345802307128906 11.632480621337890625 12.304495811462402344 12.910965919494628906 12.34747314453125 12.151662826538085938 11.894017219543457031 12.163339614868164062 16.366254806518554688 16.106229782104492188 12.65978240966796875 11.801013946533203125 12.162271499633789062 12.032174110412597656 11.796709060668945312 11.106602668762207031 11.383177757263183594 11.25986480712890625 11.617639541625976562 12.796082496643066406 13.804497718811035156 12.245309829711914062 11.279507637023925781 11.433963775634765625 12.208767890930175781 12.831906318664550781 12.433244705200195312 13.525805473327636719 12.692561149597167969 13.074538230895996094 12.334466934204101562 11.675265312194824219 12.663387298583984375
-9999 -9999 -9999 -9999 -9999 -9999 -9999 13.171733856201171875 12.779767990112304688 13.10785675048828125 12.850434303283691406 13.824162483215332031 11.848959922790527344 11.934350013732910156 12.55941009521484375 13.802507400512695312 15.405788421630859375 15.212385177612304688 14.827754974365234375 14.601047515869140625 17.365045547485351562 14.212566375732421875 13.14890289306640625 12.957728385925292969 12.335961341857910156 11.878617286682128906 11.523211479187011719 11.802623748779296875 11.372845649719238281 11.664319038391113281 11.178981781005859375 11.385525703430175781 13.691302299499511719 13.004444122314453125 11.83635711669921875 11.327863693237304688 12.040485382080078125 13.506457328796386719 12.435017585754394531 13.5477294921875 13.164835929870605469 12.674119949340820312 12.563771247863769531 13.577055931091308594 11.542866706848144531
-9999 12.4835968017578125 11.956186294555664062 12.224682807922363281 12.630572319030761719 12.419537544250488281 12.306261062622070312 14.64830780029296875 14.024506568908691406 12.573938369750976562 13.001459121704101562 12.662073135375976562 12.017934799194335938 12.854142189025878906 13.504896163940429688 14.493531227111816406 13.791439056396484375 12.488860130310058594 11.823594093322753906 17.609130859375 18.9558563232421875 15.653662681579589844 13.3531341552734375 12.485491752624511719 12.102505683898925781 11.593693733215332031 12.178186416625976562 12.082367897033691406 11.996671676635742188 11.694316864013671875 11.500535964965820312 11.415970802307128906 10.987183570861816406 13.830336570739746094 12.388452529907226562 11.754016876220703125 13.05622100830078125 12.488055229187011719 12.267147064208984375 12.783946037292480469 14.021849632263183594 13.927320480346679688 13.031660079956054688 11.700341224670410156 15.769317626953125
15.093035697937011719 12.922056198120117188 12.732082366943359375 12.517416954040527344 12.896183013916015625 13.978827476501464844 14.359470367431640625 12.251111030578613281 14.60443115234375 12.22614288330078125 12.031824111938476562 12.392403602600097656 13.423725128173828125 12.274659156799316406 11.420220375061035156 11.971635818481445312 12.480882644653320312 17.381404876708984375 17.485830307006835938 12.800946235656738281 14.290070533752441406 19.605663299560546875 12.224617958068847656 11.763368606567382812 12.941027641296386719 12.714849472045898438 11.93548583984375 11.971282005310058594 13.693047523498535156 11.77950286865234375 11.782644271850585938 11.597692489624023438 11.471142768859863281 13.573216438293457031 13.649308204650878906 12.654417037963867188 13.778806686401367188 13.272039413452148438 12.990355491638183594 12.935934066772460938 12.322035789489746094 11.565135002136230469 12.662797927856445312 13.961019515991210938 12.324296951293945312
12.068842887878417969 13.899236679077148438 16.223400115966796875 13.904882431030273438 13.871563911437988281 13.502140045166015625 14.894108772277832031 12.218659400939941406 12.724555015563964844 15.089282989501953125 12.725548744201660156 12.702443122863769531 12.392019271850585938 11.7707977294921875 11.556562423706054688 13.530681610107421875 17.285495758056640625 11.988214492797851562 11.885496139526367188 11.834970474243164062 11.565205574035644531 11.979241371154785156 19.092823028564453125 12.769597053527832031 13.355225563049316406 13.451106071472167969 11.857824325561523438 14.382195472717285156 11.609758377075195312 11.322474479675292969 11.2851715087890625 12.874791145324707031 15.568888664245605469 15.835988998413085938 14.753386497497558594 14.544057846069335938 14.160106658935546875 14.857885360717773438 14.644041061401367188 12.769938468933105469 12.04653167724609375 11.45279693603515625 10.952516555786132812 11.397027015686035156 12.406732559204101562
11.701725006103515625 14.219355583190917969 16.13311767578125 17.85280609130859375 17.637060165405273438 13.201415061950683594 13.7469329833984375 12.107628822326660156 11.756132125854492188 15.171957969665527344 13.737911224365234375 13.691514968872070312 12.4944000244140625 12.1770782470703125 13.109134674072265625 17.075628280639648438 11.619539260864257812 10.802036285400390625 11.397731781005859375 10.957436561584472656 11.091664314270019531 11.195590019226074219 12.635366439819335938 18.673158645629882812 13.379175186157226562 13.907100677490234375 13.566328048706054688 14.258914947509765625 12.2630462646484375 12.175281524658203125 16.645902633666992188 16.54967498779296875 12.537644386291503906 12.271905899047851562 12.297974586486816406 11.395361900329589844 11.629580497741699219 12.241749763488769531 13.084235191345214844 13.193927764892578125 13.048894882202148438 12.328645706176757812 12.359331130981445312 11.319005012512207031 12.143650054931640625
14.900259017944335938 14.6041107177734375 12.165183067321777344 12.273560523986816406 12.369252204895019531 16.05205535888671875 16.551637649536132812 16.57256317138671875 15.612811088562011719 15.748906135559082031 20.100164413452148438 18.219324111938476562 18.877279281616210938 12.526851654052734375 18.415864944458007812 13.449810981750488281 11.9131622314453125 11.9245147705078125 12.327364921569824219 12.283333778381347656 11.272579193115234375 11.491841316223144531 11.895165443420410156 13.263448715209960938 18.993976593017578125 12.824679374694824219 15.211416244506835938 12.993194580078125 12.955341339111328125 16.094089508056640625 12.249558448791503906 11.954805374145507812 11.335118293762207031 11.127939224243164062 11.857537269592285156 11.889729499816894531 11.387568473815917969 11.534650802612304688 11.659237861633300781 12.32257843017578125 12.077022552490234375 11.893739700317382812 12.123493194580078125 14.055151939392089844 12.2524566650390625
12.570802688598632812 11.951387405395507812 12.364489555358886719 12.943530082702636719 12.401271820068359375 11.977865219116210938 12.204995155334472656 12.366907119750976562 11.842527389526367188 12.81500244140625 16.524038314819335938 11.974224090576171875 12.344732284545898438 17.14989471435546875 14.978537559509277344 13.818428993225097656 13.410037994384765625 11.907303810119628906 11.610083580017089844 11.660497665405273438 11.909289360046386719 11.14064788818359375 11.646768569946289062 12.076494216918945312 13.748669624328613281 19.449283599853515625 15.653301239013671875 13.106684684753417969 16.277477264404296875 13.726988792419433594 11.554363250732421875 11.651206016540527344 11.262752532958984375 11.201869010925292969 11.785295486450195312 11.812895774841308594 12.007342338562011719 11.608195304870605469 11.917062759399414062 12.074814796447753906 11.682566642761230469 12.560049057006835938 13.086785316467285156 11.997312545776367188 14.977474212646484375
12.410599708557128906 12.9821319580078125 13.807498931884765625 14.140018463134765625 14.288554191589355469 11.885809898376464844 16.206462860107421875 16.462858200073242188 16.26125335693359375 16.821275711059570312 12.764667510986328125 12.34296417236328125 12.760298728942871094 12.128901481628417969 15.035976409912109375 14.423284530639648438 15.109048843383789062 14.290562629699707031 13.17101287841796875 11.906993865966796875 12.205883026123046875 11.52657318115234375 11.828664779663085938 12.296271324157714844 13.14383697509765625 18.742841720581054688 20.029064178466796875 16.894500732421875 15.465358734130859375 11.785696983337402344 11.427159309387207031 11.369701385498046875 10.933679580688476562 11.114471435546875 11.553773880004882812 12.945940971374511719 12.214602470397949219 11.767042160034179688 11.836223602294921875 12.432127952575683594 13.326753616333007812 13.389596939086914062 11.623422622680664062 12.238694190979003906 13.324753761291503906
12.331455230712890625 13.231921195983886719 12.304827690124511719 12.368565559387207031 11.647214889526367188 15.111064910888671875 11.704506874084472656 11.395533561706542969 11.445013046264648438 12.797765731811523438 14.745158195495605469 12.207434654235839844 12.060376167297363281 12.7318572998046875 16.105075836181640625 14.435286521911621094 14.815563201904296875 14.932873725891113281 13.992197990417480469 13.351405143737792969 13.00249481201171875 12.23552703857421875 11.3845977783203125 11.354618072509765625 12.123572349548339844 11.952569961547851562 13.650502204895019531 19.660253524780273438 12.124234199523925781 11.231935501098632812 11.174485206604003906 11.867849349975585938 12.060822486877441406 11.747545242309570312 11.997996330261230469 11.678892135620117188 13.081218719482421875 11.637549400329589844 11.410473823547363281 12.205819129943847656 12.155019760131835938 11.479596138000488281 14.463414192199707031 12.310335159301757812 12.026572227478027344
14.448700904846191406 15.289531707763671875 13.704130172729492188 13.666860580444335938 15.735228538513183594 12.314082145690917969 10.983257293701171875 10.69329833984375 10.73839569091796875 11.548447608947753906 11.948335647583007812 13.116375923156738281 14.269373893737792969 12.943930625915527344 12.515287399291992188 12.40130615234375 12.7257843017578125 12.963640213012695312 14.092111587524414062 14.608302116394042969 11.712553977966308594 11.556843757629394531 11.547679901123046875 11.5893402099609375 11.609402656555175781 12.218047142028808594 12.201176643371582031 17.10388946533203125 19.019397735595703125 12.005521774291992188 11.681002616882324219 13.390233993530273438 11.232481956481933594 11.115815162658691406 11.495885848999023438 11.599658966064453125 11.781219482421875 13.216862678527832031 11.533634185791015625 11.324647903442382812 12.469450950622558594 12.669966697692871094 14.36727142333984375 12.506859779357910156 11.75124359130859375
13.103048324584960938 13.335612297058105469 15.378039360046386719 14.977877616882324219 15.457283973693847656 12.065127372741699219 13.629551887512207031 12.200625419616699219 11.315751075744628906 10.921404838562011719 11.348858833312988281 11.469329833984375 11.664945602416992188 11.526242256164550781 11.8169403076171875 11.827169418334960938 11.829458236694335938 12.104444503784179688 12.047842979431152344 12.777703285217285156 13.686895370483398438 13.332271575927734375 12.937269210815429688 11.215828895568847656 11.518351554870605469 12.256341934204101562 16.971439361572265625 12.778244972229003906 12.349020004272460938 19.546276092529296875 19.277034759521484375 12.471264839172363281 11.672780990600585938 11.385098457336425781 11.551000595092773438 11.574855804443359375 12.022501945495605469 13.231448173522949219 12.002711296081542969 11.227034568786621094 12.168972015380859375 12.98761749267578125 14.838089942932128906 12.554478645324707031 11.363071441650390625
