gis/80m/twi_dinf.asc
ncols        128
nrows        143
xllcorner    726726.000000000000
yllcorner    7127190.000000000000
cellsize     80.000000000000
NODATA_value -9999
[rows 60 to 79 of 143, columns 0 to 44 of 128]
-9999 -9999 13.903203010559082031 12.946240425109863281 14.773555755615234375 12.542270660400390625 13.949554443359375 10.94463348388671875 13.40087890625 13.687365531921386719 14.52799224853515625 12.5914154052734375 12.428213119506835938 12.129602432250976562 12.324257850646972656 12.781419754028320312 13.052133560180664062 13.180085182189941406 12.355736732482910156 12.061807632446289062 10.939234733581542969 10.55149078369140625 11.625037193298339844 12.145139694213867188 12.72150421142578125 12.349599838256835938 12.000410079956054688 12.407065391540527344 18.159406661987304688 13.223895072937011719 11.656049728393554688 10.962738990783691406 11.731078147888183594 10.897912025451660156 11.711983680725097656 11.222758293151855469 10.877025604248046875 13.809220314025878906 11.020739555358886719 11.013210296630859375 13.97698211669921875 11.148118019104003906 10.632136344909667969 11.873136520385742188 12.913812637329101562
-9999 13.372593879699707031 12.528924942016601562 12.846240043640136719 16.912553787231445312 16.34198760986328125 11.690018653869628906 13.013742446899414062 14.199961662292480469 11.232336997985839844 11.542058944702148438 15.144064903259277344 13.045490264892578125 13.896693229675292969 11.170662879943847656 11.36981201171875 14.936849594116210938 12.474999427795410156 13.184320449829101562 12.427959442138671875 11.242774009704589844 11.113142013549804688 11.756312370300292969 11.531817436218261719 11.403635025024414062 11.79488372802734375 11.542994499206542969 11.437061309814453125 11.918041229248046875 18.041719436645507812 12.08452606201171875 11.870621681213378906 11.106362342834472656 11.132174491882324219 11.785521507263183594 11.303758621215820312 10.741018295288085938 10.710369110107421875 14.171001434326171875 12.050133705139160156 15.515185356140136719 11.482592582702636719 11.417515754699707031 11.309081077575683594 11.88831329345703125
-9999 13.049895286560058594 13.187594413757324219 13.611535072326660156 13.010923385620117188 14.096524238586425781 17.774217605590820312 14.449734687805175781 14.140712738037109375 12.247506141662597656 12.026691436767578125 12.093577384948730469 15.742978096008300781 11.557021141052246094 11.197754859924316406 11.157830238342285156 14.813601493835449219 12.695696830749511719 13.669291496276855469 12.424824714660644531 11.873415946960449219 11.62819671630859375 11.859197616577148438 11.299772262573242188 11.109885215759277344 11.120862960815429688 11.228838920593261719 11.394574165344238281 11.337390899658203125 16.992597579956054688 15.969011306762695312 11.562028884887695312 11.381976127624511719 11.625336647033691406 11.104155540466308594 11.145279884338378906 10.816874504089355469 12.043004035949707031 15.740642547607421875 15.645082473754882812 13.887928962707519531 11.80612945556640625 10.996197700500488281 11.613232612609863281 11.199204444885253906
-9999 11.840111732482910156 12.307079315185546875 11.991755485534667969 12.669374465942382812 12.913157463073730469 12.628263473510742188 16.976854324340820312 17.11888885498046875 12.322717666625976562 11.440790176391601562 11.572718620300292969 11.175650596618652344 15.434644699096679688 11.484396934509277344 11.446717262268066406 14.740686416625976562 13.421390533447265625 11.136577606201171875 12.914601325988769531 12.188899040222167969 12.438478469848632812 12.017685890197753906 11.464723587036132812 11.369034767150878906 11.364842414855957031 11.182310104370117188 11.56792449951171875 12.194309234619140625 15.44725799560546875 17.1614227294921875 12.380855560302734375 11.933538436889648438 11.371302604675292969 11.438755035400390625 11.357995033264160156 11.254457473754882812 18.219964981079101562 10.980144500732421875 10.51319122314453125 11.078999519348144531 12.914014816284179688 12.357030868530273438 11.366362571716308594 11.012739181518554688
-9999 -9999 11.604487419128417969 11.866598129272460938 12.623793601989746094 12.673387527465820312 13.292568206787109375 12.910672187805175781 13.502325057983398438 16.6703033447265625 11.60762786865234375 11.512664794921875 11.781520843505859375 16.059093475341796875 12.665758132934570312 13.444018363952636719 15.694820404052734375 13.470322608947753906 11.854683876037597656 13.340069770812988281 12.702880859375 13.256015777587890625 12.103423118591308594 11.878592491149902344 11.201725006103515625 11.557551383972167969 11.609274864196777344 11.551676750183105469 11.137683868408203125 12.029048919677734375 18.825235366821289062 13.105353355407714844 11.888723373413085938 11.555737495422363281 11.446232795715332031 10.958390235900878906 11.028514862060546875 15.431876182556152344 10.672278404235839844 11.032536506652832031 11.407177925109863281 12.233861923217773438 12.296374320983886719 10.792776107788085938 11.289434432983398438
-9999 -9999 -9999 11.741301536560058594 12.262180328369140625 11.741374969482421875 12.766848564147949219 13.084987640380859375 13.715496063232421875 15.664304733276367188 16.960437774658203125 12.387951850891113281 12.153203010559082031 16.830389022827148438 13.214521408081054688 17.047740936279296875 13.747022628784179688 14.350405693054199219 13.130113601684570312 14.844119071960449219 12.709593772888183594 14.078984260559082031 12.866741180419921875 11.700675010681152344 11.870579719543457031 11.948466300964355469 12.039333343505859375 11.362649917602539062 11.364090919494628906 11.511699676513671875 18.46137237548828125 12.792605400085449219 11.852765083312988281 11.684041976928710938 11.291016578674316406 11.138573646545410156 11.466134071350097656 15.231202125549316406 10.841166496276855469 10.776635169982910156 11.304548263549804688 11.538179397583007812 11.328486442565917969 10.962225914001464844 11.552305221557617188
-9999 -9999 -9999 11.838977813720703125 11.985968589782714844 12.402012825012207031 12.318389892578125 13.208683013916015625 13.804512977600097656 14.098534584045410156 16.119474411010742188 17.843626022338867188 17.763702392578125 19.037933349609375 18.798162460327148438 18.4671173095703125 14.897324562072753906 14.391024589538574219 12.751357078552246094 15.752292633056640625 14.631328582763671875 13.911306381225585938 13.663071632385253906 12.596632957458496094 11.945349693298339844 12.307622909545898438 11.841577529907226562 11.314601898193359375 11.259979248046875 11.535841941833496094 18.475652694702148438 14.800488471984863281 14.349100112915039062 14.358112335205078125 14.793763160705566406 15.897334098815917969 15.945831298828125 11.666667938232421875 11.709323883056640625 11.696351051330566406 10.98339080810546875 10.905988693237304688 11.448581695556640625 11.610349655151367188 11.920931816101074219
-9999 -9999 -9999 -9999 11.714598655700683594 12.270012855529785156 12.489519119262695312 13.232213973999023438 13.841170310974121094 12.969893455505371094 13.897652626037597656 12.620917320251464844 14.31848907470703125 15.050052642822265625 17.052373886108398438 18.411663055419921875 20.695379257202148438 15.176363945007324219 13.69720458984375 16.065671920776367188 12.840018272399902344 14.657366752624511719 12.554463386535644531 14.950550079345703125 11.940518379211425781 12.960140228271484375 13.469028472900390625 11.347308158874511719 12.34984588623046875 11.593943595886230469 18.934785842895507812 13.339374542236328125 13.074066162109375 13.767214775085449219 15.003256797790527344 11.081514358520507812 11.690019607543945312 11.078207969665527344 11.382847785949707031 10.871253013610839844 11.223681449890136719 10.982248306274414062 11.449646949768066406 12.194417953491210938 12.710330963134765625
-9999 -9999 -9999 -9999 -9999 11.860089302062988281 12.211456298828125 12.6392669677734375 13.354694366455078125 13.5895538330078125 12.113481521606445312 12.849638938903808594 12.917157173156738281 13.010138511657714844 13.060338020324707031 13.074101448059082031 13.177564620971679688 18.570783615112304688 17.452295303344726562 13.020162582397460938 12.652163505554199219 15.038982391357421875 16.600419998168945312 12.105831146240234375 14.494429588317871094 14.344698905944824219 12.178838729858398438 12.690257072448730469 13.382907867431640625 11.7877960205078125 18.156873703002929688 14.06789398193359375 12.984380722045898438 14.478893280029296875 12.012651443481445312 12.272643089294433594 10.734453201293945312 10.762156486511230469 10.813719749450683594 10.983690261840820312 11.690287590026855469 11.439115524291992188 11.759653091430664062 12.695988655090332031 12.7225494384765625
-9999 -9999 -9999 -9999 -9999 11.771893501281738281 12.109650611877441406 12.541573524475097656 13.725555419921875 -9999 12.573437690734863281 12.763285636901855469 12.9713897705078125 13.272118568420410156 13.051693916320800781 12.525066375732421875 12.443108558654785156 12.673451423645019531 18.0103759765625 19.409791946411132812 13.9584808349609375 15.457004547119140625 16.069517135620117188 13.110866546630859375 13.501347541809082031 11.775168418884277344 11.84983062744140625 11.886075019836425781 11.98885345458984375 12.207243919372558594 12.041736602783203125 17.721052169799804688 14.549310684204101562 11.957568168640136719 11.934729576110839844 11.133009910583496094 11.144892692565917969 10.784808158874511719 10.638248443603515625 11.289216995239257812 12.391000747680664062 12.417429924011230469 12.596455574035644531 12.723382949829101562 12.909990310668945312
-9999 -9999 -9999 -9999 -9999 -9999 11.933309555053710938 -9999 -9999 -9999 -9999 -9999 -9999 14.246898651123046875 13.000788688659667969 12.291214942932128906 12.139112472534179688 12.32746124267578125 12.21533966064453125 12.187471389770507812 18.141321182250976562 18.787084579467773438 20.104763031005859375 14.025739669799804688 12.053254127502441406 12.002611160278320312 11.388010978698730469 12.192692756652832031 11.516646385192871094 12.755415916442871094 11.692656517028808594 18.109174728393554688 11.483340263366699219 11.665125846862792969 11.329235076904296875 10.915411949157714844 11.446158409118652344 11.348958015441894531 11.577765464782714844 11.996408462524414062 13.24349212646484375 12.959479331970214844 13.406881332397460938 12.824360847473144531 13.031563758850097656
-9999 -9999 -9999 -9999 -9999 -9999 -9999 -9999 -9999 -9999 -9999 -9999 -9999 -9999 -9999 -9999 12.424920082092285156 11.849884033203125 11.814362525939941406 12.395097732543945312 12.263523101806640625 12.196130752563476562 13.300284385681152344 19.274232864379882812 18.8238983154296875 11.956335067749023438 12.453233718872070312 12.275239944458007812 12.139212608337402344 13.039514541625976562 12.870893478393554688 18.583139419555664062 12.063134193420410156 12.0234222412109375 11.23363494873046875 11.440343856811523438 11.947572708129882812 12.037543296813964844 12.412151336669921875 13.630667686462402344 12.960873603820800781 11.462240219116210938 13.089106559753417969 13.262909889221191406 12.937848091125488281
-9999 -9999 -9999 -9999 -9999 -9999 -9999 -9999 -9999 -9999 -9999 -9999 -9999 -9999 -9999 -9999 -9999 -9999 11.936353683471679688 12.046411514282226562 12.173016548156738281 12.151049613952636719 12.558229446411132812 13.162896156311035156 13.323286056518554688 18.907072067260742188 12.61519622802734375 12.366483688354492188 12.155987739562988281 12.992135047912597656 18.598962783813476562 13.548970222473144531 12.699707984924316406 12.693691253662109375 12.224401473999023438 12.374821662902832031 12.232534408569335938 12.637625694274902344 12.624951362609863281 13.691394805908203125 11.408780097961425781 11.078075408935546875 12.427512168884277344 13.162914276123046875 13.323833465576171875
-9999 -9999 -9999 -9999 -9999 -9999 -9999 -9999 -9999 -9999 -9999 -9999 -9999 -9999 -9999 -9999 -9999 -9999 -9999 12.108826637268066406 12.39373779296875 12.869942665100097656 13.615334510803222656 12.641976356506347656 13.112360000610351562 13.987886428833007812 20.031345367431640625 19.99282073974609375 18.753824234008789062 18.572690963745117188 18.939451217651367188 12.114708900451660156 12.081707000732421875 11.952984809875488281 14.413370132446289062 12.538320541381835938 12.191152572631835938 12.371615409851074219 12.686737060546875 13.805841445922851562 11.703105926513671875 12.091076850891113281 12.455942153930664062 13.460293769836425781 13.544328689575195312
-9999 -9999 -9999 -9999 -9999 -9999 -9999 -9999 -9999 -9999 -9999 -9999 -9999 -9999 -9999 -9999 -9999 -9999 -9999 12.727914810180664062 13.543485641479492188 13.556089401245117188 13.621537208557128906 14.868109703063964844 12.716822624206542969 12.380963325500488281 12.949262619018554688 12.754791259765625 12.686670303344726562 13.0243988037109375 20.023324966430664062 20.163774490356445312 12.621470451354980469 15.31957244873046875 11.68820953369140625 12.384547233581542969 12.760081291198730469 12.175380706787109375 12.78813934326171875 14.492787361145019531 12.792440414428710938 13.051015853881835938 12.65140533447265625 13.897581100463867188 12.829860687255859375
-9999 -9999 -9999 -9999 -9999 -9999 -9999 -9999 -9999 -9999 -9999 -9999 -9999 -9999 -9999 -9999 -9999 -9999 -9999 13.791922569274902344 13.82183074951171875 15.160890579223632812 15.039020538330078125 13.997246742248535156 14.07965850830078125 14.481900215148925781 14.841986656188964844 13.908633232116699219 12.887256622314453125 12.166119575500488281 12.835321426391601562 13.181842803955078125 19.988824844360351562 16.487775802612304688 12.128016471862792969 13.404477119445800781 12.603921890258789062 12.512976646423339844 13.568347930908203125 14.977004051208496094 13.407854080200195312 13.125941276550292969 13.444680213928222656 13.604183197021484375 12.55560302734375
-9999 -9999 -9999 -9999 -9999 -9999 -9999 -9999 -9999 -9999 -9999 -9999 -9999 -9999 -9999 -9999 -9999 -9999 13.249376296997070312 13.7836456298828125 12.698175430297851562 15.353702545166015625 13.726024627685546875 14.4695281982421875 14.859700202941894531 15.204799652099609375 14.708629608154296875 14.318780899047851562 14.170309066772460938 14.536923408508300781 12.533351898193359375 12.462508201599121094 12.959301948547363281 20.76190948486328125 12.451933860778808594 14.021504402160644531 11.541205406188964844 13.302700042724609375 14.463204383850097656 15.260278701782226562 13.403455734252929688 14.202379226684570312 14.300389289855957031 13.563689231872558594 12.851920127868652344
-9999 -9999 -9999 -9999 -9999 -9999 -9999 -9999 -9999 -9999 -9999 -9999 -9999 -9999 -9999 -9999 -9999 13.961238861083984375 13.689992904663085938 14.699992179870605469 13.887037277221679688 14.240090370178222656 12.335269927978515625 14.034082412719726562 13.233137130737304688 13.036900520324707031 14.175745010375976562 14.144803047180175781 14.877079963684082031 13.39029693603515625 13.950108528137207031 13.200428009033203125 12.168783187866210938 13.714565277099609375 20.283102035522460938 19.940399169921875 19.38893890380859375 14.199039459228515625 11.68769073486328125 15.023937225341796875 12.724773406982421875 14.237845420837402344 14.911176681518554688 13.200217247009277344 13.763965606689453125
-9999 -9999 -9999 -9999 -9999 -9999 -9999 -9999 -9999 -9999 -9999 -9999 -9999 -9999 -9999 -9999 -9999 -9999 12.961435317993164062 17.656118392944335938 18.155748367309570312 17.811296463012695312 16.681425094604492188 15.869061470031738281 13.860527992248535156 13.595407485961914062 12.573518753051757812 12.684587478637695312 15.036873817443847656 13.978353500366210938 14.987573623657226562 14.719973564147949219 12.427713394165039062 12.164986610412597656 11.784428596496582031 11.814581871032714844 13.370351791381835938 21.503528594970703125 12.568142890930175781 15.157441139221191406 12.057551383972167969 11.906737327575683594 15.407353401184082031 13.137004852294921875 12.934358596801757812
-9999 -9999 -9999 -9999 -9999 -9999 -9999 -9999 -9999 -9999 -9999 -9999 -9999 -9999 -9999 -9999 -9999 -9999 -9999 12.737886428833007812 13.285529136657714844 13.426092147827148438 13.142668724060058594 13.41973114013671875 15.509903907775878906 15.627919197082519531 13.840982437133789062 14.872136116027832031 12.50348663330078125 12.828388214111328125 13.395247459411621094 13.24716949462890625 12.810347557067871094 13.264036178588867188 14.567603111267089844 12.369640350341796875 12.272662162780761719 13.310944557189941406 19.938512802124023438 12.42159271240234375 12.447407722473144531 11.951462745666503906 15.619822502136230469 11.97176361083984375 13.531232833862304688
