gis/80m/twi_dinf.asc
ncols        128
nrows        143
xllcorner    726726.000000000000
yllcorner    7127190.000000000000
cellsize     80.000000000000
NODATA_value -9999
[rows 20 to 39 of 143, columns 45 to 89 of 128]
12.877396583557128906 13.570424079895019531 14.589770317077636719 13.831564903259277344 14.591357231140136719 12.908698081970214844 12.169974327087402344 13.321346282958984375 11.134259223937988281 11.48670196533203125 10.673208236694335938 10.802243232727050781 11.331709861755371094 11.967587471008300781 12.61325836181640625 11.950551986694335938 11.945743560791015625 12.111223220825195312 11.75994873046875 14.209917068481445312 15.174607276916503906 14.799974441528320312 14.921785354614257812 15.512939453125 15.968750953674316406 17.049726486206054688 12.871123313903808594 12.47063446044921875 12.524919509887695312 15.238883018493652344 14.133227348327636719 19.652256011962890625 11.911965370178222656 12.965272903442382812 12.6734619140625 11.739712715148925781 12.899112701416015625 13.55220794677734375 12.368783950805664062 11.380369186401367188 11.605451583862304688 11.871118545532226562 14.583893775939941406 11.41683197021484375 12.086378097534179688
13.514374732971191406 13.856007575988769531 13.594571113586425781 13.722062110900878906 14.645725250244140625 13.334906578063964844 13.3553619384765625 12.036642074584960938 11.713617324829101562 11.254992485046386719 11.802350044250488281 10.921048164367675781 11.259263038635253906 12.459653854370117188 13.791585922241210938 12.652925491333007812 12.321843147277832031 14.266467094421386719 14.157179832458496094 13.432902336120605469 12.044771194458007812 10.897475242614746094 11.00514984130859375 11.319327354431152344 12.296045303344726562 12.180945396423339844 11.997874259948730469 12.632266998291015625 13.544238090515136719 14.820996284484863281 15.439897537231445312 13.009790420532226562 19.254140853881835938 13.510924339294433594 12.437170028686523438 12.466749191284179688 11.909081459045410156 13.809983253479003906 14.661699295043945312 14.068468093872070312 13.260080337524414062 11.876810073852539062 13.439723968505859375 14.129808425903320312 12.221014022827148438
13.88196563720703125 13.623929977416992188 13.360709190368652344 14.007623672485351562 12.928823471069335938 18.308519363403320312 12.595482826232910156 11.790149688720703125 12.560522079467773438 11.833424568176269531 11.687929153442382812 11.558875083923339844 11.6159820556640625 11.70709991455078125 12.626783370971679688 16.194608688354492188 12.073235511779785156 12.533476829528808594 11.677435874938964844 12.041102409362792969 11.321278572082519531 10.6642608642578125 11.174534797668457031 10.597256660461425781 11.772899627685546875 11.285679817199707031 10.6078033447265625 11.6115875244140625 11.799531936645507812 12.122081756591796875 12.149624824523925781 13.346880912780761719 15.532668113708496094 20.17243194580078125 13.815052032470703125 12.250702857971191406 11.98073577880859375 11.578321456909179688 12.056344032287597656 12.74564361572265625 13.496680259704589844 13.436328887939453125 12.643130302429199219 13.266187667846679688 14.846934318542480469
14.370683670043945312 14.189371109008789062 14.879255294799804688 15.140191078186035156 15.233030319213867188 17.959339141845703125 12.979400634765625 13.36544036865234375 12.522579193115234375 11.642228126525878906 11.293250083923339844 11.8644561767578125 11.257476806640625 12.130028724670410156 12.7851104736328125 14.620665550231933594 11.948033332824707031 11.233465194702148438 10.655980110168457031 11.782814979553222656 11.179442405700683594 11.084080696105957031 11.275279045104980469 11.020868301391601562 11.987833976745605469 10.787786483764648438 10.753080368041992188 10.552937507629394531 10.979872703552246094 11.182755470275878906 11.327313423156738281 13.0400390625 14.282720565795898438 12.990805625915527344 13.292407989501953125 12.899915695190429688 11.883348464965820312 11.934551239013671875 12.054704666137695312 11.8443450927734375 12.233944892883300781 12.984902381896972656 13.522684097290039062 13.63881683349609375 16.968318939208984375
12.596332550048828125 12.924820899963378906 11.868707656860351562 12.154740333557128906 11.936505317687988281 11.601034164428710938 14.147969245910644531 14.147741317749023438 14.800146102905273438 13.017869949340820312 13.287795066833496094 13.300289154052734375 11.9345245361328125 12.398976325988769531 11.602118492126464844 14.198879241943359375 12.099411964416503906 11.156346321105957031 10.940521240234375 10.875254631042480469 12.345698356628417969 12.328911781311035156 11.907032966613769531 12.440243721008300781 11.112323760986328125 10.569838523864746094 10.924497604370117188 10.584980010986328125 10.539407730102539062 10.751728057861328125 11.933488845825195312 12.419041633605957031 13.9770050048828125 12.674422264099121094 11.973137855529785156 13.164023399353027344 14.839673042297363281 12.663011550903320312 11.903136253356933594 11.580063819885253906 10.994240760803222656 10.928094863891601562 14.178758621215820312 17.354825973510742188 13.557747840881347656
13.754485130310058594 12.382122993469238281 11.938773155212402344 11.363938331604003906 10.747320175170898438 10.501163482666015625 10.845009803771972656 11.190622329711914062 12.081181526184082031 11.96582794189453125 12.06928253173828125 12.030596733093261719 14.055624008178710938 11.482203483581542969 11.771997451782226562 14.79537200927734375 11.897130012512207031 11.006184577941894531 10.747937202453613281 11.562183380126953125 11.348256111145019531 12.01123809814453125 13.200534820556640625 12.11980438232421875 11.446955680847167969 11.255411148071289062 11.158259391784667969 10.896733283996582031 10.538692474365234375 11.193711280822753906 11.695995330810546875 12.485927581787109375 12.570690155029296875 12.346241950988769531 11.478245735168457031 12.041083335876464844 16.119722366333007812 11.692224502563476562 11.752422332763671875 11.104034423828125 11.516302108764648438 11.955465316772460938 12.698606491088867188 17.372743606567382812 13.650954246520996094
13.342558860778808594 12.024893760681152344 11.4859161376953125 11.520615577697753906 11.525236129760742188 11.080658912658691406 10.758818626403808594 10.88478851318359375 12.019388198852539062 16.146015167236328125 11.82913970947265625 11.54019927978515625 11.779633522033691406 11.597931861877441406 11.900153160095214844 14.220815658569335938 12.18685150146484375 10.5514068603515625 11.05164337158203125 11.067040443420410156 11.170433998107910156 11.260654449462890625 12.725413322448730469 12.909364700317382812 11.796700477600097656 11.115884780883789062 11.638693809509277344 11.289638519287109375 11.45733642578125 11.125606536865234375 11.511789321899414062 12.183894157409667969 12.479935646057128906 13.715763092041015625 11.821610450744628906 11.900923728942871094 15.265482902526855469 11.977037429809570312 11.8440399169921875 11.91713714599609375 12.369919776916503906 11.788083076477050781 18.233663558959960938 11.624688148498535156 11.027067184448242188
13.807663917541503906 11.554456710815429688 11.514723777770996094 11.427090644836425781 11.419697761535644531 11.859011650085449219 11.587868690490722656 11.504580497741699219 11.928269386291503906 14.053941726684570312 12.196562767028808594 12.02230072021484375 11.50508880615234375 11.976209640502929688 12.327481269836425781 13.100718498229980469 15.474102020263671875 11.528860092163085938 11.768340110778808594 10.760569572448730469 11.101296424865722656 11.837054252624511719 14.414891242980957031 11.158289909362792969 10.536790847778320312 12.713251113891601562 11.430042266845703125 11.084720611572265625 11.545727729797363281 11.65972137451171875 12.114275932312011719 12.60306549072265625 13.430217742919921875 12.954960823059082031 12.399136543273925781 14.304306983947753906 14.267706871032714844 15.97954559326171875 11.934765815734863281 11.740525245666503906 11.396709442138671875 13.725333213806152344 17.264528274536132812 11.98345947265625 10.991597175598144531
15.485300064086914062 13.611095428466796875 12.720240592956542969 13.05764007568359375 12.923187255859375 13.120546340942382812 11.980249404907226562 11.072809219360351562 11.830277442932128906 12.561395645141601562 15.103992462158203125 12.350209236145019531 12.2824859619140625 12.113568305969238281 12.233654022216796875 12.415232658386230469 15.904807090759277344 12.851756095886230469 11.526262283325195312 10.749507904052734375 11.28136444091796875 12.371847152709960938 14.128326416015625 10.489551544189453125 10.918463706970214844 11.745441436767578125 12.002312660217285156 11.423014640808105469 11.420027732849121094 11.696120262145996094 12.1100921630859375 12.451968193054199219 13.162477493286132812 15.389492034912109375 16.039751052856445312 11.482581138610839844 11.591279983520507812 15.735825538635253906 11.772764205932617188 12.000716209411621094 12.168366432189941406 18.98148345947265625 12.538069725036621094 11.037871360778808594 10.984416007995605469
19.2062835693359375 15.192447662353515625 14.090718269348144531 13.234831809997558594 11.526602745056152344 11.882515907287597656 12.02695465087890625 12.230580329895019531 11.357487678527832031 11.309124946594238281 12.370368003845214844 15.415083885192871094 12.795136451721191406 12.355177879333496094 12.49359130859375 11.595499992370605469 12.345070838928222656 16.276567459106445312 11.770658493041992188 11.189106941223144531 11.505442619323730469 11.257328033447265625 14.091782569885253906 10.45322418212890625 11.099943161010742188 11.436450004577636719 12.981752395629882812 11.362821578979492188 11.570281028747558594 11.729710578918457031 12.151746749877929688 12.785229682922363281 13.61309051513671875 13.909996986389160156 13.186720848083496094 11.689609527587890625 11.250080108642578125 15.339982032775878906 13.588642120361328125 13.289305686950683594 13.683827400207519531 19.612546920776367188 11.754938125610351562 11.294898033142089844 11.038784980773925781
12.319460868835449219 17.776746749877929688 12.906144142150878906 11.447404861450195312 11.282541275024414062 11.900975227355957031 12.0210113525390625 11.754940986633300781 11.6343841552734375 11.481014251708984375 11.525162696838378906 12.80779266357421875 15.217248916625976562 12.297968864440917969 12.197358131408691406 12.009274482727050781 11.867714881896972656 15.575028419494628906 12.692370414733886719 11.729913711547851562 11.547924041748046875 11.209032058715820312 14.092243194580078125 10.445468902587890625 10.656941413879394531 11.54959869384765625 11.861124038696289062 13.5544891357421875 11.7173919677734375 11.7706756591796875 11.787457466125488281 12.280972480773925781 12.907656669616699219 13.745629310607910156 13.496953964233398438 12.00789642333984375 11.709338188171386719 12.769474029541015625 15.746583938598632812 11.6639404296875 12.184091567993164062 20.028133392333984375 12.733967781066894531 12.142120361328125 11.570237159729003906
11.462594985961914062 12.119861602783203125 17.329519271850585938 18.183940887451171875 12.13385009765625 12.431201934814453125 12.150887489318847656 11.816205978393554688 12.382940292358398438 11.875920295715332031 12.254370689392089844 13.078118324279785156 15.296236038208007812 14.755025863647460938 12.095044136047363281 12.18112945556640625 11.61065673828125 11.726411819458007812 16.17029571533203125 12.882626533508300781 12.358258247375488281 11.603720664978027344 14.28266143798828125 10.753812789916992188 10.932333946228027344 10.871117591857910156 11.257396697998046875 13.205155372619628906 12.767523765563964844 11.468062400817871094 11.759733200073242188 11.844964027404785156 12.521589279174804688 13.100765228271484375 14.166895866394042969 12.842584609985351562 13.049107551574707031 15.167423248291015625 16.083003997802734375 15.084868431091308594 16.690420150756835938 19.527532577514648438 12.690268516540527344 13.099871635437011719 12.34014129638671875
11.475950241088867188 11.421946525573730469 11.581506729125976562 11.903216361999511719 18.07942962646484375 13.833078384399414062 13.04451751708984375 12.257680892944335938 13.3416290283203125 13.163938522338867188 12.429160118103027344 12.478438377380371094 12.781707763671875 16.131959915161132812 12.956292152404785156 11.947940826416015625 12.008945465087890625 11.53873443603515625 11.999231338500976562 16.17195892333984375 12.694318771362304688 11.675337791442871094 14.812939643859863281 11.771428108215332031 11.051606178283691406 10.540020942687988281 11.072969436645507812 11.861834526062011719 13.759752273559570312 11.640432357788085938 11.673788070678710938 12.125212669372558594 12.313984870910644531 12.548209190368652344 12.941843986511230469 14.461809158325195312 14.826915740966796875 11.913025856018066406 12.540937423706054688 15.933200836181640625 12.136757850646972656 12.867541313171386719 19.241765975952148438 12.895989418029785156 12.552426338195800781
12.878536224365234375 11.761407852172851562 11.095602035522460938 11.83190155029296875 12.563817977905273438 17.891908645629882812 18.4026641845703125 13.551280975341796875 12.599635124206542969 12.317138671875 13.303786277770996094 13.365731239318847656 13.435029029846191406 14.497255325317382812 16.520124435424804688 13.061247825622558594 12.827418327331542969 11.827388763427734375 12.913336753845214844 13.389723777770996094 16.399303436279296875 15.495692253112792969 11.569028854370117188 12.683569908142089844 10.964397430419921875 10.956397056579589844 10.857497215270996094 11.382612228393554688 13.853262901306152344 11.756245613098144531 11.925398826599121094 11.521282196044921875 12.00720977783203125 12.160147666931152344 11.533230781555175781 11.53961944580078125 12.478783607482910156 12.284902572631835938 11.692251205444335938 12.565745353698730469 12.35198211669921875 11.990406990051269531 18.04767608642578125 12.853557586669921875 12.603301048278808594
12.368358612060546875 12.294137001037597656 11.685837745666503906 11.212253570556640625 11.94162750244140625 13.070798873901367188 12.922052383422851562 18.916028976440429688 18.609067916870117188 12.297482490539550781 12.039340019226074219 11.986409187316894531 13.082902908325195312 11.801413536071777344 16.4105682373046875 12.028223991394042969 12.433994293212890625 13.316950798034667969 12.169278144836425781 11.947162628173828125 13.813724517822265625 16.594274520874023438 11.647777557373046875 13.295751571655273438 11.692574501037597656 11.199454307556152344 11.447422027587890625 11.035280227661132812 13.689925193786621094 11.758703231811523438 11.423015594482421875 11.799327850341796875 11.737148284912109375 11.341109275817871094 11.044194221496582031 11.211712837219238281 12.037137985229492188 13.417978286743164062 11.78731536865234375 12.271883010864257812 14.260252952575683594 13.644080162048339844 13.585322380065917969 17.988887786865234375 13.794672012329101562
13.137248039245605469 12.601204872131347656 12.201638221740722656 11.743204116821289062 11.898545265197753906 12.029832839965820312 12.805224418640136719 13.827557563781738281 15.723857879638671875 18.68364715576171875 12.940522193908691406 12.023554801940917969 12.139388084411621094 13.225675582885742188 16.25727081298828125 12.748620033264160156 12.533698081970214844 12.358544349670410156 12.22501373291015625 12.584874153137207031 12.650273323059082031 15.506784439086914062 16.801099777221679688 13.759375572204589844 12.928590774536132812 12.092843055725097656 11.366259574890136719 13.381058692932128906 11.921256065368652344 11.5149078369140625 10.608159065246582031 11.271454811096191406 12.019921302795410156 10.854454994201660156 11.279430389404296875 11.749286651611328125 11.84625244140625 13.147486686706542969 14.146759033203125 11.849641799926757812 12.191821098327636719 11.575240135192871094 12.049228668212890625 17.959026336669921875 13.06659698486328125
15.693922042846679688 13.63248443603515625 12.905344009399414062 12.72949981689453125 12.398632049560546875 12.924375534057617188 13.022866249084472656 12.595836639404296875 12.515475273132324219 12.74494171142578125 17.569047927856445312 13.049210548400878906 12.265534400939941406 12.691427230834960938 16.518688201904296875 12.994101524353027344 12.266436576843261719 12.969720840454101562 13.886654853820800781 12.678747177124023438 12.742739677429199219 13.658965110778808594 17.052743911743164062 12.287507057189941406 13.960024833679199219 14.027761459350585938 12.508420944213867188 13.370548248291015625 12.029486656188964844 11.037341117858886719 10.667616844177246094 10.742359161376953125 12.803612709045410156 10.855562210083007812 11.665124893188476562 11.984607696533203125 11.842487335205078125 13.189677238464355469 11.789066314697265625 13.816088676452636719 12.970808982849121094 11.7635650634765625 10.966787338256835938 11.875588417053222656 19.099184036254882812
13.817597389221191406 15.869103431701660156 12.774058341979980469 12.470431327819824219 12.368887901306152344 11.941935539245605469 11.974230766296386719 12.825215339660644531 12.244039535522460938 11.874251365661621094 12.452832221984863281 18.04360198974609375 13.706006050109863281 13.484528541564941406 15.905648231506347656 16.492282867431640625 12.466013908386230469 13.137324333190917969 13.108551025390625 11.765111923217773438 11.6681365966796875 12.708384513854980469 13.953878402709960938 16.980947494506835938 11.93094635009765625 11.469305038452148438 14.20209503173828125 13.546009063720703125 12.337948799133300781 11.312691688537597656 11.410125732421875 11.251275062561035156 17.728914260864257812 18.089450836181640625 19.97489166259765625 19.966012954711914062 18.72373199462890625 18.497028350830078125 11.634942054748535156 11.282032012939453125 13.1269378662109375 11.19312286376953125 11.643701553344726562 10.782286643981933594 18.3155517578125
12.352086067199707031 15.404832839965820312 15.76836395263671875 12.508575439453125 12.063275337219238281 11.996113777160644531 12.092006683349609375 12.512850761413574219 13.722243309020996094 13.134507179260253906 11.891584396362304688 17.926668167114257812 12.680672645568847656 13.169092178344726562 12.466070175170898438 17.166818618774414062 13.576250076293945312 12.366704940795898438 13.018899917602539062 12.240033149719238281 11.78690338134765625 11.431535720825195312 11.381657600402832031 16.750535964965820312 12.365769386291503906 12.1685943603515625 13.494899749755859375 14.304951667785644531 16.66899871826171875 12.421413421630859375 17.709171295166015625 18.491191864013671875 13.160073280334472656 11.974795341491699219 11.756555557250976562 11.446349143981933594 10.963412284851074219 12.011622428894042969 17.951311111450195312 12.150509834289550781 13.995329856872558594 11.36541748046875 11.693087577819824219 10.780392646789550781 17.707647323608398438
13.135453224182128906 13.317668914794921875 16.425136566162109375 13.163159370422363281 12.655089378356933594 12.704059600830078125 12.743523597717285156 12.457806587219238281 12.756078720092773438 14.301573753356933594 14.509382247924804688 14.792438507080078125 18.507139205932617188 13.100440025329589844 12.50742340087890625 13.001994132995605469 17.066019058227539062 12.223023414611816406 11.844672203063964844 11.446757316589355469 11.886094093322753906 11.423073768615722656 11.326478958129882812 11.608478546142578125 17.565710067749023438 17.71012115478515625 18.547224044799804688 18.587148666381835938 18.44005584716796875 18.2065887451171875 14.054126739501953125 12.936411857604980469 12.025980949401855469 11.794535636901855469 11.403856277465820312 11.147592544555664062 10.407610893249511719 11.0652923583984375 11.520995140075683594 17.041645050048828125 18.040086746215820312 11.888875007629394531 11.56121826171875 11.004317283630371094 12.078261375427246094
