gis/80m/twi_d8.asc
ncols        128
nrows        143
xllcorner    726726.000000000000
yllcorner    7127190.000000000000
cellsize     80.000000000000
NODATA_value -9999
[rows 100 to 119 of 143, columns 45 to 89 of 128]
9.090961456298828125 7.9893336296081542969 9.06298828125 7.9660058021545410156 7.5137000083923339844 8.2012071609497070312 8.3728227615356445312 7.049060821533203125 7.8077554702758789062 8.6582632064819335938 8.20339202880859375 12.369325637817382812 8.1787242889404296875 10.848616600036621094 7.6849932670593261719 7.5289325714111328125 7.0014443397521972656 11.129955291748046875 6.9311337471008300781 8.887073516845703125 7.904819488525390625 9.901214599609375 9.7883996963500976562 9.5622777938842773438 10.040789604187011719 9.388301849365234375 11.848697662353515625 13.510495185852050781 13.207236289978027344 13.182597160339355469 13.2114105224609375 7.0744938850402832031 7.1182856559753417969 14.014952659606933594 8.9890460968017578125 7.6965727806091308594 13.602672576904296875 8.0142059326171875 13.8749237060546875 6.9472155570983886719 7.6299738883972167969 8.0073423385620117188 7.6726622581481933594 8.5168848037719726562 7.6156215667724609375
9.18788909912109375 9.63649749755859375 10.148012161254882812 7.3956675529479980469 8.3554792404174804688 10.458983421325683594 8.7725925445556640625 7.5972771644592285156 8.1368608474731445312 9.7497529983520507812 10.576616287231445312 7.8145689964294433594 11.014497756958007812 8.8751354217529296875 10.212826728820800781 7.931476593017578125 10.474072456359863281 7.2338967323303222656 10.487394332885742188 8.8534708023071289062 9.2907314300537109375 9.3598566055297851562 7.3367166519165039062 9.517669677734375 9.37548065185546875 9.8924894332885742188 9.1484060287475585938 7.6424632072448730469 11.01930999755859375 7.1130566596984863281 9.6150770187377929688 13.289562225341796875 13.645890235900878906 10.144761085510253906 7.8518080711364746094 7.2225089073181152344 7.3054108619689941406 10.355135917663574219 8.2969503402709960938 14.794376373291015625 16.224666595458984375 14.63713836669921875 7.4639291763305664062 7.2766084671020507812 8.4753446578979492188
8.127017974853515625 9.1905870437622070312 9.6624307632446289062 10.315097808837890625 11.752898216247558594 8.1568956375122070312 8.1241121292114257812 8.7534694671630859375 9.31340789794921875 9.0984172821044921875 10.657718658447265625 7.911590576171875 11.106382369995117188 8.0946149826049804688 9.7879285812377929688 7.7193779945373535156 10.332135200500488281 7.0763373374938964844 10.366139411926269531 8.2393026351928710938 8.3458013534545898438 8.4814510345458984375 8.7721462249755859375 8.640380859375 9.6425466537475585938 8.4601545333862304688 6.9132895469665527344 6.35613250732421875 10.391513824462890625 6.9568004608154296875 9.3378705978393554688 6.7673063278198242188 9.4499349594116210938 7.1201372146606445312 9.6143827438354492188 7.7437758445739746094 12.057149887084960938 7.2407503128051757812 10.403325080871582031 8.0392332077026367188 6.94852447509765625 7.2383680343627929688 14.950615882873535156 8.2858743667602539062 7.3616771697998046875
8.2643947601318359375 8.4895086288452148438 7.0925273895263671875 9.6141767501831054688 12.263967514038085938 7.2079038619995117188 7.9241619110107421875 9.579803466796875 9.8663225173950195312 9.8933267593383789062 7.4824051856994628906 7.3265538215637207031 10.13111114501953125 8.9200468063354492188 9.2981281280517578125 7.3105154037475585938 9.7369737625122070312 8.7092456817626953125 10.036432266235351562 7.2722520828247070312 7.4816203117370605469 7.6350545883178710938 8.1332502365112304688 8.0661001205444335938 9.1952362060546875 8.081485748291015625 5.8997335433959960938 6.5077815055847167969 9.5603237152099609375 6.3351726531982421875 8.77101898193359375 9.044536590576171875 6.7689990997314453125 7.06343841552734375 9.9195804595947265625 8.9181585311889648438 11.030302047729492188 7.4063320159912109375 10.765717506408691406 8.7464694976806640625 8.178394317626953125 7.1533055305480957031 7.798145294189453125 14.077060699462890625 7.1855411529541015625
8.1778049468994140625 8.2099885940551757812 9.1368503570556640625 6.7043056488037109375 11.560196876525878906 7.4886364936828613281 8.9226484298706054688 9.2713794708251953125 8.8982686996459960938 9.7864589691162109375 7.0714712142944335938 8.104175567626953125 9.0536060333251953125 7.6259646415710449219 7.9937343597412109375 7.7943820953369140625 9.2464427947998046875 8.3755588531494140625 9.8588504791259765625 6.4848704338073730469 6.9818205833435058594 7.2817273139953613281 7.9386916160583496094 7.9377503395080566406 9.2837247848510742188 8.156574249267578125 6.0070638656616210938 7.8665671348571777344 8.3671979904174804688 7.9146108627319335938 8.25093841552734375 8.4464979171752929688 6.2072987556457519531 8.3984012603759765625 6.650379180908203125 6.9448504447937011719 10.292906761169433594 7.3036441802978515625 10.127984046936035156 7.9923858642578125 7.6099700927734375 9.6149682998657226562 9.94806671142578125 15.207167625427246094 8.2538127899169921875
8.122142791748046875 6.7122311592102050781 6.8929195404052734375 6.96772003173828125 8.2714900970458984375 13.255509376525878906 7.236110687255859375 8.503299713134765625 8.083126068115234375 9.7615232467651367188 6.9307422637939453125 7.6738748550415039062 8.318511962890625 8.984127044677734375 7.3635916709899902344 7.2428164482116699219 7.5230526924133300781 8.4115934371948242188 8.0165252685546875 9.6609659194946289062 6.48935699462890625 7.1575193405151367188 7.9746451377868652344 7.9587864875793457031 9.4250335693359375 8.1486988067626953125 8.11710357666015625 5.9811410903930664062 8.2888307571411132812 7.7140064239501953125 8.0788927078247070312 8.0905408859252929688 6.5787129402160644531 7.04268646240234375 6.0152649879455566406 9.0921630859375 6.4710774421691894531 8.8571929931640625 9.089931488037109375 7.0726094245910644531 9.79813385009765625 7.6435265541076660156 9.1760663986206054688 6.7389974594116210938 14.328349113464355469
7.2673506736755371094 8.1466541290283203125 8.20255279541015625 8.0157461166381835938 10.1286773681640625 13.852644920349121094 8.4088926315307617188 8.1066865921020507812 8.0365123748779296875 8.759365081787109375 6.6983537673950195312 6.6896982192993164062 7.8155736923217773438 7.7966456413269042969 7.2024078369140625 7.0338764190673828125 7.2344694137573242188 8.1086578369140625 7.3778424263000488281 9.0062818527221679688 8.610126495361328125 6.6173310279846191406 8.0185289382934570312 7.923412322998046875 9.5073385238647460938 8.1187458038330078125 8.0353364944458007812 7.8380527496337890625 7.7045087814331054688 7.6533041000366210938 7.9569339752197265625 8.1409015655517578125 5.9837985038757324219 6.6279911994934082031 8.0240736007690429688 6.0102248191833496094 8.1662740707397460938 8.3083400726318359375 8.6799678802490234375 9.4862794876098632812 6.85131072998046875 7.0291910171508789062 9.2069425582885742188 7.0745458602905273438 6.857120513916015625
7.0607962608337402344 9.1238574981689453125 9.7051839828491210938 9.7752618789672851562 7.3275628089904785156 12.719872474670410156 9.664703369140625 8.41773223876953125 8.199001312255859375 7.2737455368041992188 7.7360792160034179688 7.1088967323303222656 7.2565736770629882812 7.4201655387878417969 8.3295116424560546875 9.4917697906494140625 6.6931643486022949219 7.9257111549377441406 6.8985056877136230469 7.3712797164916992188 8.6350994110107421875 8.5314197540283203125 7.7212386131286621094 7.72678375244140625 9.616405487060546875 8.0163393020629882812 7.9602670669555664062 7.8987340927124023438 7.8041086196899414062 7.7334647178649902344 8.0847558975219726562 8.2011728286743164062 6.2250838279724121094 6.9989728927612304688 7.7629837989807128906 8.1331386566162109375 8.2012109756469726562 6.2272062301635742188 8.19483184814453125 9.18072509765625 7.3856863975524902344 9.3040113449096679688 7.0839772224426269531 6.4912471771240234375 9.826953887939453125
8.2331781387329101562 6.6970391273498535156 8.8970899581909179688 6.8142271041870117188 7.5032811164855957031 9.57176971435546875 14.119399070739746094 7.4325203895568847656 7.8143334388732910156 7.0661077499389648438 6.8977956771850585938 6.6953182220458984375 6.7467026710510253906 8.0810718536376953125 8.3424243927001953125 7.2903499603271484375 -9999 8.2526493072509765625 6.4130415916442871094 7.0837321281433105469 8.468120574951171875 8.2724008560180664062 7.2010149955749511719 7.2278995513916015625 9.4398193359375 7.5107398033142089844 7.4461684226989746094 7.4180316925048828125 7.401126861572265625 7.3712701797485351562 7.8648638725280761719 8.0273647308349609375 6.2120871543884277344 7.5469250679016113281 7.9536104202270507812 6.2397904396057128906 7.9001994132995605469 7.7975893020629882812 8.705501556396484375 6.2949581146240234375 7.0356235504150390625 8.3450069427490234375 8.3380527496337890625 9.8169097900390625 10.365360260009765625
7.7134804725646972656 8.5320196151733398438 7.8634629249572753906 6.868335723876953125 9.67752838134765625 7.340847015380859375 8.3640737533569335938 14.445952415466308594 7.1018128395080566406 7.3204622268676757812 7.097805023193359375 7.6669015884399414062 7.1044421195983886719 7.5956034660339355469 8.7708797454833984375 7.5493235588073730469 6.6553735733032226562 7.3740715980529785156 7.9569087028503417969 6.8859567642211914062 8.7379245758056640625 8.3141679763793945312 6.8412370681762695312 6.7270312309265136719 9.3633718490600585938 6.7566876411437988281 6.6870722770690917969 6.7198643684387207031 6.7490553855895996094 6.6029858589172363281 7.2412366867065429688 7.5348038673400878906 6.9433665275573730469 6.4339570999145507812 6.8313074111938476562 7.2192616462707519531 7.3301978111267089844 6.0017147064208984375 8.3845491409301757812 6.1448116302490234375 7.7501821517944335938 7.8512167930603027344 8.0313615798950195312 8.7659578323364257812 10.042314529418945312
6.8421406745910644531 7.2874164581298828125 7.3123779296875 9.2220735549926757812 6.7731914520263671875 6.4692749977111816406 6.7927064895629882812 8.7661457061767578125 14.669762611389160156 9.9425868988037109375 9.1044321060180664062 7.8698153495788574219 7.5305466651916503906 8.43955230712890625 8.5206241607666015625 8.0781984329223632812 7.6888246536254882812 7.6644382476806640625 7.6156811714172363281 7.1573653221130371094 8.77831268310546875 7.6335186958312988281 7.8583216667175292969 9.0546054840087890625 9.2916355133056640625 6.6644511222839355469 6.6451864242553710938 6.5803956985473632812 6.452632904052734375 6.5045766830444335938 7.3725609779357910156 7.4111528396606445312 6.5285096168518066406 5.7515263557434082031 6.3405199050903320312 6.8092222213745117188 6.9644556045532226562 7.5016264915466308594 7.3561639785766601562 7.4170846939086914062 7.4779796600341796875 7.8381299972534179688 7.7696561813354492188 7.7711315155029296875 9.696613311767578125
7.1182303428649902344 6.8204965591430664062 6.6566743850708007812 7.5979638099670410156 6.8459324836730957031 6.5220785140991210938 7.4617757797241210938 7.3749241828918457031 13.567973136901855469 8.6339349746704101562 7.3482184410095214844 6.7146387100219726562 9.0227594375610351562 8.5109233856201171875 6.6088104248046875 7.531154632568359375 7.1937813758850097656 6.8944058418273925781 6.8903641700744628906 7.1983981132507324219 9.0760450363159179688 7.1614260673522949219 7.2894520759582519531 9.1996145248413085938 8.657939910888671875 8.266010284423828125 7.3137965202331542969 -9999 -9999 8.3247833251953125 7.3543410301208496094 8.4866418838500976562 6.7456607818603515625 6.5126371383666992188 6.7100596427917480469 6.7145934104919433594 7.4279894828796386719 7.0917515754699707031 7.0552959442138671875 7.0393614768981933594 7.3914904594421386719 7.5735964775085449219 7.5842509269714355469 8.0957632064819335938 9.411777496337890625
6.8358340263366699219 6.7357130050659179688 6.9792385101318359375 6.9777388572692871094 8.3584156036376953125 8.2353105545043945312 9.137348175048828125 9.8181142807006835938 11.018398284912109375 13.41921234130859375 10.502976417541503906 9.7566404342651367188 6.6126170158386230469 7.1326189041137695312 8.5440740585327148438 7.5129833221435546875 7.17425537109375 6.7272367477416992188 6.4990944862365722656 7.2033782005310058594 7.3628568649291992188 8.5713319778442382812 7.8606548309326171875 8.0049266815185546875 8.3368844985961914062 7.235416412353515625 8.6045360565185546875 8.3381376266479492188 -9999 -9999 -9999 8.597507476806640625 7.3533496856689453125 7.6766562461853027344 6.5788874626159667969 7.4528656005859375 7.0598483085632324219 6.9374613761901855469 6.7196216583251953125 7.1096162796020507812 7.1121106147766113281 7.3048944473266601562 7.9149718284606933594 6.6286115646362304688 9.9480342864990234375
-9999 6.9572820663452148438 6.83542633056640625 7.1421027183532714844 6.45214080810546875 7.84110260009765625 7.3188471794128417969 6.9262838363647460938 9.1873502731323242188 12.457953453063964844 11.695580482482910156 9.1155481338500976562 7.2857651710510253906 9.7157382965087890625 8.3268918991088867188 8.03293609619140625 7.8428549766540527344 7.6542172431945800781 7.6071071624755859375 7.8207459449768066406 7.4455995559692382812 7.91219329833984375 7.2170395851135253906 7.4539818763732910156 7.811183929443359375 8.034671783447265625 -9999 -9999 -9999 -9999 -9999 -9999 -9999 7.6344666481018066406 7.800640106201171875 7.1343264579772949219 7.3648095130920410156 7.0831990242004394531 7.2452530860900878906 6.7295298576354980469 6.7847766876220703125 7.5056996345520019531 7.2093644142150878906 9.0678339004516601562 6.580883026123046875
-9999 -9999 7.1963129043579101562 6.762371063232421875 7.0784959793090820312 6.483188629150390625 7.9797830581665039062 8.441547393798828125 7.2684259414672851562 12.324933052062988281 9.7518339157104492188 11.375715255737304688 11.041699409484863281 8.5186929702758789062 7.2913594245910644531 6.6480360031127929688 6.1634798049926757812 7.4902319908142089844 7.3775057792663574219 7.5463824272155761719 6.9736661911010742188 7.5816988945007324219 -9999 -9999 -9999 -9999 -9999 -9999 -9999 -9999 -9999 -9999 -9999 -9999 -9999 -9999 -9999 7.71190643310546875 7.0530867576599121094 6.4809889793395996094 7.2418503761291503906 6.9114460945129394531 6.7847814559936523438 7.7088756561279296875 7.8384232521057128906
-9999 -9999 7.7376279830932617188 6.9563040733337402344 7.3394346237182617188 7.6298661231994628906 6.6644620895385742188 7.5613617897033691406 9.616912841796875 12.04160308837890625 11.895236968994140625 9.0281076431274414062 8.5635547637939453125 7.420612335205078125 6.1644959449768066406 7.874042510986328125 7.9933190345764160156 6.54767608642578125 -9999 -9999 -9999 -9999 -9999 -9999 -9999 -9999 -9999 -9999 -9999 -9999 -9999 -9999 -9999 -9999 -9999 -9999 -9999 -9999 7.3099918365478515625 7.6174211502075195312 6.5276613235473632812 6.7972002029418945312 7.8884892463684082031 7.1079988479614257812 7.1256127357482910156
-9999 -9999 -9999 7.9099707603454589844 7.9405865669250488281 8.152027130126953125 8.2555246353149414062 9.14534759521484375 8.34587860107421875 8.9615497589111328125 8.43206787109375 12.641690254211425781 9.3736400604248046875 8.08168792724609375 8.8883199691772460938 6.74163818359375 6.4284939765930175781 -9999 -9999 -9999 -9999 -9999 -9999 -9999 -9999 -9999 -9999 -9999 -9999 -9999 -9999 -9999 -9999 -9999 -9999 -9999 -9999 -9999 -9999 7.1822862625122070312 7.5097737312316894531 8.0893468856811523438 7.2838244438171386719 6.9851369857788085938 7.4643502235412597656
-9999 -9999 -9999 -9999 7.307903289794921875 7.8858733177185058594 8.1393461227416992188 7.9935121536254882812 7.6556835174560546875 8.4420080184936523438 10.796154022216796875 13.456973075866699219 12.842850685119628906 11.891607284545898438 7.7066755294799804688 6.8212485313415527344 -9999 -9999 -9999 -9999 -9999 -9999 -9999 -9999 -9999 -9999 -9999 -9999 -9999 -9999 -9999 -9999 -9999 -9999 -9999 -9999 -9999 -9999 -9999 7.1380939483642578125 7.0121316909790039062 7.7765202522277832031 8.6807546615600585938 7.6009693145751953125 7.2902965545654296875
-9999 -9999 -9999 -9999 -9999 7.6249713897705078125 8.1538543701171875 7.2472605705261230469 6.9333276748657226562 8.972339630126953125 8.1028223037719726562 8.8586053848266601562 -9999 -9999 -9999 -9999 -9999 -9999 -9999 -9999 -9999 -9999 -9999 -9999 -9999 -9999 -9999 -9999 -9999 -9999 -9999 -9999 -9999 -9999 -9999 -9999 -9999 -9999 -9999 7.3880228996276855469 7.6107707023620605469 8.2341451644897460938 8.8667459487915039062 8.9654941558837890625 7.6276006698608398438
-9999 -9999 -9999 -9999 -9999 -9999 7.6213712692260742188 8.5410966873168945312 8.4863042831420898438 7.834835052490234375 -9999 -9999 -9999 -9999 -9999 -9999 -9999 -9999 -9999 -9999 -9999 -9999 -9999 -9999 -9999 -9999 -9999 -9999 -9999 -9999 -9999 -9999 -9999 -9999 -9999 -9999 -9999 -9999 -9999 8.2167291641235351562 7.1014285087585449219 7.2574987411499023438 8.1449594497680664062 9.5793323516845703125 7.6243276596069335938
