gis/40m/canopy_height.asc
ncols        256
nrows        286
xllcorner    726766.000000000000
yllcorner    7127230.000000000000
cellsize     40.000000000000
NODATA_value -9999
[rows 20 to 39 of 286, columns 176 to 219 of 256]
5.6225342750549316406 7.4646692276000976562 6.8930602073669433594 4.3716425895690917969 7.1015658378601074219 0.14203269779682159424 0 0.054392293095588684082 0.76028871536254882812 0.68776148557662963867 11.995331764221191406 19.022823333740234375 15.698826789855957031 11.515007972717285156 10.76308441162109375 10.489959716796875 9.9721498489379882812 10.550509452819824219 9.77447509765625 9.1096658706665039062 12.529116630554199219 12.312347412109375 11.889428138732910156 11.452065467834472656 12.121680259704589844 8.4520845413208007812 4.3249564170837402344 -9999 -9999 -9999 -9999 -9999 -9999 -9999 -9999 -9999 -9999 -9999 -9999 -9999 -9999 -9999 -9999 -9999
11.729910850524902344 9.9078521728515625 1.3150309324264526367 1.8747292757034301758 1.0106564760208129883 0 0 0.063910856842994689941 4.0663323402404785156 12.733046531677246094 16.082546234130859375 14.710313796997070312 18.453371047973632812 18.803974151611328125 11.8979034423828125 10.177369117736816406 10.625469207763671875 11.324184417724609375 9.5117673873901367188 11.4246978759765625 12.941713333129882812 12.000383377075195312 12.105008125305175781 8.9838104248046875 9.6327686309814453125 4.7731146812438964844 0.027797529473900794983 -9999 -9999 -9999 -9999 -9999 -9999 -9999 -9999 -9999 -9999 -9999 -9999 -9999 -9999 -9999 -9999 -9999
9.6340351104736328125 3.1452879905700683594 2.3119363784790039062 0.90842252969741821289 0 0 0 0.57944780588150024414 13.941028594970703125 12.173688888549804688 18.20371246337890625 13.628248214721679688 16.451883316040039062 16.225645065307617188 7.5773878097534179688 7.5547184944152832031 7.9594936370849609375 10.244472503662109375 11.645539283752441406 12.566956520080566406 12.810512542724609375 12.651517868041992188 11.709506988525390625 11.3985443115234375 5.1500630378723144531 1.2898387908935546875 1.2247004508972167969 0.15101690590381622314 -9999 -9999 -9999 -9999 -9999 -9999 -9999 -9999 -9999 -9999 -9999 -9999 -9999 -9999 -9999 -9999
9.48065948486328125 10.160165786743164062 13.004879951477050781 2.3931210041046142578 0 0 0 5.9986028671264648438 9.6984739303588867188 7.1360864639282226562 14.311212539672851562 11.9788970947265625 12.740053176879882812 11.366987228393554688 15.27335357666015625 10.606444358825683594 6.5271592140197753906 7.9743390083312988281 9.9213838577270507812 12.887742042541503906 12.581989288330078125 12.020409584045410156 12.395528793334960938 12.072247505187988281 4.6680188179016113281 0.79346001148223876953 0.70889997482299804688 0 -9999 -9999 -9999 -9999 -9999 -9999 -9999 -9999 -9999 -9999 -9999 -9999 -9999 -9999 -9999 -9999
5.1691732406616210938 6.9994769096374511719 10.844559669494628906 2.6254549026489257812 0 0 1.2535707950592041016 8.7691850662231445312 5.0743041038513183594 5.3179225921630859375 10.787754058837890625 5.4002528190612792969 5.4840188026428222656 9.620220184326171875 9.7456674575805664062 10.833921432495117188 6.2921895980834960938 10.253124237060546875 10.940377235412597656 13.202205657958984375 12.524383544921875 12.787636756896972656 11.443752288818359375 7.6390337944030761719 1.0754339694976806641 1.0848395824432373047 1.769779205322265625 0.33290791511535644531 0.74426591396331787109 -9999 -9999 -9999 -9999 -9999 -9999 -9999 -9999 -9999 -9999 -9999 -9999 -9999 -9999 -9999
6.1568922996520996094 5.2857980728149414062 6.5024266242980957031 10.388657569885253906 6.503917694091796875 1.9545458555221557617 7.9784054756164550781 7.6237931251525878906 14.709897041320800781 8.721508026123046875 5.7748365402221679688 15.467104911804199219 7.44830322265625 5.4720392227172851562 5.0480742454528808594 4.39940643310546875 4.1195778846740722656 4.15570068359375 8.4041948318481445312 12.813004493713378906 12.775491714477539062 12.258655548095703125 9.9781847000122070312 3.5427184104919433594 1.460600733757019043 1.8696066141128540039 0.63921374082565307617 1.874004364013671875 1.6126459836959838867 -9999 -9999 -9999 -9999 -9999 -9999 -9999 -9999 -9999 -9999 -9999 -9999 -9999 -9999 -9999
7.4828948974609375 8.0703334808349609375 7.9879179000854492188 8.786556243896484375 10.648337364196777344 8.2339563369750976562 8.958942413330078125 9.5092105865478515625 16.247575759887695312 5.5128011703491210938 4.3779125213623046875 6.4632768630981445312 4.4081201553344726562 4.2421321868896484375 4.3863806724548339844 4.1659069061279296875 7.2540187835693359375 4.6196837425231933594 5.0287137031555175781 10.79290008544921875 13.352814674377441406 13.043288230895996094 11.788363456726074219 9.56861114501953125 4.0485310554504394531 1.7371490001678466797 0.96278661489486694336 1.3376319408416748047 0.76352214813232421875 1.1138298511505126953 -9999 -9999 -9999 -9999 -9999 -9999 -9999 -9999 -9999 -9999 -9999 -9999 -9999 -9999
6.2072725296020507812 9.6166868209838867188 10.04628753662109375 12.743782997131347656 13.895062446594238281 7.6973986625671386719 4.4792413711547851562 5.4869098663330078125 8.2847089767456054688 4.4550232887268066406 4.5831294059753417969 5.7304787635803222656 4.8527274131774902344 4.6494784355163574219 4.5784811973571777344 5.0149946212768554688 4.2994647026062011719 4.7600569725036621094 5.0273604393005371094 8.924137115478515625 12.447233200073242188 13.189183235168457031 13.403738021850585938 9.7227888107299804688 7.084529876708984375 1.2652193307876586914 1.1402065753936767578 0.8280353546142578125 1.0615667104721069336 1.0136138200759887695 -9999 -9999 -9999 -9999 -9999 -9999 -9999 -9999 -9999 -9999 -9999 -9999 -9999 -9999
10.023820877075195312 3.9066209793090820312 6.0195240974426269531 9.97356414794921875 11.247853279113769531 8.1972017288208007812 5.4461545944213867188 8.1222076416015625 10.979506492614746094 4.7604451179504394531 6.1450548171997070312 5.8635592460632324219 4.66075897216796875 4.0242252349853515625 4.46218109130859375 4.9549365043640136719 4.2707777023315429688 4.8017296791076660156 7.9772315025329589844 5.5712604522705078125 6.75585174560546875 10.799320220947265625 12.089264869689941406 8.9683351516723632812 5.6714649200439453125 1.2884935140609741211 1.8819403648376464844 2.3976213932037353516 1.7901501655578613281 2.4544589519500732422 0.057184699922800064087 -9999 -9999 -9999 -9999 -9999 -9999 -9999 -9999 -9999 -9999 -9999 -9999 -9999
10.674805641174316406 6.2721967697143554688 8.5867853164672851562 10.327090263366699219 10.407753944396972656 8.1193189620971679688 3.9549701213836669922 4.7808780670166015625 5.7623720169067382812 8.0688419342041015625 9.9485979080200195312 5.5369482040405273438 4.50417327880859375 4.8443493843078613281 4.0540628433227539062 4.7669911384582519531 4.2500844001770019531 4.2971048355102539062 6.0521874427795410156 8.1015996932983398438 3.3300850391387939453 8.56462860107421875 8.6396207809448242188 5.2109217643737792969 0.35881724953651428223 1.1570796966552734375 1.9091267585754394531 4.4945759773254394531 5.5536174774169921875 8.483394622802734375 0.83118736743927001953 -9999 -9999 -9999 -9999 -9999 -9999 -9999 -9999 -9999 -9999 -9999 -9999 -9999
4.8973741531372070312 9.9221820831298828125 5.08013916015625 5.6057991981506347656 9.410037994384765625 8.604457855224609375 4.4097666740417480469 5.378093719482421875 4.7624535560607910156 5.4403448104858398438 5.0193552970886230469 4.6801996231079101562 4.2029986381530761719 4.5245537757873535156 4.2333998680114746094 4.6223626136779785156 4.3933873176574707031 4.3380823135375976562 4.6546635627746582031 5.7445468902587890625 7.7472825050354003906 3.7958977222442626953 5.9083485603332519531 2.2878677845001220703 0 0 0.95299446582794189453 9.5473423004150390625 1.3573203086853027344 1.5539404153823852539 1.0054903030395507812 2.6242482662200927734 -9999 -9999 -9999 -9999 -9999 -9999 -9999 -9999 -9999 -9999 -9999 -9999
3.3297374248504638672 5.9129309654235839844 8.4587888717651367188 8.3166761398315429688 12.950091361999511719 11.144647598266601562 4.8349061012268066406 8.8021574020385742188 5.4216332435607910156 4.7467646598815917969 4.8449640274047851562 4.7826204299926757812 4.681331634521484375 4.972888946533203125 4.5596942901611328125 4.5949978828430175781 4.8388905525207519531 5.2805271148681640625 4.3336124420166015625 4.9985532760620117188 9.1584291458129882812 5.9918079376220703125 2.2403361797332763672 9.5654926300048828125 3.6971633434295654297 0 0.096126928925514221191 2.7419199943542480469 0.70200026035308837891 3.9247584342956542969 0.85859549045562744141 0.38238313794136047363 -9999 -9999 -9999 -9999 -9999 -9999 -9999 -9999 -9999 -9999 -9999 -9999
8.0167646408081054688 8.8458662033081054688 12.186496734619140625 8.907390594482421875 15.989464759826660156 12.830654144287109375 7.5231800079345703125 5.2397069931030273438 4.3544163703918457031 5.8545346260070800781 5.0073637962341308594 5.0654206275939941406 6.7925181388854980469 6.6597914695739746094 4.5696020126342773438 5.3643307685852050781 4.4389929771423339844 4.8798937797546386719 8.1812601089477539062 7.6000790596008300781 5.5072665214538574219 7.7091507911682128906 4.183116912841796875 4.4641757011413574219 10.163382530212402344 6.5812878608703613281 0.34466078877449035645 3.4071485996246337891 1.200520634651184082 4.4894108772277832031 1.3004329204559326172 0.96447283029556274414 1.238692164421081543 -9999 -9999 -9999 -9999 -9999 -9999 -9999 -9999 -9999 -9999 -9999
14.456264495849609375 9.3921308517456054688 7.6516146659851074219 8.1013736724853515625 10.826066017150878906 14.123452186584472656 4.2005581855773925781 4.5440855026245117188 4.3361883163452148438 4.8247408866882324219 5.1084794998168945312 4.7405233383178710938 5.9615540504455566406 7.2753424644470214844 5.3249897956848144531 5.2323212623596191406 4.9867253303527832031 5.2577352523803710938 10.219120025634765625 9.83719635009765625 5.8200592994689941406 9.7866373062133789062 3.5379507541656494141 6.50785064697265625 8.6679019927978515625 11.7785186767578125 8.8273029327392578125 5.9039831161499023438 5.2179975509643554688 0.59260755777359008789 3.4015126228332519531 1.6732591390609741211 1.5889744758605957031 -9999 -9999 -9999 -9999 -9999 -9999 -9999 -9999 -9999 -9999 -9999
7.2907543182373046875 10.703580856323242188 10.053200721740722656 12.281057357788085938 6.6449961662292480469 12.443232536315917969 4.1922826766967773438 3.1508111953735351562 4.8286099433898925781 5.4116644859313964844 9.4372186660766601562 8.89060211181640625 9.2903041839599609375 6.773590087890625 3.0264623165130615234 2.6939623355865478516 2.7560827732086181641 3.2286829948425292969 3.1562430858612060547 1.3624891042709350586 9.9101858139038085938 16.496343612670898438 9.6201562881469726562 0.94017559289932250977 2.2501559257507324219 2.7303514480590820312 2.0433206558227539062 2.9148309230804443359 5.5381994247436523438 0.085397593677043914795 2.0229394435882568359 5.0383329391479492188 4.6802334785461425781 1.3204466104507446289 -9999 -9999 -9999 -9999 -9999 -9999 -9999 -9999 -9999 -9999
5.5972714424133300781 10.343017578125 9.6457052230834960938 6.4272046089172363281 6.1433539390563964844 11.820624351501464844 5.1083283424377441406 6.4168782234191894531 11.588480949401855469 13.638494491577148438 7.7342667579650878906 5.7775053977966308594 7.8595418930053710938 6.7662220001220703125 0 0 0 0 0.11916766315698623657 0.66914868354797363281 2.2888247966766357422 13.106565475463867188 16.003152847290039062 2.2778532505035400391 0 0 0 0.11772599071264266968 7.3961973190307617188 4.7010540962219238281 0.89650487899780273438 2.6440155506134033203 2.4905049800872802734 1.227881312370300293 5.9557280540466308594 -9999 -9999 -9999 -9999 -9999 -9999 -9999 -9999 -9999
5.0115504264831542969 6.2838377952575683594 3.2692704200744628906 3.640010833740234375 8.697906494140625 12.116733551025390625 5.7973723411560058594 15.069430351257324219 10.241389274597167969 5.8556971549987792969 6.9252338409423828125 5.5125441551208496094 4.4803061485290527344 5.0637235641479492188 0 0 0 0.27348512411117553711 2.0419631004333496094 0.84745454788208007812 0.19889827072620391846 3.6125891208648681641 16.375169754028320312 9.9972639083862304688 0.11157235503196716309 0 0 0.07932974398136138916 3.8250880241394042969 9.3426036834716796875 6.3926110267639160156 6.4932608604431152344 7.1715574264526367188 1.7241256237030029297 1.3781576156616210938 -9999 -9999 -9999 -9999 -9999 -9999 -9999 -9999 -9999
7.4030318260192871094 4.9390354156494140625 1.1660718917846679688 3.5265045166015625 5.8114581108093261719 14.763964653015136719 10.886028289794921875 13.350619316101074219 6.7050976753234863281 5.1611480712890625 5.4887943267822265625 4.4000945091247558594 4.9509968757629394531 5.31693267822265625 1.7739331722259521484 1.1143113374710083008 1.1063716411590576172 0.58512997627258300781 2.4173343181610107422 0.31212431192398071289 0 1.6735410690307617188 16.577770233154296875 18.55084228515625 6.6115732192993164062 0 0.46128082275390625 3.7378671169281005859 0.84709429740905761719 2.2700884342193603516 5.9100775718688964844 8.2775659561157226562 9.2881374359130859375 3.5570020675659179688 0.25786358118057250977 4.1219110488891601562 -9999 -9999 -9999 -9999 -9999 -9999 -9999 -9999
9.7589063644409179688 6.2382378578186035156 3.2360658645629882812 2.3640763759613037109 6.3018727302551269531 13.048066139221191406 11.247465133666992188 5.1162943840026855469 3.5094094276428222656 4.1825432777404785156 5.6699953079223632812 4.7672395706176757812 6.185611724853515625 5.61569976806640625 6.6685924530029296875 3.3737440109252929688 0 4.1573505401611328125 0 2.0728249549865722656 0.78619635105133056641 2.03897857666015625 4.4017224311828613281 18.15702056884765625 15.498433113098144531 7.8780975341796875 9.4604158401489257812 8.6725406646728515625 2.67327117919921875 0.082809790968894958496 0.22994637489318847656 1.1435499191284179688 2.3674912452697753906 8.1735906600952148438 4.7852864265441894531 3.3390049934387207031 -9999 -9999 -9999 -9999 -9999 -9999 -9999 -9999
10.813554763793945312 9.254169464111328125 7.8865246772766113281 5.0983109474182128906 5.7776236534118652344 9.5654859542846679688 14.823046684265136719 4.3093004226684570312 3.7111711502075195312 5.0256142616271972656 8.1582765579223632812 5.4608640670776367188 6.3914136886596679688 5.1231584548950195312 3.9333879947662353516 2.4765465259552001953 0 3.2059962749481201172 0.29529756307601928711 1.858511805534362793 2.3082630634307861328 0.44504883885383605957 0.16755303740501403809 10.398151397705078125 17.644659042358398438 16.49469757080078125 15.490239143371582031 12.222747802734375 6.4938640594482421875 1.7065130472183227539 0 0.56561696529388427734 0.10660792142152786255 3.9396719932556152344 6.4750590324401855469 2.8468823432922363281 -9999 -9999 -9999 -9999 -9999 -9999 -9999 -9999
