gis/40m/canopy_fraction.asc
ncols        256
nrows        286
xllcorner    726766.000000000000
yllcorner    7127230.000000000000
cellsize     40.000000000000
NODATA_value -9999
[rows 60 to 79 of 286, columns 180 to 224 of 256]
0.58119422197341918945 0.47597494721412658691 0.57271629571914672852 0.70301151275634765625 0.73298728466033935547 0.73130297660827636719 0.67781287431716918945 0.7370516657829284668 0.64416486024856567383 0.6500708460807800293 0.73291009664535522461 0.75852274894714355469 0.77025896310806274414 0.77201342582702636719 0.7728379368782043457 0.74666482210159301758 0.64865297079086303711 0.65864259004592895508 0.61869353055953979492 -9999 -9999 -9999 -9999 -9999 -9999 -9999 -9999 -9999 -9999 -9999 -9999 -9999 -9999 -9999 -9999 -9999 -9999 -9999 -9999 -9999 -9999 -9999 -9999 -9999 -9999
0.56165128946304321289 0.47324487566947937012 0.57297056913375854492 0.7272669672966003418 0.73617184162139892578 0.74512153863906860352 0.61318856477737426758 0.66769880056381225586 0.67027020454406738281 0.68933892250061035156 0.74701422452926635742 0.72834086418151855469 0.73316651582717895508 0.71442043781280517578 0.69892579317092895508 0.72341912984848022461 0.71562677621841430664 0.64673280715942382812 0.58338594436645507812 0.5865504145622253418 -9999 -9999 -9999 -9999 -9999 -9999 -9999 -9999 -9999 -9999 -9999 -9999 -9999 -9999 -9999 -9999 -9999 -9999 -9999 -9999 -9999 -9999 -9999 -9999 -9999
0.56397479772567749023 0.54767709970474243164 0.57005608081817626953 0.63631713390350341797 0.75680905580520629883 0.72877752780914306641 0.60456031560897827148 0.66181200742721557617 0.75503838062286376953 0.74779933691024780273 0.64730352163314819336 0.66661208868026733398 0.72322428226470947266 0.64856779575347900391 0.59701263904571533203 0.64396578073501586914 0.71672648191452026367 0.61716103553771972656 0.59894084930419921875 0.57072311639785766602 0.6298980712890625 -9999 -9999 -9999 -9999 -9999 -9999 -9999 -9999 -9999 -9999 -9999 -9999 -9999 -9999 -9999 -9999 -9999 -9999 -9999 -9999 -9999 -9999 -9999 -9999
0.5688762664794921875 0.59047949314117431641 0.6001141667366027832 0.58512514829635620117 0.74764275550842285156 0.7632071375846862793 0.67300426959991455078 0.75102204084396362305 0.7720006108283996582 0.7456048130989074707 0.71120750904083251953 0.73725807666778564453 0.75713467597961425781 0.7162488102912902832 0.60287648439407348633 0.62576258182525634766 0.3790244758129119873 0.33764854073524475098 0.35820826888084411621 0.41839799284934997559 0.57819545269012451172 -9999 -9999 -9999 -9999 -9999 -9999 -9999 -9999 -9999 -9999 -9999 -9999 -9999 -9999 -9999 -9999 -9999 -9999 -9999 -9999 -9999 -9999 -9999 -9999
0.54343742132186889648 0.62021684646606445312 0.58042901754379272461 0.55765837430953979492 0.74489045143127441406 0.76493489742279052734 0.75411385297775268555 0.76441407203674316406 0.76452267169952392578 0.75829041004180908203 0.76815849542617797852 0.76526206731796264648 0.7587261199951171875 0.64414960145950317383 0.6216189265251159668 0.14118595421314239502 0 0 0 0.015908582136034965515 0.045656725764274597168 0.015591490082442760468 -9999 -9999 -9999 -9999 -9999 -9999 -9999 -9999 -9999 -9999 -9999 -9999 -9999 -9999 -9999 -9999 -9999 -9999 -9999 -9999 -9999 -9999 -9999
0.5415172576904296875 0.51556950807571411133 0.56147944927215576172 0.54961305856704711914 0.66546618938446044922 0.75339818000793457031 0.77182161808013916016 0.76845282316207885742 0.76606202125549316406 0.76110720634460449219 0.76782768964767456055 0.757984161376953125 0.752086639404296875 0.6708227992057800293 0.63412863016128540039 0.11045463383197784424 0 0 0 0 0 0 -9999 -9999 -9999 -9999 -9999 -9999 -9999 -9999 -9999 -9999 -9999 -9999 -9999 -9999 -9999 -9999 -9999 -9999 -9999 -9999 -9999 -9999 -9999
0.41800504922866821289 0.5828081965446472168 0.59022170305252075195 0.57009142637252807617 0.63775086402893066406 0.76613450050354003906 0.75905287265777587891 0.74835914373397827148 0.76168906688690185547 0.76629376411437988281 0.76078420877456665039 0.76087915897369384766 0.75693339109420776367 0.75053572654724121094 0.71352058649063110352 0.67309236526489257812 0.12261820584535598755 0 0 0 0 -9999 -9999 -9999 -9999 -9999 -9999 -9999 -9999 -9999 -9999 -9999 -9999 -9999 -9999 -9999 -9999 -9999 -9999 -9999 -9999 -9999 -9999 -9999 -9999
0.51924592256546020508 0.56795293092727661133 0.60786926746368408203 0.58815056085586547852 0.59748858213424682617 0.69219011068344116211 0.72356343269348144531 0.73039466142654418945 0.7326844334602355957 0.7476546168327331543 0.76612496376037597656 0.75638216733932495117 0.75690424442291259766 0.76161861419677734375 0.7538954615592956543 0.77037829160690307617 0.51252675056457519531 0.42235407233238220215 0.22441788017749786377 0.10547903925180435181 0.11104795336723327637 -9999 -9999 -9999 -9999 -9999 -9999 -9999 -9999 -9999 -9999 -9999 -9999 -9999 -9999 -9999 -9999 -9999 -9999 -9999 -9999 -9999 -9999 -9999 -9999
0.53962624073028564453 0.52857363224029541016 0.59604817628860473633 0.60894310474395751953 0.59697335958480834961 0.60879814624786376953 0.58614325523376464844 0.52864742279052734375 0.53292471170425415039 0.64643681049346923828 0.75122320652008056641 0.71667939424514770508 0.74394524097442626953 0.7625268101692199707 0.76028138399124145508 0.76909971237182617188 0.6063963770866394043 0.59050065279006958008 0.57622224092483520508 0.56334400177001953125 0.60277146100997924805 -9999 -9999 -9999 -9999 -9999 -9999 -9999 -9999 -9999 -9999 -9999 -9999 -9999 -9999 -9999 -9999 -9999 -9999 -9999 -9999 -9999 -9999 -9999 -9999
0.53893220424652099609 0.55983704328536987305 0.61724269390106201172 0.63242590427398681641 0.64251464605331420898 0.56477034091949462891 0.51526945829391479492 0.57882630825042724609 0.5976460576057434082 0.60753428936004638672 0.56097459793090820312 0.7304134368896484375 0.77298706769943237305 0.77351671457290649414 0.76722496747970581055 0.70957839488983154297 0.66739326715469360352 0.60180342197418212891 0.5625413060188293457 0.55780076980590820312 0.60594445466995239258 -9999 -9999 -9999 -9999 -9999 -9999 -9999 -9999 -9999 -9999 -9999 -9999 -9999 -9999 -9999 -9999 -9999 -9999 -9999 -9999 -9999 -9999 -9999 -9999
0.3927586674690246582 0.32603740692138671875 0.60539907217025756836 0.66985273361206054688 0.62792593240737915039 0.46034786105155944824 0.53224635124206542969 0.57700145244598388672 0.56653690338134765625 0.58688294887542724609 0.49388176202774047852 0.54845672845840454102 0.72456347942352294922 0.76178765296936035156 0.77016204595565795898 0.73341208696365356445 0.61323666572570800781 0.55267000198364257812 0.53597253561019897461 0.5413367152214050293 0.57295280694961547852 0.55844676494598388672 -9999 -9999 -9999 -9999 -9999 -9999 -9999 -9999 -9999 -9999 -9999 -9999 -9999 -9999 -9999 -9999 -9999 -9999 -9999 -9999 -9999 -9999 -9999
0.17588213086128234863 0.17417632043361663818 0.4044265449047088623 0.43645864725112915039 0.53998404741287231445 0.44776928424835205078 0.60409426689147949219 0.59078860282897949219 0.56136494874954223633 0.59192794561386108398 0.53377747535705566406 0.5538737177848815918 0.54914838075637817383 0.57520347833633422852 0.60959059000015258789 0.67269098758697509766 0.5854333043098449707 0.55325227975845336914 0.31560271978378295898 0.3149026334285736084 0.39389285445213317871 -9999 -9999 -9999 -9999 -9999 -9999 -9999 -9999 -9999 -9999 -9999 -9999 -9999 -9999 -9999 -9999 -9999 -9999 -9999 -9999 -9999 -9999 -9999 -9999
0.30851063132286071777 0.40885072946548461914 0.23627290129661560059 0.2749385833740234375 0.31691920757293701172 0.43686467409133911133 0.60348206758499145508 0.60531389713287353516 0.60138869285583496094 0.58541953563690185547 0.56784611940383911133 0.49915429949760437012 0.44891780614852905273 0.50686877965927124023 0.5505199432373046875 0.59232157468795776367 0.5621897578239440918 0.5657901763916015625 0.25512173771858215332 0.11428938060998916626 0.11427886784076690674 0.16198016703128814697 -9999 -9999 -9999 -9999 -9999 -9999 -9999 -9999 -9999 -9999 -9999 -9999 -9999 -9999 -9999 -9999 -9999 -9999 -9999 -9999 -9999 -9999 -9999
0.58004665374755859375 0.35834273695945739746 0.18769100308418273926 0.43216505646705627441 0.28093293309211730957 0.56490427255630493164 0.60587668418884277344 0.56904596090316772461 0.56478369235992431641 0.58755165338516235352 0.601898193359375 0.4053834378719329834 0.29497867822647094727 0.32577180862426757812 0.3683834373950958252 0.59246855974197387695 0.58442926406860351562 0.55819058418273925781 0.27913257479667663574 0.087957218289375305176 0.06536092609167098999 0.06108406558632850647 0.27546769380569458008 -9999 0.43912690877914428711 0.5941174626350402832 0.62696409225463867188 -9999 -9999 -9999 -9999 -9999 -9999 -9999 -9999 -9999 -9999 -9999 -9999 -9999 -9999 -9999 -9999 -9999 -9999
0.55016803741455078125 0.20054852962493896484 0.3997612297534942627 0.49693983793258666992 0.29680263996124267578 0.54460877180099487305 0.63279932737350463867 0.60844570398330688477 0.59372121095657348633 0.61090511083602905273 0.54658067226409912109 0.30393245816230773926 0.11696606874465942383 0.14910006523132324219 0.29488822817802429199 0.56900542974472045898 0.59560400247573852539 0.56937777996063232422 0.50437200069427490234 0.12924529612064361572 0.05039867013692855835 0.04926274716854095459 0.12560674548149108887 0.15240547060966491699 0.23464599251747131348 0.55874067544937133789 0.63906306028366088867 -9999 -9999 -9999 -9999 -9999 -9999 -9999 -9999 -9999 -9999 -9999 -9999 -9999 -9999 -9999 -9999 -9999 -9999
0.27158954739570617676 0.086285158991813659668 0.24905785918235778809 0.27858537435531616211 0.29629001021385192871 0.56305342912673950195 0.64265233278274536133 0.61607694625854492188 0.61357736587524414062 0.60377824306488037109 0.46478438377380371094 0.19598948955535888672 0.13792690634727478027 0.15148508548736572266 0.27286502718925476074 0.57102698087692260742 0.62626165151596069336 0.59950208663940429688 0.55981153249740600586 0.36995244026184082031 0.07129398733377456665 0.086022756993770599365 0.12463868409395217896 0.13801787793636322021 0.1881351172924041748 0.51854526996612548828 0.61910384893417358398 0.63558864593505859375 0.61392408609390258789 -9999 -9999 -9999 -9999 -9999 -9999 -9999 -9999 -9999 -9999 -9999 -9999 -9999 -9999 -9999 -9999
0.34060463309288024902 0.16142538189888000488 0.14511404931545257568 0.3207963109016418457 0.10057087242603302002 0.4054463505744934082 0.62605643272399902344 0.67309737205505371094 0.66140586137771606445 0.59146696329116821289 0.56332635879516601562 0.47589814662933349609 0.28596580028533935547 0.16911490261554718018 0.3259125053882598877 0.60065299272537231445 0.62073534727096557617 0.59324109554290771484 0.5766849517822265625 0.53642457723617553711 0.36268588900566101074 0.13228330016136169434 0.35679888725280761719 0.40927293896675109863 0.55262315273284912109 0.57823932170867919922 0.63573718070983886719 0.68962585926055908203 0.67640268802642822266 0.60637950897216796875 0.67911797761917114258 0.74015814065933227539 0.72012484073638916016 -9999 -9999 -9999 -9999 -9999 -9999 -9999 -9999 -9999 -9999 -9999 -9999
0.31170690059661865234 0.32895252108573913574 0.20048740506172180176 0.1546357274055480957 0.12377981841564178467 0.35913115739822387695 0.60381394624710083008 0.64572364091873168945 0.63461399078369140625 0.6437193751335144043 0.46244269609451293945 0.40907219052314758301 0.35790157318115234375 0.2074107825756072998 0.30192473530769348145 0.62266218662261962891 0.664165496826171875 0.56344556808471679688 0.58144223690032958984 0.56847292184829711914 0.55215942859649658203 0.45451509952545166016 0.55202436447143554688 0.57585448026657104492 0.56621026992797851562 0.56796950101852416992 0.59637236595153808594 0.63724184036254882812 0.63015443086624145508 0.58882218599319458008 0.65936988592147827148 0.73351049423217773438 0.65447717905044555664 -9999 -9999 -9999 -9999 -9999 -9999 -9999 -9999 -9999 -9999 -9999 -9999
0.29283088445663452148 0.31124207377433776855 0.28702107071876525879 0.040259882807731628418 0.20603322982788085938 0.50918060541152954102 0.56686669588088989258 0.6250731348991394043 0.61434024572372436523 0.60289710760116577148 0.47515505552291870117 0.38197800517082214355 0.48125490546226501465 0.47061625123023986816 0.43856576085090637207 0.6365305781364440918 0.63168644905090332031 0.54154825210571289062 0.55261862277984619141 0.549457550048828125 0.52686202526092529297 0.57949960231781005859 0.5985075831413269043 0.57716852426528930664 0.57455682754516601562 0.55717664957046508789 0.59150838851928710938 0.60502016544342041016 0.59242236614227294922 0.56494176387786865234 0.58312839269638061523 0.70884692668914794922 0.65540683269500732422 0.70188748836517333984 0.70820021629333496094 -9999 -9999 -9999 -9999 -9999 -9999 -9999 -9999 -9999 -9999
0.17783239483833312988 0.22106495499610900879 0.20740604400634765625 0.1220640912652015686 0.2542985081672668457 0.2495167851448059082 0.59074825048446655273 0.36861395835876464844 0.31131088733673095703 0.59835928678512573242 0.53811144828796386719 0.60905092954635620117 0.64238303899765014648 0.47209081053733825684 0.43530678749084472656 0.64663451910018920898 0.58025151491165161133 0.58885109424591064453 0.54621040821075439453 0.49052387475967407227 0.58996164798736572266 0.57607984542846679688 0.57417798042297363281 0.58816474676132202148 0.5920085906982421875 0.59889256954193115234 0.57020473480224609375 0.58030861616134643555 0.59112840890884399414 0.60544300079345703125 0.58089756965637207031 0.6908747553825378418 0.68090468645095825195 0.71884328126907348633 0.76902651786804199219 0.7709318995475769043 0.65113347768783569336 -9999 -9999 -9999 -9999 -9999 -9999 -9999 -9999
