gis/40m/canopy_fraction.asc
ncols        256
nrows        286
xllcorner    726766.000000000000
yllcorner    7127230.000000000000
cellsize     40.000000000000
NODATA_value -9999
[rows 100 to 119 of 286, columns 135 to 179 of 256]
0.76243460178375244141 0.75002229213714599609 0.74701076745986938477 0.70952612161636352539 0.70690929889678955078 0.63445693254470825195 0.61974787712097167969 0.63150990009307861328 0.63196319341659545898 0.15005533397197723389 0.044828131794929504395 0.040657453238964080811 0.03067363053560256958 0.025212246924638748169 0.26944273710250854492 0.6271381378173828125 0.48055550456047058105 0.27751713991165161133 0.31387856602668762207 0.22910669445991516113 0.22268271446228027344 0.27042564749717712402 0.26000016927719116211 0.2523040771484375 0.47971352934837341309 0.58114987611770629883 0.52407950162887573242 0.47345992922782897949 0.55955660343170166016 0.55363321304321289062 0.53447949886322021484 0.54120850563049316406 0.5815372467041015625 0.57308632135391235352 0.53227865695953369141 0.61431688070297241211 0.32023638486862182617 0.41729900240898132324 0.69438642263412475586 0.72722214460372924805 0.67514240741729736328 0.35585549473762512207 0.30040201544761657715 0.25297531485557556152 0.17585699260234832764
0.76923066377639770508 0.74537438154220581055 0.71660476922988891602 0.73339378833770751953 0.70142585039138793945 0.55254709720611572266 0.66685044765472412109 0.61555701494216918945 0.60681623220443725586 0.45750316977500915527 0.21123008430004119873 0.04477084428071975708 0.03641352429986000061 0.12078984826803207397 0.33620840311050415039 0.56349146366119384766 0.2200126349925994873 0.22757193446159362793 0.21960499882698059082 0.19547168910503387451 0.25369447469711303711 0.17664507031440734863 0.23279246687889099121 0.33376598358154296875 0.17728714644908905029 0.19152827560901641846 0.12029762566089630127 0.43102571368217468262 0.55302882194519042969 0.56288325786590576172 0.61714792251586914062 0.60998290777206420898 0.59852671623229980469 0.57891219854354858398 0.5551865696907043457 0.40864324569702148438 0.15915140509605407715 0.22497384250164031982 0.48949345946311950684 0.65207725763320922852 0.63067698478698730469 0.58115077018737792969 0.51250505447387695312 0.28773859143257141113 0.31761413812637329102
0.73570603132247924805 0.74759334325790405273 0.74498611688613891602 0.75160181522369384766 0.70634108781814575195 0.57950663566589355469 0.72599112987518310547 0.72734904289245605469 0.71750879287719726562 0.73444414138793945312 0.65482634305953979492 0.5307292938232421875 0.34376233816146850586 0.42812073230743408203 0.56648105382919311523 0.40173327922821044922 0.20929831266403198242 0.17857417464256286621 0.15759424865245819092 0.16548909246921539307 0.19234794378280639648 0.20144133269786834717 0.1936381906270980835 0.17261594533920288086 0.12487043440341949463 0.2252165377140045166 0.12661948800086975098 0.23773367702960968018 0.45155936479568481445 0.58580118417739868164 0.60649025440216064453 0.56832933425903320312 0.55063688755035400391 0.54486715793609619141 0.58028811216354370117 0.36036416888236999512 0.22281849384307861328 0.21572728455066680908 0.24629664421081542969 0.36605739593505859375 0.54932284355163574219 0.44659385085105895996 0.50912451744079589844 0.50436031818389892578 0.35011500120162963867
0.68439286947250366211 0.72289556264877319336 0.74192065000534057617 0.72549062967300415039 0.71414452791213989258 0.71347367763519287109 0.72850912809371948242 0.7646744847297668457 0.77329939603805541992 0.77548402547836303711 0.76843088865280151367 0.7653834223747253418 0.75776964426040649414 0.73863399028778076172 0.65992134809494018555 0.2895724177360534668 0.17449276149272918701 0.18688054382801055908 0.13108804821968078613 0.18174211680889129639 0.1324281543493270874 0.16620485484600067139 0.22138921916484832764 0.16264180839061737061 0.09517307579517364502 0.169252052903175354 0.13076394796371459961 0.077657900750637054443 0.08053322136402130127 0.36517822742462158203 0.59281659126281738281 0.56381869316101074219 0.577655792236328125 0.57423037290573120117 0.57637041807174682617 0.43806412816047668457 0.31477984786033630371 0.19373011589050292969 0.16632916033267974854 0.16374845802783966064 0.26029065251350402832 0.24523648619651794434 0.32612305879592895508 0.39944174885749816895 0.53792017698287963867
0.73209518194198608398 0.73974090814590454102 0.7271099090576171875 0.72735619544982910156 0.74779748916625976562 0.75849050283432006836 0.7665106654167175293 0.74341046810150146484 0.76832920312881469727 0.76881229877471923828 0.76326537132263183594 0.76872968673706054688 0.76997023820877075195 0.76583218574523925781 0.7703450322151184082 0.74057394266128540039 0.49037873744964599609 0.26124116778373718262 0.21080435812473297119 0.22041378915309906006 0.13714106380939483643 0.14954900741577148438 0.22495892643928527832 0.15880638360977172852 0.48797425627708435059 0.27195817232131958008 0.16984830796718597412 0.099751688539981842041 0.078324206173419952393 0.14979617297649383545 0.54796874523162841797 0.59707212448120117188 0.62826901674270629883 0.58520781993865966797 0.50982612371444702148 0.20937810838222503662 0.31795325875282287598 0.31952705979347229004 0.2106332629919052124 0.32783159613609313965 0.22743467986583709717 0.21921949088573455811 0.31991687417030334473 0.41203412413597106934 0.45780828595161437988
0.76326972246170043945 0.76183354854583740234 0.74617427587509155273 0.72913765907287597656 0.74889278411865234375 0.76199871301651000977 0.72242450714111328125 0.61182266473770141602 0.65907442569732666016 0.71449095010757446289 0.7689793705940246582 0.76290929317474365234 0.77045053243637084961 0.7681820988655090332 0.76122814416885375977 0.7608025670051574707 0.73060262203216552734 0.64121288061141967773 0.50463563203811645508 0.20818796753883361816 0.16182237863540649414 0.44863742589950561523 0.36802724003791809082 0.14126643538475036621 0.14339238405227661133 0.2297312617301940918 0.075521357357501983643 0.1161905825138092041 0.087444365024566650391 0.084882006049156188965 0.1814679950475692749 0.58437639474868774414 0.59451115131378173828 0.57354360818862915039 0.42969554662704467773 0.14374147355556488037 0.22311457991600036621 0.20499534904956817627 0.2693392634391784668 0.26802590489387512207 0.20263180136680603027 0.20117820799350738525 0.16428546607494354248 0.19324266910552978516 0.15420173108577728271
0.75420349836349487305 0.75830745697021484375 0.69793897867202758789 0.67119181156158447266 0.73043274879455566406 0.76247441768646240234 0.67793995141983032227 0.6288788914680480957 0.61072498559951782227 0.74433535337448120117 0.77367943525314331055 0.77235704660415649414 0.76300847530364990234 0.73987597227096557617 0.75911420583724975586 0.76048952341079711914 0.7239246368408203125 0.69107276201248168945 0.72985893487930297852 0.68889266252517700195 0.63694292306900024414 0.42448958754539489746 0.1163970455527305603 0.042526662349700927734 0.14887465536594390869 0.039292078465223312378 0.14128211140632629395 0.47987914085388183594 0.50725984573364257812 0.23553846776485443115 0.12879279255867004395 0.45956984162330627441 0.64435017108917236328 0.59972983598709106445 0.48577108979225158691 0.12069876492023468018 0.13238357007503509521 0.18710832297801971436 0.22398039698600769043 0.12918208539485931396 0.12126935273408889771 0.10263418406248092651 0.07988271862268447876 0.18423280119895935059 0.054764017462730407715
0.76151025295257568359 0.74509102106094360352 0.72836595773696899414 0.71645897626876831055 0.68794029951095581055 0.67841416597366333008 0.66827559471130371094 0.63823914527893066406 0.60890859365463256836 0.65117597579956054688 0.74673944711685180664 0.76642453670501708984 0.75961703062057495117 0.7381661534309387207 0.76266574859619140625 0.76254200935363769531 0.74090093374252319336 0.70086383819580078125 0.69285082817077636719 0.63546240329742431641 0.48758143186569213867 0.43333074450492858887 0.26918867230415344238 0.12911492586135864258 0.08725045621395111084 0.049193121492862701416 0.20406852662563323975 0.42968362569808959961 0.4250691533088684082 0.21074189245700836182 0.20806704461574554443 0.38901615142822265625 0.65506243705749511719 0.59136688709259033203 0.4945856928825378418 0.16450981795787811279 0.097899064421653747559 0.1350281834602355957 0.22032658755779266357 0.16773487627506256104 0.20463176071643829346 0.12666685879230499268 0.093314148485660552979 0.15090347826480865479 0.065559379756450653076
0.76410442590713500977 0.74831372499465942383 0.72447919845581054688 0.7236512303352355957 0.67817014455795288086 0.76906001567840576172 0.74767583608627319336 0.69573414325714111328 0.69521450996398925781 0.62672513723373413086 0.77011013031005859375 0.76582247018814086914 0.74928885698318481445 0.7487595677375793457 0.75984871387481689453 0.76715302467346191406 0.65393602848052978516 0.58539193868637084961 0.58510172367095947266 0.5319506525993347168 0.45869123935699462891 0.48934480547904968262 0.55174416303634643555 0.45315128564834594727 0.20203128457069396973 0.13133935630321502686 0.039485666900873184204 0.03607273101806640625 0.05132554471492767334 0.10781028121709823608 0.15962356328964233398 0.33201906085014343262 0.59953695535659790039 0.61978799104690551758 0.46639677882194519043 0.23468276858329772949 0.18712644279003143311 0.15133813023567199707 0.121440105140209198 0.34409698843955993652 0.2389494776725769043 0.19959905743598937988 0.17575283348560333252 0.126470223069190979 0.099155850708484649658
0.75354373455047607422 0.73314064741134643555 0.70274221897125244141 0.71277481317520141602 0.76828461885452270508 0.7775561213493347168 0.77735638618469238281 0.74543488025665283203 0.62107038497924804688 0.69370132684707641602 0.76026767492294311523 0.75406956672668457031 0.76356065273284912109 0.77021139860153198242 0.73987966775894165039 0.66358321905136108398 0.54878699779510498047 0.55888837575912475586 0.59697067737579345703 0.53236716985702514648 0.52920746803283691406 0.54492664337158203125 0.55485570430755615234 0.58585226535797119141 0.57055187225341796875 0.54597461223602294922 0.25828844308853149414 0.10645822435617446899 0.066351413726806640625 0.12199932336807250977 0.059292748570442199707 0.24609488248825073242 0.53399741649627685547 0.52932387590408325195 0.29991731047630310059 0.20526166260242462158 0.24533486366271972656 0.30694440007209777832 0.37765169143676757812 0.14403432607650756836 0.13804334402084350586 0.10103606432676315308 0.09738073498010635376 0.091335788369178771973 0.11188334226608276367
0.75672221183776855469 0.76174849271774291992 0.73116028308868408203 0.75452476739883422852 0.74340367317199707031 0.76860612630844116211 0.76701372861862182617 0.76163637638092041016 0.70719516277313232422 0.73823285102844238281 0.77211511135101318359 0.76044327020645141602 0.75304430723190307617 0.75320947170257568359 0.7584273219108581543 0.69784557819366455078 0.52213144302368164062 0.53931206464767456055 0.60466217994689941406 0.53171980381011962891 0.49759531021118164062 0.54061985015869140625 0.56069761514663696289 0.55197095870971679688 0.56140410900115966797 0.58571058511734008789 0.57058882713317871094 0.41942888498306274414 0.1800155341625213623 0.09159841388463973999 0.040526073426008224487 0.083122462034225463867 0.27418535947799682617 0.49006393551826477051 0.39678481221199035645 0.24945962429046630859 0.2627888023853302002 0.24023558199405670166 0.20153068006038665771 0.068257115781307220459 0.0474358387291431427 0.03051779232919216156 0.053194135427474975586 0.042890086770057678223 0.31160679459571838379
0.74381786584854125977 0.70141482353210449219 0.70421957969665527344 0.71805769205093383789 0.74986428022384643555 0.76142132282257080078 0.69238418340682983398 0.77943247556686401367 0.7461745142936706543 0.75575727224349975586 0.75956261157989501953 0.75855076313018798828 0.75811338424682617188 0.75778287649154663086 0.76460182666778564453 0.7571398615837097168 0.69520354270935058594 0.56710737943649291992 0.62793934345245361328 0.56246805191040039062 0.35899507999420166016 0.53995943069458007812 0.56672871112823486328 0.56887567043304443359 0.56114274263381958008 0.57999598979949951172 0.56198441982269287109 0.61448001861572265625 0.59543287754058837891 0.48722043633460998535 0.31226599216461181641 0.11330728977918624878 0.13858716189861297607 0.4347400665283203125 0.5631688237190246582 0.25452533364295959473 0.22086773812770843506 0.17176353931427001953 0.082888498902320861816 0.049334790557622909546 0.067240156233310699463 0.053151689469814300537 0.08238973468542098999 0.10113410651683807373 0.5422738194465637207
0.71039223670959472656 0.70512527227401733398 0.71739864349365234375 0.73371464014053344727 0.7131061553955078125 0.73195070028305053711 0.75392746925354003906 0.76018518209457397461 0.71726012229919433594 0.74178880453109741211 0.75124335289001464844 0.75960862636566162109 0.76047825813293457031 0.76299315690994262695 0.76124233007431030273 0.75848150253295898438 0.76316434144973754883 0.64708399772644042969 0.58799177408218383789 0.59728425741195678711 0.55733567476272583008 0.57423692941665649414 0.56989526748657226562 0.56920266151428222656 0.56253600120544433594 0.56101721525192260742 0.55611836910247802734 0.59007108211517333984 0.57162129878997802734 0.46781551837921142578 0.52866542339324951172 0.47213196754455566406 0.29969817399978637695 0.22305293381214141846 0.49727353453636169434 0.36432892084121704102 0.18022613227367401123 0.14735518395900726318 0.099648840725421905518 0.097102269530296325684 0.061347130686044692993 0.071761488914489746094 0.067577913403511047363 0.20514556765556335449 0.6085147857666015625
0.70150732994079589844 0.75380164384841918945 0.71405720710754394531 0.71775031089782714844 0.72272211313247680664 0.74820530414581298828 0.77350223064422607422 0.76475900411605834961 0.69794797897338867188 0.66908180713653564453 0.76019948720932006836 0.76042854785919189453 0.76190423965454101562 0.76285409927368164062 0.76144003868103027344 0.75616121292114257812 0.76052951812744140625 0.73714369535446166992 0.58815914392471313477 0.61619198322296142578 0.60885381698608398438 0.58866256475448608398 0.57784408330917358398 0.57208555936813354492 0.58875125646591186523 0.55105698108673095703 0.56432729959487915039 0.56096160411834716797 0.52706074714660644531 0.32211071252822875977 0.43076467514038085938 0.53939998149871826172 0.59575384855270385742 0.42883706092834472656 0.14408326148986816406 0.24974556267261505127 0.11994277685880661011 0.15784975886344909668 0.14846359193325042725 0.078898690640926361084 0.30342260003089904785 0.22407250106334686279 0.063704989850521087646 0.16188803315162658691 0.61980360746383666992
0.66514718532562255859 0.74653542041778564453 0.74026238918304443359 0.72203773260116577148 0.68955945968627929688 0.7476215362548828125 0.75076174736022949219 0.7457587122917175293 0.66088247299194335938 0.72447174787521362305 0.76526492834091186523 0.76918178796768188477 0.76252657175064086914 0.76379680633544921875 0.77004003524780273438 0.76043242216110229492 0.76294445991516113281 0.76277244091033935547 0.68892168998718261719 0.5434964299201965332 0.63823515176773071289 0.57164835929870605469 0.54960322380065917969 0.56535089015960693359 0.58787173032760620117 0.55909913778305053711 0.55703955888748168945 0.51306915283203125 0.53776133060455322266 0.48778274655342102051 0.48459276556968688965 0.55891567468643188477 0.55594438314437866211 0.35651674866676330566 0.023111846297979354858 0.0024241767823696136475 0.027372416108846664429 0.014637030661106109619 0.020696427673101425171 0.011943086981773376465 0.03235980495810508728 0.027339650318026542664 0.064948804676532745361 0.20562756061553955078 0.58451414108276367188
0.68568807840347290039 0.70949912071228027344 0.75899088382720947266 0.7462628483772277832 0.73752057552337646484 0.74792170524597167969 0.75235629081726074219 0.75841104984283447266 0.72708857059478759766 0.7612139582633972168 0.76161140203475952148 0.76785552501678466797 0.76155513525009155273 0.75870418548583984375 0.76931172609329223633 0.75902402400970458984 0.75129246711730957031 0.76129513978958129883 0.7287273406982421875 0.56299269199371337891 0.60485231876373291016 0.56752794981002807617 0.57340610027313232422 0.57296139001846313477 0.54355853796005249023 0.57280039787292480469 0.56773489713668823242 0.52492678165435791016 0.5566470026969909668 0.58098179101943969727 0.53311586380004882812 0.52822703123092651367 0.53454303741455078125 0.31823188066482543945 0.022754056379199028015 0.010882854461669921875 0.013223625719547271729 0.018344923853874206543 0.012483330443501472473 0.0024125096388161182404 0.0008848577854223549366 0.00034696524380706250668 0.10287740081548690796 0.51301985979080200195 0.56613117456436157227
0.71790271997451782227 0.66701477766036987305 0.73754197359085083008 0.76931869983673095703 0.76413577795028686523 0.75255668163299560547 0.74755227565765380859 0.73459440469741821289 0.74360358715057373047 0.7753531336784362793 0.76150375604629516602 0.75589203834533691406 0.75997358560562133789 0.76127046346664428711 0.76182371377944946289 0.76249176263809204102 0.75679880380630493164 0.76080763339996337891 0.72219026088714599609 0.34607636928558349609 0.60261720418930053711 0.58152067661285400391 0.57487732172012329102 0.5930258631706237793 0.58562117815017700195 0.62313121557235717773 0.55282890796661376953 0.55798476934432983398 0.54406821727752685547 0.56099241971969604492 0.58276313543319702148 0.58902692794799804688 0.51207673549652099609 0.22147363424301147461 0.0080075943842530250549 0.0079251527786254882812 0.0030470844358205795288 0.021727599203586578369 0.026715444400906562805 0.2726580202579498291 0.060454569756984710693 0.058540161699056625366 0.29390874505043029785 0.59270936250686645508 0.5869948267936706543
0.75537866353988647461 0.74579530954360961914 0.70830446481704711914 0.75796741247177124023 0.75161015987396240234 0.61695468425750732422 0.4539661109447479248 0.60913729667663574219 0.58807206153869628906 0.77211409807205200195 0.75919890403747558594 0.75800782442092895508 0.76138639450073242188 0.75994920730590820312 0.76003444194793701172 0.75975006818771362305 0.75991785526275634766 0.75927424430847167969 0.75148880481719970703 0.41334775090217590332 0.59984099864959716797 0.58476078510284423828 0.56432580947875976562 0.61164677143096923828 0.60346829891204833984 0.45961755514144897461 0.47570759057998657227 0.57299077510833740234 0.57178026437759399414 0.60165143013000488281 0.55443900823593139648 0.53420358896255493164 0.60734540224075317383 0.24778519570827484131 0.0095025086775422096252 0.063089475035667419434 0 0.11049906164407730103 0.34145626425743103027 0.53765255212783813477 0.45619079470634460449 0.46829959750175476074 0.48447555303573608398 0.41124019026756286621 0.65870106220245361328
0.75862199068069458008 0.73824685811996459961 0.6870562434196472168 0.71743917465209960938 0.73556482791900634766 0.5503419041633605957 0.41123524308204650879 0.64227747917175292969 0.61670267581939697266 0.75501680374145507812 0.76270651817321777344 0.76337575912475585938 0.76387006044387817383 0.76265197992324829102 0.76124137639999389648 0.76254492998123168945 0.76417487859725952148 0.7599309086799621582 0.76043856143951416016 0.54979842901229858398 0.54385787248611450195 0.55204552412033081055 0.51835328340530395508 0.65088653564453125 0.58710002899169921875 0.3098582923412322998 0.36634051799774169922 0.4548874199390411377 0.40229958295822143555 0.61830317974090576172 0.46712192893028259277 0.56114828586578369141 0.55145943164825439453 0.088962420821189880371 0.0029310227837413549423 0.082681871950626373291 0.0075987875461578369141 0.32344889640808105469 0.50680947303771972656 0.54114103317260742188 0.58934122323989868164 0.60351389646530151367 0.62712067365646362305 0.57689386606216430664 0.63546431064605712891
0.75581568479537963867 0.62904095649719238281 0.32334676384925842285 0.44107142090797424316 0.30311417579650878906 0.32426232099533081055 0.38014850020408630371 0.70300197601318359375 0.75575488805770874023 0.76392346620559692383 0.77348369359970092773 0.75877368450164794922 0.76170325279235839844 0.76311594247817993164 0.76172506809234619141 0.76534938812255859375 0.76859831809997558594 0.76399016380310058594 0.76067209243774414062 0.54379993677139282227 0.40677016973495483398 0.46427708864212036133 0.49454525113105773926 0.63793230056762695312 0.53627002239227294922 0.35870411992073059082 0.58623909950256347656 0.52209556102752685547 0.4826996922492980957 0.57032680511474609375 0.24480269849300384521 0.24148388206958770752 0.25833922624588012695 0 0 1.8105321942130103707e-05 0.013552600517868995667 0.41635489463806152344 0.56754672527313232422 0.552005767822265625 0.57490968704223632812 0.58573824167251586914 0.54591238498687744141 0.56879913806915283203 0.57702767848968505859
