gis/40m/canopy_fraction.asc
ncols        256
nrows        286
xllcorner    726766.000000000000
yllcorner    7127230.000000000000
cellsize     40.000000000000
NODATA_value -9999
[rows 40 to 59 of 286, columns 180 to 224 of 256]
0.043134074658155441284 0.28427654504776000977 0.41783890128135681152 0.050152651965618133545 0 0.01311950385570526123 0.017206432297825813293 0.010817098431289196014 0 0 0.01794196106493473053 0.23745185136795043945 0.18270446360111236572 0.072389513254165649414 0.03054531291127204895 0.11814852058887481689 0.22238866984844207764 0.32567498087882995605 0.52620220184326171875 0.62029099464416503906 0.7348658442497253418 0.7473252415657043457 0.63865858316421508789 0.43767276406288146973 0 0 0 0 0 0 0.21657684445381164551 0.63782250881195068359 -9999 -9999 -9999 -9999 -9999 -9999 -9999 -9999 -9999 -9999 -9999 -9999 -9999
0.25898873805999755859 0.089928410947322845459 0.28581327199935913086 0.23414556682109832764 0 0.0086252279579639434814 0.014434090815484523773 0.014266023412346839905 0.021835826337337493896 0.1818443983793258667 0.38096761703491210938 0.49104014039039611816 0.16256454586982727051 0.0061569684185087680817 0 0 0.004284956958144903183 0.031420480459928512573 0.11559512466192245483 0.36879998445510864258 0.54900670051574707031 0.68031662702560424805 0.66250765323638916016 0.63944441080093383789 0.43319910764694213867 0.22829729318618774414 0.5100542902946472168 0.46251079440116882324 0.45804750919342041016 0.040623221546411514282 0.0097872018814086914062 -9999 -9999 -9999 -9999 -9999 -9999 -9999 -9999 -9999 -9999 -9999 -9999 -9999 -9999
0.39825531840324401855 0.2168099135160446167 0.41476544737815856934 0.19817431271076202393 0.01827849261462688446 0.01048306003212928772 0.010513251647353172302 0.046565715223550796509 0.25330722332000732422 0.52439761161804199219 0.57141828536987304688 0.5669606328010559082 0.2430108189582824707 0.021671459078788757324 0.0030183512717485427856 0 0 0.0085843419656157493591 0.044810324907302856445 0.072464287281036376953 0.21650105714797973633 0.26644667983055114746 0.55082213878631591797 0.60276228189468383789 0.5605411529541015625 0.60363370180130004883 0.60854995250701904297 0.60942989587783813477 0.53325724601745605469 0.084912449121475219727 0 -9999 -9999 -9999 -9999 -9999 -9999 -9999 -9999 -9999 -9999 -9999 -9999 -9999 -9999
0.37256732583045959473 0.63382166624069213867 0.34067580103874206543 0.010999511927366256714 0.05931237339973449707 0.014732280746102333069 0.011341667734086513519 0.22647839784622192383 0.55312597751617431641 0.57082098722457885742 0.57013976573944091797 0.26924204826354980469 0.058407235890626907349 0.040860496461391448975 0.041985780000686645508 0.0017315553268417716026 0 0 0.046107422560453414917 0.13483804464340209961 0.061816778033971786499 0.0076011670753359794617 0.39806470274925231934 0.63738268613815307617 0.67076444625854492188 0.64044612646102905273 0.6155554652214050293 0.58690029382705688477 0.38168025016784667969 0 0 -9999 -9999 -9999 -9999 -9999 -9999 -9999 -9999 -9999 -9999 -9999 -9999 -9999 -9999
0.460842132568359375 0.63425433635711669922 0.16345505416393280029 0.012638281099498271942 0.027396930381655693054 0.012130004353821277618 0.025904541835188865662 0.46578431129455566406 0.58258205652236938477 0.58160305023193359375 0.56642782688140869141 0.25101780891418457031 0.051188271492719650269 0.044033799320459365845 0.033758074045181274414 0.027529587969183921814 0.04503658786416053772 0.009538216516375541687 0.06306508183479309082 0.14096662402153015137 0.060441076755523681641 0.026320960372686386108 0.29767447710037231445 0.6816571354866027832 0.66906267404556274414 0.71104562282562255859 0.68533653020858764648 0.6332404017448425293 0.51721543073654174805 0 0 -9999 -9999 -9999 -9999 -9999 -9999 -9999 -9999 -9999 -9999 -9999 -9999 -9999 -9999
0.54978090524673461914 0.29271513223648071289 0.049835234880447387695 0.0059608602896332740784 0.019370088353753089905 0.013581062667071819305 0.060670081526041030884 0.46793210506439208984 0.55221098661422729492 0.57771342992782592773 0.58882290124893188477 0.34897413849830627441 0.064300231635570526123 0.066789746284484863281 0.025079686194658279419 0.024833006784319877625 0.22026656568050384521 0.075353249907493591309 0.036820989102125167847 0.13880798220634460449 0.01861048676073551178 0.33781057596206665039 0.69668728113174438477 0.72581577301025390625 0.72837024927139282227 0.69071805477142333984 0.61808574199676513672 0.61752325296401977539 0.51433408260345458984 0 -9999 -9999 -9999 -9999 -9999 -9999 -9999 -9999 -9999 -9999 -9999 -9999 -9999 -9999 -9999
0.35082852840423583984 0.032901808619499206543 0.007394962012767791748 0.00060812238370999693871 0.014792529866099357605 0.013581062667071819305 0.055637460201978683472 0.46811527013778686523 0.58657860755920410156 0.60409694910049438477 0.60281968116760253906 0.56008833646774291992 0.13675145804882049561 0.0474796295166015625 0.049153264611959457397 0.11399552971124649048 0.064296789467334747314 0.048373151570558547974 0.0115322088822722435 0.1118520200252532959 0.08619092404842376709 0.45478233695030212402 0.69061034917831420898 0.69199651479721069336 0.69285356998443603516 0.71770012378692626953 0.68061065673828125 0.63034456968307495117 0.51011574268341064453 -9999 -9999 -9999 -9999 -9999 -9999 -9999 -9999 -9999 -9999 -9999 -9999 -9999 -9999 -9999 -9999
0.06289005279541015625 0.0099745783954858779907 0.006170738954097032547 0.0016366029158234596252 0.020090091973543167114 0.01423639245331287384 0.043116729706525802612 0.48730528354644775391 0.59518098831176757812 0.58548516035079956055 0.59024417400360107422 0.57847034931182861328 0.16401021182537078857 0.060730863362550735474 0.049536712467670440674 0.094983913004398345947 0.067849211394786834717 0.093362830579280853271 0.039351671934127807617 0.053769800812005996704 0.17366358637809753418 0.36548268795013427734 0.56802695989608764648 0.66867089271545410156 0.70289498567581176758 0.6947269439697265625 0.68204009532928466797 0.71272194385528564453 -9999 -9999 -9999 -9999 -9999 -9999 -9999 -9999 -9999 -9999 -9999 -9999 -9999 -9999 -9999 -9999 -9999
0.062707230448722839355 0.040522571653127670288 0.065867923200130462646 0.049074921756982803345 0.092673428356647491455 0.046103972941637039185 0.16253945231437683105 0.52592563629150390625 0.57333332300186157227 0.57615798711776733398 0.5878480076789855957 0.58138555288314819336 0.28474038839340209961 0.023970380425453186035 0.025987910106778144836 0.13614311814308166504 0.098548561334609985352 0.081052869558334350586 0.17614349722862243652 0.12455721944570541382 0.11936054378747940063 0.063246794044971466064 0.048356637358665466309 0.29680147767066955566 0.66081124544143676758 0.62643456459045410156 0.62057489156723022461 -9999 -9999 -9999 -9999 -9999 -9999 -9999 -9999 -9999 -9999 -9999 -9999 -9999 -9999 -9999 -9999 -9999 -9999
0.099708892405033111572 0.072232626378536224365 0.15444682538509368896 0.17336726188659667969 0.12366309762001037598 0.091992296278476715088 0.078816197812557220459 0.45507666468620300293 0.5898303985595703125 0.57969361543655395508 0.61704939603805541992 0.57878404855728149414 0.41732063889503479004 0.056842945516109466553 0.026156421750783920288 0.1085697859525680542 0.093197248876094818115 0.029446609318256378174 0.072542563080787658691 0.16568602621555328369 0.16197636723518371582 0.13567528128623962402 0.092369370162487030029 0.12070295959711074829 0.32289639115333557129 0.26685565710067749023 0.59255707263946533203 -9999 -9999 -9999 -9999 -9999 -9999 -9999 -9999 -9999 -9999 -9999 -9999 -9999 -9999 -9999 -9999 -9999 -9999
0.050700500607490539551 0.056820288300514221191 0.094360247254371643066 0.069244213402271270752 0.027132298797369003296 0.089637078344821929932 0.10022171586751937866 0.27153167128562927246 0.50347763299942016602 0.52670085430145263672 0.60982632637023925781 0.54266679286956787109 0.53861600160598754883 0.25613015890121459961 0.068398274481296539307 0.13743126392364501953 0.043589081615209579468 0.019896367564797401428 0.0171109028160572052 0.031073845922946929932 0.059980332851409912109 0.094279646873474121094 0.4394041895866394043 0.51291728019714355469 0.058858867734670639038 0.130143776535987854 -9999 -9999 -9999 -9999 -9999 -9999 -9999 -9999 -9999 -9999 -9999 -9999 -9999 -9999 -9999 -9999 -9999 -9999 -9999
0.036799617111682891846 0.044328741729259490967 0.035342004150152206421 0.025092177093029022217 0.049995284527540206909 0.056808605790138244629 0.073646172881126403809 0.06843099743127822876 0.12462192028760910034 0.29236364364624023438 0.43078714609146118164 0.58815842866897583008 0.55691987276077270508 0.33457717299461364746 0.059582989662885665894 0.033701062202453613281 0.025684421882033348083 0.037072286009788513184 0.021009923890233039856 0.090339794754981994629 0.26361879706382751465 0.47395956516265869141 0.70848953723907470703 0.71320992708206176758 0.23395211994647979736 -9999 -9999 -9999 -9999 -9999 -9999 -9999 -9999 -9999 -9999 -9999 -9999 -9999 -9999 -9999 -9999 -9999 -9999 -9999 -9999
0.063648663461208343506 0.057188842445611953735 0.036010283976793289185 0.034421734511852264404 0.091043114662170410156 0.063585318624973297119 0.063010424375534057617 0.05232742801308631897 0.05571254342794418335 0.28941181302070617676 0.35049998760223388672 0.46085897088050842285 0.5449161529541015625 0.4418239891529083252 0.040265113115310668945 0.021908761933445930481 0.031515229493379592896 0.12124916911125183105 0.23660105466842651367 0.51173377037048339844 0.64946860074996948242 0.66441273689270019531 0.69096672534942626953 0.72697561979293823242 0.51779896020889282227 -9999 -9999 -9999 -9999 -9999 -9999 -9999 -9999 -9999 -9999 -9999 -9999 -9999 -9999 -9999 -9999 -9999 -9999 -9999 -9999
0.22965636849403381348 0.070991083979606628418 0.066642820835113525391 0.084013290703296661377 0.10991261154413223267 0.14040140807628631592 0.12108548730611801147 0.12906038761138916016 0.088041104376316070557 0.23332473635673522949 0.51847511529922485352 0.53762966394424438477 0.50203990936279296875 0.52877444028854370117 0.18602643907070159912 0.02133717760443687439 0.056183021515607833862 0.53059935569763183594 0.71351838111877441406 0.74580061435699462891 0.72660982608795166016 0.72229212522506713867 0.73128032684326171875 0.73398119211196899414 0.68726533651351928711 0.36422368884086608887 -9999 -9999 -9999 -9999 -9999 -9999 -9999 -9999 -9999 -9999 -9999 -9999 -9999 -9999 -9999 -9999 -9999 -9999 -9999
0.60613071918487548828 0.49469435214996337891 0.53945088386535644531 0.51186239719390869141 0.20641185343265533447 0.14072816073894500732 0.081018537282943725586 0.10699457675218582153 0.1101175844669342041 0.10436273366212844849 0.3054161369800567627 0.60415923595428466797 0.62986940145492553711 0.65346014499664306641 0.67147392034530639648 0.54286593198776245117 0.64393460750579833984 0.73441475629806518555 0.71395343542098999023 0.70692682266235351562 0.59436982870101928711 0.62398838996887207031 0.69786936044692993164 0.69635003805160522461 0.52357208728790283203 0.67401498556137084961 -9999 -9999 -9999 -9999 -9999 -9999 -9999 -9999 -9999 -9999 -9999 -9999 -9999 -9999 -9999 -9999 -9999 -9999 -9999
0.64978611469268798828 0.58672201633453369141 0.62015450000762939453 0.66247427463531494141 0.60838079452514648438 0.17013609409332275391 0.042155560106039047241 0.035159513354301452637 0.027071908116340637207 0.1509981304407119751 0.63283747434616088867 0.64991152286529541016 0.67640984058380126953 0.73447859287261962891 0.75666445493698120117 0.74180257320404052734 0.75075769424438476562 0.74241071939468383789 0.68586498498916625977 0.62658137083053588867 0.59076488018035888672 0.60974484682083129883 0.6270720362663269043 0.60399430990219116211 0.43551209568977355957 0.50964343547821044922 0.66118997335433959961 -9999 -9999 -9999 -9999 -9999 -9999 -9999 -9999 -9999 -9999 -9999 -9999 -9999 -9999 -9999 -9999 -9999 -9999
0.67681354284286499023 0.66827321052551269531 0.69586795568466186523 0.73105537891387939453 0.69032126665115356445 0.54993593692779541016 0.26552650332450866699 0.20802599191665649414 0.2074893563985824585 0.54323494434356689453 0.72860187292098999023 0.72245049476623535156 0.71921718120574951172 0.68889605998992919922 0.72998571395874023438 0.72094511985778808594 0.72155541181564331055 0.68985033035278320312 0.65242052078247070312 0.63782352209091186523 0.64801329374313354492 0.63540488481521606445 0.66373312473297119141 0.64617651700973510742 -9999 -9999 -9999 -9999 -9999 -9999 -9999 -9999 -9999 -9999 -9999 -9999 -9999 -9999 -9999 -9999 -9999 -9999 -9999 -9999 -9999
0.69154435396194458008 0.64312833547592163086 0.62215089797973632812 0.5981032252311706543 0.62741881608963012695 0.60047930479049682617 0.53900265693664550781 0.42948162555694580078 0.45056480169296264648 0.66737759113311767578 0.74371469020843505859 0.75844579935073852539 0.72003775835037231445 0.69286912679672241211 0.7247288823127746582 0.66983801126480102539 0.62227118015289306641 0.6369794011116027832 0.65156471729278564453 -9999 -9999 0.60560113191604614258 -9999 -9999 -9999 -9999 -9999 -9999 -9999 -9999 -9999 -9999 -9999 -9999 -9999 -9999 -9999 -9999 -9999 -9999 -9999 -9999 -9999 -9999 -9999
0.63332402706146240234 0.67450100183486938477 0.61157178878784179688 0.56591254472732543945 0.60869818925857543945 0.57056105136871337891 0.63141393661499023438 0.56365215778350830078 0.55959868431091308594 0.69747662544250488281 0.76190114021301269531 0.77250844240188598633 0.76523548364639282227 0.76875853538513183594 0.70474183559417724609 0.69947963953018188477 0.63854861259460449219 0.60029947757720947266 -9999 -9999 -9999 -9999 -9999 -9999 -9999 -9999 -9999 -9999 -9999 -9999 -9999 -9999 -9999 -9999 -9999 -9999 -9999 -9999 -9999 -9999 -9999 -9999 -9999 -9999 -9999
0.57715445756912231445 0.5539734959602355957 0.60025000572204589844 0.62968081235885620117 0.69561797380447387695 0.64257490634918212891 0.54871886968612670898 0.69282907247543334961 0.64879447221755981445 0.67420870065689086914 0.75992363691329956055 0.75823485851287841797 0.7617855072021484375 0.76448011398315429688 0.7536404728889465332 0.72534602880477905273 0.6586487889289855957 0.61549055576324462891 -9999 -9999 -9999 -9999 -9999 -9999 -9999 -9999 -9999 -9999 -9999 -9999 -9999 -9999 -9999 -9999 -9999 -9999 -9999 -9999 -9999 -9999 -9999 -9999 -9999 -9999 -9999
