gis/40m/canopy_height.asc
ncols        256
nrows        286
xllcorner    726766.000000000000
yllcorner    7127230.000000000000
cellsize     40.000000000000
NODATA_value -9999
[rows 220 to 239 of 286, columns 132 to 175 of 256]
14.489050865173339844 14.854305267333984375 12.207032203674316406 11.278592109680175781 11.618594169616699219 11.692164421081542969 11.692628860473632812 14.864542007446289062 16.709653854370117188 17.136728286743164062 16.600564956665039062 16.89951324462890625 17.282283782958984375 18.153667449951171875 18.602190017700195312 18.346073150634765625 13.214435577392578125 11.52950286865234375 12.430812835693359375 14.23363494873046875 15.167605400085449219 13.665324211120605469 14.025808334350585938 14.204154014587402344 14.996926307678222656 17.967733383178710938 19.670011520385742188 18.121133804321289062 16.764051437377929688 16.027660369873046875 15.723618507385253906 15.658002853393554688 15.62963104248046875 15.690944671630859375 15.844720840454101562 14.093289375305175781 16.362993240356445312 16.2824859619140625 16.350307464599609375 15.479248046875 14.930260658264160156 16.235439300537109375 16.582696914672851562 16.5128936767578125
14.062769889831542969 13.452342987060546875 11.313704490661621094 11.922316551208496094 12.655013084411621094 12.145684242248535156 12.224853515625 16.260625839233398438 17.289089202880859375 17.243757247924804688 16.479513168334960938 16.307565689086914062 16.378934860229492188 17.147108078002929688 16.351545333862304688 16.996625900268554688 15.270792961120605469 14.846199989318847656 16.106969833374023438 17.202732086181640625 17.645503997802734375 13.060846328735351562 14.887981414794921875 15.625753402709960938 14.72887420654296875 13.988706588745117188 13.650135993957519531 16.022613525390625 18.77339935302734375 16.8202362060546875 17.54998016357421875 16.765302658081054688 16.6497344970703125 15.948084831237792969 16.715780258178710938 15.393384933471679688 13.663238525390625 15.152420997619628906 15.649909019470214844 15.347731590270996094 15.497606277465820312 14.459340095520019531 13.971492767333984375 17.104736328125
13.240274429321289062 13.80481719970703125 14.010338783264160156 13.972552299499511719 12.760721206665039062 10.170076370239257812 12.325810432434082031 14.68476104736328125 16.583772659301757812 16.991529464721679688 16.366241455078125 16.555837631225585938 14.514990806579589844 15.578603744506835938 15.916997909545898438 17.308095932006835938 16.556987762451171875 16.08826446533203125 16.760961532592773438 17.473154067993164062 18.050365447998046875 16.066293716430664062 15.961251258850097656 14.363862991333007812 15.828022956848144531 16.588006973266601562 16.008777618408203125 14.3805084228515625 15.885550498962402344 15.283660888671875 16.377275466918945312 17.156049728393554688 16.409872055053710938 15.651917457580566406 16.776897430419921875 14.8386993408203125 16.759088516235351562 13.967166900634765625 16.372690200805664062 15.754360198974609375 16.170978546142578125 17.31903839111328125 13.073688507080078125 11.044137954711914062
14.261371612548828125 14.520339012145996094 14.66330718994140625 14.877773284912109375 14.97046661376953125 11.454712867736816406 13.964959144592285156 15.608607292175292969 16.628803253173828125 16.98067474365234375 17.025781631469726562 -9999 -9999 -9999 18.16596221923828125 17.566110610961914062 14.990239143371582031 15.106706619262695312 17.860019683837890625 18.783473968505859375 17.67470550537109375 15.807057380676269531 14.189805984497070312 14.752023696899414062 16.038860321044921875 16.789052963256835938 17.740758895874023438 18.08860015869140625 17.602901458740234375 17.04755401611328125 16.430257797241210938 16.061870574951171875 15.110337257385253906 16.523183822631835938 16.174997329711914062 16.553018569946289062 17.042123794555664062 16.61615753173828125 13.946880340576171875 16.437692642211914062 15.750954627990722656 15.325854301452636719 9.7098522186279296875 10.002287864685058594
14.194828033447265625 14.220854759216308594 14.28205108642578125 14.855922698974609375 14.295118331909179688 13.959428787231445312 12.626821517944335938 15.103817939758300781 17.2324676513671875 18.03556060791015625 17.570161819458007812 17.751293182373046875 -9999 -9999 17.837446212768554688 16.957170486450195312 15.829196929931640625 -9999 18.663877487182617188 18.90166473388671875 16.631969451904296875 14.75740814208984375 14.693746566772460938 13.721698760986328125 13.685075759887695312 15.02846527099609375 16.163305282592773438 19.033050537109375 18.918073654174804688 17.840694427490234375 18.022214889526367188 16.208559036254882812 16.013545989990234375 15.811747550964355469 13.278080940246582031 12.842707633972167969 16.365041732788085938 16.226348876953125 15.981097221374511719 13.759100914001464844 15.471056938171386719 12.585126876831054688 10.909832000732421875 8.7350816726684570312
14.301906585693359375 14.074207305908203125 13.967786788940429688 14.719156265258789062 13.695787429809570312 14.589174270629882812 15.023444175720214844 14.735134124755859375 14.675861358642578125 16.872014999389648438 17.606531143188476562 16.950748443603515625 -9999 -9999 -9999 -9999 -9999 -9999 16.62245941162109375 17.489267349243164062 16.436887741088867188 15.639391899108886719 15.024771690368652344 15.142348289489746094 15.841988563537597656 16.193269729614257812 17.589723587036132812 18.430421829223632812 15.278675079345703125 17.4543304443359375 17.261142730712890625 16.473674774169921875 16.522180557250976562 14.602082252502441406 14.342183113098144531 13.355914115905761719 13.637392997741699219 15.127812385559082031 16.442615509033203125 16.5330810546875 13.577029228210449219 14.571261405944824219 13.96999359130859375 12.643311500549316406
16.052686691284179688 17.162599563598632812 13.986769676208496094 14.476831436157226562 14.532069206237792969 14.554303169250488281 13.976346969604492188 13.851259231567382812 13.657747268676757812 14.931204795837402344 16.33521270751953125 17.15314483642578125 16.62178802490234375 -9999 -9999 -9999 -9999 -9999 -9999 16.176006317138671875 16.669443130493164062 15.670556068420410156 -9999 16.004076004028320312 15.985411643981933594 16.2450408935546875 17.824251174926757812 18.581911087036132812 18.46591949462890625 18.481279373168945312 17.309610366821289062 16.840091705322265625 16.460962295532226562 13.937811851501464844 13.409758567810058594 14.029343605041503906 14.122529029846191406 14.299749374389648438 17.033273696899414062 16.884250640869140625 15.989528656005859375 14.24340057373046875 16.5845794677734375 15.663882255554199219
16.788091659545898438 17.166072845458984375 16.042949676513671875 14.240279197692871094 14.530328750610351562 13.194521903991699219 13.770113945007324219 14.710109710693359375 14.052927970886230469 -9999 -9999 -9999 -9999 -9999 -9999 -9999 -9999 -9999 -9999 -9999 -9999 -9999 -9999 -9999 12.556157112121582031 14.665380477905273438 16.337057113647460938 17.013599395751953125 11.716913223266601562 16.340267181396484375 18.922517776489257812 17.716144561767578125 16.593667984008789062 14.491735458374023438 14.501545906066894531 14.969373703002929688 16.091259002685546875 16.52700042724609375 16.764509201049804688 16.7490692138671875 16.983631134033203125 16.425235748291015625 13.635227203369140625 15.94277191162109375
16.871122360229492188 15.744791030883789062 15.757740974426269531 15.07415771484375 14.606281280517578125 13.473614692687988281 13.906702041625976562 14.621560096740722656 14.355958938598632812 -9999 -9999 -9999 -9999 -9999 -9999 -9999 -9999 -9999 -9999 -9999 -9999 -9999 -9999 -9999 5.9023318290710449219 6.0636076927185058594 14.060280799865722656 15.083634376525878906 7.5420083999633789062 8.218231201171875 16.625675201416015625 15.241570472717285156 13.413153648376464844 11.884639739990234375 9.4021854400634765625 13.928876876831054688 15.522368431091308594 16.390270233154296875 15.96566009521484375 16.004693984985351562 16.233797073364257812 16.117221832275390625 15.627283096313476562 13.879458427429199219
-9999 -9999 -9999 -9999 -9999 -9999 -9999 -9999 -9999 -9999 -9999 -9999 -9999 -9999 -9999 -9999 -9999 -9999 -9999 -9999 -9999 -9999 -9999 -9999 -9999 -9999 9.7392091751098632812 11.296298980712890625 -9999 -9999 14.0291748046875 14.875735282897949219 8.2845287322998046875 3.8378138542175292969 6.5492177009582519531 8.3977670669555664062 13.297681808471679688 15.154605865478515625 15.409656524658203125 15.498568534851074219 15.970125198364257812 16.113451004028320312 15.103282928466796875 15.557012557983398438
-9999 -9999 -9999 -9999 -9999 -9999 -9999 -9999 -9999 -9999 -9999 -9999 -9999 -9999 -9999 -9999 -9999 -9999 -9999 -9999 -9999 -9999 -9999 -9999 -9999 -9999 -9999 -9999 -9999 -9999 -9999 7.2909111976623535156 4.4486889839172363281 6.2953948974609375 4.8075728416442871094 4.4556221961975097656 7.2005357742309570312 9.8873195648193359375 13.444859504699707031 15.58377838134765625 16.369123458862304688 15.710080146789550781 16.288562774658203125 16.078001022338867188
-9999 -9999 -9999 -9999 -9999 -9999 -9999 -9999 -9999 -9999 -9999 -9999 -9999 -9999 -9999 -9999 -9999 -9999 -9999 -9999 -9999 -9999 -9999 -9999 -9999 -9999 -9999 -9999 -9999 -9999 -9999 -9999 -9999 4.9559063911437988281 5.1426239013671875 7.3469901084899902344 4.5155148506164550781 5.027561187744140625 11.276377677917480469 15.415955543518066406 15.791097640991210938 15.915294647216796875 15.933976173400878906 15.935710906982421875
-9999 -9999 -9999 -9999 -9999 -9999 -9999 -9999 -9999 -9999 -9999 -9999 -9999 -9999 -9999 -9999 -9999 -9999 -9999 -9999 -9999 -9999 -9999 -9999 -9999 -9999 -9999 -9999 -9999 -9999 -9999 -9999 -9999 4.8172740936279296875 5.2082204818725585938 6.2406949996948242188 4.64203643798828125 3.9749040603637695312 4.2031869888305664062 11.213610649108886719 12.48641204833984375 13.643414497375488281 14.380828857421875 14.500584602355957031
-9999 -9999 -9999 -9999 -9999 -9999 -9999 -9999 -9999 -9999 -9999 -9999 -9999 -9999 -9999 -9999 -9999 -9999 -9999 -9999 -9999 -9999 -9999 -9999 -9999 -9999 -9999 -9999 -9999 -9999 -9999 -9999 -9999 -9999 5.2949223518371582031 7.3202223777770996094 5.2871451377868652344 4.0814146995544433594 5.1733274459838867188 6.1453652381896972656 4.6726193428039550781 9.9491548538208007812 10.325962066650390625 10.424641609191894531
-9999 -9999 -9999 -9999 -9999 -9999 -9999 -9999 -9999 -9999 -9999 -9999 -9999 -9999 -9999 -9999 -9999 -9999 -9999 -9999 -9999 -9999 -9999 -9999 -9999 -9999 -9999 -9999 -9999 -9999 -9999 -9999 -9999 -9999 -9999 4.7584710121154785156 4.3602719306945800781 5.9117441177368164062 4.9792609214782714844 5.7864909172058105469 4.8960366249084472656 7.9790291786193847656 11.628931045532226562 10.536136627197265625
-9999 -9999 -9999 -9999 -9999 -9999 -9999 -9999 -9999 -9999 -9999 -9999 -9999 -9999 -9999 -9999 -9999 -9999 -9999 -9999 -9999 -9999 -9999 -9999 -9999 -9999 -9999 -9999 -9999 -9999 -9999 -9999 -9999 -9999 -9999 3.9251499176025390625 4.0226106643676757812 4.4818882942199707031 5.0712490081787109375 4.9123148918151855469 4.36167144775390625 5.8084273338317871094 7.0235142707824707031 9.9967908859252929688
-9999 -9999 -9999 -9999 -9999 -9999 -9999 -9999 -9999 -9999 -9999 -9999 -9999 -9999 -9999 -9999 -9999 -9999 -9999 -9999 -9999 -9999 -9999 -9999 -9999 -9999 -9999 -9999 -9999 -9999 -9999 -9999 -9999 -9999 -9999 4.5822844505310058594 4.7473769187927246094 4.5895485877990722656 4.9194626808166503906 4.456851959228515625 4.6586289405822753906 6.5442638397216796875 7.4618511199951171875 4.8968210220336914062
-9999 -9999 -9999 -9999 -9999 -9999 -9999 -9999 -9999 -9999 -9999 -9999 -9999 -9999 -9999 -9999 -9999 -9999 -9999 -9999 -9999 -9999 -9999 -9999 -9999 -9999 -9999 -9999 -9999 -9999 -9999 -9999 -9999 -9999 -9999 -9999 4.9531931877136230469 4.9978237152099609375 5.8891191482543945312 5.1890058517456054688 5.2723135948181152344 7.5511026382446289062 8.7285795211791992188 7.02259063720703125
-9999 -9999 -9999 -9999 -9999 -9999 -9999 -9999 -9999 -9999 -9999 -9999 -9999 -9999 -9999 -9999 -9999 -9999 -9999 -9999 -9999 -9999 -9999 -9999 -9999 -9999 -9999 -9999 -9999 -9999 -9999 -9999 -9999 -9999 -9999 -9999 5.327716827392578125 5.426113128662109375 5.5812196731567382812 4.9980616569519042969 5.0253415107727050781 7.5437579154968261719 6.8460063934326171875 4.8564610481262207031
-9999 -9999 -9999 -9999 -9999 -9999 -9999 -9999 -9999 -9999 -9999 -9999 -9999 -9999 -9999 -9999 -9999 -9999 -9999 -9999 -9999 -9999 -9999 -9999 -9999 -9999 -9999 -9999 -9999 -9999 -9999 -9999 -9999 -9999 -9999 6.5248503684997558594 6.585796356201171875 5.5571703910827636719 5.7365584373474121094 4.7889904975891113281 4.4795117378234863281 5.748798370361328125 7.1247005462646484375 5.2631726264953613281
