gis/40m/canopy_fraction.asc
ncols        256
nrows        286
xllcorner    726766.000000000000
yllcorner    7127230.000000000000
cellsize     40.000000000000
NODATA_value -9999
[rows 180 to 199 of 286, columns 180 to 224 of 256]
0.65261036157608032227 0.6308383941650390625 0.65958267450332641602 0.65204316377639770508 0.59863030910491943359 0.50170427560806274414 0.015366042032837867737 0.066785730421543121338 0.37584415078163146973 0.55762261152267456055 0.56614267826080322266 0.61960947513580322266 0.55644756555557250977 0.56363081932067871094 0.56238889694213867188 0.53940349817276000977 0.38763427734375 0.42895972728729248047 0.46694576740264892578 0.37289592623710632324 0.46819764375686645508 0.2581024467945098877 0.0021339787635952234268 0.16136740148067474365 0.1179774552583694458 0.13458666205406188965 0.069079175591468811035 0.038326054811477661133 0.10480432957410812378 0.12216499447822570801 0.13341073691844940186 0.21941711008548736572 0.36410364508628845215 0.57040709257125854492 0.44215485453605651855 0.49708831310272216797 0.62163603305816650391 0.75212514400482177734 0.73177039623260498047 0.67543011903762817383 0.7591431736946105957 0.75719392299652099609 0.76814770698547363281 0.7669131159782409668 0.76050174236297607422
0.66178494691848754883 0.65575438737869262695 0.63912147283554077148 0.63860660791397094727 0.63541883230209350586 0.53753238916397094727 0.044744040817022323608 0.10489855706691741943 0.2856737971305847168 0.57641994953155517578 0.56219518184661865234 0.60123711824417114258 0.56126773357391357422 0.61525309085845947266 0.43766021728515625 0.23844695091247558594 0.1701936870813369751 0.41723296046257019043 0.55146998167037963867 0.12850631773471832275 0.3746312558650970459 0.33378773927688598633 0.016133585944771766663 0.31863957643508911133 0.32522636651992797852 0.10011068731546401978 0 0.10003448277711868286 0.16018064320087432861 0.16505736112594604492 0.1203812137246131897 0.12517379224300384521 0.22473251819610595703 0.50025635957717895508 0.54842466115951538086 0.26418268680572509766 0.38834485411643981934 0.74008321762084960938 0.73953670263290405273 0.72596842050552368164 0.76073211431503295898 0.75634294748306274414 0.76363164186477661133 0.76596754789352416992 0.77307218313217163086
0.61787664890289306641 0.64883220195770263672 0.59859097003936767578 0.63373619318008422852 0.67577850818634033203 0.3168417811393737793 0.014674895443022251129 0.090347416698932647705 0.15848851203918457031 0.2376320958137512207 0.44412988424301147461 0.5417658686637878418 0.59168469905853271484 0.59283238649368286133 0.50777566432952880859 0.5633417963981628418 0.55140340328216552734 0.56730049848556518555 0.45559719204902648926 0.0037246455904096364975 0.15093429386615753174 0.52658343315124511719 0.31930804252624511719 0.45293983817100524902 0.52526444196701049805 0.067990526556968688965 0.025376614183187484741 0.18978413939476013184 0.20227375626564025879 0.42158681154251098633 0.24419724941253662109 0.14608706533908843994 0.20630916953086853027 0.36956238746643066406 0.39477252960205078125 0.33690100908279418945 0.60300552845001220703 0.70686334371566772461 0.69613754749298095703 0.7371317744255065918 0.73442280292510986328 0.75888848304748535156 0.73885858058929443359 0.76062947511672973633 0.76692563295364379883
0.50332808494567871094 0.51956856250762939453 0.53083258867263793945 0.56529545783996582031 0.44151583313941955566 0.083736546337604522705 0 0.029891379177570343018 0.13110722601413726807 0.27773198485374450684 0.33745697140693664551 0.54649150371551513672 0.56357121467590332031 0.53084152936935424805 0.5371538996696472168 0.57481008768081665039 0.31882971525192260742 0.4231363832950592041 0.45081683993339538574 0.079284034669399261475 0.037667013704776763916 0.31080424785614013672 0.54450637102127075195 0.58049219846725463867 0.58481687307357788086 0.41515713930130004883 0.30677142739295959473 0.36516687273979187012 0.3396574556827545166 0.35729157924652099609 0.22648696601390838623 0.23934686183929443359 0.27307799458503723145 0.32135331630706787109 0.47896078228950500488 0.21543098986148834229 0.52890926599502563477 0.74500042200088500977 0.74090236425399780273 0.74944454431533813477 0.75086182355880737305 0.75825417041778564453 0.74333167076110839844 0.74196070432662963867 0.7612482905387878418
0.55477339029312133789 0.39791813492774963379 0.46112239360809326172 0.42092886567115783691 0.05981357768177986145 0.020870454609394073486 0 0 0.018403183668851852417 0.13153564929962158203 0.10224230587482452393 0.3762842714786529541 0.47253358364105224609 0.42766898870468139648 0.45360350608825683594 0.47633445262908935547 0.15110076963901519775 0.34866786003112792969 0.5516980290412902832 0.3641739189624786377 0.020893035456538200378 0.036359585821628570557 0.34366983175277709961 0.58685642480850219727 0.56912577152252197266 0.57340633869171142578 0.33166259527206420898 0.072060264647006988525 0.10712932050228118896 0.21588714420795440674 0.15120223164558410645 0.24246008694171905518 0.39934709668159484863 0.52254873514175415039 0.56168913841247558594 0.43456411361694335938 0.23283202946186065674 0.59191203117370605469 0.72289890050888061523 0.76650655269622802734 0.77048242092132568359 0.75678348541259765625 0.71964251995086669922 0.69194799661636352539 0.73938649892807006836
0.54415279626846313477 0.43178510665893554688 0.27763828635215759277 0.062010563910007476807 0.010615074075758457184 0.0084718484431505203247 0 0.040632281452417373657 0.011805969290435314178 0.0077383001334965229034 0.0059607774019241333008 0.025927307084202766418 0.32648393511772155762 0.52489334344863891602 0.36232998967170715332 0.21711230278015136719 0.20232445001602172852 0.27059796452522277832 0.48083084821701049805 0.48436766862869262695 0.11270508915185928345 0 0.0034718972165137529373 0.26448827981948852539 0.33870667219161987305 0.40222984552383422852 0.38114601373672485352 0.1780471503734588623 0.062710285186767578125 0.19385296106338500977 0.22045359015464782715 0.2455371469259262085 0.28954753279685974121 0.43984621763229370117 0.49028065800666809082 0.29884317517280578613 0.20928640663623809814 0.10524059087038040161 0.31007274985313415527 0.66989058256149291992 0.75936496257781982422 0.70947319269180297852 0.66635674238204956055 0.62218445539474487305 0.66769987344741821289
0.55382668972015380859 0.51312905550003051758 0.2541529238224029541 0.02935958467423915863 0.06022755056619644165 0.059411998838186264038 0 0.050418559461832046509 0.01243123132735490799 0 0.036592178046703338623 0.025271715596318244934 0.38392525911331176758 0.40362080931663513184 0.1776714026927947998 0.014289756305515766144 0.0022577506024390459061 0.01191301736980676651 0.31051978468894958496 0.57608383893966674805 0.42580249905586242676 0 0.095702961087226867676 0.11214769631624221802 0.047023270279169082642 0.39485195279121398926 0.15476216375827789307 0.02609704434871673584 0.041703611612319946289 0.16631592810153961182 0.20251458883285522461 0.37355312705039978027 0.37920799851417541504 0.54854947328567504883 0.40710937976837158203 0.084069170057773590088 0.068678043782711029053 0.053442291915416717529 0.088705547153949737549 0.1945095062255859375 0.57126641273498535156 0.73047196865081787109 0.68161308765411376953 0.7021248936653137207 0.74004322290420532227
0.54758095741271972656 0.5930849909782409668 0.53035032749176025391 0.33553320169448852539 0.057734925299882888794 0.03962594643235206604 0 0.013820233754813671112 0 0.0060629080981016159058 0.026101667433977127075 0.033855181187391281128 0.21937106549739837646 0.045846533030271530151 0.027615720406174659729 0.0012021613074466586113 0 0.041866671293973922729 0.37464579939842224121 0.56475389003753662109 0.53392434120178222656 0.54881554841995239258 0.39769226312637329102 0.19404488801956176758 0.085704714059829711914 0.3681799471378326416 0.4103451073169708252 0.18779756128787994385 0.13035111129283905029 0.19759280979633331299 0.19617161154747009277 0.24069724977016448975 0.12225715816020965576 0.19478039443492889404 0.19177746772766113281 0.10077888518571853638 0.076840959489345550537 0.37889716029167175293 0.63476037979125976562 0.51517212390899658203 0.45047265291213989258 0.69372481107711791992 0.7169704437255859375 0.69124430418014526367 0.772281646728515625
0.63540935516357421875 0.63162571191787719727 0.61474698781967163086 0.6354236602783203125 0.50254863500595092773 0.15967045724391937256 0.097369946539402008057 0.0037268905434757471085 0 0.043649177998304367065 0.055788986384868621826 0.017287807539105415344 0.05243640020489692688 0.057981252670288085938 0 0 0 0.017499696463346481323 0.3178488314151763916 0.62819331884384155273 0.58138257265090942383 0.61957627534866333008 0.54755640029907226562 0.32442614436149597168 0.33497101068496704102 0.47268453240394592285 0.41340488195419311523 0.26364296674728393555 0.21017938852310180664 0.14727829396724700928 0.19116228818893432617 0.18590293824672698975 0.079439394176006317139 0.072927884757518768311 0.043574262410402297974 0.067237876355648040771 0.30681014060974121094 0.63115745782852172852 0.64837926626205444336 0.57336199283599853516 0.51776152849197387695 0.55946564674377441406 0.57619470357894897461 0.593662261962890625 0.68725287914276123047
0.62616997957229614258 0.58709442615509033203 0.60535198450088500977 0.61077773571014404297 0.66217565536499023438 0.51395028829574584961 0.49609336256980895996 0.21819084882736206055 0.026797473430633544922 0.14772620797157287598 0.14797204732894897461 0 0.038039255887269973755 0.098208032548427581787 0.025849355384707450867 0.0045881979167461395264 0 0 0.30136322975158691406 0.60237765312194824219 0.49722748994827270508 0.6135781407356262207 0.61816209554672241211 0.56291842460632324219 0.56062638759613037109 0.40298303961753845215 0.36865830421447753906 0.48911574482917785645 0.35010260343551635742 0.076899304986000061035 0.20788998901844024658 0.1425428241491317749 0.080905079841613769531 0.061856079846620559692 0.017722573131322860718 0.17814970016479492188 0.58128833770751953125 0.62570542097091674805 0.61627465486526489258 0.33860048651695251465 0.31724938750267028809 0.51472294330596923828 0.56300491094589233398 0.6204547882080078125 0.69415342807769775391
0.25145426392555236816 0.4682979285717010498 0.55670326948165893555 0.60043746232986450195 0.50086855888366699219 0.65574437379837036133 0.49535974860191345215 0.53084522485733032227 0.50608932971954345703 0.17295527458190917969 0.31628388166427612305 0 0.050142753869295120239 0.03778728097677230835 0.036791827529668807983 0.025608170777559280396 0.042903013527393341064 0.048153497278690338135 0.2832902371883392334 0.3146915733814239502 0.23549337685108184814 0.57024556398391723633 0.55637884140014648438 0.60374683141708374023 0.58636367321014404297 0.47961986064910888672 0.47660592198371887207 0.60539233684539794922 0.62031877040863037109 0.39234319329261779785 0.10465316474437713623 0.095714658498764038086 0.035921264439821243286 0.020801795646548271179 0.04650184139609336853 0.2056271284818649292 0.4375655055046081543 0.60287618637084960938 0.68729376792907714844 0.57992368936538696289 0.52279806137084960938 0.70295274257659912109 0.67719042301177978516 0.75233924388885498047 0.75752717256546020508
0.31003403663635253906 0.11774353682994842529 0.38256916403770446777 0.56318801641464233398 0.38535127043724060059 0.59867364168167114258 0.28207737207412719727 0.53419864177703857422 0.57668244838714599609 0.42787581682205200195 0.38049015402793884277 0.0052302032709121704102 0.00020827766275033354759 0.01342610921710729599 0.053197592496871948242 0.058584496378898620605 0.056400019675493240356 0.11898350715637207031 0.3198223114013671875 0.58533817529678344727 0.11177279055118560791 0.13681371510028839111 0.13344363868236541748 0.41601014137268066406 0.47103932499885559082 0.32509794831275939941 0.53957688808441162109 0.59148377180099487305 0.41957637667655944824 0.15704566240310668945 0.042900975793600082397 0.058959748595952987671 0.091645695269107818604 0.042155466973781585693 0.032781779766082763672 0.13385628163814544678 0.56938070058822631836 0.58210891485214233398 0.58585602045059204102 0.65286600589752197266 0.66891646385192871094 0.6695931553840637207 0.74592387676239013672 0.77199703454971313477 0.76492726802825927734
0.2884458005428314209 0.40477424860000610352 0.4898077845573425293 0.59899389743804931641 0.51597082614898681641 0.45430189371109008789 0.1724329143762588501 0.40466850996017456055 0.41766875982284545898 0.41073688864707946777 0.51095914840698242188 0.50730717182159423828 0.28115990757942199707 0.034899525344371795654 0 0 0.054526891559362411499 0.084434561431407928467 0.17272943258285522461 0.66014528274536132812 0.55995064973831176758 0.2495174705982208252 0.02666693367063999176 0.3207931816577911377 0.60321092605590820312 0.38662791252136230469 0.24309228360652923584 0.31947562098503112793 0.14387297630310058594 0.025994174182415008545 0.018056722357869148254 0.092970117926597595215 0.11194630712270736694 0.051621258258819580078 0.044622581452131271362 0.047005619853734970093 0.15801636874675750732 0.56879335641860961914 0.61561071872711181641 0.59402304887771606445 0.70746022462844848633 0.75081902742385864258 0.73016297817230224609 0.69250786304473876953 0.75676399469375610352
0.2222242206335067749 0.28418841958045959473 0.41880047321319580078 0.52279311418533325195 0.51170229911804199219 0.18878827989101409912 0.53412610292434692383 0.54644697904586791992 0.55714517831802368164 0.64521992206573486328 0.45005717873573303223 0.34815448522567749023 0.47676324844360351562 0.3871593177318572998 0.18137980997562408447 0.070024549961090087891 0.067983478307723999023 0.086401619017124176025 0.14487461745738983154 0.59485661983489990234 0.57150411605834960938 0.45655578374862670898 0.086125589907169342041 0.2239329218864440918 0.54399538040161132812 0.35601255297660827637 0.4344895482063293457 0.50884598493576049805 0.4063917994499206543 0.24486133456230163574 0.046045262366533279419 0.082010202109813690186 0.11394041776657104492 0.10391669720411300659 0.34111452102661132812 0.38419759273529052734 0.12554083764553070068 0.33528783917427062988 0.5566743016242980957 0.616558074951171875 0.75158357620239257812 0.7581246495246887207 0.71583753824234008789 0.69578826427459716797 0.75949233770370483398
0.22354757785797119141 0.2298717498779296875 0.42721650004386901855 0.4757639765739440918 0.52844649553298950195 0.23821945488452911377 0.4345887303352355957 0.4053224027156829834 0.61498337984085083008 0.61448174715042114258 0.59196704626083374023 0.33497750759124755859 0.32880896329879760742 0.58978998661041259766 0.46582406759262084961 0.31533247232437133789 0.04891308024525642395 0.017196610569953918457 0.063048407435417175293 0.56114542484283447266 0.62969028949737548828 0.60821110010147094727 0.29828485846519470215 0.058189962059259414673 0.28908705711364746094 0.43038782477378845215 0.61172533035278320312 0.56833612918853759766 0.36284106969833374023 0.15510703623294830322 0.089583531022071838379 0.037566829472780227661 0.086498185992240905762 0.20021738111972808838 0.63644236326217651367 0.64836907386779785156 0.4946581721305847168 0.31198295950889587402 0.52526372671127319336 0.676418304443359375 0.75717079639434814453 0.76405197381973266602 0.75407445430755615234 0.7519086003303527832 0.75409936904907226562
0.0043764808215200901031 0.0018912049708887934685 0.13928966224193572998 0.26398545503616333008 0.37598210573196411133 0.5682728886604309082 0.41601032018661499023 0.38248768448829650879 0.4386100471019744873 0.36196550726890563965 0.51198917627334594727 0.58539980649948120117 0.29414033889770507812 0.40386229753494262695 0.27215087413787841797 0.36342766880989074707 0.42109304666519165039 0.13018126785755157471 0.044315032660961151123 0.48146319389343261719 0.68056917190551757812 0.70202201604843139648 0.63773018121719360352 0.43533286452293395996 0.57155394554138183594 0.57354050874710083008 0.47667580842971801758 0.20809854567050933838 0.17443953454494476318 0.072392575442790985107 0.037174601107835769653 0.10728655755519866943 0.16330435872077941895 0.11409147828817367554 0.4548759162425994873 0.51649022102355957031 0.44490870833396911621 0.67061513662338256836 0.689731597900390625 0.62887531518936157227 0.65759891271591186523 0.76498550176620483398 0.75782835483551025391 0.76415997743606567383 0.77230018377304077148
0.011070157401263713837 0.3169994354248046875 0.46916291117668151855 0.52589178085327148438 0.41940045356750488281 0.35218581557273864746 0.58059149980545043945 0.48298895359039306641 0.58913570642471313477 0.46253675222396850586 0.53329128026962280273 0.56959909200668334961 0.42967399954795837402 0.41989943385124206543 0.10012325644493103027 0.30456599593162536621 0.4389864504337310791 0.44586637616157531738 0.34279683232307434082 0.46820098161697387695 0.63886690139770507812 0.65223413705825805664 0.62726151943206787109 0.60959208011627197266 0.6134675145149230957 0.52524352073669433594 0.45897075533866882324 0.16591878235340118408 0.15320700407028198242 0.35685503482818603516 0.52425479888916015625 0.54889070987701416016 0.38725247979164123535 0.16523943841457366943 0.56073528528213500977 0.72540402412414550781 0.69691473245620727539 0.60783082246780395508 0.72172915935516357422 0.6543445587158203125 0.69288325309753417969 0.75977891683578491211 0.76425778865814208984 0.736019134521484375 0.76749390363693237305
0.29786610603332519531 0.51650565862655639648 0.58146810531616210938 0.62747991085052490234 0.61708885431289672852 0.68014323711395263672 0.52297490835189819336 0.51310735940933227539 0.59585791826248168945 0.61900538206100463867 0.6079756617546081543 0.569095611572265625 0.63282370567321777344 0.59528332948684692383 0.32148900628089904785 0.33936664462089538574 0.43866071105003356934 0.55925142765045166016 0.55928713083267211914 0.54238188266754150391 0.5690091252326965332 0.63729548454284667969 0.60015887022018432617 0.59938925504684448242 0.60908120870590209961 0.55475240945816040039 0.52574819326400756836 0.4225037693977355957 0.45441207289695739746 0.49627071619033813477 0.41179767251014709473 0.52769058942794799805 0.57436811923980712891 0.32591792941093444824 0.22501850128173828125 0.68284130096435546875 0.77273935079574584961 0.67297506332397460938 0.58862483501434326172 0.71083045005798339844 0.77310144901275634766 0.7756544947624206543 0.77475512027740478516 0.71930998563766479492 0.74065077304840087891
0.50158160924911499023 0.63110244274139404297 0.67079997062683105469 0.65250772237777709961 0.60369735956192016602 0.63281768560409545898 0.64629340171813964844 0.58212649822235107422 0.51593798398971557617 0.60073995590209960938 0.60283440351486206055 0.52120023965835571289 0.59246641397476196289 0.57599902153015136719 0.59087151288986206055 0.50287789106369018555 0.4816952049732208252 0.60044372081756591797 0.57471990585327148438 0.53439760208129882812 0.46482804417610168457 0.52346789836883544922 0.57542431354522705078 0.60420453548431396484 0.61039042472839355469 0.48896637558937072754 0.52465647459030151367 0.61629128456115722656 0.49379748106002807617 0.42387330532073974609 0.45802742242813110352 0.51574110984802246094 0.3229897618293762207 0.17111997306346893311 0.14974166452884674072 0.61654973030090332031 0.74970072507858276367 0.7432403564453125 0.64726585149765014648 0.52324491739273071289 0.61801296472549438477 0.60689467191696166992 0.7736027836799621582 0.73272502422332763672 0.71246373653411865234
0.66112101078033447266 0.66885548830032348633 0.66276991367340087891 0.66350716352462768555 0.60568159818649291992 0.66998332738876342773 0.63422435522079467773 0.6099605560302734375 0.44892340898513793945 0.48745271563529968262 0.47542169690132141113 0.5940100550651550293 0.50911158323287963867 0.45391938090324401855 0.54636555910110473633 0.60626381635665893555 0.54396331310272216797 0.57161223888397216797 0.53218740224838256836 0.59455674886703491211 0.40016198158264160156 0.47610616683959960938 0.51764726638793945312 0.44644525647163391113 0.44011721014976501465 0.49985513091087341309 0.55664175748825073242 0.63575637340545654297 0.59745925664901733398 0.54769867658615112305 0.41563642024993896484 0.13048422336578369141 0.057850979268550872803 0.073660165071487426758 0.21619641780853271484 0.6605968475341796875 0.72929298877716064453 0.76017159223556518555 0.74629461765289306641 0.51082837581634521484 0.56353920698165893555 0.64807730913162231445 0.77173769474029541016 0.75472444295883178711 0.67312401533126831055
