gis/40m/canopy_height.asc
ncols        256
nrows        286
xllcorner    726766.000000000000
yllcorner    7127230.000000000000
cellsize     40.000000000000
NODATA_value -9999
[rows 0 to 19 of 286, columns 132 to 175 of 256]
-9999 -9999 -9999 -9999 -9999 -9999 -9999 -9999 -9999 -9999 -9999 -9999 -9999 -9999 -9999 -9999 -9999 -9999 -9999 -9999 -9999 -9999 -9999 -9999 -9999 -9999 -9999 -9999 -9999 -9999 -9999 -9999 -9999 -9999 -9999 -9999 -9999 -9999 -9999 -9999 -9999 -9999 -9999 -9999
-9999 3.9173777103424072266 -9999 -9999 -9999 -9999 -9999 13.843244552612304688 14.318117141723632812 14.216371536254882812 14.065503120422363281 -9999 -9999 -9999 -9999 -9999 -9999 -9999 -9999 -9999 -9999 -9999 -9999 -9999 -9999 -9999 -9999 -9999 -9999 -9999 -9999 -9999 -9999 -9999 -9999 -9999 -9999 -9999 -9999 -9999 -9999 -9999 -9999 -9999
6.1631636619567871094 2.7167913913726806641 5.4870600700378417969 9.11458587646484375 13.002768516540527344 14.739603996276855469 14.29701995849609375 13.58615875244140625 14.718356132507324219 14.139286041259765625 14.331400871276855469 13.141407012939453125 14.562665939331054688 -9999 -9999 -9999 -9999 -9999 -9999 -9999 -9999 -9999 -9999 -9999 -9999 -9999 -9999 -9999 -9999 -9999 -9999 -9999 -9999 -9999 -9999 -9999 -9999 -9999 -9999 -9999 -9999 -9999 -9999 -9999
3.2262134552001953125 5.6439723968505859375 8.3149232864379882812 11.386759757995605469 14.120524406433105469 15.071249008178710938 15.217829704284667969 14.484751701354980469 13.315072059631347656 14.438622474670410156 14.304584503173828125 13.494032859802246094 14.156324386596679688 -9999 -9999 -9999 -9999 -9999 -9999 -9999 -9999 -9999 -9999 -9999 -9999 -9999 -9999 -9999 -9999 -9999 -9999 -9999 -9999 -9999 -9999 -9999 -9999 -9999 -9999 -9999 -9999 -9999 -9999 -9999
3.2827904224395751953 5.1920461654663085938 3.3072440624237060547 9.8333692550659179688 9.5205144882202148438 13.350552558898925781 14.694102287292480469 13.834903717041015625 11.900293350219726562 13.944883346557617188 13.952306747436523438 13.864850997924804688 13.385873794555664062 11.3017120361328125 14.722381591796875 -9999 -9999 -9999 -9999 -9999 -9999 -9999 -9999 -9999 -9999 -9999 -9999 -9999 -9999 -9999 -9999 -9999 -9999 -9999 -9999 -9999 -9999 -9999 -9999 -9999 -9999 -9999 -9999 -9999
4.062774658203125 0.86194753646850585938 1.5453609228134155273 9.70220184326171875 0 2.6564581394195556641 13.461260795593261719 13.806542396545410156 12.194321632385253906 13.259798049926757812 14.173928260803222656 13.696187019348144531 12.663443565368652344 10.421833992004394531 14.408169746398925781 -9999 -9999 -9999 -9999 -9999 -9999 -9999 -9999 -9999 -9999 -9999 -9999 -9999 -9999 -9999 -9999 -9999 -9999 -9999 -9999 -9999 -9999 -9999 -9999 -9999 -9999 -9999 -9999 -9999
7.121417999267578125 4.868457794189453125 5.6802020072937011719 10.000093460083007812 0.5228093266487121582 1.9231293201446533203 11.240223884582519531 14.287209510803222656 13.379572868347167969 13.780343055725097656 14.156032562255859375 13.808268547058105469 13.781811714172363281 9.149211883544921875 12.771982192993164062 13.231078147888183594 -9999 -9999 -9999 -9999 -9999 -9999 -9999 -9999 -9999 -9999 -9999 -9999 -9999 -9999 -9999 -9999 -9999 -9999 -9999 -9999 -9999 -9999 -9999 -9999 -9999 -9999 -9999 -9999
10.9089508056640625 17.168119430541992188 19.288190841674804688 11.494615554809570312 3.3173921108245849609 1.0641983747482299805 8.687957763671875 12.844760894775390625 12.970547676086425781 14.25089263916015625 14.336994171142578125 13.597756385803222656 13.605630874633789062 10.932004928588867188 13.0100555419921875 13.254805564880371094 -9999 -9999 -9999 -9999 -9999 -9999 -9999 -9999 -9999 -9999 -9999 -9999 -9999 -9999 -9999 -9999 -9999 -9999 -9999 -9999 -9999 -9999 -9999 -9999 -9999 -9999 -9999 -9999
11.3363800048828125 12.383880615234375 17.530206680297851562 11.789093971252441406 5.0636401176452636719 0.62727707624435424805 9.9807119369506835938 11.695786476135253906 14.472105026245117188 9.8490610122680664062 12.649937629699707031 14.209041595458984375 13.514298439025878906 10.868493080139160156 15.708380699157714844 14.693316459655761719 -9999 -9999 -9999 -9999 -9999 -9999 -9999 -9999 -9999 -9999 -9999 -9999 -9999 -9999 -9999 -9999 -9999 -9999 -9999 -9999 -9999 -9999 -9999 -9999 -9999 -9999 -9999 -9999
9.8849592208862304688 11.539154052734375 16.0910797119140625 8.605377197265625 0.037726230919361114502 9.9290018081665039062 20.177671432495117188 21.980609893798828125 11.349143028259277344 0.99393892288208007812 7.6993703842163085938 14.075695037841796875 14.177313804626464844 10.463077545166015625 16.048814773559570312 15.505181312561035156 -9999 -9999 -9999 -9999 -9999 -9999 -9999 -9999 -9999 -9999 -9999 -9999 -9999 -9999 -9999 -9999 -9999 -9999 -9999 -9999 -9999 -9999 -9999 -9999 -9999 -9999 -9999 -9999
8.305286407470703125 10.634553909301757812 16.31510162353515625 8.2432003021240234375 1.8586192131042480469 0.78211289644241333008 10.0817413330078125 6.0921702384948730469 2.6850399971008300781 0.40043666958808898926 0.80300390720367431641 11.595403671264648438 12.988691329956054688 11.504433631896972656 13.32645416259765625 16.7709503173828125 16.60820770263671875 -9999 -9999 -9999 -9999 -9999 -9999 -9999 -9999 -9999 -9999 -9999 -9999 -9999 -9999 -9999 -9999 -9999 13.691516876220703125 -9999 -9999 -9999 15.883931159973144531 16.143085479736328125 16.38350677490234375 14.089773178100585938 -9999 -9999
12.07208251953125 11.014760971069335938 10.773802757263183594 13.257094383239746094 13.652105331420898438 3.8868691921234130859 0.72795665264129638672 0 0.19268269836902618408 3.0897717475891113281 7.3679947853088378906 8.6575145721435546875 10.863949775695800781 11.075171470642089844 11.300984382629394531 16.366176605224609375 17.025777816772460938 16.187921524047851562 -9999 -9999 -9999 -9999 6.9290180206298828125 -9999 -9999 -9999 -9999 -9999 -9999 -9999 -9999 -9999 -9999 5.859081268310546875 8.2843170166015625 16.394573211669921875 15.548978805541992188 -9999 15.948075294494628906 17.964624404907226562 18.25008392333984375 17.353786468505859375 8.6159868240356445312 2.0640861988067626953
11.31281280517578125 10.57341766357421875 8.8027553558349609375 12.879000663757324219 13.930968284606933594 14.257019996643066406 9.5646457672119140625 4.89865875244140625 1.1567008495330810547 1.4384996891021728516 10.2894439697265625 10.398371696472167969 11.00304412841796875 11.211644172668457031 10.652501106262207031 15.466489791870117188 16.77054595947265625 16.179866790771484375 -9999 -9999 9.016407012939453125 13.260441780090332031 6.0585703849792480469 3.962627410888671875 -9999 -9999 -9999 -9999 -9999 4.3890662193298339844 3.7738370895385742188 4.2542262077331542969 5.3733034133911132812 3.8817360401153564453 5.3365120887756347656 15.769948959350585938 16.0817413330078125 16.373126983642578125 17.276277542114257812 20.038625717163085938 19.331220626831054688 16.174573898315429688 10.500203132629394531 5.5657558441162109375
10.597704887390136719 8.4292993545532226562 8.7890462875366210938 13.158373832702636719 13.601849555969238281 13.230629920959472656 13.764771461486816406 11.733144760131835938 1.4354600906372070312 1.3364343643188476562 9.2162227630615234375 9.6011419296264648438 10.267106056213378906 9.8361120223999023438 6.8570556640625 15.855261802673339844 15.749338150024414062 16.01482391357421875 16.295932769775390625 16.38816070556640625 13.663852691650390625 14.701358795166015625 7.247852325439453125 3.6844727993011474609 -9999 -9999 -9999 -9999 5.364383697509765625 4.2217950820922851562 3.1735575199127197266 3.4710843563079833984 4.2690095901489257812 5.3874945640563964844 8.9678373336791992188 16.436632156372070312 19.351970672607421875 18.129596710205078125 19.084146499633789062 21.27964019775390625 20.372976303100585938 16.849702835083007812 10.171075820922851562 6.7901787757873535156
7.6546139717102050781 6.723297119140625 7.2395882606506347656 10.246394157409667969 10.50644683837890625 11.128325462341308594 12.3163909912109375 9.59679412841796875 0.63749331235885620117 0 7.8022570610046386719 8.89844512939453125 9.3220548629760742188 9.8967037200927734375 9.515628814697265625 12.540071487426757812 11.134441375732421875 12.069078445434570312 12.158524513244628906 13.112822532653808594 13.237845420837402344 11.131464958190917969 9.6661777496337890625 3.7171828746795654297 3.1537027359008789062 -9999 -9999 4.6418714523315429688 4.6499013900756835938 4.7000298500061035156 3.7431190013885498047 4.375423431396484375 6.5055832862854003906 9.6550445556640625 15.024851799011230469 14.656062126159667969 15.383442878723144531 16.239267349243164062 17.19824981689453125 15.349412918090820312 16.153917312622070312 8.6210889816284179688 9.1159906387329101562 6.8380370140075683594
5.5179758071899414062 4.727161407470703125 6.6880736351013183594 6.7450909614562988281 8.0526781082153320312 9.1231060028076171875 6.1107740402221679688 6.5542993545532226562 5.8074660301208496094 4.7796568870544433594 11.142706871032714844 10.935749053955078125 7.6949987411499023438 6.1654214859008789062 5.309413909912109375 10.022090911865234375 8.5564517974853515625 7.2650084495544433594 10.054483413696289062 10.595313072204589844 8.7144289016723632812 10.079359054565429688 10.151052474975585938 6.5981869697570800781 5.1784396171569824219 5.5806756019592285156 5.5909910202026367188 5.0007128715515136719 6.6745018959045410156 5.1535925865173339844 6.0131502151489257812 6.140514373779296875 9.6903839111328125 5.8551454544067382812 7.2742142677307128906 6.4991588592529296875 7.8229274749755859375 8.22118377685546875 4.623661041259765625 2.5711457729339599609 3.0167081356048583984 3.6740353107452392578 6.4608492851257324219 6.5540924072265625
9.6695194244384765625 10.450626373291015625 13.688831329345703125 12.7891845703125 13.504267692565917969 15.092099189758300781 15.108389854431152344 15.134212493896484375 16.474964141845703125 15.082546234130859375 14.3820037841796875 12.903595924377441406 13.270401954650878906 12.670728683471679688 14.401819229125976562 15.699891090393066406 15.488590240478515625 16.076597213745117188 15.938122749328613281 16.876422882080078125 5.6998291015625 11.999120712280273438 12.163805007934570312 4.3945636749267578125 4.0875864028930664062 4.00225067138671875 4.9338564872741699219 4.7073254585266113281 5.4674062728881835938 5.33161163330078125 9.54683685302734375 17.0123443603515625 18.560110092163085938 15.100358009338378906 17.25554656982421875 17.752843856811523438 16.187528610229492188 16.66332244873046875 17.724962234497070312 11.823574066162109375 10.447922706604003906 8.944705963134765625 9.2210493087768554688 12.210240364074707031
10.149980545043945312 12.436427116394042969 13.91393280029296875 12.255779266357421875 11.565777778625488281 14.449627876281738281 13.224893569946289062 13.89282989501953125 13.186321258544921875 13.645691871643066406 12.769941329956054688 12.782108306884765625 13.028687477111816406 11.229314804077148438 13.791565895080566406 14.606641769409179688 15.769697189331054688 16.277151107788085938 13.842936515808105469 13.185075759887695312 5.3762636184692382812 11.707844734191894531 11.655205726623535156 3.1789155006408691406 4.2180685997009277344 5.2666807174682617188 4.583278656005859375 4.8457465171813964844 4.8893227577209472656 12.599819183349609375 18.47597503662109375 17.810338973999023438 20.15193939208984375 19.393823623657226562 19.447704315185546875 19.042758941650390625 19.04123687744140625 17.593769073486328125 19.183103561401367188 14.502954483032226562 10.400452613830566406 10.550587654113769531 9.537136077880859375 12.588468551635742188
10.193762779235839844 13.138588905334472656 13.482934951782226562 11.295613288879394531 10.721315383911132812 10.581681251525878906 13.467780113220214844 13.497992515563964844 14.8829193115234375 14.326791763305664062 13.245913505554199219 12.654729843139648438 13.839200019836425781 13.328991889953613281 13.826519966125488281 14.793297767639160156 15.647027015686035156 16.016244888305664062 15.315834999084472656 3.8768212795257568359 5.5539827346801757812 11.904925346374511719 9.53382110595703125 3.0943408012390136719 5.0781807899475097656 4.2468466758728027344 3.4754273891448974609 6.938457489013671875 3.809383392333984375 14.289402008056640625 19.503063201904296875 17.4273681640625 18.415737152099609375 16.980928421020507812 18.100864410400390625 19.302503585815429688 16.23320770263671875 14.93848419189453125 17.440853118896484375 13.921217918395996094 13.407134056091308594 13.360858917236328125 9.0425996780395507812 11.713449478149414062
11.866919517517089844 10.318511009216308594 9.5722322463989257812 10.641729354858398438 12.216663360595703125 10.570311546325683594 11.697255134582519531 13.204741477966308594 13.94693756103515625 14.288144111633300781 13.709444046020507812 14.008851051330566406 14.184492111206054688 14.431570053100585938 14.516862869262695312 15.287722587585449219 16.061132431030273438 16.806863784790039062 16.95116424560546875 12.57465362548828125 6.8173060417175292969 13.295287132263183594 7.2007389068603515625 1.7804332971572875977 4.0037069320678710938 4.6536626815795898438 5.0959367752075195312 6.6020598411560058594 3.3577783107757568359 6.1827645301818847656 15.021725654602050781 16.01032257080078125 17.383226394653320312 16.017202377319335938 16.706731796264648438 16.573436737060546875 16.254186630249023438 13.90036773681640625 10.638559341430664062 7.2133731842041015625 6.9663233757019042969 12.808294296264648438 10.898118972778320312 11.920065879821777344
