gis/40m/canopy_height.asc
ncols        256
nrows        286
xllcorner    726766.000000000000
yllcorner    7127230.000000000000
cellsize     40.000000000000
NODATA_value -9999
[rows 200 to 219 of 286, columns 132 to 175 of 256]
6.5815968513488769531 9.1627969741821289062 9.0812826156616210938 9.57544708251953125 9.9829425811767578125 8.2551202774047851562 10.478099822998046875 11.841853141784667969 7.8424959182739257812 9.5767316818237304688 15.398590087890625 17.6312713623046875 17.323423385620117188 12.949381828308105469 13.271610260009765625 16.165616989135742188 17.623311996459960938 15.727967262268066406 15.392232894897460938 15.156269073486328125 14.689023971557617188 2.0492053031921386719 5.5075049400329589844 12.931985855102539062 11.518154144287109375 11.267224311828613281 9.1620197296142578125 10.388533592224121094 10.693741798400878906 12.326433181762695312 11.481749534606933594 12.687013626098632812 13.523853302001953125 15.873876571655273438 16.787569046020507812 17.108610153198242188 16.629816055297851562 14.867807388305664062 14.4853363037109375 14.625507354736328125 13.710864067077636719 12.108958244323730469 14.359007835388183594 15.616808891296386719
0 1.7933431863784790039 1.4645372629165649414 6.6775503158569335938 4.5734343528747558594 8.9326066970825195312 11.728693008422851562 11.990754127502441406 10.345273017883300781 6.7267355918884277344 10.717026710510253906 14.264875411987304688 13.848494529724121094 14.80560302734375 13.661391258239746094 13.550745010375976562 14.235570907592773438 14.215229034423828125 13.548298835754394531 15.37781524658203125 13.820074081420898438 13.094430923461914062 13.749714851379394531 11.131419181823730469 9.6901807785034179688 9.57938385009765625 10.206806182861328125 8.7975721359252929688 7.940036773681640625 8.992099761962890625 7.5571589469909667969 7.9467639923095703125 6.5986237525939941406 7.9715299606323242188 12.781422615051269531 14.571568489074707031 15.6804656982421875 13.997662544250488281 13.5807952880859375 14.723614692687988281 13.03307342529296875 10.492001533508300781 14.680555343627929688 16.0496978759765625
0.77501153945922851562 3.3972089290618896484 2.7547843456268310547 0.24240727722644805908 0.22997613251209259033 6.0561227798461914062 7.4557633399963378906 6.1980266571044921875 8.3750791549682617188 8.9087076187133789062 6.0868577957153320312 7.751522064208984375 7.0182585716247558594 9.5759754180908203125 8.2267322540283203125 7.9957451820373535156 8.8322353363037109375 10.25231170654296875 12.664647102355957031 14.151281356811523438 13.457016944885253906 13.50576019287109375 11.176282882690429688 11.02459716796875 8.5405569076538085938 9.9708652496337890625 11.924511909484863281 12.021828651428222656 10.709401130676269531 10.435635566711425781 10.901091575622558594 10.346540451049804688 12.833899497985839844 9.2018861770629882812 11.960084915161132812 13.4352569580078125 13.884793281555175781 13.932933807373046875 13.833041191101074219 14.8539581298828125 14.665136337280273438 15.00835418701171875 14.805852890014648438 15.340010643005371094
0.67616218328475952148 1.4160169363021850586 0.34683692455291748047 0.171327248215675354 0.39017757773399353027 7.2434644699096679688 8.7893476486206054688 8.185276031494140625 7.724948883056640625 9.0003719329833984375 8.4439992904663085938 8.4649553298950195312 8.4795846939086914062 10.192914962768554688 13.762254714965820312 15.577728271484375 14.706023216247558594 11.099648475646972656 11.325582504272460938 11.062205314636230469 9.9316577911376953125 10.752816200256347656 9.7856645584106445312 6.9829683303833007812 7.2314653396606445312 11.114355087280273438 12.320881843566894531 12.786069869995117188 12.970071792602539062 13.002345085144042969 14.53829193115234375 14.345485687255859375 13.687281608581542969 11.879410743713378906 9.4280948638916015625 10.044251441955566406 10.808526039123535156 10.147803306579589844 8.9181184768676757812 11.003070831298828125 14.171216011047363281 14.04505157470703125 12.343178749084472656 13.847519874572753906
2.1378469467163085938 0.54844796657562255859 1.5347708463668823242 0 1.1482471227645874023 8.1416635513305664062 7.9752583503723144531 8.02776336669921875 8.3122491836547851562 8.6997156143188476562 9.3118762969970703125 8.4951200485229492188 9.18856048583984375 12.530913352966308594 16.63527679443359375 18.591676712036132812 18.016191482543945312 16.554101943969726562 16.044979095458984375 13.99859619140625 15.432682991027832031 12.648838996887207031 12.438356399536132812 11.143280029296875 11.513968467712402344 11.968434333801269531 11.715253829956054688 12.313473701477050781 12.467360496520996094 12.432353973388671875 14.382184028625488281 15.145954132080078125 14.277392387390136719 12.904817581176757812 11.147258758544921875 9.993072509765625 10.548256874084472656 9.152866363525390625 8.3533983230590820312 9.2097606658935546875 11.337309837341308594 13.819411277770996094 13.729059219360351562 11.757750511169433594
0.27349996566772460938 0.29753866791725158691 0.77783435583114624023 0 2.9098765850067138672 9.0327844619750976562 8.2420091629028320312 8.642604827880859375 9.5795965194702148438 9.0766134262084960938 8.8631601333618164062 9.5569219589233398438 8.489593505859375 13.043957710266113281 18.150247573852539062 18.784826278686523438 18.270839691162109375 17.928279876708984375 16.6046600341796875 17.427774429321289062 16.46413421630859375 16.483432769775390625 17.384187698364257812 16.475660324096679688 16.682340621948242188 14.599339485168457031 14.159722328186035156 13.931211471557617188 13.060717582702636719 13.292470932006835938 13.888523101806640625 14.010996818542480469 14.533148765563964844 13.585782051086425781 13.740044593811035156 13.428769111633300781 14.505122184753417969 13.197479248046875 12.029676437377929688 12.139469146728515625 9.9748182296752929688 10.201706886291503906 14.319912910461425781 13.250500679016113281
9.8299961090087890625 7.9297513961791992188 12.420804023742675781 13.229358673095703125 8.9288110733032226562 9.7616024017333984375 8.3110294342041015625 8.4247255325317382812 10.814969062805175781 9.4575443267822265625 9.4583024978637695312 9.87096405029296875 9.863956451416015625 12.240337371826171875 17.2239837646484375 18.803731918334960938 18.061361312866210938 17.289388656616210938 18.088167190551757812 18.826381683349609375 17.0841827392578125 17.5621185302734375 18.9799652099609375 18.228864669799804688 16.95178985595703125 13.447585105895996094 12.345357894897460938 10.857771873474121094 11.335977554321289062 13.938350677490234375 14.626813888549804688 15.074565887451171875 14.900808334350585938 15.484975814819335938 13.412842750549316406 14.932971954345703125 14.859044075012207031 14.178156852722167969 13.256519317626953125 14.398210525512695312 13.431647300720214844 10.445268630981445312 12.001713752746582031 14.15493011474609375
10.623136520385742188 12.244425773620605469 15.961042404174804688 15.567048072814941406 12.321618080139160156 10.9673309326171875 8.7414798736572265625 10.520092964172363281 10.144947052001953125 9.0307092666625976562 9.9275913238525390625 9.6305084228515625 10.505352020263671875 10.627698898315429688 15.609271049499511719 18.063325881958007812 17.598148345947265625 18.510961532592773438 18.980394363403320312 18.274492263793945312 17.889249801635742188 17.789350509643554688 19.13714599609375 19.632671356201171875 18.15776824951171875 13.077915191650390625 9.5352220535278320312 13.822611808776855469 15.149306297302246094 15.066143989562988281 13.848661422729492188 13.676648139953613281 16.578199386596679688 15.338825225830078125 15.902314186096191406 15.16602325439453125 12.469875335693359375 10.566029548645019531 10.015481948852539062 12.420508384704589844 12.713839530944824219 12.151480674743652344 9.33602142333984375 11.996905326843261719
11.106223106384277344 11.327109336853027344 15.349427223205566406 14.807974815368652344 11.92159271240234375 11.731336593627929688 10.987986564636230469 10.826900482177734375 10.814847946166992188 11.323390960693359375 10.263196945190429688 10.245794296264648438 12.863977432250976562 10.3594512939453125 11.975156784057617188 16.643682479858398438 17.6368865966796875 17.75260162353515625 18.489728927612304688 18.502506256103515625 17.888845443725585938 18.242158889770507812 18.823009490966796875 19.915777206420898438 18.624237060546875 14.844564437866210938 13.259313583374023438 15.899051666259765625 16.6631317138671875 16.1481781005859375 16.555866241455078125 15.925004005432128906 16.370893478393554688 14.517117500305175781 14.894137382507324219 16.700746536254882812 13.658772468566894531 5.9796299934387207031 1.8131058216094970703 2.7298288345336914062 12.031498908996582031 13.492412567138671875 13.413287162780761719 9.4717559814453125
8.663463592529296875 8.4802694320678710938 11.203419685363769531 13.260098457336425781 7.5509762763977050781 12.703138351440429688 10.698141098022460938 10.28607940673828125 9.36637115478515625 8.4166288375854492188 9.2299432754516601562 11.169057846069335938 9.3840579986572265625 9.7014474868774414062 13.125245094299316406 13.889088630676269531 13.523118019104003906 15.490769386291503906 18.414342880249023438 20.205789566040039062 18.790431976318359375 19.130369186401367188 19.971944808959960938 19.252374649047851562 18.713396072387695312 19.151950836181640625 18.898508071899414062 19.065830230712890625 19.485548019409179688 18.023151397705078125 14.976498603820800781 18.82965087890625 16.510244369506835938 15.595381736755371094 16.387948989868164062 16.748964309692382812 17.974451065063476562 14.567417144775390625 9.2892913818359375 11.582102775573730469 13.371930122375488281 12.651636123657226562 10.641488075256347656 7.5356197357177734375
8.589603424072265625 8.02631378173828125 8.5502386093139648438 9.5030469894409179688 11.244620323181152344 12.552720069885253906 11.473155021667480469 10.124726295471191406 8.6086864471435546875 9.2892665863037109375 9.5411329269409179688 10.164377212524414062 9.996402740478515625 12.9702301025390625 14.64104461669921875 13.571390151977539062 13.216280937194824219 13.994761466979980469 13.219209671020507812 15.401426315307617188 15.275243759155273438 16.4152984619140625 15.925203323364257812 13.513758659362792969 19.248250961303710938 19.7066192626953125 20.43253326416015625 19.29128265380859375 19.965650558471679688 19.505170822143554688 14.391191482543945312 18.395193099975585938 17.029005050659179688 17.022815704345703125 17.294839859008789062 18.002841949462890625 19.039463043212890625 17.30207061767578125 15.944354057312011719 15.913735389709472656 15.530069351196289062 14.277333259582519531 11.15894317626953125 13.495504379272460938
10.295705795288085938 10.270178794860839844 10.453152656555175781 11.288110733032226562 12.063748359680175781 12.430857658386230469 11.0819091796875 10.396336555480957031 7.3778300285339355469 6.5166277885437011719 7.3476538658142089844 10.583491325378417969 10.891107559204101562 13.578148841857910156 14.88587188720703125 13.888965606689453125 13.818836212158203125 12.699141502380371094 14.155989646911621094 15.003400802612304688 15.111531257629394531 16.0104827880859375 14.950436592102050781 14.649149894714355469 15.246746063232421875 18.73134613037109375 20.863597869873046875 19.73331451416015625 18.865098953247070312 19.402130126953125 18.589998245239257812 19.880443572998046875 17.641660690307617188 16.671819686889648438 16.957063674926757812 18.46738433837890625 18.341670989990234375 17.030649185180664062 16.29869842529296875 14.5292205810546875 14.091399192810058594 14.405280113220214844 13.743432044982910156 13.5826416015625
10.617992401123046875 10.792374610900878906 10.74153900146484375 11.371836662292480469 11.993787765502929688 12.197404861450195312 10.785593986511230469 12.51263427734375 10.362620353698730469 9.3021392822265625 10.016204833984375 11.578866958618164062 12.473841667175292969 14.7260894775390625 14.199176788330078125 13.615238189697265625 12.71593475341796875 11.400464057922363281 12.924108505249023438 13.673994064331054688 13.691679000854492188 14.044196128845214844 12.309664726257324219 14.246146202087402344 14.592676162719726562 13.190046310424804688 13.967981338500976562 18.062982559204101562 17.232738494873046875 16.98712921142578125 19.877145767211914062 19.110637664794921875 18.1028594970703125 19.050506591796875 17.832471847534179688 18.693450927734375 18.23546600341796875 16.216226577758789062 15.794012069702148438 15.752389907836914062 16.250703811645507812 13.003941535949707031 14.106740951538085938 15.42377471923828125
14.066440582275390625 13.170737266540527344 13.535140037536621094 11.891671180725097656 12.209086418151855469 12.524227142333984375 11.001618385314941406 12.313305854797363281 11.779986381530761719 11.569863319396972656 12.418589591979980469 12.742351531982421875 13.742921829223632812 15.177178382873535156 15.6007232666015625 14.169753074645996094 11.35070037841796875 10.135824203491210938 11.500364303588867188 11.91727447509765625 13.965489387512207031 13.443643569946289062 14.795628547668457031 15.162174224853515625 12.746296882629394531 12.526369094848632812 11.673749923706054688 14.739546775817871094 14.428180694580078125 18.949222564697265625 19.2472991943359375 18.583812713623046875 16.937047958374023438 18.514696121215820312 18.310544967651367188 18.349864959716796875 19.363677978515625 16.582324981689453125 15.791759490966796875 16.030992507934570312 16.415529251098632812 14.905033111572265625 14.055400848388671875 15.463235855102539062
15.559237480163574219 15.104365348815917969 16.598150253295898438 12.930163383483886719 11.800379753112792969 11.922415733337402344 11.835729598999023438 11.833802223205566406 11.939330101013183594 13.516937255859375 14.679292678833007812 14.123340606689453125 13.476069450378417969 15.397959709167480469 17.004240036010742188 14.30750274658203125 13.397674560546875 12.58913421630859375 13.398705482482910156 12.943284988403320312 14.181793212890625 14.619423866271972656 14.63368988037109375 14.793156623840332031 14.574061393737792969 11.316126823425292969 13.396643638610839844 14.088283538818359375 14.821433067321777344 15.985720634460449219 16.912023544311523438 17.732885360717773438 17.507928848266601562 17.553272247314453125 17.417835235595703125 16.9354248046875 19.639850616455078125 17.81310272216796875 16.63283538818359375 15.951281547546386719 16.028629302978515625 15.315272331237792969 14.704814910888671875 16.466068267822265625
16.954053878784179688 16.137500762939453125 16.718843460083007812 12.454258918762207031 11.487918853759765625 12.785165786743164062 12.01409912109375 12.688800811767578125 15.33154296875 17.363079071044921875 17.622716903686523438 16.835409164428710938 16.960954666137695312 17.23480224609375 18.240966796875 16.283130645751953125 13.780025482177734375 12.667036056518554688 14.050078392028808594 13.855597496032714844 14.14658355712890625 14.684953689575195312 14.298527717590332031 14.071978569030761719 13.090875625610351562 9.38021087646484375 12.160831451416015625 13.201319694519042969 14.794054985046386719 16.751758575439453125 15.029706001281738281 17.038537979125976562 17.531229019165039062 17.531528472900390625 17.066009521484375 16.072193145751953125 15.715928077697753906 15.634664535522460938 14.950557708740234375 16.627490997314453125 16.524606704711914062 15.674957275390625 16.765850067138671875 16.419673919677734375
17.435777664184570312 17.338537216186523438 16.188959121704101562 11.642301559448242188 11.608990669250488281 12.380867958068847656 11.153913497924804688 11.594721794128417969 15.009416580200195312 17.01023101806640625 17.278118133544921875 17.649515151977539062 17.809993743896484375 17.354597091674804688 18.541385650634765625 17.939380645751953125 13.026635169982910156 13.180318832397460938 15.011244773864746094 14.577386856079101562 13.787369728088378906 14.13497161865234375 12.974358558654785156 14.563463211059570312 11.538842201232910156 10.170851707458496094 12.119063377380371094 12.852385520935058594 14.378609657287597656 16.059406280517578125 16.087957382202148438 15.350317955017089844 16.880350112915039062 16.252777099609375 16.097320556640625 16.092519760131835938 17.574665069580078125 17.008611679077148438 17.547119140625 16.167760848999023438 15.772196769714355469 16.629833221435546875 17.37862396240234375 15.907123565673828125
16.777553558349609375 17.596139907836914062 14.398877143859863281 10.955389022827148438 11.287386894226074219 12.286378860473632812 11.622127532958984375 11.158437728881835938 13.799641609191894531 17.092344284057617188 17.899618148803710938 17.420286178588867188 17.959766387939453125 17.959432601928710938 18.166339874267578125 16.513294219970703125 12.993039131164550781 12.635418891906738281 13.21950531005859375 13.5814208984375 13.066214561462402344 13.479009628295898438 13.38439178466796875 14.475419998168945312 12.523973464965820312 12.445644378662109375 12.954328536987304688 12.307999610900878906 14.646550178527832031 15.109642982482910156 15.370951652526855469 14.993868827819824219 14.953516960144042969 16.271942138671875 15.630903244018554688 16.746625900268554688 18.251338958740234375 18.475851058959960938 17.926492691040039062 16.683984756469726562 14.961850166320800781 16.3801727294921875 16.037206649780273438 17.04625701904296875
13.900788307189941406 13.833180427551269531 12.384016036987304688 10.769818305969238281 11.229432106018066406 11.868288993835449219 11.965135574340820312 11.708284378051757812 13.907190322875976562 18.106622695922851562 17.886644363403320312 17.541868209838867188 17.691013336181640625 18.219736099243164062 19.134307861328125 17.931955337524414062 13.161633491516113281 12.179820060729980469 13.180649757385253906 12.963094711303710938 12.170842170715332031 13.28305816650390625 13.244330406188964844 14.036854743957519531 14.206079483032226562 13.932528495788574219 13.7498779296875 13.249542236328125 14.255542755126953125 14.303791046142578125 15.26141357421875 14.980759620666503906 15.658563613891601562 15.229933738708496094 16.218519210815429688 17.5420684814453125 17.41301727294921875 16.22521209716796875 17.173343658447265625 18.344121932983398438 16.453006744384765625 16.08826446533203125 17.471376419067382812 14.538722038269042969
14.312130928039550781 13.48541259765625 11.385736465454101562 9.2165822982788085938 10.315680503845214844 11.7671356201171875 11.754340171813964844 11.593939781188964844 14.775176048278808594 17.492593765258789062 17.291584014892578125 17.107023239135742188 17.390140533447265625 18.2186737060546875 19.297830581665039062 18.886568069458007812 12.125169754028320312 12.243458747863769531 12.797557830810546875 13.366250038146972656 13.566827774047851562 13.124091148376464844 13.010685920715332031 12.643097877502441406 13.10135650634765625 13.84078216552734375 15.314115524291992188 15.230813026428222656 14.691292762756347656 13.971696853637695312 14.894911766052246094 15.355605125427246094 16.056209564208984375 14.613384246826171875 13.489667892456054688 17.248325347900390625 17.407491683959960938 15.687738418579101562 14.860520362854003906 16.740880966186523438 15.222992897033691406 16.861057281494140625 17.433567047119140625 14.6880035400390625
