gis/40m/flow_accumulation_dinf.asc
ncols        256
nrows        286
xllcorner    726766.000000000000
yllcorner    7127230.000000000000
cellsize     40.000000000000
NODATA_value -9999
[rows 154 to 175 of 286, columns 196 to 244 of 256]
40 40 2327.53857421875 240.6663818359375 40 40 17575.087890625 52.52451324462890625 40 40 40 40 40 893.76287841796875 40.231472015380859375 40 171.9817047119140625 303.78948974609375 331.967071533203125 439.5987548828125 587.21307373046875 696.01007080078125 495.598480224609375 512.095703125 400.595428466796875 402.53363037109375 430.302764892578125 390.329437255859375 415.42877197265625 688.933349609375 119.9908447265625 56.4931488037109375 78.34714508056640625 40 -9999 -9999 -9999 -9999 -9999 -9999 -9999 -9999 -9999 -9999 -9999 -9999 -9999 -9999 -9999
98.11186981201171875 40 2367.54345703125 69.63004302978515625 40 40 17744.134765625 149.44171142578125 80 40 40 67.11521148681640625 986.64764404296875 75.40523529052734375 40 40 1297.681640625 643.47882080078125 537.7989501953125 437.3009033203125 383.36529541015625 452.823577880859375 219.1092987060546875 224.3821563720703125 255.971160888671875 266.77642822265625 152.65869140625 109.9243621826171875 80 40 553.923095703125 109.50012969970703125 74.9226226806640625 40 -9999 -9999 -9999 -9999 -9999 -9999 -9999 -9999 -9999 -9999 -9999 -9999 -9999 -9999 -9999
92697.8671875 1056.441650390625 1489.824462890625 84.6560211181640625 40 40 17884.919921875 78.03377532958984375 40 40 1249.3968505859375 1166.4398193359375 75.63396453857421875 480.323272705078125 1218.7845458984375 1448.7003173828125 202.1295928955078125 411.847381591796875 448.300506591796875 510.068389892578125 497.02667236328125 314.50079345703125 283.020599365234375 187.5096588134765625 256.63214111328125 165.3636322021484375 96.946990966796875 54.582279205322265625 40 40 124.46256256103515625 278.6619873046875 73.38225555419921875 57.819293975830078125 40 -9999 -9999 -9999 -9999 -9999 -9999 -9999 -9999 -9999 -9999 -9999 -9999 -9999 -9999
94.07483673095703125 94225.0703125 1344.69970703125 53.85846710205078125 40 40 18047.458984375 40 40 1329.3968505859375 40 40 40 1758.466064453125 651.01275634765625 408.076263427734375 578.78338623046875 726.0164794921875 682.6204833984375 615.10296630859375 411.6451416015625 299.529052734375 230.0997467041015625 233.025909423828125 400.173736572265625 476.3968505859375 447.765838623046875 80.854522705078125 42.45166015625 40 40 44.462566375732421875 102.46581268310546875 70.89247894287109375 40 -9999 -9999 -9999 -9999 -9999 -9999 -9999 -9999 -9999 -9999 -9999 -9999 -9999 -9999
40 80 95705.0390625 61.797489166259765625 102.80054473876953125 40 18087.458984375 40 1635.73095703125 115.3867034912109375 80 40 40 5787.00537109375 3789.74267578125 341.818084716796875 247.7278594970703125 493.176422119140625 536.03985595703125 414.35797119140625 447.55169677734375 534.313232421875 859.15216064453125 998.54559326171875 918.65875244140625 816.8974609375 747.71295166015625 996.02032470703125 747.368408203125 50.973842620849609375 40 40 79.59393310546875 71.28823089599609375 -9999 -9999 -9999 -9999 -9999 -9999 -9999 -9999 -9999 -9999 -9999 -9999 -9999 -9999 -9999
40 40 85.210906982421875 108237.3828125 16955.9921875 14048.20703125 7426.60498046875 1844.41259765625 40.51679229736328125 110.94744873046875 51.482013702392578125 74.6434326171875 5963.1591796875 1708.7506103515625 1507.2440185546875 4168.5537109375 4115.70166015625 2695.8212890625 2308.572509765625 2125.66015625 1916.97509765625 1659.5362548828125 1152.8468017578125 729.757568359375 333.45086669921875 158.7930145263671875 100.12203216552734375 74.00731658935546875 207.05474853515625 618.84625244140625 52.043933868408203125 67.95606231689453125 129.4565582275390625 141.4256134033203125 40 -9999 -9999 -9999 -9999 -9999 -9999 -9999 -9999 -9999 -9999 -9999 -9999 -9999 -9999
40 40 70.52263641357421875 116369.0546875 3361.885986328125 6100.13037109375 57.91635894775390625 42.956920623779296875 104.631072998046875 65.147857666015625 114.6434326171875 40 7934.62451171875 327.39581298828125 235.79022216796875 599.635498046875 253.1633453369140625 419.159698486328125 417.747039794921875 398.20703125 391.713409423828125 367.631561279296875 326.909515380859375 281.522674560546875 187.482635498046875 129.1187591552734375 88.3554534912109375 40 40 304.402496337890625 354.435760498046875 106.74050140380859375 252.1302032470703125 -9999 -9999 -9999 -9999 -9999 -9999 -9999 -9999 -9999 -9999 -9999 -9999 -9999 -9999 -9999 -9999
40 40 90.04587554931640625 116539.15625 40 40 40 40 40 93.03266143798828125 101.61077117919921875 9089.7978515625 1071.2413330078125 926.2579345703125 823.0155029296875 883.0191650390625 813.20159912109375 752.73529052734375 664.20574951171875 574.02972412109375 497.327606201171875 412.10723876953125 324.13433837890625 268.76824951171875 150.2230072021484375 101.76282501220703125 40 40 40 73.95027923583984375 190.45220947265625 292.130218505859375 -9999 -9999 -9999 -9999 -9999 -9999 -9999 -9999 -9999 -9999 -9999 -9999 -9999 -9999 -9999 -9999 -9999
40 40 88.3295440673828125 116717.6484375 56.810718536376953125 92.11196136474609375 91.07732391357421875 40 115.33321380615234375 100.32048797607421875 9228.7880859375 892.75994873046875 501.289520263671875 365.8592529296875 331.7457275390625 367.924560546875 775.021728515625 593.43853759765625 571.54119873046875 504.870391845703125 429.16180419921875 369.174652099609375 313.18536376953125 232.677093505859375 255.49542236328125 92.9793701171875 103.7871551513671875 93.09609222412109375 40 40 -9999 -9999 -9999 -9999 -9999 -9999 -9999 -9999 -9999 -9999 -9999 -9999 -9999 -9999 -9999 -9999 -9999 -9999 -9999
40 40 97.71479034423828125 151.847015380859375 117011.6953125 117175.375 164.52294921875 76.67415618896484375 12009.4599609375 11771.5400390625 11731.38671875 40 355.403045654296875 513.414794921875 509.9329833984375 131.3304443359375 222.8611297607421875 558.073974609375 533.06243896484375 455.429412841796875 378.25030517578125 338.775482177734375 327.62841796875 290.918365478515625 285.805755615234375 388.5482177734375 332.687408447265625 223.3784637451171875 63.362529754638671875 40 40 -9999 -9999 -9999 -9999 -9999 -9999 -9999 -9999 -9999 -9999 -9999 -9999 -9999 -9999 -9999 -9999 -9999 -9999
40 40 40 40 40 40 129741.1875 12274.6455078125 166.038665771484375 64.34809112548828125 400.264923095703125 1129.7266845703125 919.769287109375 921.07232666015625 1032.6793212890625 1348.2838134765625 40 382.296417236328125 388.16552734375 396.65155029296875 352.652435302734375 308.488250732421875 265.566131591796875 219.2525482177734375 118.961090087890625 83.67535400390625 40 40 93.11202239990234375 40 40 -9999 -9999 -9999 -9999 -9999 -9999 -9999 -9999 -9999 -9999 -9999 -9999 -9999 -9999 -9999 -9999 -9999 -9999
40 40 40 40 40 40 129928.1328125 95.15572357177734375 79.42145538330078125 45.23122406005859375 40 344.613037109375 252.5542144775390625 171.25115966796875 99.89612579345703125 40 1279.1090087890625 485.971923828125 319.162811279296875 288.072021484375 286.865692138671875 270.816375732421875 256.844085693359375 267.456512451171875 261.610992431640625 60.463832855224609375 40 40 81.83078765869140625 40 40 117.3680572509765625 -9999 -9999 -9999 -9999 -9999 -9999 -9999 -9999 -9999 -9999 -9999 -9999 -9999 -9999 -9999 -9999 -9999
40 40 80 116.62261199951171875 161.156402587890625 130256.1796875 207.40472412109375 148.6395263671875 123.79524993896484375 74.76877593994140625 40 40 182.016265869140625 185.216033935546875 176.5710601806640625 97.42491912841796875 100.86711883544921875 269.973541259765625 301.169036865234375 251.8675537109375 247.94403076171875 226.676513671875 203.9610137939453125 203.9412689208984375 188.05364990234375 218.6805877685546875 161.80908203125 140.9819793701171875 67.71678924560546875 40 40 160 -9999 -9999 -9999 -9999 -9999 -9999 -9999 -9999 -9999 -9999 -9999 -9999 -9999 -9999 -9999 -9999 -9999
40 40 92.708404541015625 148.74591064453125 130698.5078125 181.555267333984375 89.652557373046875 70.347442626953125 40 48.44792938232421875 44.102344512939453125 40 338.063201904296875 315.708587646484375 301.602508544921875 323.250579833984375 312.741302490234375 295.473663330078125 341.23406982421875 284.707672119140625 247.91119384765625 219.7981109619140625 207.0848236083984375 183.584869384765625 186.1369476318359375 256.4500732421875 233.32159423828125 162.6716461181640625 442.283905029296875 404.17498779296875 350.2525634765625 244.5297698974609375 40 -9999 -9999 -9999 -9999 -9999 -9999 -9999 -9999 -9999 -9999 -9999 -9999 -9999 -9999 -9999 -9999
40 40 98.944183349609375 131090.171875 106.57910919189453125 50.173336029052734375 80 49.652557373046875 40 75.65441131591796875 75.8976593017578125 136.564544677734375 567.1956787109375 302.99249267578125 302.820587158203125 353.083740234375 341.0179443359375 339.152740478515625 370.960357666015625 328.59661865234375 247.79278564453125 228.7815704345703125 198.253082275390625 166.4801177978515625 159.7004241943359375 198.452667236328125 255.429931640625 652.20458984375 271.655303955078125 211.164886474609375 87.6084747314453125 40 -9999 -9999 -9999 -9999 -9999 -9999 -9999 -9999 -9999 -9999 -9999 -9999 -9999 -9999 -9999 -9999 -9999
40 40 69.104644775390625 131380.890625 141.9936676025390625 81.15694427490234375 40 40 86.054046630859375 169.7654876708984375 131.9795989990234375 88.7076263427734375 1217.5223388671875 532.18597412109375 508.249603271484375 413.9217529296875 436.162445068359375 523.56134033203125 514.82421875 527.760986328125 456.112884521484375 416.104400634765625 389.038299560546875 391.88323974609375 368.057891845703125 451.506927490234375 560.37664794921875 130.460906982421875 60.0386810302734375 86.62990570068359375 53.33141326904296875 -9999 -9999 -9999 -9999 -9999 -9999 -9999 -9999 -9999 -9999 -9999 -9999 -9999 -9999 -9999 -9999 -9999 -9999
40 40 59.242767333984375 131624.640625 168.52496337890625 108.66971588134765625 40 40 123.32269287109375 316.0863037109375 40 1537.650634765625 846.88641357421875 908.1903076171875 857.3121337890625 746.2615966796875 649.54888916015625 490.315582275390625 428.853057861328125 459.314208984375 531.383544921875 459.17340087890625 424.777618408203125 431.967071533203125 475.090606689453125 408.1055908203125 217.0936126708984375 98.6667938232421875 40 40 40 -9999 -9999 -9999 -9999 -9999 -9999 -9999 -9999 -9999 -9999 -9999 -9999 -9999 -9999 -9999 -9999 -9999 -9999
9791.55859375 4412.5625 131986.609375 222.967010498046875 96.53366851806640625 80 40 40 94.51715087890625 464.891845703125 40 2581.0498046875 1007.0301513671875 826.61138916015625 681.8319091796875 676.94708251953125 575.76104736328125 453.057708740234375 380.7144775390625 431.806640625 547.62762451171875 545.15032958984375 510.32928466796875 446.147003173828125 361.462860107421875 229.5414886474609375 128.2021026611328125 78.400848388671875 40 -9999 -9999 -9999 -9999 -9999 -9999 -9999 -9999 -9999 -9999 -9999 -9999 -9999 -9999 -9999 -9999 -9999 -9999 -9999 -9999
308.113006591796875 142280.203125 67.1234893798828125 80.86597442626953125 80 40 40 40 188.5428924560546875 40 513.368408203125 4251.97900390625 700.55340576171875 554.177001953125 548.04901123046875 556.0589599609375 571.71710205078125 566.726318359375 549.2691650390625 482.531158447265625 364.24090576171875 364.699798583984375 326.883331298828125 270.610321044921875 210.071533203125 133.3748931884765625 87.29245758056640625 60.138702392578125 40 40 -9999 -9999 -9999 -9999 -9999 -9999 -9999 -9999 -9999 -9999 -9999 -9999 -9999 -9999 -9999 -9999 -9999 -9999 -9999
444.6822509765625 142817.765625 52.8765106201171875 40 40 40 40 40 131.076202392578125 228.5428924560546875 5033.83154296875 132.1585235595703125 291.914398193359375 397.405731201171875 421.38671875 370.3597412109375 370.92010498046875 370.448577880859375 333.03582763671875 293.715545654296875 247.68310546875 291.6142578125 265.2108154296875 225.13238525390625 193.5815887451171875 177.13916015625 154.472503662109375 125.31610107421875 96.04964447021484375 40 40 -9999 -9999 -9999 -9999 -9999 -9999 -9999 -9999 -9999 -9999 -9999 -9999 -9999 -9999 -9999 -9999 -9999 -9999
69.04146575927734375 142991.578125 64.75572967529296875 51.17382049560546875 40 54.41217803955078125 65.58782196044921875 40 94.8980560302734375 5665.08154296875 168.1813507080078125 184.506683349609375 288.213653564453125 489.86419677734375 408.21893310546875 433.39361572265625 431.314910888671875 440.30780029296875 444.3873291015625 362.729766845703125 309.537628173828125 215.3521728515625 285.817352294921875 264.4805908203125 217.53369140625 183.5802001953125 126.90773773193359375 88.4061737060546875 63.95035552978515625 40 80 -9999 -9999 -9999 -9999 -9999 -9999 -9999 -9999 -9999 -9999 -9999 -9999 -9999 -9999 -9999 -9999 -9999 -9999
90.6043548583984375 143321.1875 199.0244140625 141.2393646240234375 86.08034515380859375 48.3318328857421875 105.58782196044921875 40 40 6230.57568359375 731.70623779296875 677.4737548828125 493.76678466796875 331.28472900390625 479.598480224609375 507.25421142578125 565.86846923828125 582.55511474609375 570.47088623046875 524.54705810546875 424.18927001953125 382.5238037109375 274.921722412109375 252.893341064453125 210.3328857421875 144.379730224609375 109.66457366943359375 78.51532745361328125 64.98195648193359375 57.806484222412109375 117.21155548095703125 -9999 -9999 -9999 -9999 -9999 -9999 -9999 -9999 -9999 -9999 -9999 -9999 -9999 -9999 -9999 -9999 -9999 -9999
