gis/40m/flow_accumulation_dinf.asc
ncols        256
nrows        286
xllcorner    726766.000000000000
yllcorner    7127230.000000000000
cellsize     40.000000000000
NODATA_value -9999
[rows 220 to 241 of 286, columns 196 to 244 of 256]
58.57892608642578125 7288.73095703125 403741.25 403861.25 64.04878997802734375 159.0981292724609375 110.9569091796875 64.81255340576171875 40 40 40 62.867771148681640625 171.9682464599609375 543.4951171875 1135.989990234375 287.94354248046875 108.53466796875 229.2275390625 395.60260009765625 118.22145843505859375 68.89075469970703125 40 51.186122894287109375 94.372039794921875 187.3866119384765625 627.7242431640625 239.0998992919921875 49.957431793212890625 40 13634.7509765625 240.391204833984375 197.9054718017578125 119.8365936279296875 65.47608184814453125 105.53279876708984375 138.293548583984375 88.0272064208984375 52.3726043701171875 40 40 40 40 76.18244171142578125 64.02663421630859375 419.929840087890625 635.12139892578125 185.7701873779296875 86.46880340576171875 80.96576690673828125
7183.39013671875 57.857879638671875 45.348400115966796875 150.7659912109375 404222.6875 404509.78125 57.437469482421875 55.187442779541015625 80 40 40 40 44.210033416748046875 69.4254913330078125 2089.4912109375 1159.2294921875 1183.3814697265625 911.64288330078125 269.644927978515625 117.15294647216796875 64.6258087158203125 50.1576080322265625 81.02851104736328125 115.21405792236328125 191.9801025390625 531.08544921875 310.974639892578125 199.328521728515625 14004.03515625 40 207.253814697265625 149.2209625244140625 165.71820068359375 205.837860107421875 194.614593505859375 128.8493499755859375 88.30019378662109375 54.021030426025390625 40 91.93453216552734375 40 40 51.382213592529296875 170.6017303466796875 340.76611328125 344.956451416015625 220.6029510498046875 67.7590789794921875 40
6916.6591796875 40 40 93.4793853759765625 89.26670074462890625 97.2539215087890625 405471 405727.53125 405876.1875 91.3487091064453125 40 40 40 43.761737823486328125 3098.90771484375 40 40.27487945556640625 202.7108612060546875 89.1812286376953125 59.8573760986328125 58.378635406494140625 146.83953857421875 136.2040557861328125 64.9779510498046875 167.1572265625 492.95574951171875 182.9525909423828125 373.26312255859375 14436.2734375 40 212.526519775390625 231.6478271484375 292.396759033203125 249.766998291015625 190.34381103515625 119.01830291748046875 73.7234039306640625 65.978973388671875 185.180023193359375 68.06546783447265625 40 40 112.4353485107421875 89.18920135498046875 95.02344512939453125 155.1995086669921875 322.247161865234375 79.770782470703125 53.370136260986328125
6744.09521484375 80 40 40 80 81.50693511962890625 756.487548828125 161.3220672607421875 40 406093.3125 93.15413665771484375 40 40 105.680572509765625 3182.936767578125 53.12212371826171875 40 40 40 40 202.4088897705078125 190.147216796875 133.8440704345703125 40 152.8043365478515625 448.503814697265625 178.8047943115234375 265.624755859375 14507.310546875 166.28369140625 522.1817626953125 364.202880859375 327.79998779296875 262.03948974609375 237.4475555419921875 249.525543212890625 272.417724609375 288.89605712890625 90.70088958740234375 40 40 40 40 40 59.02703857421875 86.63362884521484375 76.208709716796875 209.6277923583984375 100.5471343994140625
6616.34228515625 40 40 40 41.50693511962890625 207.6572723388671875 400.71795654296875 157.993377685546875 40 351.214263916015625 413232.75 56.246509552001953125 40 84.35292816162109375 3455.142578125 66.87787628173828125 40 40 40 40 701.45361328125 188.899169921875 146.3683929443359375 129.0031280517578125 103.80121612548828125 416.82647705078125 111.677337646484375 328.113677978515625 14979.1162109375 562.1817626953125 168.42633056640625 314.61175537109375 283.254730224609375 338.982269287109375 268.94049072265625 251.750244140625 210.7535400390625 127.47045135498046875 73.196807861328125 40 66.744293212890625 93.255706787109375 -9999 -9999 40 -9999 40 40 46.082729339599609375
6408.83251953125 40 40 109.39331817626953125 208.194000244140625 158.1833343505859375 325.3660888671875 257.4273681640625 709.6319580078125 6631.3359375 263.033111572265625 413678.1875 413799.5 413920.625 417430.09375 45.3874969482421875 100.8444976806640625 88.10503387451171875 45.66297149658203125 40 1074.8201904296875 293.364898681640625 122.05159759521484375 143.80120849609375 40 234.1765899658203125 262.64990234375 40 15989.5712890625 155.4722137451171875 407.378814697265625 281.97540283203125 354.265960693359375 293.7352294921875 277.805328369140625 223.3783416748046875 207.4217681884765625 145.9510955810546875 93.23987579345703125 151.5009918212890625 53.876407623291015625 40 -9999 -9999 -9999 -9999 -9999 -9999 -9999
40 40 48.966693878173828125 127.12812042236328125 168.6742401123046875 280.52801513671875 217.4273681640625 235.317657470703125 425.62213134765625 6220.013671875 40 80 42.32270050048828125 94.46050262451171875 133.7913055419921875 417724.21875 417890.0625 554.38360595703125 531.98870849609375 1124.1583251953125 40 40 164.3843536376953125 72.1104736328125 76.4043731689453125 245.6617431640625 286.29571533203125 56.35417938232421875 16470.927734375 402.834625244140625 253.1739959716796875 596.58758544921875 321.61163330078125 293.341888427734375 295.692138671875 282.990264892578125 234.184967041015625 201.2389984130859375 210.10614013671875 115.24330902099609375 66.12359619140625 40 40 52.390872955322265625 40 -9999 -9999 -9999 -9999
40 40 106.48821258544921875 121.0002288818359375 149.5003509521484375 105.53209686279296875 267.212921142578125 133.2798614501953125 120 69.60372161865234375 6135.01806640625 40 40 40 91.23455810546875 68.76544189453125 86.89794158935546875 419496.84375 806.72900390625 73.578521728515625 40 40 262.611480712890625 109.4111480712890625 291.489227294921875 252.8515167236328125 128.493316650390625 40 16624.544921875 62.686389923095703125 1265.32275390625 473.970428466796875 217.9185943603515625 206.6729736328125 284.559417724609375 218.734649658203125 126.54538726806640625 88.8671417236328125 116.78737640380859375 69.832916259765625 40 40 43.623737335205078125 127.2963409423828125 97.36916351318359375 -9999 -9999 -9999 -9999
40 40 84.54509735107421875 241.0815582275390625 287.453582763671875 274.205230712890625 93.2798614501953125 40 40 40 6066.7041015625 40 40 40 40 80 113.10205841064453125 419689.5 41.070415496826171875 121.1027069091796875 82.821197509765625 40 40 1036.3551025390625 337.0950927734375 144.7889556884765625 63.704364776611328125 40 18038.009765625 1313.2880859375 40 114.329010009765625 293.27752685546875 256.968994140625 317.680389404296875 166.7617340087890625 121.19388580322265625 156.7873687744140625 94.796905517578125 78.2583770751953125 40 40 79.9288330078125 173.0479736328125 150.5757598876953125 40 40 -9999 -9999
40 40 180.5223388671875 101.91912078857421875 165.1932220458984375 285.92791748046875 335.676727294921875 298.477874755859375 281.774505615234375 5829.84326171875 40 134.77862548828125 40.882038116455078125 40 40 40 80 102.23033905029296875 420170.875 268.23443603515625 105.24787139892578125 40 40 1076.3634033203125 101.37325286865234375 123.4156951904296875 40.518360137939453125 18354.30078125 139.297332763671875 109.7605133056640625 154.329010009765625 103.3578338623046875 570.078369140625 357.680389404296875 110.85189056396484375 190.411865234375 212.906768798828125 163.4269256591796875 131.3517303466796875 61.175090789794921875 40 40 149.84295654296875 230.380645751953125 179.776397705078125 70.65512847900390625 58.20531463623046875 71.139556884765625 -9999
327.714752197265625 140.5223388671875 40 80 117.37522125244140625 93.465179443359375 159.204345703125 293.520538330078125 481.77764892578125 556.5994873046875 4823.99609375 167.2822418212890625 140.8822784423828125 40 40 40 40 98.269744873046875 420338.0625 127.18412017822265625 114.5345611572265625 80 40 40 1227.271484375 205.0948028564453125 18452.828125 46.193328857421875 40 160.3508758544921875 40 164.5438385009765625 1004.81243896484375 150.851898193359375 151.18511962890625 226.3269500732421875 223.9399261474609375 160.6187896728515625 111.08194732666015625 70.73361968994140625 40 47.618896484375 366.333831787109375 126.27088165283203125 209.6318511962890625 120.79969024658203125 56.99402618408203125 152.3508453369140625 -9999
345.8114013671875 144.981109619140625 40 103.75144195556640625 91.975982666015625 103.816253662109375 144.3249359130859375 233.09710693359375 181.543365478515625 144.463470458984375 4616.7001953125 137.9391326904296875 58.23567962646484375 40 65.33342742919921875 54.666568756103515625 40 40 86.3039703369140625 420628.6875 122.37758636474609375 80 40 40 64.748291015625 20029.94140625 84.21137237548828125 40 188.2144775390625 88.3886871337890625 110.1168212890625 1139.239501953125 40 94.885498046875 294.2071533203125 215.8273468017578125 343.268341064453125 201.35687255859375 112.09168243408203125 69.76306915283203125 50.236927032470703125 64.69183349609375 507.044281005859375 88.48748016357421875 303.658935546875 106.77260589599609375 249.3448638916015625 -9999 -9999
259.867431640625 162.611968994140625 63.75144195556640625 59.3343963623046875 113.00811767578125 160.9811553955078125 160.542327880859375 134.6528167724609375 154.0576324462890625 108.84261322021484375 4267.482421875 40 40 40 50.0055999755859375 113.62347412109375 76.3709259033203125 40 60.62673187255859375 195.96954345703125 421033.125 103.09323883056640625 40 40 40 40 20255.390625 40 1932.434326171875 60.9423370361328125 1310.3895263671875 52.546115875244140625 113.92873382568359375 232.895538330078125 305.252960205078125 407.68408203125 268.49127197265625 137.5465545654296875 112.8920135498046875 76.12693023681640625 54.109996795654296875 97.560882568359375 607.82757568359375 74.83515167236328125 343.658935546875 118.01348114013671875 318.10400390625 -9999 -9999
240.4655914306640625 105.09966278076171875 40 40 63.303157806396484375 135.4676666259765625 173.62225341796875 184.8434906005859375 225.741729736328125 169.6220550537109375 4099.68603515625 40 40 40 82.51393890380859375 109.1782073974609375 157.2963409423828125 91.01151275634765625 317.709686279296875 299.6048583984375 421447.40625 116.25054168701171875 80 40 40 40 46.773097991943359375 22313.78515625 40 1554.8887939453125 705.40289306640625 153.9287261962890625 99.90039825439453125 308.431915283203125 476.68023681640625 349.640960693359375 265.44171142578125 99.26513671875 81.20892333984375 62.8006744384765625 85.67791748046875 181.439727783203125 609.336669921875 117.334869384765625 373.980682373046875 145.4354705810546875 358.10400390625 -9999 -9999
124.25720977783203125 40 40 40 57.423358917236328125 259.66571044921875 281.243194580078125 246.977508544921875 205.63818359375 136.119659423828125 3855.84228515625 40 47.5831146240234375 77.4235687255859375 81.179473876953125 156.3214111328125 162.9559326171875 202.5137786865234375 40 61.761920928955078125 124.9374847412109375 421851.375 104.2123565673828125 66.32868194580078125 53.67131805419921875 40 40 22474.59765625 40 40 40 114.2935791015625 96.258758544921875 328.17315673828125 538.2852783203125 388.626617431640625 305.118896484375 172.3183441162109375 96.889617919921875 95.72335052490234375 126.06945037841796875 245.19598388671875 618.24725341796875 274.997344970703125 276.36322021484375 259.96710205078125 318.151336669921875 -9999 -9999
40 40 1631.401611328125 1735.4801025390625 1827.67333984375 1708.072998046875 1780.0546875 2092.038330078125 2369.53173828125 2359.857177734375 1273.0692138671875 40 40 89.9994964599609375 149.099212646484375 251.140838623046875 117.25319671630859375 143.9671478271484375 99.53862762451171875 398.176055908203125 442.25 422460.90625 125.21178436279296875 82.831390380859375 50.83992767333984375 40 84.2527008056640625 22604.482421875 49.88433074951171875 90.725494384765625 177.1734619140625 93.431915283203125 82.82684326171875 327.928558349609375 567.795654296875 479.360809326171875 342.934906005859375 234.4835052490234375 148.471405029296875 152.3358917236328125 172.4003448486328125 400.363128662109375 587.7845458984375 298.520050048828125 306.453369140625 545.29473876953125 -9999 -9999 -9999
986.24615478515625 1511.401611328125 40 55.921451568603515625 43.728275299072265625 40 272.451507568359375 252.8301849365234375 216.6983795166015625 1159.8697509765625 40 40 49.32285308837890625 97.48560333251953125 170.086944580078125 297.47662353515625 333.516448974609375 203.0768890380859375 280.39935302734375 40 169.2456817626953125 422707.09375 165.0020294189453125 90.83992767333984375 40 40 22771.10546875 40 40 231.924896240234375 205.916259765625 122.82684326171875 40 307.72021484375 600.05487060546875 557.41143798828125 372.104888916015625 316.881561279296875 193.283203125 202.5865478515625 270.424560546875 464.773193359375 596.84552001953125 367.0546875 549.760009765625 285.226287841796875 -9999 -9999 -9999
1185.56103515625 59.515506744384765625 49.154369354248046875 82.59749603271484375 182.8251953125 318.068389892578125 192.05767822265625 177.4585418701171875 348.949462890625 532.3834228515625 40 40 92.259674072265625 119.6150970458984375 134.9049530029296875 136.2624359130859375 292.55828857421875 451.8905029296875 370.883331298828125 116.060638427734375 40 398.712066650390625 423343.46875 111.7256927490234375 40 44.40691375732421875 22978.775390625 57.765186309814453125 40 583.39105224609375 253.34088134765625 96.09043121337890625 205.41802978515625 182.30218505859375 497.8629150390625 588.986572265625 645.9552001953125 273.648040771484375 40 467.015106201171875 309.18951416015625 662.5255126953125 489.182861328125 693.8594970703125 640.3568115234375 40 -9999 -9999 -9999
45.263568878173828125 40 70.8456268310546875 115.47088623046875 95.2431793212890625 40 77.95816802978515625 290.709259033203125 322.904541015625 606.9188232421875 860.4573974609375 40 58.41747283935546875 128.1678924560546875 213.6668243408203125 299.048583984375 296.1766357421875 353.8763427734375 261.74163818359375 457.524383544921875 358.712066650390625 40 221.0647430419921875 423739.96875 1933.111572265625 23841.724609375 777.2598876953125 62.234813690185546875 623.39105224609375 133.8275604248046875 217.6894683837890625 229.3275909423828125 181.7605133056640625 298.632293701171875 319.77227783203125 40 1548.58984375 40 40 40 507.015106201171875 2047.9034423828125 40 1372.7647705078125 51.25716400146484375 -9999 -9999 -9999 -9999
40 40 100.6942901611328125 171.8218841552734375 206.023284912109375 120.0272369384765625 227.46978759765625 299.01947021484375 700.4661865234375 395.7760009765625 427.621826171875 2696.19189453125 40.06501007080078125 4204.90869140625 4450.33740234375 1847.2119140625 845.4091796875 1021.51495361328125 1038.7506103515625 421.255645751953125 178.81231689453125 168.154876708984375 40 90.50351715087890625 447830.90625 66.37659454345703125 40 715.95855712890625 289.15435791015625 274.8358154296875 151.177947998046875 112.92596435546875 352.244598388671875 135.2222442626953125 262.600311279296875 1885.7618408203125 219.9205474853515625 40 64.43810272216796875 55.56189727783203125 128.999542236328125 2162.806640625 40 1482.0400390625 40 -9999 -9999 -9999 -9999
151.5724334716796875 239.025360107421875 271.58740234375 289.510528564453125 337.2841796875 360.248077392578125 423.2486572265625 550.76947021484375 315.277130126953125 255.5746612548828125 2532.2626953125 1577.8265380859375 4333.51318359375 566.7498779296875 997.3543701171875 3971.704345703125 5503.45849609375 40 363.01226806640625 836.53485107421875 461.255645751953125 90.65744781494140625 40 54.053680419921875 447986.3125 61.352733612060546875 40 144.11370849609375 185.5472869873046875 207.86065673828125 256.77093505859375 177.4217376708984375 263.583709716796875 76.97235870361328125 2300.854248046875 40 40 40 92.29209136962890625 52.1460113525390625 46.56235504150390625 2316.563232421875 40 1540.2288818359375 40 -9999 -9999 -9999 -9999
123.6627960205078125 158.03240966796875 184.77606201171875 272.479949951171875 315.934417724609375 439.943572998046875 351.542266845703125 269.966064453125 61.632091522216796875 2334.29248046875 401.52154541015625 103.0394287109375 583.18292236328125 583.3424072265625 269.081634521484375 371.148773193359375 119.59755706787109375 5675.97607421875 6694.38818359375 6976.38330078125 8043.07470703125 8671.373046875 8809.3955078125 8861.5068359375 456508.59375 58.647266387939453125 89.5989837646484375 224.563690185546875 135.498321533203125 416.54266357421875 238.918914794921875 293.131256103515625 117.04421234130859375 184.20654296875 2379.3779296875 80 40 40 65.50714874267578125 106.784942626953125 151.222015380859375 2490.66162109375 1672.3448486328125 61.812103271484375 -9999 -9999 -9999 -9999 -9999
