gis/40m/flow_accumulation_dinf.asc
ncols        256
nrows        286
xllcorner    726766.000000000000
yllcorner    7127230.000000000000
cellsize     40.000000000000
NODATA_value -9999
[rows 66 to 87 of 286, columns 147 to 195 of 256]
154.853485107421875 108.26775360107421875 58.862239837646484375 93.84539031982421875 120.45825958251953125 132.5999755859375 169.1366729736328125 223.2584228515625 223.1111297607421875 251.3233795166015625 374.893463134765625 280.99420166015625 177.410675048828125 216.5871734619140625 78.21160125732421875 40 40 40 55.278881072998046875 40 60.5761871337890625 72.45433807373046875 40 40 89.1732635498046875 40 40 64877.83984375 111.15059661865234375 67.66390228271484375 55.933074951171875 672.98858642578125 2365.3017578125 40 379.473388671875 386.49444580078125 1511.890625 211.3102569580078125 246.213958740234375 317.54168701171875 371.176971435546875 491.091644287109375 773.08880615234375 1366.6259765625 2105.911865234375 1845.091064453125 1597.93408203125 1157.9287109375 541.58935546875
76.89311981201171875 187.1161651611328125 119.11194610595703125 58.688610076904296875 89.02002716064453125 125.21924591064453125 95.7287139892578125 126.91487884521484375 173.899322509765625 202.1472625732421875 40 69.21848297119140625 42.949188232421875 154.2057342529296875 237.431396484375 277.431396484375 40 40 40 40 84.28240203857421875 40 40 40 40.889347076416015625 70.1725921630859375 90.5007476806640625 65027.44140625 50.254169464111328125 72.981170654296875 970.6680908203125 2097.88525390625 75.72055816650390625 40 2312.32763671875 1441.4019775390625 167.0059967041015625 143.88763427734375 349.275177001953125 313.769989013671875 238.4793701171875 576.943359375 1011.88995361328125 1141.5833740234375 116.707122802734375 99.275665283203125 93.52124786376953125 125.68463134765625 128.4948577880859375
40 58.651676177978515625 208.4644927978515625 238.6389312744140625 49.668582916259765625 40 40 47.526752471923828125 69.55319976806640625 68.37522125244140625 78.915313720703125 102.724609375 142.724609375 79.13741302490234375 62.197727203369140625 77.89949798583984375 326.337310791015625 130.2468109130859375 86.448577880859375 40 84.81512451171875 217.035369873046875 94.27922821044921875 40 40 50.716754913330078125 110.3885955810546875 65302.7421875 79.29714202880859375 1044.3521728515625 1693.04736328125 41.37389373779296875 2267.269287109375 2424.4765625 109.74034881591796875 134.6981964111328125 181.554107666015625 507.472259521484375 253.45318603515625 155.9988861083984375 616.943359375 927.34136962890625 1172.4915771484375 98.72057342529296875 152.643707275390625 120.52508544921875 55.71050262451171875 40 90.647064208984375
46.006011962890625 40.76326751708984375 97.88840484619140625 171.89141845703125 309.93536376953125 77.947998046875 78.317138671875 40 40 56.673534393310546875 91.93975067138671875 67.76650238037109375 52.5731048583984375 40.069210052490234375 43.17871856689453125 64.29822540283203125 108.99358367919921875 560.004150390625 709.31719970703125 40 820.2197265625 1101.91455078125 40 134.27923583984375 168.4359283447265625 228.520965576171875 40 51.161441802978515625 67078.234375 1351.8604736328125 811.48736572265625 2609.05859375 290.412322998046875 90.4562835693359375 40 341.94927978515625 527.9586181640625 192.7960662841796875 120.80332183837890625 506.325439453125 1078.646728515625 1343.811767578125 224.1002349853515625 270.082794189453125 236.8152008056640625 168.5771331787109375 119.1461334228515625 85.584014892578125 79.7083892822265625
117.19921112060546875 40.4799652099609375 40 124.5199127197265625 221.3319549560546875 389.154449462890625 137.3004302978515625 73.509246826171875 66.2363739013671875 63.326465606689453125 74.19368743896484375 106.4360809326171875 95.1934051513671875 140.0071868896484375 202.2274932861328125 210.7043609619140625 60.15779876708984375 46.01367950439453125 40 749.31719970703125 40 73.12342071533203125 1215.0379638671875 1309.0341796875 1503.0472412109375 40 278.2005615234375 209.164093017578125 70346.40625 3259.55224609375 2554.788818359375 129.22674560546875 161.1921844482421875 67.13525390625 308.574310302734375 503.14239501953125 233.7925262451171875 137.2522430419921875 538.64642333984375 1118.646728515625 1432.868896484375 286.78460693359375 268.17523193359375 176.124359130859375 65.0363616943359375 40 174.087188720703125 161.32110595703125 142.4105224609375
178.8076324462890625 58.8715362548828125 40 76.742828369140625 137.186370849609375 414.08807373046875 367.723052978515625 148.4639129638671875 81.4207305908203125 109.22112274169921875 69.9420623779296875 111.9308624267578125 146.4360809326171875 101.70558929443359375 66.9065399169921875 201.9900054931640625 316.156036376953125 113.85919189453125 72.89417266845703125 47.105831146240234375 40 40 40 97.54712677001953125 88.50052642822265625 1660.3988037109375 1813.5040283203125 2033.9505615234375 72986.0078125 40 40 141.0868377685546875 58.87598419189453125 235.5372161865234375 379.290252685546875 595.82647705078125 268.861541748046875 489.683258056640625 1786.1651611328125 1751.3826904296875 416.197296142578125 248.3428802490234375 137.6051788330078125 88.581939697265625 57.1754913330078125 215.1603851318359375 176.477325439453125 170.31365966796875 122.96358489990234375
100.6464996337890625 97.9622344970703125 52.95682525634765625 67.04317474365234375 116.742828369140625 280.452667236328125 720.12408447265625 200.608795166015625 107.6966094970703125 58.59970855712890625 138.5864410400390625 147.5432891845703125 106.36460113525390625 230.7526397705078125 83.3735504150390625 65.6401824951171875 319.2637939453125 231.6251220703125 528.19451904296875 40 40 147.045257568359375 40 40 40 40 104.9589385986328125 55.0410614013671875 606.997314453125 73209.90625 199.603668212890625 79.67142486572265625 88.818267822265625 682.84844970703125 337.56768798828125 544.30389404296875 966.907958984375 2437.444580078125 1440.948974609375 294.350189208984375 192.9195556640625 139.3812713623046875 118.9449462890625 78.161102294921875 195.8055572509765625 285.6800537109375 168.10418701171875 121.49019622802734375 74.0308380126953125
40 80.9962005615234375 138.7144317626953125 77.26248931884765625 109.91403961181640625 127.817901611328125 930.79681396484375 353.4300537109375 152.279571533203125 90.975372314453125 69.2518310546875 272.8753662109375 149.0775604248046875 61.289581298828125 325.026275634765625 112.9891204833984375 360.24481201171875 60.769977569580078125 639.89801025390625 40 40 251.8798370361328125 104.35945892333984375 40 40 40 40 80 95.9482574462890625 74080.3828125 3843.685546875 6108.80712890625 6007.4140625 5218.60498046875 4880.115234375 4840.10498046875 3024.676025390625 1092.8748779296875 258.369415283203125 239.626373291015625 159.8894500732421875 150.064422607421875 210.948272705078125 268.36566162109375 261.139007568359375 262.058929443359375 242.97784423828125 202.7635498046875 191.2051239013671875
70.88489532470703125 94.87998199462890625 164.8958740234375 111.24701690673828125 108.8076171875 127.05666351318359375 1474.9171142578125 144.1843414306640625 165.212921142578125 165.5674896240234375 180.2195281982421875 253.5256195068359375 169.93414306640625 182.5871124267578125 283.728729248046875 40 524.299560546875 729.602294921875 65.5863189697265625 40 40 119.99858856201171875 520 80 41.82289886474609375 40 40 40 98.1686553955078125 105.3964691162109375 80529.25 83.7034759521484375 45.7314605712890625 42.238643646240234375 40 40 224.227203369140625 230.80133056640625 221.4962158203125 152.319610595703125 252.4730377197265625 315.9683837890625 242.075286865234375 268.578887939453125 288.18756103515625 341.310302734375 246.4680328369140625 220.0172882080078125 208.789825439453125
76.83840179443359375 102.69049835205078125 159.9015045166015625 158.8259735107421875 165.298431396484375 93.11408233642578125 40 1632.6370849609375 223.5767059326171875 252.5587921142578125 250.888458251953125 331.66973876953125 102.23040008544921875 232.7287139892578125 318.3106689453125 75.27648162841796875 40 1439.4871826171875 40 40 40 40 40 696.51800537109375 78.17710113525390625 40 40 40 80 130.7525634765625 80665.9375 40 40 40 40 40 86.57411956787109375 216.1890411376953125 212.634613037109375 294.5185546875 270.005126953125 311.60205078125 326.0301513671875 304.3104248046875 404.757659912109375 324.767242431640625 233.2285614013671875 225.1665191650390625 205.093963623046875
96.76496124267578125 100.8364410400390625 173.2534027099609375 217.0803375244140625 200.6820220947265625 360.20257568359375 50.39096832275390625 80213.796875 80620.6875 81062.2578125 81545.9453125 82248.953125 82610.125 83020.640625 83389.421875 83589.8671875 40 1479.4881591796875 40 56.68976593017578125 103.31023406982421875 40 40 782.544189453125 207.146575927734375 80 40 40 40 60.381328582763671875 80843.8671875 47.162624359130859375 94.81154632568359375 109.87579345703125 49.012481689453125 115.43753814697265625 315.336090087890625 231.2334747314453125 264.352752685546875 262.3505859375 351.60205078125 308.36614990234375 355.347412109375 377.499542236328125 607.4163818359375 292.32952880859375 280.419952392578125 230.9249267578125 183.988922119140625
72.38764190673828125 102.74478912353515625 289.071563720703125 391.099517822265625 86.45880126953125 65.00067901611328125 78391.6640625 66.13846588134765625 143.252471923828125 149.0300750732421875 192.7626800537109375 331.3353271484375 218.932586669921875 137.7848358154296875 95.63149261474609375 128.31207275390625 83915.171875 84537.859375 85633.6015625 57.2157135009765625 92.52471923828125 109.60943603515625 105.8548431396484375 1200.6737060546875 184.225189208984375 128.256591796875 40 40 40 106.20859527587890625 173.542022705078125 81081.1484375 204.500579833984375 211.3928680419921875 155.437530517578125 89.0010833740234375 520.5455322265625 211.563995361328125 295.570953369140625 402.5557861328125 480.7071533203125 542.92901611328125 465.501678466796875 646.2652587890625 413.653900146484375 336.263580322265625 233.1923065185546875 228.592071533203125 153.6748809814453125
478.863433837890625 40 74.61983489990234375 178.992034912109375 76591.1328125 76974.3359375 652.7667236328125 607.55133056640625 101.3981475830078125 86.494659423828125 137.8226776123046875 319.64752197265625 216.088592529296875 106.25054931640625 121.5709381103515625 94.46942138671875 112.8497314453125 130.948516845703125 397.628814697265625 86279.546875 40 40 104.9306793212890625 1610.35595703125 112.28829193115234375 71.743408203125 40 40 80 93.79140472412109375 160.2479705810546875 81600.421875 175.1134796142578125 419.822235107421875 311.80108642578125 259.689666748046875 394.08294677734375 508.722930908203125 820.71832275390625 932.59991455078125 887.36114501953125 698.88836669921875 773.4713134765625 437.985107421875 333.904937744140625 342.019775390625 268.88067626953125 201.7474212646484375 153.003204345703125
70563.0078125 73869.1171875 75315.125 75479.21875 415.401458740234375 307.1226806640625 247.8125 273.54022216796875 386.81707763671875 93.210968017578125 107.68381500244140625 254.2510986328125 238.1185302734375 85.12863922119140625 97.5446014404296875 66.162933349609375 88.32901763916015625 169.4989776611328125 147.732391357421875 248.76849365234375 86709.25 45.324192047119140625 40 1650.3623046875 60.847858428955078125 40 40 40 110.88831329345703125 57.269886016845703125 40 190.6819915771484375 82422.2421875 40 546.06561279296875 429.175933837890625 44.90700531005859375 1318.42919921875 606.9195556640625 459.219482421875 631.3985595703125 627.5521240234375 455.437896728515625 468.0782470703125 375.258758544921875 268.519866943359375 294.35137939453125 225.35650634765625 173.772705078125
1836.4034423828125 1726.5654296875 1214.288330078125 40 368.528900146484375 194.0587921142578125 330.696685791015625 159.6216888427734375 305.093963623046875 124.93761444091796875 76.34409332275390625 233.7725677490234375 217.8399810791015625 50.4364013671875 69.5635986328125 40 80 142.542755126953125 132.5253753662109375 179.6614837646484375 204.4290618896484375 87174.90625 87480.5 89259.3828125 221.96771240234375 101.545928955078125 40 40 78.23534393310546875 252.94427490234375 342.7301025390625 278.52191162109375 219.2940521240234375 83072.1484375 40 40 59.33263397216796875 65.574371337890625 3918.8515625 975.82891845703125 542.13519287109375 435.358612060546875 486.30072021484375 325.718048095703125 181.45465087890625 261.039459228515625 414.972198486328125 525.44219970703125 839.82928466796875
1302.4443359375 213.6795501708984375 1904.885009765625 779.4188232421875 124.40362548828125 207.37176513671875 187.296417236328125 254.2126007080078125 267.2744140625 175.035308837890625 47.802158355712890625 125.3280487060546875 203.1239471435546875 59.046047210693359375 40 40 80 80 146.564910888671875 93.435089111328125 173.9532470703125 187.5571746826171875 227.6651458740234375 61.3584136962890625 89689.84375 70.2426605224609375 40 40 50.8763427734375 49.785839080810546875 40 70.980743408203125 345.35174560546875 83277.5546875 40 43.283451080322265625 201.6235504150390625 3958.8515625 139.3139190673828125 617.7684326171875 467.33489990234375 454.16796875 195.578948974609375 309.366180419921875 621.38922119140625 813.90875244140625 694.36358642578125 705.79193115234375 346.56549072265625
1285.98388671875 133.04132080078125 443.186187744140625 2174.058837890625 114.48786163330078125 105.14633941650390625 182.3537445068359375 115.91070556640625 189.1568756103515625 301.68084716796875 44.699798583984375 81.849884033203125 93.0072021484375 81.397064208984375 40 40 40 84.3887481689453125 75.6112518310546875 103.6696929931640625 124.17236328125 127.14533233642578125 135.5465850830078125 107.13402557373046875 40 90098.1171875 80 40 40 40 40 61.10166168212890625 123.08507537841796875 83822.703125 91.6118927001953125 40 240.141998291015625 4214.44482421875 40 167.2713165283203125 343.6204833984375 263.14508056640625 783.03985595703125 959.00079345703125 772.0960693359375 431.089324951171875 484.478790283203125 243.707489013671875 222.3006744384765625
1765.40283203125 72.914794921875 95.76851654052734375 2389.206298828125 96.18793487548828125 86.83425140380859375 104.21186065673828125 125.78905487060546875 101.521270751953125 84.91301727294921875 253.894256591796875 40 40 40 40 40 40 40 40 118.5249176025390625 93.48014068603515625 95.5465850830078125 123.41358184814453125 162.2759552001953125 229.8169403076171875 148.3583984375 90464.9609375 40 40 95.1005096435546875 64.8994903564453125 40 40 40 84025.6953125 40 4546.30029296875 86.0203094482421875 80.81821441650390625 294.89013671875 1043.7879638671875 1134.8226318359375 772.468505859375 429.147491455078125 466.288482666015625 553.5528564453125 302.575714111328125 274.17315673828125 252.366241455078125
2059.9375 40 69.8236083984375 310.32232666015625 2038.8839111328125 101.4709930419921875 70.42713165283203125 83.7980194091796875 91.90259552001953125 57.141712188720703125 48.353603363037109375 165.5406494140625 44.129383087158203125 46.828319549560546875 87.5087127685546875 69.4987640380859375 40 40 40 40 84.36128997802734375 89.58626556396484375 66.0524444580078125 80.05603790283203125 124.38199615478515625 88.87975311279296875 252.8675689697265625 90910.890625 40 40 200 40 40 40 84135.453125 40 4620.607421875 40 2671.00927734375 2631.004638671875 1252.3311767578125 621.181640625 532.0172119140625 692.8927001953125 566.10107421875 361.1341552734375 300.99346923828125 289.329315185546875 267.869842529296875
2206.6552734375 554.44610595703125 40 67.20096588134765625 276.25006103515625 1870.2957763671875 95.66785430908203125 40 72.84232330322265625 40 52.8883514404296875 85.135284423828125 165.4738616943359375 275.38519287109375 433.51068115234375 120.46454620361328125 85.74983978271484375 111.8634796142578125 40 40 40 40 40 53.68651580810546875 99.44237518310546875 149.517974853515625 106.01874542236328125 239.950958251953125 91625.1953125 91814.8828125 91859.5234375 92203.5 92266.71875 92488.953125 176818.28125 294.521484375 7210.71533203125 2760.06201171875 43.548492431640625 40 58.21366119384765625 536.83892822265625 770.63873291015625 638.92218017578125 436.428802490234375 396.808074951171875 308.826171875 257.735382080078125 268.64898681640625
1358.95361328125 1082.7679443359375 46.976428985595703125 40 62.872440338134765625 160.5785980224609375 1796.0989990234375 122.0081634521484375 95.50724029541015625 88.34955596923828125 40 49.189754486083984375 123.92549896240234375 126.7404327392578125 245.3414459228515625 724.06787109375 897.13763427734375 1030.4327392578125 123.0807342529296875 80 40 40 40 66.31348419189453125 104.01674652099609375 129.2079620361328125 179.8497161865234375 374.47308349609375 87.74468994140625 61.92591094970703125 40 41.579021453857421875 133.23773193359375 144.776763916015625 44.420482635498046875 184447.9375 40 112.449066162109375 85.8612823486328125 40 92.05091094970703125 1703.6783447265625 712.6346435546875 684.0531005859375 562.85797119140625 382.2396240234375 288.525390625 236.7657318115234375 121.7296142578125
1207.647705078125 1115.663330078125 120.05442047119140625 40 40 64.21695709228515625 102.271209716796875 1617.1485595703125 43.786296844482421875 53.99786376953125 62.34741973876953125 57.65258026123046875 80 56.707275390625 80.44261932373046875 62.85010528564453125 94.34224700927734375 40 1217.996826171875 40 157.8143463134765625 45.45867919921875 76.7269744873046875 89.83528900146484375 94.5092315673828125 211.9141693115234375 313.005096435546875 51.138580322265625 40 40 54.4839935302734375 92.90496826171875 40 69.53000640869140625 40 184523.84375 152.449066162109375 141.7063446044921875 96.450775146484375 40 1260.07275390625 1215.30615234375 581.2042236328125 218.283447265625 104.3616943359375 112.09392547607421875 158.4430389404296875 125.7371673583984375 291.256500244140625
