gis/40m/flow_accumulation_dinf.asc
ncols        256
nrows        286
xllcorner    726766.000000000000
yllcorner    7127230.000000000000
cellsize     40.000000000000
NODATA_value -9999
[rows 154 to 175 of 286, columns 49 to 97 of 256]
40 40 86.22628021240234375 76.75197601318359375 301.3648681640625 116.0111236572265625 56.397724151611328125 40 40 40 40 40 40 40 106.0397491455078125 80 182370.53125 80 40 40 136.5614166259765625 1727.0924072265625 40 80 40 1382.171142578125 40 40 44.37226104736328125 4500.44677734375 40 40 1190.8048095703125 40 2323.50341796875 40 1459.5289306640625 190.9260406494140625 214.732269287109375 112.06362152099609375 5734.94140625 40 2623.103271484375 71.2065887451171875 80 104.1364288330078125 206.6111602783203125 326.63372802734375 215.3430633544921875
40 71.2264862060546875 134.9998016357421875 40 40 450.748016357421875 119.41233062744140625 103.61338043212890625 40 40 40 40 40 66.0397491455078125 40 40 81.282958984375 182794.703125 182914.703125 40 40 1935.805419921875 40 162.1003265380859375 1494.2718505859375 71.74442291259765625 40 40 40 4614.2578125 40 40 1309.10205078125 40 2440.945068359375 40 1128.3739013671875 539.08502197265625 102.995941162109375 6245.35888671875 40.629703521728515625 2200.96142578125 541.5123291015625 40 170.02484130859375 61.1817474365234375 335.273162841796875 314.953704833984375 300.710693359375
52.38765716552734375 101.30518341064453125 240.8467254638671875 57.73783111572265625 73.94889068603515625 128.2655029296875 552.13714599609375 126.8448638916015625 88.798370361328125 82.7966156005859375 54.931194305419921875 40.851383209228515625 79.14862060546875 133.1088714599609375 87.15643310546875 41.282962799072265625 40 182.8888092041015625 86.4374237060546875 183218.609375 183412.296875 185431.640625 185584.546875 1654.0076904296875 40 40 40 80 40 4764.18359375 40 40 40 1390.232421875 2531.631103515625 40 400.595733642578125 945.15362548828125 441.70965576171875 6285.36279296875 40 40 2782.4736328125 50.106754302978515625 197.0977783203125 144.0020599365234375 40 592.62457275390625 371.29718017578125
40 91.4150390625 379.77349853515625 48.70121002197265625 86.97537994384765625 66.97350311279296875 910.4322509765625 46.081668853759765625 178.7990570068359375 188.628936767578125 80.85137939453125 40 40 40 159.7032318115234375 152.2706451416015625 137.5664520263671875 40 40 128.0261993408203125 98.5036163330078125 40 80 187687.21875 80 80 120 40 40 4864.3349609375 40 52.0059356689453125 67.9940643310546875 52.4605255126953125 3974.43505859375 67.42852020263671875 314.1373291015625 238.0261688232421875 7947.0595703125 3410.8271484375 51.318683624267578125 41.9100494384765625 2860.563720703125 74.92861175537109375 215.8320159912109375 223.00689697265625 77.4390716552734375 40 632.62457275390625
110.17955780029296875 441.00897216796875 88.70121002197265625 40 104.625946044921875 62.3494415283203125 1228.72119140625 218.7990570068359375 205.312286376953125 77.18454742431640625 73.27700042724609375 86.72299957275390625 40 40 46.249202728271484375 210.0391082763671875 304.743316650390625 40 66.529815673828125 40 40 40 408.365936279296875 229.2386016845703125 188107.203125 188347.203125 80 40 40 1716.5748291015625 5040.2587890625 40 105.8889923095703125 137.41387939453125 49.157649993896484375 4081.863525390625 216.8699951171875 177.2673492431640625 8010.47314453125 40 73.576263427734375 66.57930755615234375 2992.572509765625 77.234039306640625 202.1557769775390625 297.9638671875 140.57928466796875 75.57904815673828125 672.62457275390625
8426.896484375 462.381500244140625 80 40 40 1435.6966552734375 154.6954345703125 124.31491851806640625 194.4415740966796875 142.7230072021484375 136.8793487548828125 58.203845977783203125 65.93414306640625 61.10706329345703125 58.89293670654296875 49.51615142822265625 40 344.743316650390625 313.9254150390625 261.5703125 301.5703125 368.365936279296875 93.2043914794921875 40 40 50.80654144287109375 188598.015625 40 40 40 40 5153.388671875 97.98522186279296875 207.3833160400390625 59.442211151123046875 4487.33056640625 40 40 8244.6328125 40 62.999786376953125 90.57647705078125 3100.217529296875 73.148193359375 225.94793701171875 451.29052734375 140.15142822265625 102.97391510009765625 712.62457275390625
67.5375823974609375 9130.6171875 9279.439453125 77.8213348388671875 53.418781280517578125 1630.39208984375 40 153.7371673583984375 120.7044219970703125 204.134674072265625 180.676422119140625 72.99509429931640625 104.3323822021484375 113.517578125 125.8296661376953125 76.44371795654296875 55.3269500732421875 40 124.28807830810546875 132.3551025390625 40 58.39781951904296875 40 40 40 128.466064453125 188787.6875 40 41.134304046630859375 101.0885467529296875 57.7771453857421875 45.362491607666015625 5565.8837890625 40 40 4537.23291015625 40 46.2696533203125 8353.6884765625 44.6749420166015625 65.3842620849609375 77.6155242919921875 763.9073486328125 3524.587158203125 177.18292236328125 535.977294921875 160.756072998046875 117.68251800537109375 725.3851318359375
40 93.864227294921875 165.52276611328125 9778.6064453125 10018.890625 11691.9033203125 231.131317138671875 117.1076202392578125 107.5223236083984375 220.2091522216796875 164.8494873046875 164.107513427734375 163.7802276611328125 144.7315521240234375 178.700775146484375 102.69651031494140625 115.2413787841796875 179.302459716796875 172.3551025390625 40 40 40 40 100.72739410400390625 59.27260589599609375 113.3885345458984375 172.1844635009765625 189120.984375 40 108.278045654296875 127.9400634765625 42.64759063720703125 60.883174896240234375 5645.8837890625 40 2031.6868896484375 2655.646484375 51.44354248046875 8473.189453125 87.83791351318359375 57.54634857177734375 40 40 43.428661346435546875 3820.08349609375 1572.5086669921875 40 157.6825103759765625 765.3851318359375
91.34423065185546875 125.52276611328125 77.598663330078125 139.166259765625 145.9378814697265625 151.3785858154296875 12159.3056640625 12487.0830078125 233.90234375 166.2803802490234375 123.07440185546875 101.16451263427734375 289.880126953125 231.54925537109375 217.6221160888671875 154.476654052734375 141.1795654296875 205.2826080322265625 210.1815185546875 81.128448486328125 68.4506988525390625 47.09706878662109375 102.8203887939453125 117.4214019775390625 73.3885345458984375 40 40 189229.578125 148.278045654296875 40 74.4411163330078125 133.4989471435546875 40 1255.6884765625 4572.67822265625 1691.0513916015625 1235.7994384765625 1933.05615234375 9333.5166015625 106.38677215576171875 73.48464202880859375 69.92464447021484375 40 40 49.760150909423828125 3587.926513671875 1308.789306640625 6000.13134765625 49.455730438232421875
40 40 118.84288787841796875 81.15711212158203125 48.3321533203125 88.810699462890625 125.2550048828125 78.88249969482421875 12938.5732421875 13267.9423828125 40 99.05263519287109375 14125.134765625 14410.54296875 836.59381103515625 505.41314697265625 245.2826080322265625 173.3544769287109375 116.82704925537109375 114.779998779296875 96.1921539306640625 89.36325836181640625 132.1851348876953125 105.4384765625 118.95899200439453125 40 40 285.3194580078125 189783.15625 40 40 114.490570068359375 173.449493408203125 61.021381378173828125 4934.21875 2277.832763671875 1419.3040771484375 11604.9453125 48.982929229736328125 642.10260009765625 482.89666748046875 167.41259765625 49.480152130126953125 40 171.926910400390625 84.16558837890625 3862.151611328125 575.13330078125 200.5814666748046875
40 40 40 40 40 40 80 80 40 106.4880218505859375 13507.939453125 13614.5263671875 53.4160614013671875 40 15582.4228515625 255.2176361083984375 213.3544769287109375 40 302.457489013671875 40 82.4506072998046875 159.3010711669921875 63.803737640380859375 172.1851348876953125 145.4384765625 225.011444091796875 233.88671875 40 189895.109375 40 40 80 213.043670654296875 421.8001708984375 20615.986328125 15628.4951171875 13270.5283203125 164.8188629150390625 55.08036041259765625 84.01064300537109375 113.85009765625 72.58740997314453125 62.21114349365234375 67.914459228515625 77.93817901611328125 85.72437286376953125 64.339263916015625 333.133514404296875 70.47943115234375
98.15763092041015625 280 40 -9999 -9999 40 40 -9999 40 40 40 40 40 40 15702.451171875 40 40 422.457489013671875 49.149566650390625 40 95.380401611328125 116.8850250244140625 149.4862518310546875 103.803741455078125 234.73175048828125 124.646820068359375 105.8639373779296875 40 190014.640625 40 40 80 61.4468994140625 21190.1796875 40 40 40 40 40 40 40 40 40 40 40 55.91628265380859375 64.08371734619140625 179.992645263671875 40
61.842372894287109375 -9999 -9999 -9999 -9999 -9999 -9999 -9999 -9999 -9999 -9999 -9999 -9999 -9999 -9999 -9999 -9999 -9999 103.64647674560546875 235.7887420654296875 359.39947509765625 182.0155181884765625 40 189.4862518310546875 121.257110595703125 530.13189697265625 180.4974212646484375 40 48.525142669677734375 190169.171875 40 40 120 201.8784332275390625 21288.455078125 40 40 40 40 40 40 40 40 40 40 40 40 40 80
-9999 -9999 -9999 -9999 -9999 -9999 -9999 -9999 -9999 -9999 -9999 -9999 -9999 -9999 -9999 -9999 -9999 -9999 40 40 40 479.39947509765625 821.411376953125 913.35137939453125 1136.0662841796875 1166.771484375 1396.1163330078125 70.839752197265625 40 190297.59375 141.447265625 40 40 40 21592.05859375 78.46636199951171875 41.533634185791015625 102.31853485107421875 57.68146514892578125 62.242259979248046875 90.54821014404296875 97.07666778564453125 85.1191864013671875 83.81951904296875 61.19416046142578125 40 40 40 40
-9999 -9999 -9999 -9999 -9999 -9999 -9999 -9999 -9999 -9999 -9999 -9999 -9999 -9999 -9999 -9999 -9999 -9999 40 40 40 40 40 40 43.864917755126953125 40 609.3394775390625 2070.105712890625 2365.950927734375 192665.875 87.75551605224609375 40 40 40 47.2801055908203125 21771.205078125 71.46990966796875 138.980804443359375 69.25205230712890625 142.62847900390625 215.6680755615234375 64.12134552001953125 126.4580841064453125 125.9938507080078125 89.71332550048828125 68.49337005615234375 75.3528900146484375 40 40
-9999 -9999 -9999 -9999 -9999 -9999 -9999 -9999 -9999 -9999 -9999 -9999 -9999 -9999 -9999 -9999 -9999 -9999 -9999 101.05081939697265625 160 200 57.706066131591796875 40 47.2887115478515625 40 41.105350494384765625 405.576019287109375 260.570648193359375 193197.09375 41.6547088623046875 40 59.1512603759765625 60.8487396240234375 122.6396484375 195561.28125 217442.375 217790.953125 218114.8125 218367.125 218666.90625 220153.421875 220445.9375 129.71331787109375 50.99517822265625 97.49819183349609375 139.9761505126953125 55.376728057861328125 40
-9999 -9999 -9999 -9999 -9999 -9999 -9999 -9999 -9999 -9999 -9999 -9999 -9999 -9999 -9999 -9999 -9999 -9999 -9999 -9999 -9999 -9999 222.2939300537109375 320 406.958770751953125 501.53521728515625 597.8475341796875 330.010284423828125 422.6458740234375 548.99456787109375 194177.046875 194436.765625 194722.109375 194851.578125 195220.015625 178.64251708984375 40 128.0209808349609375 214.5956573486328125 73.8101348876953125 40 1382.44189453125 686.08074951171875 221358.625 40 66.3689117431640625 269.029754638671875 117.45241546630859375 40
-9999 -9999 -9999 -9999 -9999 -9999 -9999 -9999 -9999 -9999 -9999 -9999 -9999 -9999 -9999 -9999 -9999 -9999 -9999 -9999 -9999 -9999 -9999 -9999 40 58.46479034423828125 42.152492523193359375 40.86899566650390625 40 99.374359130859375 300.67730712890625 197.94720458984375 164.402008056640625 108.7378692626953125 217.461273193359375 80.75943756103515625 138.64251708984375 179.360443115234375 117.06632232666015625 40 1342.44189453125 611.978515625 40 281.381805419921875 221944.953125 222286.953125 222699.5 222896.953125 223971.0625
-9999 -9999 -9999 -9999 -9999 -9999 -9999 -9999 -9999 -9999 -9999 -9999 -9999 -9999 -9999 -9999 -9999 -9999 -9999 -9999 -9999 -9999 -9999 -9999 -9999 -9999 -9999 -9999 40 40 302.1116943359375 129.468109130859375 106.84801483154296875 98.79033660888671875 81.8011932373046875 88.36882781982421875 100.33434295654296875 114.835235595703125 101.8709716796875 183.9136810302734375 1587.405517578125 63.101108551025390625 145.7842254638671875 182.6081085205078125 137.931488037109375 235.6397552490234375 103.5191802978515625 40 737.05914306640625
-9999 -9999 -9999 -9999 -9999 -9999 -9999 -9999 -9999 -9999 -9999 -9999 -9999 -9999 -9999 -9999 -9999 -9999 -9999 -9999 -9999 -9999 -9999 -9999 -9999 -9999 -9999 -9999 -9999 262.1116943359375 64.96036529541015625 72.92792510986328125 40 40 40 50.537792205810546875 73.971893310546875 75.49031829833984375 51.815410614013671875 1561.169677734375 122.7628631591796875 51.016872406005859375 81.00408172607421875 144.14581298828125 146.491943359375 118.195068359375 87.73009490966796875 697.05914306640625 146.8295440673828125
-9999 -9999 -9999 -9999 -9999 -9999 -9999 -9999 -9999 -9999 -9999 -9999 -9999 -9999 -9999 -9999 -9999 -9999 -9999 -9999 -9999 -9999 -9999 -9999 -9999 -9999 -9999 -9999 -9999 188.18798828125 97.63623046875 47.07207489013671875 40 -9999 -9999 40 40 40 1443.9326171875 107.7121429443359375 52.287853240966796875 40 40 87.14874267578125 107.805206298828125 113.62992095947265625 96.88010406494140625 667.008544921875 270.451416015625
-9999 -9999 -9999 -9999 -9999 -9999 -9999 -9999 -9999 -9999 -9999 -9999 -9999 -9999 -9999 -9999 -9999 -9999 -9999 -9999 -9999 -9999 -9999 -9999 -9999 -9999 -9999 -9999 -9999 46.0968170166015625 44.475475311279296875 40 -9999 -9999 -9999 -9999 40 80 1375.499755859375 792.74444580078125 67.7121429443359375 40 40 75.60657501220703125 167.836395263671875 201.37384033203125 363.4210205078125 442.756011962890625 90.66991424560546875
