gis/40m/LAI_spruce.asc
ncols        256
nrows        286
xllcorner    726766.000000000000
yllcorner    7127230.000000000000
cellsize     40.000000000000
NODATA_value -9999
[rows 180 to 199 of 286, columns 92 to 137 of 256]
0.2601260840892791748 0.33399167656898498535 0.3332684934139251709 0.58999001979827880859 0.69036561250686645508 0.53793305158615112305 0.24123395979404449463 0.43146914243698120117 0.03779670223593711853 0.3519198298454284668 0.91249775886535644531 1.7464880943298339844 1.0630207061767578125 0.56567537784576416016 0.86999469995498657227 0.88744211196899414062 0.61333513259887695312 0.24389789998531341553 0.36370506882667541504 0.47314330935478210449 0.55341833829879760742 0.20957009494304656982 0.28598240017890930176 0.21230036020278930664 0.30847892165184020996 0.38153800368309020996 0.52694666385650634766 0.81423211097717285156 0.7911389470100402832 0.82671284675598144531 0.874515533447265625 0.76176887750625610352 0.84794700145721435547 0.47253504395484924316 0.29158037900924682617 0.59517425298690795898 0.61396145820617675781 0.54732978343963623047 0.63169616460800170898 0.57476574182510375977 0.56999874114990234375 0.83132690191268920898 1.2197711467742919922 0.9386513829231262207 0.18022127449512481689 0.2770442664623260498
0.35917821526527404785 0.30489280819892883301 0.12548063695430755615 0.43326592445373535156 0.53507089614868164062 0.52722686529159545898 0.22365172207355499268 0.35976225137710571289 0.2103201448917388916 0.40279269218444824219 0.43837615847587585449 0.60370773077011108398 1.4271848201751708984 0.74947023391723632812 0.44560122489929199219 0.3494777977466583252 0.45794427394866943359 0.1360308527946472168 0.1725991368293762207 0.40857446193695068359 0.48712396621704101562 0.52747243642807006836 0.75785923004150390625 0.67312735319137573242 0.68741536140441894531 0.86481523513793945312 0.47315293550491333008 0.43050107359886169434 0.80622100830078125 0.91417205333709716797 0.66951107978820800781 0.62591451406478881836 0.73272931575775146484 0.39757275581359863281 0.87670570611953735352 0.90075141191482543945 0.76167881488800048828 0.60766845941543579102 0.51490235328674316406 0.51922762393951416016 0.4264373779296875 0.46404930949211120605 0.92207920551300048828 1.2405736446380615234 0.9909527897834777832 0.88676804304122924805
0.29345148801803588867 0.41127467155456542969 0.2028652578592300415 0.27550014853477478027 0.25413027405738830566 0.47309273481369018555 0.38231900334358215332 0.40282738208770751953 0.48963648080825805664 0.49618029594421386719 0.5129387974739074707 0.70172166824340820312 1.3567291498184204102 1.2673768997192382812 0.34284833073616027832 0.26616370677947998047 0.47879320383071899414 0.24169057607650756836 0.43744480609893798828 0.5037619471549987793 0.55071961879730224609 0.76198863983154296875 0.61139208078384399414 0.75319468975067138672 0.67638379335403442383 0.54830110073089599609 0.24861052632331848145 0.20082588493824005127 0.32725626230239868164 0.63217598199844360352 0.45051795244216918945 0.48795843124389648438 0.38809803128242492676 0.8915774226188659668 1.326277613639831543 1.18030548095703125 1.0703336000442504883 0.56158977746963500977 0.57886141538619995117 0.48584505915641784668 0.255710601806640625 0.55071407556533813477 0.71848565340042114258 0.76728594303131103516 0.8579279780387878418 0.54890716075897216797
0.076488263905048370361 0.3734207451343536377 0.28313690423965454102 0.25845202803611755371 0.23512388765811920166 0.22283482551574707031 0.58496034145355224609 0.62135511636734008789 0.51256549358367919922 0.58021432161331176758 0.62180024385452270508 0.5269820094108581543 0.67988663911819458008 1.1571248769760131836 0.24037855863571166992 0.094301797449588775635 0.54772680997848510742 0.59490382671356201172 0.76536393165588378906 0.79937708377838134766 0.64877420663833618164 0.86570096015930175781 0.51779395341873168945 0.52301609516143798828 0.52195256948471069336 0.51470983028411865234 0.48006537556648254395 0.44847002625465393066 0.19335643947124481201 0.73802423477172851562 0.59431821107864379883 0.62726867198944091797 0.78139275312423706055 1.4997221231460571289 1.6145454645156860352 1.2944513559341430664 0.9889786839485168457 0.81643271446228027344 0.70612496137619018555 0.726535797119140625 0.51043111085891723633 0.56544917821884155273 0.74284815788269042969 0.76891237497329711914 0.68283832073211669922 0.54649049043655395508
0.28405469655990600586 0.17942495644092559814 0.24689635634422302246 0.35339978337287902832 0.41061323881149291992 0.1548983156681060791 0.055212192237377166748 0.31180077791213989258 0.40092638134956359863 0.80152106285095214844 1.2597265243530273438 0.48510843515396118164 0.34662061929702758789 1.1866443157196044922 0.29348030686378479004 0.042506068944931030273 0.56749749183654785156 0.89743077754974365234 1.1918895244598388672 1.1393172740936279297 1.0240916013717651367 1.0663396120071411133 0.53272110223770141602 0.59577256441116333008 0.60127311944961547852 0.60384207963943481445 0.31421634554862976074 0.71067512035369873047 0.16352823376655578613 0.4785753786563873291 0.53952938318252563477 0.70548617839813232422 1.3438104391098022461 1.237361907958984375 1.3461580276489257812 1.1254968643188476562 0.85154241323471069336 1.0772758722305297852 0.94903635978698730469 1.0422371625900268555 0.71074259281158447266 0.54192465543746948242 0.66823863983154296875 0.5602874755859375 0.82387334108352661133 0.91865748167037963867
0.83625406026840209961 0.70701211690902709961 0.66767013072967529297 0.58743190765380859375 0.64092957973480224609 0.56846457719802856445 0.84001713991165161133 0.19308635592460632324 0.12550619244575500488 0.88591349124908447266 1.2208420038223266602 0.6678721308708190918 0.37676033377647399902 0.66256660223007202148 0.23354503512382507324 0.050678323954343795776 0.13896620273590087891 0.82775783538818359375 1.3463448286056518555 1.1430866718292236328 0.94369405508041381836 1.2501326799392700195 0.98408883810043334961 0.57984566688537597656 0.43773353099822998047 0.41757577657699584961 0.32178485393524169922 0.035471815615892410278 0.35939463973045349121 0.50906312465667724609 0.64109057188034057617 1.9561918973922729492 1.3722908496856689453 0.93742907047271728516 1.3489289283752441406 1.2475143671035766602 1.2390522956848144531 0.9303646087646484375 1.1320545673370361328 0.89146453142166137695 0.96885979175567626953 0.90846395492553710938 0.75691705942153930664 0.98366922140121459961 1.2171468734741210938 1.4612914323806762695
1.2901563644409179688 1.1347104310989379883 0.9107920527458190918 0.72087442874908447266 0.86159521341323852539 0.63851243257522583008 0.31769835948944091797 0.50301033258438110352 0.48550546169281005859 0.60624814033508300781 0.98821306228637695312 1.2502037286758422852 0.64607411623001098633 0.62586271762847900391 0.18970239162445068359 0.13157555460929870605 0.23040997982025146484 0.3746541142463684082 1.133021235466003418 1.3814505338668823242 1.3302814960479736328 1.5355236530303955078 1.4358824491500854492 0.93743717670440673828 0.63351649045944213867 0.30994156002998352051 0.24115982651710510254 0.24837838113307952881 0.80894523859024047852 0.57354521751403808594 0.93527173995971679688 1.5246459245681762695 1.0536859035491943359 1.2595323324203491211 1.5200771093368530273 1.0912191867828369141 1.0581238269805908203 1.135084986686706543 0.94378846883773803711 0.70417368412017822266 0.83819234371185302734 0.91053140163421630859 0.72320848703384399414 0.66895514726638793945 1.0850737094879150391 1.2169365882873535156
1.2121245861053466797 1.9322320222854614258 1.375741124153137207 1.0320800542831420898 0.92696821689605712891 0.93777257204055786133 1.2176361083984375 2.2128710746765136719 1.222016453742980957 1.1157526969909667969 1.337474822998046875 1.3436981439590454102 0.3433106541633605957 0.42491349577903747559 0.098897129297256469727 0.13581554591655731201 0.36391019821166992188 0.52209544181823730469 1.1196079254150390625 1.4248569011688232422 1.5327181816101074219 1.5512572526931762695 1.4499338865280151367 1.0240134000778198242 0.68055450916290283203 0.78091162443161010742 0.53015196323394775391 0.55151009559631347656 0.4489415585994720459 0.91408491134643554688 1.1142045259475708008 1.0442411899566650391 0.92512750625610351562 0.83904659748077392578 1.182886958122253418 1.1499370336532592773 1.3395676612854003906 1.54502105712890625 1.3553018569946289062 1.0827263593673706055 1.094899296760559082 1.0687043666839599609 0.92406743764877319336 0.8236662745475769043 1.0496466159820556641 1.1612091064453125
0.30529877543449401855 0.94494509696960449219 1.4797384738922119141 1.4561048746109008789 1.2591440677642822266 1.2627447843551635742 1.6951118707656860352 1.3202379941940307617 1.1716907024383544922 1.2162536382675170898 1.3411060571670532227 0.87906807661056518555 0.62370777130126953125 0.27999019622802734375 0.072190254926681518555 0.31089138984680175781 0.45874717831611633301 0.47576278448104858398 0.5900567173957824707 1.1433519124984741211 1.3532813787460327148 1.5508671998977661133 1.3361830711364746094 1.0354391336441040039 0.97339600324630737305 0.75944757461547851562 0.23736718297004699707 0.33481544256210327148 0.59888589382171630859 0.7827930450439453125 1.0439285039901733398 1.3340382575988769531 1.0506806373596191406 1.111302495002746582 1.4207046031951904297 1.3638846874237060547 1.3227329254150390625 1.4760210514068603516 1.1654413938522338867 1.147360682487487793 1.1174491643905639648 1.2001974582672119141 0.98616379499435424805 1.053997039794921875 1.0545406341552734375 1.3486387729644775391
0.35518339276313781738 0.25558006763458251953 0.28836658596992492676 1.7570539712905883789 0.91843241453170776367 0.85969763994216918945 1.1648588180541992188 0.95105707645416259766 0.78757870197296142578 0.57142943143844604492 0.67992800474166870117 0.24514555931091308594 0.29941731691360473633 0 0.13674183189868927002 0.38071671128273010254 0.7491696476936340332 0.74169486761093139648 0.39936304092407226562 0.82064998149871826172 1.2604620456695556641 1.7294695377349853516 1.3343112468719482422 1.3107639551162719727 1.2393850088119506836 0.88076478242874145508 0.1484833061695098877 0.92710393667221069336 0.63977819681167602539 0.70136743783950805664 1.0478131771087646484 0.95811390876770019531 1.0598648786544799805 1.1796280145645141602 1.2777978181838989258 1.4909819364547729492 1.3193356990814208984 1.4081543684005737305 1.427004694938659668 1.5770267248153686523 1.4822189807891845703 1.0899369716644287109 1.2487113475799560547 0.84869337081909179688 1.13207244873046875 1.271748661994934082
0.64033406972885131836 0.84443897008895874023 1.1931601762771606445 1.0013914108276367188 0.7724062800407409668 0.8608913421630859375 0.90402042865753173828 0.41614648699760437012 0.50580590963363647461 0.22609841823577880859 0.3505236506462097168 0.54827988147735595703 0.11826379597187042236 0.031226212158799171448 0.086669817566871643066 0.60687935352325439453 0.83495885133743286133 0.77584624290466308594 0.40058043599128723145 0.53436988592147827148 0.66545796394348144531 1.2316762208938598633 1.3471341133117675781 1.840584874153137207 1.3413461446762084961 -9999 1.3669115304946899414 1.8242052793502807617 1.1455817222595214844 0.89446568489074707031 1.0000669956207275391 1.0930253267288208008 1.2450646162033081055 1.3487883806228637695 1.1561620235443115234 1.4189640283584594727 1.3309223651885986328 1.4782799482345581055 1.6494877338409423828 1.5311250686645507812 1.1708135604858398438 1.3992744684219360352 1.582190394401550293 1.429340362548828125 1.2293790578842163086 1.3050364255905151367
0.96940380334854125977 1.2668961286544799805 2.1657862663269042969 1.7425966262817382812 1.2373636960983276367 1.0240877866744995117 0.93173140287399291992 0.34130990505218505859 0.67958724498748779297 0.52020919322967529297 0.70977425575256347656 1.092051386833190918 0.61911821365356445312 0.26951274275779724121 0.1533266603946685791 0.70386183261871337891 1.0792980194091796875 0.56135267019271850586 0.80090057849884033203 0.65767967700958251953 0.55399292707443237305 0.67348432540893554688 0.66035890579223632812 1.4009457826614379883 0.46782264113426208496 1.5328090190887451172 2.0436732769012451172 2.0634598731994628906 1.9500379562377929688 1.7930581569671630859 1.4972187280654907227 1.4589657783508300781 0.92373585700988769531 1.394282221794128418 1.1602421998977661133 1.4617458581924438477 1.4322898387908935547 1.5966898202896118164 1.4379994869232177734 1.4868857860565185547 1.4035416841506958008 1.4946439266204833984 1.497318267822265625 1.4575555324554443359 1.3464860916137695312 1.4251904487609863281
1.2878849506378173828 0.75854265689849853516 1.3519197702407836914 1.2224060297012329102 1.494618535041809082 1.6668562889099121094 1.1575021743774414062 1.1659499406814575195 1.3127062320709228516 0.74347043037414550781 0.78586870431900024414 0.81032347679138183594 0.63844031095504760742 0.94867759943008422852 1.3427070379257202148 1.4217505455017089844 1.8001416921615600586 1.0921614170074462891 0.71602725982666015625 0.64737701416015625 0.8676300048828125 1.2128428220748901367 1.055049896240234375 0.15579110383987426758 0.60880529880523681641 0.91196817159652709961 1.438068389892578125 1.6877105236053466797 1.5450625419616699219 1.2712886333465576172 1.5907214879989624023 1.5447922945022583008 1.4502520561218261719 1.6625913381576538086 1.3772342205047607422 1.4882102012634277344 1.5787539482116699219 1.4804323911666870117 1.3294250965118408203 1.520371556282043457 1.3228144645690917969 1.4452289342880249023 1.1751438379287719727 1.5206267833709716797 1.4912813901901245117 1.3595988750457763672
0 0.087425746023654937744 1.4132176637649536133 1.3431009054183959961 1.3334878683090209961 1.6177175045013427734 1.1387795209884643555 1.1172407865524291992 1.3895674943923950195 1.2612471580505371094 1.3226906061172485352 1.3209267854690551758 1.1360387802124023438 1.1609408855438232422 1.017126917839050293 0.93992364406585693359 1.0707973241806030273 1.8933252096176147461 1.7766866683959960938 1.4437354803085327148 1.8587268590927124023 1.4953105449676513672 0.37840160727500915527 0.78322523832321166992 1.1600933074951171875 1.3219513893127441406 1.0832779407501220703 0.77078413963317871094 0.90713387727737426758 1.0956429243087768555 1.5263817310333251953 1.2193087339401245117 1.1095613241195678711 1.1610518693923950195 1.0218806266784667969 1.3596582412719726562 1.6683539152145385742 1.4311195611953735352 1.117281794548034668 1.2842490673065185547 1.324284672737121582 1.6820054054260253906 1.5020346641540527344 1.4887791872024536133 1.2738348245620727539 1.4402582645416259766
0.59523332118988037109 1.0585169792175292969 1.4449516534805297852 1.3822622299194335938 1.4315946102142333984 1.9177386760711669922 1.3166000843048095703 1.7931360006332397461 1.6717302799224853516 1.846893310546875 1.8012810945510864258 1.8349018096923828125 1.1289018392562866211 1.0027321577072143555 1.023568272590637207 0.98806685209274291992 1.3256200551986694336 1.6067109107971191406 1.1392618417739868164 1.7900125980377197266 1.8686616420745849609 1.1738389730453491211 0.37591621279716491699 1.7931069135665893555 1.5986156463623046875 1.5084099769592285156 1.4002020359039306641 1.3676325082778930664 1.4084806442260742188 1.6978538036346435547 1.5689370632171630859 1.6691058874130249023 1.2597686052322387695 0.74069333076477050781 0.63443344831466674805 0.69052064418792724609 1.1968662738800048828 1.0613124370574951172 1.0199718475341796875 1.5183793306350708008 1.4335181713104248047 1.3539682626724243164 1.5270648002624511719 1.4095928668975830078 1.1888207197189331055 1.2496242523193359375
1.8188662528991699219 1.2542483806610107422 0.57093954086303710938 0.89915198087692260742 1.2122462987899780273 1.6180351972579956055 1.832510828971862793 2.1980483531951904297 2.3533403873443603516 2.3306014537811279297 1.9539144039154052734 1.972582697868347168 2.1244590282440185547 1.8797158002853393555 1.3760753870010375977 1.7300913333892822266 2.1446204185485839844 1.651579737663269043 1.1350246667861938477 1.6518841981887817383 2.0883667469024658203 0.088189087808132171631 0.64228320121765136719 0.92681783437728881836 0.97941321134567260742 0.71687406301498413086 0.68599843978881835938 0.63212096691131591797 0.29356154799461364746 0.6282030940055847168 0.30582723021507263184 0 2.1511905193328857422 1.0825673341751098633 1.3628351688385009766 0.85930842161178588867 0.90809988975524902344 0.5444952845573425293 0.68488347530364990234 1.012287139892578125 0.80986231565475463867 1.9844108819961547852 1.9308258295059204102 2.2861588001251220703 1.3217312097549438477 0.99285405874252319336
1.4183229207992553711 1.135889887809753418 1.4181760549545288086 1.2189849615097045898 0.88225877285003662109 1.4068953990936279297 0.821353912353515625 0.57623910903930664062 1.8323206901550292969 2.12331390380859375 1.6872464418411254883 1.6226295232772827148 1.3086758852005004883 1.5730636119842529297 1.7375299930572509766 1.7392666339874267578 1.2785482406616210938 1.0886701345443725586 1.2185671329498291016 1.5212296247482299805 0.59500521421432495117 0.064486868679523468018 0.24872212111949920654 0.19988016784191131592 0.033585570752620697021 0.20295868813991546631 0.28778028488159179688 0.59173864126205444336 0.055470392107963562012 0.17096811532974243164 0.11975243687629699707 0.1367728114128112793 0.40434780716896057129 1.4312841892242431641 2.0725016593933105469 1.4527633190155029297 0.64501833915710449219 0.75956135988235473633 0.2731838524341583252 0.51053577661514282227 0.26138174533843994141 0.68502753973007202148 0.69454586505889892578 0.66031914949417114258 0.52310109138488769531 0.81135362386703491211
1.4731669425964355469 1.3607119321823120117 0.61093240976333618164 0.62578016519546508789 1.071980595588684082 1.019741058349609375 0.56608384847640991211 0.24329774081707000732 0.16499765217304229736 0.73480778932571411133 1.1543447971343994141 1.7208526134490966797 1.6103587150573730469 1.9037898778915405273 1.504794001579284668 2.0669496059417724609 1.2599102258682250977 1.3793036937713623047 1.4116395711898803711 0.44761416316032409668 0.45187169313430786133 0.44862326979637145996 0.59672540426254272461 0.47798001766204833984 0.22448185086250305176 0.14255867898464202881 0.6966648101806640625 0.20498737692832946777 0 0 0.15689435601234436035 1.0079265832901000977 1.2455345392227172852 2.0671756267547607422 1.3969806432723999023 0.70543837547302246094 1.164158940315246582 0.11865073442459106445 0.29831737279891967773 0.08614972233772277832 0.14100973308086395264 0.085613250732421875 0.57639133930206298828 0.54678875207901000977 0.60472071170806884766 0.39046195149421691895
1.110428929328918457 1.4355897903442382812 1.3406758308410644531 1.3613402843475341797 1.5033239126205444336 1.5661848783493041992 1.1376515626907348633 0.79185694456100463867 0.74191772937774658203 1.4333721399307250977 1.7603970766067504883 1.7534176111221313477 1.3445737361907958984 1.0142949819564819336 0.98818558454513549805 1.474976658821105957 1.6329143047332763672 1.1639504432678222656 0.99270093441009521484 0.69227313995361328125 0.62452346086502075195 0.81527161598205566406 0.90313798189163208008 1.0753144025802612305 1.1106454133987426758 1.1347373723983764648 1.6854668855667114258 0.52132058143615722656 0.22585317492485046387 0.19510979950428009033 0.30833166837692260742 1.3143533468246459961 1.261622309684753418 1.8409144878387451172 1.8017462491989135742 1.1028817892074584961 1.2551472187042236328 0.39705774188041687012 0.80894166231155395508 0.75009125471115112305 0.79986608028411865234 0.90736693143844604492 1.0598399639129638672 1.1873314380645751953 1.0075241327285766602 0.75928759574890136719
0 0.48961168527603149414 1.2940199375152587891 1.0395239591598510742 0.98807227611541748047 1.7831532955169677734 1.2669174671173095703 1.5356726646423339844 1.7485413551330566406 2.1132776737213134766 1.3402663469314575195 0.95699775218963623047 0.9531624913215637207 1.219024658203125 1.4238568544387817383 1.1427698135375976562 1.3290197849273681641 0.26356476545333862305 1.0392129421234130859 1.1678586006164550781 0.70400631427764892578 0.82195645570755004883 0.81839388608932495117 0.94487720727920532227 1.2711549997329711914 1.6721416711807250977 1.6210842132568359375 0.79241335391998291016 0.78461575508117675781 0.66091269254684448242 0.81682920455932617188 1.709508061408996582 0.38072764873504638672 0.82543075084686279297 0.95427209138870239258 1.0102127790451049805 1.7252459526062011719 1.4332431554794311523 1.7089507579803466797 2.063632965087890625 1.4957712888717651367 1.4654450416564941406 1.0626627206802368164 0.91039675474166870117 0.11492855846881866455 0.12090145796537399292
