gis/40m/LAI_pine.asc
ncols        256
nrows        286
xllcorner    726766.000000000000
yllcorner    7127230.000000000000
cellsize     40.000000000000
NODATA_value -9999
[rows 60 to 79 of 286, columns 138 to 183 of 256]
1.5298804044723510742 0.47809082269668579102 0 1.0802527666091918945 0.4744205474853515625 0 0 0 0 0.0091815171763300895691 0.11217682808637619019 0.30538386106491088867 0.41536271572113037109 1.1421042680740356445 1.2272677421569824219 0.17254304885864257812 0 0 0 0 0 1.2874770164489746094 1.0140721797943115234 0.95618981122970581055 1.0937179327011108398 1.878086090087890625 1.7832500934600830078 0.63110041618347167969 0.4395459294319152832 0.91292095184326171875 0.97939658164978027344 2.9828183650970458984 0.22767211496829986572 0 0 0.35470810532569885254 2.0702865123748779297 2.204730987548828125 1.7663973569869995117 1.7265136241912841797 1.5713658332824707031 1.9122751951217651367 1.3906512260437011719 1.1359337568283081055 1.3126981258392333984 1.3456461429595947266
1.4293878078460693359 1.2208917140960693359 0.34221389889717102051 0.95832341909408569336 0.85476601123809814453 0.084510736167430877686 0 0 0 0.012808355502784252167 0.27188605070114135742 0.49386769533157348633 0.015320674516260623932 0.31583189964294433594 0.24472475051879882812 0 0 0 0 0 0.62241309881210327148 1.5898040533065795898 1.2980047464370727539 1.388829350471496582 1.1938033103942871094 1.2977304458618164062 1.3704503774642944336 1.0030478239059448242 0.11914133280515670776 0.37196862697601318359 1.1440962553024291992 0.61095976829528808594 0.0081006679683923721313 0 0.25077542662620544434 1.2302021980285644531 1.4430907964706420898 1.4612609148025512695 2.1523292064666748047 1.912279963493347168 1.6082602739334106445 1.2577437162399291992 1.1333446502685546875 1.4716840982437133789 1.2424172163009643555 1.2895032167434692383
1.4100270271301269531 1.3756659030914306641 0.92386978864669799805 0.99998241662979125977 1.4373453855514526367 0.58871519565582275391 0.0013925833627581596375 0 0 0.013521574437618255615 0.25321680307388305664 0.48262718319892883301 0.014167228713631629944 0 0.30532804131507873535 0.25755679607391357422 0.19906008243560791016 0.14711290597915649414 0.12044398486614227295 0 0.95702004432678222656 1.5596987009048461914 1.2477794885635375977 1.6221494674682617188 1.1882892847061157227 0.80545073747634887695 1.1928969621658325195 1.5673456192016601562 0.44911476969718933105 0.11284246295690536499 0.27195563912391662598 0.58454763889312744141 0.34840634465217590332 0 0.47424238920211791992 1.6513104438781738281 1.4208087921142578125 1.1136097908020019531 1.8352717161178588867 1.4687360525131225586 1.5504375696182250977 1.1597983837127685547 1.484418034553527832 1.6274851560592651367 1.0980681180953979492 0.88809323310852050781
1.1740704774856567383 1.2021238803863525391 1.2621510028839111328 1.2154085636138916016 1.7870974540710449219 1.4503490924835205078 0.019120654091238975525 0 0 0.017529107630252838135 0.12286968529224395752 1.0440187454223632812 0.35847052931785583496 0.062656745314598083496 0.5859406590461730957 1.5562124252319335938 1.1832708120346069336 1.1926399469375610352 1.1331895589828491211 0.52314043045043945312 0.91165965795516967773 1.5977675914764404297 1.9913440942764282227 1.773175358772277832 1.4141471385955810547 0.24248059093952178955 0.49777776002883911133 2.3489394187927246094 0.52262502908706665039 0.2943922877311706543 0.14034885168075561523 1.0266404151916503906 0.58039259910583496094 0 0.4476381838321685791 1.5711030960083007812 1.7496432065963745117 1.5251126289367675781 1.7255877256393432617 1.1672708988189697266 1.1560122966766357422 1.2766333818435668945 1.9872282743453979492 1.2490657567977905273 0.9969475865364074707 0.84358638525009155273
1.690373539924621582 1.1395729780197143555 1.4197669029235839844 1.6367059946060180664 1.6617288589477539062 1.9681308269500732422 0.29338631033897399902 0.099253065884113311768 0.13226878643035888672 0.3784872889518737793 0.3751118779182434082 0.73671108484268188477 1.7290855646133422852 0.44635665416717529297 0.64872539043426513672 1.5498232841491699219 1.0865331888198852539 1.2978665828704833984 1.5628428459167480469 1.8981331586837768555 1.6082915067672729492 1.1645801067352294922 1.7812851667404174805 0.96280252933502197266 1.0138212442398071289 0.46663624048233032227 2.1045324802398681641 2.9452693462371826172 0.10323966294527053833 0.96957784891128540039 1.6784229278564453125 2.0100677013397216797 1.9031050205230712891 0 0.63380610942840576172 2.1493360996246337891 1.0034501552581787109 1.5117609500885009766 1.7501859664916992188 1.8848530054092407227 1.2567501068115234375 1.4837923049926757812 1.2628042697906494141 0.87917792797088623047 1.210971832275390625 1.1987644433975219727
1.9801963567733764648 1.66588592529296875 1.4616280794143676758 1.6734998226165771484 1.7936533689498901367 1.6371300220489501953 1.452017664909362793 0.33078607916831970215 0.42496550083160400391 0.50693869590759277344 0.5825958251953125 0.57404530048370361328 1.5782305002212524414 1.36621856689453125 1.1953127384185791016 1.0593965053558349609 1.3348954916000366211 1.2377706766128540039 0.98503142595291137695 1.4218765497207641602 2.0339581966400146484 1.2726041078567504883 1.2991557121276855469 0.39518317580223083496 0.21349273622035980225 0.10071930289268493652 2.1396527290344238281 1.7228205204010009766 1.4150433540344238281 2.6399021148681640625 3.1592624187469482422 1.5732082128524780273 1.6539371013641357422 0.68302518129348754883 0.2898852229118347168 1.5373928546905517578 1.617358088493347168 1.1912021636962890625 1.5696878433227539062 1.227019190788269043 1.6204035282135009766 1.2176531553268432617 1.7752540111541748047 0.77885794639587402344 0.90286004543304443359 1.3389567136764526367
1.2882494926452636719 1.7540984153747558594 1.510901331901550293 1.464490056037902832 1.7631440162658691406 1.6020947694778442383 1.7112658023834228516 0.90406531095504760742 0.32223409414291381836 0.48085096478462219238 0.50954991579055786133 0.5730495452880859375 0.8078276515007019043 1.1830478906631469727 1.1716008186340332031 1.3294365406036376953 1.0489296913146972656 0.98837900161743164062 1.0079697370529174805 0.9526856541633605957 1.3635945320129394531 1.7627789974212646484 0.87040436267852783203 0.028719700872898101807 0.18542495369911193848 1.2266869544982910156 1.9374567270278930664 1.6783849000930786133 2.0440454483032226562 1.8845198154449462891 1.9793596267700195312 1.6321175098419189453 1.4464673995971679688 1.5463182926177978516 1.2201732397079467773 1.3412891626358032227 1.8740992546081542969 1.4535174369812011719 1.4789065122604370117 1.5754946470260620117 1.5856691598892211914 1.7213089466094970703 1.0027748346328735352 1.3278214931488037109 1.1807771921157836914 1.3630692958831787109
1.6842118501663208008 1.9018900394439697266 1.9314159154891967773 1.5418407917022705078 1.6177797317504882812 1.55297088623046875 1.4093267917633056641 1.42511749267578125 0.588603973388671875 0.81426846981048583984 0.52536946535110473633 0.38611608743667602539 0.62231016159057617188 1.0354628562927246094 0.92845916748046875 0.87382227182388305664 1.0146582126617431641 0.97445851564407348633 1.0310585498809814453 0.93134552240371704102 0.94681245088577270508 0.99190580844879150391 0.37803402543067932129 0.074709028005599975586 1.1312211751937866211 1.9809424877166748047 1.8941888809204101562 1.896367192268371582 2.5088832378387451172 1.9536235332489013672 1.8812023401260375977 1.6986380815505981445 2.1757783889770507812 1.7471265792846679688 1.8855804204940795898 1.4110066890716552734 1.9297659397125244141 1.5382456779479980469 1.8442720174789428711 1.5382655858993530273 1.6866424083709716797 2.2375245094299316406 0.83297181129455566406 1.6510361433029174805 1.0917825698852539062 0.88327139616012573242
1.9658042192459106445 1.9461431503295898438 2.0494091510772705078 1.7261769771575927734 1.8021093606948852539 1.583249211311340332 1.2551511526107788086 1.4370455741882324219 1.2515692710876464844 1.2133531570434570312 0.86504119634628295898 0.571521759033203125 0.74557512998580932617 1.0002228021621704102 1.0814540386199951172 1.1694267988204956055 1.1382541656494140625 1.2365256547927856445 1.151452183723449707 1.3754714727401733398 1.272143244743347168 1.1695353984832763672 1.0274860858917236328 0.80556237697601318359 1.2716864347457885742 2.1154959201812744141 2.1788420677185058594 1.7837795019149780273 2.2188386917114257812 1.7950423955917358398 1.5060937404632568359 2.2442507743835449219 2.6506934165954589844 1.9707036018371582031 2.2383894920349121094 2.3461441993713378906 1.760357975959777832 1.5798772573471069336 1.4843817949295043945 1.4424035549163818359 1.7318035364151000977 2.1458280086517333984 1.0019043684005737305 0.53429508209228515625 0.62458068132400512695 1.1683806180953979492
1.8928179740905761719 2.0536601543426513672 1.6128212213516235352 1.7385866641998291016 1.7277506589889526367 1.680420994758605957 1.1211963891983032227 1.2207355499267578125 1.5643327236175537109 1.6263445615768432617 1.224291682243347168 1.0716621875762939453 1.4910920858383178711 1.1441679000854492188 1.0939152240753173828 1.3704437017440795898 1.5194230079650878906 1.2883908748626708984 1.1425744295120239258 1.272181391716003418 1.1604912281036376953 1.1423406600952148438 1.5019003152847290039 1.4551969766616821289 1.4357435703277587891 1.1257240772247314453 1.1305565834045410156 1.5359197854995727539 1.949343562126159668 2.1411015987396240234 1.8858826160430908203 1.9375215768814086914 1.9602544307708740234 1.9185537099838256836 2.0271346569061279297 2.0364360809326171875 1.9855879545211791992 2.4967617988586425781 1.0897290706634521484 1.0059217214584350586 1.4934737682342529297 1.1604382991790771484 0.63300281763076782227 0.82113271951675415039 0.79329329729080200195 1.1097413301467895508
1.6827805042266845703 1.9513419866561889648 1.6898910999298095703 1.6976031064987182617 1.5677944421768188477 1.721945643424987793 1.2979367971420288086 1.0741350650787353516 1.6441190242767333984 1.7606918811798095703 1.816992640495300293 1.3227460384368896484 1.8207912445068359375 1.5705140829086303711 1.0657693147659301758 1.3851454257965087891 1.5658400058746337891 1.605762481689453125 1.4803638458251953125 1.2458615303039550781 1.2964997291564941406 1.4803978204727172852 1.6502906084060668945 1.4441076517105102539 1.3043352365493774414 0.98309671878814697266 0.91991275548934936523 1.4927990436553955078 1.9687188863754272461 1.6394578218460083008 1.7195880413055419922 2.6658067703247070312 1.7415326833724975586 1.2139077186584472656 1.5970537662506103516 2.0118339061737060547 2.4008874893188476562 1.783949732780456543 1.0210243463516235352 0.95033216476440429688 0.48372754454612731934 0.21884317696094512939 0.22696530818939208984 0.71734106540679931641 0.8829930424690246582 0.77359461784362792969
1.62125396728515625 1.903301239013671875 1.6206498146057128906 1.6009070873260498047 1.6188459396362304688 1.0964866876602172852 0.94044983386993408203 1.6017310619354248047 1.4592947959899902344 1.4541959762573242188 1.8411381244659423828 1.564755558967590332 1.474026799201965332 1.6502617597579956055 1.6294207572937011719 1.352421879768371582 1.6059168577194213867 1.6314640045166015625 1.6263124942779541016 1.3120423555374145508 1.2831389904022216797 1.4326834678649902344 1.5170691013336181641 1.2880702018737792969 0.86781704425811767578 0.70116007328033447266 1.1104555130004882812 1.9168286323547363281 1.8873674869537353516 1.9603552818298339844 2.001434326171875 1.5272027254104614258 1.319584965705871582 1.6296035051345825195 1.603947758674621582 1.6866077184677124023 1.4151321649551391602 1.3026872873306274414 0.44197899103164672852 0.41436231136322021484 0.20476706326007843018 0.24644906818866729736 0.65703666210174560547 0.50473123788833618164 1.3101226091384887695 1.5026309490203857422
1.5257374048233032227 1.5423449277877807617 1.7940242290496826172 1.7334798574447631836 1.8766486644744873047 1.4355472326278686523 1.2067383527755737305 1.685570836067199707 1.2536104917526245117 1.4550179243087768555 1.7124959230422973633 1.7209073305130004883 1.665645599365234375 1.656245112419128418 1.6029745340347290039 1.2456624507904052734 1.6129087209701538086 1.7228201627731323242 1.4387824535369873047 0.82233381271362304688 0.61428350210189819336 1.6828417778015136719 1.5652129650115966797 1.1356774568557739258 0.84360903501510620117 0.86259531974792480469 0.16131258010864257812 0.62360644340515136719 1.7348508834838867188 2.1232457160949707031 1.9785726070404052734 1.3663429021835327148 1.5102081298828125 1.2354295253753662109 1.3175213336944580078 1.2524564266204833984 1.7130562067031860352 1.514426112174987793 0.79268443584442138672 0.27605888247489929199 0.2439250946044921875 0.40246972441673278809 1.5548559427261352539 1.1834398508071899414 0.51772916316986083984 1.098466038703918457
1.723933100700378418 1.0420621633529663086 1.5556451082229614258 1.8419698476791381836 1.6541565656661987305 1.6997543573379516602 1.3004362583160400391 1.3426090478897094727 1.7211806774139404297 1.9569257497787475586 1.9212350845336914062 1.6257642507553100586 1.4555503129959106445 1.6873360872268676758 1.5396468639373779297 1.4331623315811157227 1.5390642881393432617 1.7342351675033569336 1.6681702136993408203 0.83218199014663696289 0.32689422369003295898 1.9184660911560058594 1.6029506921768188477 1.2794249057769775391 0.67111212015151977539 0.36018720269203186035 0.0056116101332008838654 0 1.2589415311813354492 1.745882868766784668 1.4440019130706787109 1.5749870538711547852 1.4498820304870605469 1.3253329992294311523 1.0762312412261962891 0.9267336726188659668 1.305479884147644043 2.3850543498992919922 1.6024100780487060547 0.57321304082870483398 0.35193675756454467773 0.98528152704238891602 2.0250334739685058594 0.74137020111083984375 0.8973757624626159668 1.3794382810592651367
1.4474309682846069336 0.13279043138027191162 1.1456241607666015625 1.5562440156936645508 1.5888265371322631836 1.5388567447662353516 1.3709114789962768555 1.7550249099731445312 1.7156196832656860352 2.1374793052673339844 1.9219053983688354492 1.8420050144195556641 0.81918102502822875977 0.79678398370742797852 1.3932520151138305664 1.3264240026473999023 1.0406253337860107422 1.2168512344360351562 0.92584788799285888672 0.79928451776504516602 0.48523348569869995117 0.81020665168762207031 1.0420892238616943359 1.3496701717376708984 0.74411284923553466797 0 0 0 0.05875871703028678894 1.2560735940933227539 1.1361609697341918945 1.3624312877655029297 2.03984832763671875 1.5639230012893676758 1.7088071107864379883 1.2444186210632324219 0.30449280142784118652 0.74700242280960083008 2.0891766548156738281 1.3767299652099609375 0.39365527033805847168 0.53032881021499633789 0.32969263195991516113 0.29229786992073059082 1.3036557435989379883 1.1265121698379516602
0.52652555704116821289 0 0.50785863399505615234 1.2213233709335327148 1.7771934270858764648 1.9508048295974731445 1.5557824373245239258 1.2148039340972900391 1.6948074102401733398 1.8402426242828369141 1.7754664421081542969 1.7449994087219238281 0.94874089956283569336 0.80270797014236450195 1.3120214939117431641 1.5659180879592895508 2.2907972335815429688 0.80460900068283081055 0.9391759037971496582 1.7772226333618164062 1.2284547090530395508 0.22535304725170135498 0.8636996150016784668 0.52823793888092041016 0.9003359675407409668 0.69929146766662597656 0.81600224971771240234 0.58355700969696044922 0.93224328756332397461 1.3663036823272705078 1.0359112024307250977 1.1553856134414672852 1.7598667144775390625 1.6095626354217529297 1.6104313135147094727 1.431100010871887207 0.4985612332820892334 0.95014619827270507812 1.4023276567459106445 0.74739402532577514648 0.29156580567359924316 0.25329160690307617188 0.28017291426658630371 0.09950733184814453125 0.21015197038650512695 0.1585906296968460083
1.4422183036804199219 0.62255203723907470703 0.72343033552169799805 1.2057565450668334961 1.2237700223922729492 1.6687548160552978516 1.7886857986450195312 1.631296992301940918 1.8371686935424804688 1.8093943595886230469 1.2401475906372070312 1.351246953010559082 1.2508840560913085938 1.1528716087341308594 0.73778748512268066406 0.082553878426551818848 0.1180024370551109314 0.032358981668949127197 0.053968504071235656738 0.84567850828170776367 2.5754544734954833984 2.0646376609802246094 2.3967561721801757812 2.0625975131988525391 1.6307396888732910156 1.5667678117752075195 1.5511916875839233398 1.5203790664672851562 1.5992920398712158203 1.8302853107452392578 1.9011406898498535156 2.0075025558471679688 1.9982410669326782227 1.9425371885299682617 1.4868512153625488281 1.1050089597702026367 0.25335037708282470703 1.0957303047180175781 1.978133082389831543 0.96796917915344238281 0.21303687989711761475 0.36791622638702392578 0.45693072676658630371 1.0761835575103759766 0.62422603368759155273 0.21187317371368408203
1.8807829618453979492 2.0027940273284912109 1.2169415950775146484 0.59892857074737548828 0.83725649118423461914 1.4721547365188598633 1.9190814495086669922 1.7816916704177856445 1.2409201860427856445 1.2125283479690551758 0.91221439838409423828 0.64520812034606933594 0.77162003517150878906 0.2087793201208114624 0 0 0.022486042231321334839 0.32793208956718444824 0.43064105510711669922 1.3122758865356445312 1.8791377544403076172 2.2676579952239990234 1.7286893129348754883 1.4902400970458984375 1.7537455558776855469 2.2396407127380371094 1.8696949481964111328 1.4134802818298339844 1.3652096986770629883 1.6743593215942382812 2.2293949127197265625 2.1876187324523925781 1.6452603340148925781 1.9725081920623779297 1.5073937177658081055 0.76952159404754638672 0.31738260388374328613 1.6228147745132446289 1.4266213178634643555 1.4973567724227905273 0.54897600412368774414 0.53206789493560791016 0.30605617165565490723 0.53508096933364868164 0.34754347801208496094 0.1835803687572479248
2.6590650081634521484 1.0382143259048461914 0 0 0.15572826564311981201 0.99044859409332275391 1.8220083713531494141 2.0210430622100830078 0.58361721038818359375 1.1212362051010131836 1.2492111921310424805 0.75002110004425048828 0.53584462404251098633 0.15259175002574920654 0.017407460138201713562 0.13987195491790771484 0.39924022555351257324 1.5993256568908691406 2.0654425621032714844 2.4230446815490722656 2.0259644985198974609 1.9432961940765380859 1.5656864643096923828 1.1701151132583618164 1.7115299701690673828 2.1396284103393554688 1.8434776067733764648 1.9672816991806030273 1.9527280330657958984 1.6129522323608398438 1.6092880964279174805 1.8568377494812011719 1.2840481996536254883 0.95266073942184448242 0.71397954225540161133 0.46257421374320983887 0.46352803707122802734 1.3488087654113769531 0.71111929416656494141 1.2615848779678344727 1.6225014925003051758 1.2067087888717651367 0.33402293920516967773 0.19557654857635498047 0.14643010497093200684 0.19622397422790527344
2.2930989265441894531 1.7733938694000244141 0.17195278406143188477 0 0 0 0.20944650471210479736 1.1014939546585083008 0.086750142276287078857 0.73456215858459472656 1.1629863977432250977 0.91395246982574462891 0.9562015533447265625 1.096926569938659668 1.3676146268844604492 1.7404816150665283203 1.9265488386154174805 2.2362287044525146484 2.396404266357421875 2.1743419170379638672 1.7280946969985961914 0.9284210205078125 1.4803690910339355469 1.8490707874298095703 1.2756235599517822266 1.043309330940246582 1.1891385316848754883 1.8528829813003540039 2.2173266410827636719 2.2305889129638671875 2.013240814208984375 2.0096526145935058594 1.1805590391159057617 0.022775920107960700989 0.032912474125623703003 0.15083955228328704834 0.58863568305969238281 0.700344085693359375 0.73427206277847290039 1.3177877664566040039 1.8531855344772338867 0.89085417985916137695 0.15581636130809783936 0.15831008553504943848 0.17354914546012878418 0.26887550950050354004
