gis/40m/LAI_pine.asc
ncols        256
nrows        286
xllcorner    726766.000000000000
yllcorner    7127230.000000000000
cellsize     40.000000000000
NODATA_value -9999
[rows 240 to 259 of 286, columns 184 to 229 of 256]
0.79452157020568847656 1.3028094768524169922 1.1157435178756713867 0.65605247020721435547 0.50062710046768188477 0.33231914043426513672 0.41021454334259033203 0.55987656116485595703 0.58523321151733398438 0.59271436929702758789 0.3226159214973449707 0.123497791588306427 0.085585586726665496826 0.023219650611281394958 0 0 0 0.54799562692642211914 1.4094117879867553711 1.6783107519149780273 1.2271735668182373047 0.078279644250869750977 0 0 0.0030333374161273241043 0.20162872970104217529 1.1394760608673095703 1.5000165700912475586 1.1465395689010620117 1.0559315681457519531 1.816951751708984375 1.7096934318542480469 1.4528309106826782227 1.2936979532241821289 1.7988203763961791992 1.7971811294555664062 2.727787017822265625 2.3188664913177490234 1.8140234947204589844 0.87444400787353515625 0.19731895625591278076 1.6961789131164550781 2.6992952823638916016 2.2166535854339599609 2.1559998989105224609 1.9479218721389770508
0.64439868927001953125 0.97356683015823364258 0.78195488452911376953 0.43187409639358520508 0.4074230492115020752 0.40420287847518920898 0.64695888757705688477 0.49397307634353637695 0.30559408664703369141 0.045610941946506500244 0 0 0.15991306304931640625 0.065075695514678955078 0 0 0 0.034759204834699630737 0.35402175784111022949 1.2249600887298583984 1.4099817276000976562 0.83735507726669311523 0.023859456181526184082 0 0.00013105585821904242039 0.027700543403625488281 1.9950935840606689453 1.480967402458190918 1.0799878835678100586 1.0690964460372924805 1.7579065561294555664 1.6347930431365966797 1.3038151264190673828 1.344881892204284668 1.639288783073425293 1.8752241134643554688 2.0562391281127929688 2.4140901565551757812 2.2277710437774658203 1.463143467903137207 0.74805337190628051758 1.5563321113586425781 2.2732851505279541016 2.4532420635223388672 2.0331425666809082031 1.5394988059997558594
0.54707813262939453125 0.53242075443267822266 0.49412196874618530273 0.42662271857261657715 0.42424523830413818359 0.57811552286148071289 0.48063057661056518555 0.50850701332092285156 0.22370961308479309082 0.1116742938756942749 0.58144319057464599609 0.071482531726360321045 0 0.0026100408285856246948 0 0 0.028106121346354484558 0 0 0 0.49051138758659362793 1.3552608489990234375 0.59072846174240112305 0.0049799466505646705627 0 0 0 0.4618892967700958252 1.2108223438262939453 1.1428599357604980469 1.0280989408493041992 0.96486496925354003906 0.95319139957427978516 1.6209149360656738281 1.7010778188705444336 2.0463902950286865234 1.9200609922409057617 2.1988744735717773438 1.9901939630508422852 2.2002043724060058594 1.6149731874465942383 1.8733718395233154297 1.6318467855453491211 1.8514463901519775391 1.6509543657302856445 1.5269478559494018555
0.38075914978981018066 0.49705219268798828125 0.52077692747116088867 0.38001084327697753906 0.46752646565437316895 0.52083188295364379883 0.41846495866775512695 0.47177621722221374512 0.2508754730224609375 0.3189767301082611084 1.1732969284057617188 0.20344911515712738037 0 0 0 0 0.024054415524005889893 0.0091328974813222885132 0 0 0.46649473905563354492 1.4966106414794921875 1.8550971746444702148 0.36447089910507202148 0 0 0.017332790419459342957 0.50919121503829956055 1.2761403322219848633 0.79995507001876831055 0.68227082490921020508 1.7800906896591186523 1.2412394285202026367 1.6013864278793334961 1.3050704002380371094 1.4099739789962768555 1.4314965009689331055 1.0542944669723510742 1.1487067937850952148 2.2044858932495117188 1.9911973476409912109 1.5153090953826904297 1.6918509006500244141 1.6824049949645996094 1.9015976190567016602 0.98513638973236083984
0.22119642794132232666 0.3280620276927947998 0.46118557453155517578 0.25391370058059692383 0.35784038901329040527 0.5478343963623046875 0.30812889337539672852 0.42816951870918273926 0.26238715648651123047 0.35740271210670471191 1.1984068155288696289 0.29734107851982116699 0.059156797826290130615 0.070148617029190063477 0.18589310348033905029 0.010345268063247203827 0.044845014810562133789 0.13461002707481384277 0.00045054650399833917618 0 0.28493776917457580566 1.335705876350402832 2.2939784526824951172 1.2279301881790161133 0.49616062641143798828 0.71816515922546386719 0.12214703857898712158 1.3389532566070556641 1.9370192289352416992 1.3486620187759399414 0.23165003955364227295 1.2338619232177734375 1.6312847137451171875 1.3958944082260131836 1.58111572265625 1.6696829795837402344 1.7152402400970458984 1.3600032329559326172 1.2786997556686401367 2.2623248100280761719 2.1818897724151611328 1.2944527864456176758 1.7889895439147949219 1.5167731046676635742 1.8852884769439697266 1.5378268957138061523
0.26381039619445800781 0.55544579029083251953 0.53573173284530639648 0.45138332247734069824 0.45863774418830871582 0.67083376646041870117 0.50548160076141357422 0.53514325618743896484 0.23376701772212982178 0.065701790153980255127 0.46802467107772827148 0.22951783239841461182 0.10110154002904891968 0.11466494947671890259 0.52481341361999511719 0.24276398122310638428 0.018901342526078224182 0.14242509007453918457 0.014823519624769687653 0 0 1.5672968626022338867 2.0515644550323486328 0.6077588200569152832 0.90125674009323120117 1.3910237550735473633 0.57651668787002563477 0.95937293767929077148 0.79624122381210327148 1.2542878389358520508 1.1863175630569458008 1.7710202932357788086 1.2448085546493530273 0.42390900850296020508 0.12370722740888595581 0.72695761919021606445 1.2522455453872680664 1.1337243318557739258 1.5510144233703613281 1.623419642448425293 1.3778631687164306641 1.2846210002899169922 1.5569338798522949219 1.5871949195861816406 1.7947084903717041016 1.8011137247085571289
0.57068908214569091797 0.43424126505851745605 0.61249184608459472656 0.60003447532653808594 0.76587074995040893555 0.68417352437973022461 0.68581438064575195312 0.67327576875686645508 0.43037065863609313965 0.000855577120091766119 0.010587640106678009033 0.0011899828677996993065 0.019406175240874290466 0.40264016389846801758 0.60827225446701049805 0.65449130535125732422 0.10413647443056106567 0.13501356542110443115 0.034492969512939453125 0 0 1.6766153573989868164 0.18018214404582977295 0.016972508281469345093 0.032911717891693115234 0.67105466127395629883 1.6242132186889648438 0.040499676018953323364 0.33427509665489196777 0.6081898808479309082 1.1889913082122802734 2.3241529464721679688 1.9554553031921386719 1.6392836570739746094 1.0625346899032592773 1.1360279321670532227 0.93334412574768066406 1.4022988080978393555 1.1677459478378295898 1.5030426979064941406 2.0647013187408447266 1.6332466602325439453 1.3102126121520996094 0.9380970001220703125 1.1122200489044189453 1.6235630512237548828
0.85443335771560668945 1.1763695478439331055 1.0328364372253417969 0.49225446581840515137 0.81080919504165649414 1.0580163002014160156 1.1620279550552368164 1.2124847173690795898 0.71979296207427978516 0.19981053471565246582 0 0.015572771430015563965 0.38519555330276489258 0.77762776613235473633 0.75871270895004272461 0.76239973306655883789 0.57466846704483032227 0.050518497824668884277 0.0074039855971932411194 0 0 1.8648430109024047852 0 0 0.0021414395887404680252 0.39923313260078430176 0.72966313362121582031 0 0 0.052698820829391479492 0.42411783337593078613 0.65698194503784179688 1.2782953977584838867 1.6412709951400756836 1.7455540895462036133 2.3602573871612548828 1.6681725978851318359 1.3713216781616210938 0.69582331180572509766 1.3195295333862304688 1.3705445528030395508 1.3998032808303833008 1.9570131301879882812 1.7374377250671386719 1.9931986331939697266 1.7167305946350097656
1.2310525178909301758 1.4978635311126708984 1.4764634370803833008 1.0269777774810791016 1.0635471343994140625 1.5471626520156860352 1.2332489490509033203 1.5446417331695556641 1.2492233514785766602 1.2701919078826904297 1.0316975116729736328 1.1033638715744018555 0.29234117269515991211 0.61016291379928588867 0.84876751899719238281 0.94003772735595703125 0.71224588155746459961 1.040987849235534668 0.33358785510063171387 0.015616792254149913788 0.50613284111022949219 1.0109521150588989258 0.0029622786678373813629 0 0.00033675864688120782375 0.33378505706787109375 0.14987450838088989258 0.0082562509924173355103 0 0 0.039525769650936126709 0.035857483744621276855 0.85060662031173706055 1.474286198616027832 1.4497401714324951172 1.5949826240539550781 1.8886590003967285156 1.4270948171615600586 1.3971794843673706055 1.4758741855621337891 1.1466839313507080078 0.79214274883270263672 2.2043850421905517578 1.9599809646606445312 1.7857425212860107422 2.1162831783294677734
1.5271245241165161133 1.5218122005462646484 1.1961896419525146484 1.4498375654220581055 1.7031508684158325195 2.0354735851287841797 1.8253129720687866211 1.421284794807434082 1.0688205957412719727 1.1820682287216186523 1.2473381757736206055 1.6906617879867553711 0.57074463367462158203 0.51417630910873413086 0.78623765707015991211 0.88450390100479125977 0.96157562732696533203 1.874911189079284668 1.1696977615356445312 0.93899714946746826172 1.5471793413162231445 1.7302396297454833984 0.58714616298675537109 0.10240961611270904541 0 0.016013633459806442261 0.030343746766448020935 0.0071972971782088279724 0 0 0.0083261383697390556335 0.026169283315539360046 0.42043060064315795898 0.4371827542781829834 0.53665649890899658203 1.5626406669616699219 1.1871141195297241211 0.80770772695541381836 0.72692227363586425781 1.2316223382949829102 1.2563447952270507812 0.30843189358711242676 1.3951592445373535156 2.6367545127868652344 1.8837960958480834961 2.2931194305419921875
1.6730890274047851562 1.4857212305068969727 1.2901599407196044922 1.4591737985610961914 1.5683764219284057617 1.6585187911987304688 1.4213473796844482422 1.6920434236526489258 1.1955933570861816406 0.89457571506500244141 0.56821030378341674805 1.5558788776397705078 1.2926752567291259766 0.5283203125 0.68114143610000610352 0.57143002748489379883 0.87408411502838134766 1.9910047054290771484 1.5807466506958007812 1.8789765834808349609 1.6535047292709350586 1.4692627191543579102 1.3037999868392944336 0.73787885904312133789 0.098043859004974365234 0 0 0 0 0 0.010844379663467407227 0.041934292763471603394 0 0 0 0 0.03154036402702331543 0.075115866959095001221 0.045300614088773727417 0.2598425745964050293 1.0846245288848876953 0.20079585909843444824 0 2.0476996898651123047 1.0683742761611938477 1.4405264854431152344
1.1778949499130249023 0.94143217802047729492 1.6426284313201904297 1.9909387826919555664 1.4172015190124511719 1.3022837638854980469 0.80497854948043823242 0.063709877431392669678 0.93273603916168212891 0.61188286542892456055 0.62579888105392456055 1.0965819358825683594 1.2053501605987548828 0.9327411651611328125 0.73012173175811767578 0.79239159822463989258 0.70826876163482666016 0.99838274717330932617 0.75827437639236450195 1.4221556186676025391 1.5259164571762084961 1.2384086847305297852 1.6099190711975097656 1.5250753164291381836 0.62162739038467407227 0.0074254297651350498199 0.028148910030722618103 0.08162819594144821167 0 0 0 0 0 0 0.0045294482260942459106 0 0 0 0.097997836768627166748 0.8611024022102355957 1.1823701858520507812 0.153360709547996521 0 0.16442129015922546387 0.063733883202075958252 0
1.2731802463531494141 1.2030136585235595703 1.1681158542633056641 1.5225859880447387695 1.6471277475357055664 0.7879053950309753418 0.11946298927068710327 0.40044841170310974121 1.3166261911392211914 1.6203277111053466797 0.91255193948745727539 1.4275592565536499023 1.142857670783996582 1.0528723001480102539 0.59660989046096801758 0.69617789983749389648 1.0912455320358276367 1.2871330976486206055 0.70338457822799682617 0.78436219692230224609 1.7086558341979980469 1.1119648218154907227 1.2063000202178955078 1.0932116508483886719 1.1548840999603271484 0.43194022774696350098 0.12867064774036407471 0.0066743758507072925568 0 0 0 0.04743809625506401062 0 0 0.0097557343542575836182 0 0 0 0.064171403646469116211 0.58480590581893920898 1.0825275182723999023 0.028458444401621818542 0 0 0 0
1.4188768863677978516 1.3347061872482299805 1.1681557893753051758 1.370980381965637207 2.1026031970977783203 0.79827457666397094727 1.2369594573974609375 1.8703049421310424805 1.8633085489273071289 1.7376962900161743164 0.82978361845016479492 1.2923146486282348633 1.6352822780609130859 1.7218198776245117188 1.3918304443359375 1.3171135187149047852 1.7342571020126342773 1.1916260719299316406 0.76637196540832519531 0.77826333045959472656 0.8185475468635559082 0.84758180379867553711 0.59389209747314453125 0.43584674596786499023 1.0254638195037841797 1.2814704179763793945 1.5792890787124633789 1.0664664506912231445 0.45206308364868164062 0.17389419674873352051 0.2284603118896484375 0.0089600700885057449341 0 0 0.0010405409848317503929 0.0044543705880641937256 0 0 0.0094898156821727752686 0.026870710775256156921 0.097439207136631011963 0.0058482694439589977264 0 0 0 0
1.3056827783584594727 1.4289753437042236328 1.2491146326065063477 1.4262678623199462891 2.0244276523590087891 1.200699925422668457 1.749968409538269043 1.7382721900939941406 1.7422511577606201172 1.6330006122589111328 1.4650645256042480469 1.1833425760269165039 1.4382727146148681641 1.2859185934066772461 0.86622375249862670898 0.76942163705825805664 1.2621197700500488281 1.1409735679626464844 0.83340317010879516602 0.76842069625854492188 0.78164613246917724609 0.63411432504653930664 0.85534238815307617188 0.55460751056671142578 0.81903696060180664062 0.96586269140243530273 1.6813322305679321289 1.7204862833023071289 1.3641816377639770508 1.0313245058059692383 0.86538469791412353516 0.51127552986145019531 0.68583565950393676758 0.071233972907066345215 0 0.027519961819052696228 0.0082302270457148551941 0 0.47720000147819519043 0.27885445952415466309 0.00076056143734604120255 0.00016801001038402318954 0 0 0 0
1.3548023700714111328 1.7943861484527587891 1.5993481874465942383 1.8197798728942871094 2.5921213626861572266 1.3829615116119384766 1.8299657106399536133 1.3461470603942871094 1.5829170942306518555 2.0947132110595703125 1.7408772706985473633 1.0656732320785522461 0.75046724081039428711 0.63885778188705444336 0.69072318077087402344 0.73140150308609008789 1.0064032077789306641 0.9405066370964050293 0.79228842258453369141 0.91203218698501586914 0.75260871648788452148 0.60028529167175292969 1.2694786787033081055 1.0088369846343994141 1.3914002180099487305 1.2598180770874023438 1.8009738922119140625 2.0836076736450195312 2.5136234760284423828 2.1865530014038085938 1.6583403348922729492 1.5329122543334960938 1.0822389125823974609 0.10011020302772521973 0.0026036282069981098175 0.12648186087608337402 0.30662119388580322266 0.08334566652774810791 1.4099390506744384766 1.2844573259353637695 0.0081115541979670524597 0.00058935448760166764259 0 0 0 0.0041454201564192771912
1.3694326877593994141 1.887305140495300293 0.85363423824310302734 1.8289728164672851562 2.8817505836486816406 1.7890920639038085938 1.7070975303649902344 1.9193743467330932617 1.5986070632934570312 1.4510471820831298828 1.2391290664672851562 1.3365118503570556641 1.5450346469879150391 1.0425342321395874023 1.1670193672180175781 1.3258059024810791016 0.92979609966278076172 0.74608439207077026367 1.2696852684020996094 1.0578981637954711914 1.0104172229766845703 2.3126249313354492188 1.7302174568176269531 0.98133826255798339844 1.79596710205078125 1.3661004304885864258 1.2314548492431640625 1.0868151187896728516 1.5800207853317260742 1.6430613994598388672 1.3840329647064208984 1.6434994935989379883 1.1050351858139038086 0.24704243242740631104 0.02819004841148853302 0.025741988793015480042 0.26004543900489807129 0.2197481989860534668 1.0658227205276489258 1.5064826011657714844 0.090475670993328094482 0.0016535272588953375816 0 0.73259615898132324219 1.7281035184860229492 2.3372757434844970703
1.445485234260559082 2.3451321125030517578 1.8416688442230224609 1.8090044260025024414 1.7315256595611572266 2.8182001113891601562 2.0268096923828125 1.4802340269088745117 1.6636333465576171875 1.5317162275314331055 1.3737989664077758789 1.1314828395843505859 1.35005950927734375 1.1346944570541381836 1.1460791826248168945 1.1035497188568115234 1.1601569652557373047 1.1636846065521240234 1.9171754121780395508 1.7946010828018188477 0.68019652366638183594 1.4894150495529174805 2.469684600830078125 1.6816358566284179688 1.3906168937683105469 0.34023767709732055664 0.4696827232837677002 0.92209839820861816406 1.301158905029296875 1.2507207393646240234 0.81847339868545532227 1.0688527822494506836 1.094524383544921875 0.42782554030418395996 0.21147751808166503906 0.0047093546018004417419 0.06322946399450302124 0.065777577459812164307 0.77399730682373046875 1.1509180068969726562 0.82856500148773193359 0.10884671658277511597 0.69399148225784301758 0.78744310140609741211 1.6705040931701660156 2.6264910697937011719
1.5414611101150512695 1.201230168342590332 1.3823834657669067383 1.3188533782958984375 1.2040899991989135742 1.0412732362747192383 1.610884547233581543 1.4301815032958984375 1.5199952125549316406 1.7550297975540161133 2.1213171482086181641 2.0168926715850830078 1.9139117002487182617 1.499646306037902832 1.4572945833206176758 0.76756840944290161133 0.80988544225692749023 1.7362952232360839844 1.6421749591827392578 1.9792913198471069336 0.95461916923522949219 1.4172011613845825195 1.971955418586730957 1.6893235445022583008 1.6009501218795776367 1.5066598653793334961 0.99018937349319458008 1.3407471179962158203 1.5363913774490356445 1.4786674976348876953 1.2245311737060546875 1.302674412727355957 1.3794569969177246094 1.0018568038940429688 0.64466249942779541016 0.21666379272937774658 0.0052775596268475055695 0.18598607182502746582 0.093201376497745513916 0.31346592307090759277 1.9490019083023071289 1.4122583866119384766 1.150305628776550293 0.92901599407196044922 1.7470746040344238281 1.9073499441146850586
0.7925624847412109375 1.4025676250457763672 1.3755754232406616211 1.2088603973388671875 1.1108183860778808594 1.0582189559936523438 0.90400391817092895508 1.327397465705871582 1.4637966156005859375 1.5031052827835083008 1.9776748418807983398 2.1050181388854980469 1.8635263442993164062 1.704491734504699707 1.4312796592712402344 0.81159174442291259766 0.73174941539764404297 1.5854079723358154297 1.5489944219589233398 1.8261436223983764648 1.5871515274047851562 1.1950644254684448242 1.4853425025939941406 1.6585028171539306641 1.7150628566741943359 1.5738461017608642578 1.4112485647201538086 1.4138667583465576172 1.3247848749160766602 1.6618335247039794922 1.6557925939559936523 1.3641653060913085938 1.5510321855545043945 1.28582000732421875 1.0271843671798706055 1.0717085599899291992 0.23599343001842498779 0.23006068170070648193 0.19335910677909851074 0.43911749124526977539 1.6910535097122192383 1.2548773288726806641 0.77046734094619750977 1.1303347349166870117 1.3874722719192504883 1.6555458307266235352
