gis/40m/LAI_decid.asc
ncols        256
nrows        286
xllcorner    726766.000000000000
yllcorner    7127230.000000000000
cellsize     40.000000000000
NODATA_value -9999
[rows 132 to 153 of 286, columns 204 to 254 of 256]
0.089908145368099212646 0.012965825386345386505 0.041507080197334289551 0.0088745029643177986145 0.0091544361785054206848 0.025816142559051513672 0.002427231520414352417 0 0.0039503052830696105957 0.006784080062061548233 0 0 0.0057513862848281860352 0.03262807801365852356 0.035876341164112091064 0.029308101162314414978 0.027551582083106040955 0.038273621350526809692 0.0373364277184009552 0.0051992093212902545929 0 0 0.0073536620475351810455 0.024924058467149734497 0.0099887093529105186462 0.036286909133195877075 0.011848736554384231567 0.014326162636280059814 0.013757036998867988586 0.011200170964002609253 0.012967068701982498169 0.04208356514573097229 0.0917340889573097229 0.24658451974391937256 0.20323668420314788818 0.05844530835747718811 0 0 0 0 0 -9999 -9999 -9999 -9999 -9999 -9999 -9999 -9999 -9999 -9999
0.12789213657379150391 0.017208084464073181152 0.035085815936326980591 0.038880359381437301636 0.0023354426957666873932 0.013187197037041187286 0.00044241361320018768311 0.0042183026671409606934 0.00057773792650550603867 0 0 0.0041565457358956336975 0.011275925673544406891 0.010808316059410572052 0.037521734833717346191 0.0055062691681087017059 0.0058986898511648178101 0.015430288389325141907 0.037756085395812988281 0.0060201371088624000549 0.0035842014476656913757 0.00079175946302711963654 0.0429381541907787323 0.011742583476006984711 0.011545082554221153259 0.035362701863050460815 0.009174954146146774292 0.052712358534336090088 0.021431718021631240845 0.012463568709790706635 0 0.014345861040055751801 0.10621841251850128174 0.32180985808372497559 0.085313804447650909424 0 0.045234207063913345337 0.0048530912026762962341 0 0 0 -9999 -9999 -9999 -9999 -9999 -9999 -9999 -9999 -9999 -9999
0 0.031273677945137023926 0.03971142694354057312 0.0076944674365222454071 0 0 0.01185313984751701355 0.027363944798707962036 0.0037477610167115926743 0 0 0.02696333080530166626 0 0.0056101293303072452545 0.030209492892026901245 0.038770768791437149048 0.00081182009307667613029 0 0 0 0.023250559344887733459 0.005136109422892332077 0.017297746613621711731 0.0022001520264893770218 0.0044195256195962429047 0.032187666743993759155 0.03108556009829044342 0.079920083284378051758 0.052394486963748931885 0.028798066079616546631 0 0 0.019233129918575286865 0.37996810674667358398 0.32255974411964416504 0.045591190457344055176 0.43341767787933349609 0.04633928835391998291 0.00085598754230886697769 0.031363770365715026855 0.10063654184341430664 -9999 -9999 -9999 -9999 -9999 -9999 -9999 -9999 -9999 -9999
0.036130212247371673584 0.00063921918626874685287 0.19533936679363250732 0.047174233943223953247 0.0044891634024679660797 0 0.0058619505725800991058 0 0 0.0010897536994889378548 0.0084230443462729454041 0.00097489502513781189919 0.012757089920341968536 0.0022822315804660320282 0.017157344147562980652 0.029601244255900382996 0.051313191652297973633 0.025636320933699607849 0.0015782146947458386421 0 0 0 0 0 0.25346472859382629395 0.26101928949356079102 0.024868600070476531982 0.046143759042024612427 0.0075152367353439331055 0 0.042070344090461730957 0.15713061392307281494 0.18825833499431610107 0.31698536872863769531 0.32050505280494689941 0.31343880295753479004 0.25340503454208374023 0.060017403215169906616 0.43810263276100158691 0.32131725549697875977 0.27714356780052185059 0.37084245681762695312 -9999 -9999 -9999 -9999 -9999 -9999 -9999 -9999 -9999
0 0.002393109956756234169 0.0091027636080980300903 0.040048111230134963989 0.016806537285447120667 0 0.007912135683000087738 0 0 0.044751696288585662842 0.031534206122159957886 0.0036498135887086391449 0 0.016273139044642448425 0.028522834181785583496 0.0049409423954784870148 0.0047072065062820911407 0.0080803809687495231628 0 0 0 0 0 0.036586176604032516479 0.28417152166366577148 0.13978117704391479492 4.7059820644790306687e-05 8.584538591094315052e-05 0 0 0.043583754450082778931 0.33124119043350219727 0.20425829291343688965 0.12905792891979217529 0.12946975231170654297 0.17164869606494903564 0.14046314358711242676 0.50535494089126586914 0.49387064576148986816 0.51687121391296386719 0.42717114090919494629 -9999 -9999 -9999 -9999 -9999 -9999 -9999 -9999 -9999 -9999
0 0 0 0.066403560340404510498 0.06984510272741317749 0.03599661216139793396 0 0 0 0.0094978734850883483887 0 0.025476718321442604065 0 0.020667778328061103821 0.019169365987181663513 0.0011538304388523101807 0.012068079784512519836 0.0010261631105095148087 0 0.0083888787776231765747 0.031783949583768844604 0 0 0.027041111141443252563 0.094528831541538238525 0 0 0 0 0.01023797597736120224 0.064532741904258728027 0.15442739427089691162 0.19259738922119140625 0.25930383801460266113 0.29121291637420654297 0.43401691317558288574 0.34108230471611022949 0.54623705148696899414 0.22712297737598419189 0.13105180859565734863 0.37294378876686096191 -9999 -9999 -9999 -9999 -9999 -9999 -9999 -9999 -9999 -9999
0 0.00094850023742765188217 0.053770679980516433716 0.28159660100936889648 0.19680327177047729492 0 0 0 0 0 0 0 0 0.042350918054580688477 0.039280477911233901978 0 0.022700857371091842651 0 0.038183480501174926758 0.0072180498391389846802 0.027347890660166740417 0 0 0 0 0 0 0 0 0.04386405646800994873 0.26637962460517883301 0.31195494532585144043 0.33513486385345458984 0.32443690299987792969 0.38089555501937866211 0.68670767545700073242 0.57974457740783691406 0.48503249883651733398 0.26105904579162597656 0.059058036655187606812 -9999 -9999 -9999 -9999 -9999 -9999 -9999 -9999 -9999 -9999 -9999
0.047555863857269287109 0.10557138919830322266 0.39636451005935668945 0.51842534542083740234 0.34351724386215209961 0 0 0 0 0 0 0 0 0.089384607970714569092 0.03501901775598526001 0 0.059923119843006134033 0 0 0 0 0 0 0 0 0 0 0 0 0.20075583457946777344 0.34332853555679321289 0.47972068190574645996 0.74171537160873413086 0.52424985170364379883 0.24645991623401641846 0.49954715371131896973 0.44910979270935058594 0.47684663534164428711 0.31485661864280700684 0.29672110080718994141 -9999 -9999 -9999 -9999 -9999 -9999 -9999 -9999 -9999 -9999 -9999
0.30870857834815979004 0.22829428315162658691 0.56189167499542236328 0.57128804922103881836 0.4603779911994934082 0.050064150243997573853 0 0 0 0 0 0 0 0.032774355262517929077 0.025802822783589363098 0 0 0 0 0 0 0 0 0 0 0 0 0 0.25641992688179016113 0.55624371767044067383 0.50966775417327880859 0.50581574440002441406 0.40856513381004333496 0.36947011947631835938 0.36897510290145874023 0.46089163422584533691 0.24184907972812652588 0.15985924005508422852 0.32198926806449890137 0.59497964382171630859 -9999 -9999 -9999 -9999 -9999 -9999 -9999 -9999 -9999 -9999 -9999
0.1485529094934463501 0.28187072277069091797 0.43661886453628540039 0.62055677175521850586 0.36843228340148925781 0 0 0 0.073604278266429901123 0.041999924927949905396 0 0 0 0 0.0262630414217710495 0 0 0 0 0 0 0 0 0 0 0 0 0 0.1548353731632232666 0.59414792060852050781 0.69024407863616943359 0.28125894069671630859 0.17973005771636962891 0.47555252909660339355 0.673595428466796875 0.82917195558547973633 0.71065479516983032227 0.40375068783760070801 0.84363573789596557617 -9999 -9999 -9999 -9999 -9999 -9999 -9999 -9999 -9999 -9999 -9999 -9999
0.024152331054210662842 0.048053558915853500366 0.090539939701557159424 0.087883763015270233154 0.036337509751319885254 0.014054520055651664734 0.0051583079621195793152 0.033799927681684494019 0.048916336148977279663 0.0087180770933628082275 0 0 0 0 0.019023993983864784241 0.015341216698288917542 0 0 0 0 0 0 0 0.01095766853541135788 0.008689685724675655365 0 0 0.017879419028759002686 0.26006099581718444824 0.43258613348007202148 0.44348356127738952637 0.32463112473487854004 0.29284051060676574707 0.42063274979591369629 0.58706831932067871094 0.44415593147277832031 0.86359184980392456055 0.93563824892044067383 -9999 -9999 -9999 -9999 -9999 -9999 -9999 -9999 -9999 -9999 -9999 -9999 -9999
0.013316688127815723419 0 0 0.011331691406667232513 0.043325621634721755981 0.1844297945499420166 0.44631516933441162109 0.077292911708354949951 0.037417728453874588013 0.037514917552471160889 0 0.00033673248253762722015 0.021632771939039230347 0.029313566163182258606 0.017877591773867607117 0.001787126762792468071 0 0 0 0 0 0 0 0.006430602632462978363 0.0050996174104511737823 0 0 0.018004449084401130676 0.58472120761871337891 0.41241404414176940918 0.27868384122848510742 0.19198022782802581787 0.4138622283935546875 0.38196384906768798828 0.4602654576301574707 0.57059711217880249023 0.69256240129470825195 -9999 -9999 -9999 -9999 -9999 -9999 -9999 -9999 -9999 -9999 -9999 -9999 -9999 -9999
0 0 0 0 0.24121089279651641846 0.28870752453804016113 0.74174439907073974609 0.0908203125 0.2801189720630645752 0.22764690220355987549 0 0.0016627617878839373589 0.026820015162229537964 0.067035436630249023438 0.071434535086154937744 0.035678517073392868042 0.025678817182779312134 0 0 0 0 0 0 0 0 0 0 0 0.49878060817718505859 0.38375383615493774414 0.13772968947887420654 0.33364117145538330078 0.32364696264266967773 0.020247332751750946045 0.0088296253234148025513 0.19911976158618927002 0.40283557772636413574 -9999 -9999 -9999 -9999 -9999 -9999 -9999 -9999 -9999 -9999 -9999 -9999 -9999 -9999
0 0 0 0 0.088763341307640075684 0.50874841213226318359 0.80350893735885620117 0.28114628791809082031 0.61808854341506958008 0.27591350674629211426 0 0 0.0023675677366554737091 0.0016127950511872768402 0.08339751511812210083 0.010549980215728282928 0.072619304060935974121 0.014286971651017665863 0 0 0 0 0 0 0 0 0.15135850012302398682 0.35273307561874389648 0.76488274335861206055 0.1226010546088218689 0.2121470719575881958 0.22411234676837921143 0.26001647114753723145 0.082310266792774200439 0.016867334023118019104 0 -9999 -9999 -9999 -9999 -9999 -9999 -9999 -9999 -9999 -9999 -9999 -9999 -9999 -9999 -9999
0 0 0 0 0 0 0.14048346877098083496 0.81580770015716552734 0.3502057492733001709 0 0 0 0 0.12469517439603805542 0.36643511056900024414 0.3965682685375213623 0.47469094395637512207 0.12638942897319793701 0 0 0.0044968179427087306976 0.00099335890263319015503 0 0 0 0.014064920134842395782 0.004549558740109205246 0.47411465644836425781 0.52015274763107299805 0.21874104440212249756 0.36001247167587280273 0.15535803139209747314 0.12443999946117401123 0.19296328723430633545 0.047250874340534210205 0.15515813231468200684 -9999 -9999 -9999 -9999 -9999 -9999 -9999 -9999 -9999 -9999 -9999 -9999 -9999 -9999 -9999
0 0 0.028135148808360099792 0.006627991795539855957 0 0 0.024646008387207984924 0.45121440291404724121 0.41613414883613586426 0.056428093463182449341 0 0 0 0.39924043416976928711 0.56930696964263916016 0.5309416651725769043 0.38873586058616638184 0.10494603961706161499 0 0 0.015934174880385398865 0.0035199006088078022003 0 0 0.015926159918308258057 0.105120047926902771 0.01785654015839099884 0.058481249958276748657 0.55814027786254882812 0.50550645589828491211 0.36846217513084411621 0.4443588554859161377 0.38716709613800048828 0.20497052371501922607 0 0.053941022604703903198 -9999 -9999 -9999 -9999 -9999 -9999 -9999 -9999 -9999 -9999 -9999 -9999 -9999 -9999 -9999
0 0.038341879844665527344 0.31024268269538879395 0.22862456738948822021 0.0088222622871398925781 0 0.0033635231666266918182 0.22244277596473693848 0.36395657062530517578 0.20631156861782073975 0.0031330899801105260849 0 0 0.13100977241992950439 0.38085579872131347656 0.37964853644371032715 0.42501375079154968262 0.060076050460338592529 0.040213283151388168335 0.015488337725400924683 0.052754759788513183594 0.003135409671813249588 0 0 0.00080722471466287970543 0.018163042142987251282 0.0027611413970589637756 0.084097310900688171387 0.54447150230407714844 0.53760427236557006836 0.59372514486312866211 0.52761298418045043945 0.61537510156631469727 0.35697984695434570312 0.01788577251136302948 0 -9999 -9999 -9999 -9999 -9999 -9999 -9999 -9999 -9999 -9999 -9999 -9999 -9999 -9999 -9999
0 0.0044783577322959899902 0.45279267430305480957 0.11497308313846588135 0.013350606895983219147 0 0.018279330804944038391 0.16966319084167480469 0.048990894109010696411 0.35521543025970458984 0.2945880889892578125 0.067504160106182098389 0 0.023518521338701248169 0.17182487249374389648 0.1974032670259475708 0.22031636536121368408 0.096359141170978546143 0.010768115520477294922 0.084532365202903747559 0.16848994791507720947 0.023176901042461395264 0.012546210549771785736 0.0045320270583033561707 0.025036713108420372009 0.011956298723816871643 0 0 0.10305513441562652588 0.16937872767448425293 0.24999155104160308838 0 0 0.30081588029861450195 0.078362040221691131592 0 -9999 -9999 -9999 -9999 -9999 -9999 -9999 -9999 -9999 -9999 -9999 -9999 -9999 -9999 -9999
0 0 0.0035074863117188215256 0.0042207180522382259369 0.0036788338329643011093 0 0.030677836388349533081 0.044713869690895080566 0.094706460833549499512 0.15486891567707061768 0.21109600365161895752 0.126695290207862854 0.016399074345827102661 0.055991690605878829956 0.32875797152519226074 0.12420933693647384644 0.042865917086601257324 0.033003129065036773682 0.028173578903079032898 0.041565727442502975464 0.11829496175050735474 0.015405178070068359375 0.031888004392385482788 0.076402708888053894043 0.031144041568040847778 0.0014944949652999639511 0 0.0075976024381816387177 0.00078258564462885260582 0.023262090981006622314 0.076142668724060058594 0.0021197407040745019913 0.01182882208377122879 0.031479552388191223145 0.018522122874855995178 -9999 -9999 -9999 -9999 -9999 -9999 -9999 -9999 -9999 -9999 -9999 -9999 -9999 -9999 -9999 -9999
0 0 0.0086208097636699676514 0.0020308638922870159149 0 0 0.011855871416628360748 0.079593040049076080322 0.12614081799983978271 0.11537743359804153442 0.023947648704051971436 0.24001319706439971924 0.0444032326340675354 0.048383086919784545898 0.11433886736631393433 0.24079504609107971191 0.045122724026441574097 0.12514506280422210693 0.16667546331882476807 0.14025251567363739014 0.011698544956743717194 0.055265858769416809082 0.023033201694488525391 0.0091936653479933738708 0.0036287435796111822128 0.0036732163280248641968 0 0 0 0.021977400407195091248 0.1040343940258026123 0.0052099651657044887543 0.04800786823034286499 0.089713923633098602295 -9999 -9999 -9999 -9999 -9999 -9999 -9999 -9999 -9999 -9999 -9999 -9999 -9999 -9999 -9999 -9999 -9999
0.04005943983793258667 0.20860327780246734619 0.035132698714733123779 0 0 0 0.079844012856483459473 0.085684202611446380615 0.25787118077278137207 0.15430359542369842529 0.15460412204265594482 0.25914046168327331543 0.10085316002368927002 0.064459711313247680664 0.1614125370979309082 0.50594323873519897461 0.36025282740592956543 0.41280195116996765137 0.078444145619869232178 0.083487890660762786865 0.049892749637365341187 0.092664137482643127441 0.037153292447328567505 0.024838931858539581299 0 0 0 0 0 0 0 0 0.0030071130022406578064 -9999 -9999 -9999 -9999 -9999 -9999 -9999 -9999 -9999 -9999 -9999 -9999 -9999 -9999 -9999 -9999 -9999 -9999
0.035084735602140426636 0.18269829452037811279 0.03076981566846370697 0 0.040568247437477111816 0.40696135163307189941 0.10556009411811828613 0.014831820502877235413 0.70221430063247680664 0.35200718045234680176 0.18879711627960205078 0.29995268583297729492 0.079044885933399200439 0.060012407600879669189 0.33762446045875549316 0.42773273587226867676 0.12795081734657287598 0.08717396855354309082 0.020398883149027824402 0.015474382787942886353 0.013358883559703826904 0.059345979243516921997 0.042799387127161026001 0.020426452159881591797 0 0 0 -9999 0.050899319350719451904 0.00028402020689100027084 0.00086246978025883436203 0.031261242926120758057 -9999 -9999 -9999 -9999 -9999 -9999 -9999 -9999 -9999 -9999 -9999 -9999 -9999 -9999 -9999 -9999 -9999 -9999 -9999
