gis/40m/LAI_decid.asc
ncols        256
nrows        286
xllcorner    726766.000000000000
yllcorner    7127230.000000000000
cellsize     40.000000000000
NODATA_value -9999
[rows 66 to 87 of 286, columns 102 to 152 of 256]
0 0 0 0.0031496013980358839035 0.0010516835609450936317 0.0085823601111769676208 0 0.015426713041961193085 0.016968103125691413879 0.0035956511273980140686 0.024354919791221618652 0.044083289802074432373 0.0071074990555644035339 0.015134692192077636719 0.001707264571450650692 0 0 0.0097627276554703712463 0 0.014908529818058013916 0.018932212144136428833 0.02151224575936794281 0.0027391582261770963669 0 0 0 0 0 0 0.027828942984342575073 0.030119450762867927551 0.029072569683194160461 0.03153715282678604126 0.079729288816452026367 0.12297045439481735229 0.051681909710168838501 0.15013022720813751221 0.013676404953002929688 0.041038740426301956177 0.015401136130094528198 0.010501099750399589539 0.088068880140781402588 0.47230616211891174316 0.016776526346802711487 0.0019532206933945417404 0.0014385206159204244614 0 0.0091177849099040031433 0.20615692436695098877 0.061711557209491729736 0.10865875333547592163
0 0 0 0 0 0.0059215109795331954956 0 0.0082820905372500419617 0.015017610974609851837 0.0045078159309923648834 0.030373323708772659302 0.033694811165332794189 0.0052450126968324184418 0.0058287573046982288361 0.051529560238122940063 0.028444459661841392517 0 0 0 0.0052037830464541912079 0.011132003739476203918 0.042855393141508102417 0.061532065272331237793 0.012189989909529685974 0.0058101201429963111877 0 0 0 0.013317133300006389618 0.026024218648672103882 0.013208395801484584808 0.046913016587495803833 0.0059805884957313537598 0.032923933118581771851 0.14213488996028900146 0.099429957568645477295 0.20414087176322937012 0.09511972963809967041 0.045199096202850341797 0.0034728152677416801453 0.011550392024219036102 0.0073691909201443195343 0.14570716023445129395 0.051657725125551223755 0.035014413297176361084 0.0032029466237872838974 0 0 0.12147834151983261108 0.041836123913526535034 0.016734128817915916443
0 0 0 0 0 0 0 0.014759083278477191925 0.051877077668905258179 0.020244745537638664246 0 0 0 0 0.028452819213271141052 0.074652716517448425293 0.019611276686191558838 0 0 0 0 0.02810402214527130127 0.059493988752365112305 0.05678776279091835022 0.057464394718408584595 0.0087237842381000518799 0 0 0.10254246741533279419 0.053364902734756469727 0.0048829256556928157806 0.025798967108130455017 0.0012698363279923796654 0 0.061894811689853668213 0.15330842137336730957 0.096739955246448516846 0.050409935414791107178 0.048984073102474212646 0.011184507980942726135 0.017408115789294242859 0.037334740161895751953 0.0067803319543600082397 0.12826618552207946777 0.10227698087692260742 0.11048096418380737305 0.025596149265766143799 0.016235414892435073853 0.13930419087409973145 0.0094824507832527160645 0
0.057011440396308898926 0 0 0 0.0091748926788568496704 0.01265795435756444931 0 0.0040957555174827575684 0.010398431681096553802 0.00092743738787248730659 0 0 0 0 0 0.0040392195805907249451 0.0031759152188897132874 0 0.0022470219992101192474 0.00053380301687866449356 0.0037705954164266586304 0.0013432769337669014931 0.071556337177753448486 0.013299255631864070892 0.019917648285627365112 0.0066416189074516296387 0 0 0.0096604805439710617065 0.047532137483358383179 0.039869572967290878296 0.005539958365261554718 0.00020564151054713875055 0 0.0339356251060962677 0.029021767899394035339 0.047942359000444412231 0.062596373260021209717 0 0 0.0033729842398315668106 0.042272012680768966675 0.013009776361286640167 0.099615119397640228271 0.2857405245304107666 0.11986435949802398682 0.19799944758415222168 0.030138492584228515625 0.3248761296272277832 0.051971364766359329224 0
0.09881982952356338501 0 0 0 0.047126710414886474609 0.065017409622669219971 0 0 0 0.008556973189115524292 0 0 0 0 0 0 0 0 0.0038948382716625928879 0.013419395312666893005 0.0065356986597180366516 0 0.012979535385966300964 0.018131671473383903503 0.023646060377359390259 0.0090633574873208999634 0 0.01902307756245136261 0 0 0.0084342882037162780762 0.036412857472896575928 0 0 0.11288091540336608887 0.022444069385528564453 0.035372670739889144897 0.013546926900744438171 0.020206827670335769653 0 0 0.049541965126991271973 0.30761566758155822754 0 0.040570273995399475098 0.020502725616097450256 0.041129551827907562256 0.33381792902946472168 0.39924916625022888184 0.32069227099418640137 0.070650584995746612549
0.0053394567221403121948 0.015851087868213653564 0.01001386251300573349 0 0.051159925758838653564 0.010869628749787807465 0 0.0027388266753405332565 0.05068216472864151001 0.011279841884970664978 0.0072758882306516170502 0 0 0 0 0 0 0.011519065126776695251 0 0.0059130080044269561768 0 0 0.018612099811434745789 0.016186142340302467346 0 0 0 0.0039500803686678409576 0.0060073635540902614594 0 0.00061276293126866221428 0.0026454455219209194183 0.0014176968252286314964 0.0034081055782735347748 0.072509206831455230713 0.062751024961471557617 0.021106494590640068054 0.035270169377326965332 0.0019000066677108407021 0 0.025180200114846229553 0.14274413883686065674 0.49280658364295959473 0.031239913776516914368 0.3187344670295715332 0.1450017392635345459 0.0032835120800882577896 0.091019861400127410889 0.32414302229881286621 0.3139146268367767334 0.12807190418243408203
0.045029848814010620117 0 0.076590709388256072998 0 0.036540400236845016479 0.0079133315011858940125 0 0.041618593037128448486 0.020569033920764923096 0.027927681803703308105 0.027732688933610916138 0 0 0 0 0 0 0 0 0 0 0 0.029214581474661827087 0.038772284984588623047 0.0027705715037882328033 0 0 0.043405972421169281006 0.0042756185866892337799 0 0 0 0.0010090168798342347145 0.0024256496690213680267 0.070656433701515197754 0.08062629401683807373 0 0 0 0 0 0.168009147047996521 0.35587903857231140137 0.027223633602261543274 0.40262129902839660645 0.097532041370868682861 0 0.015165487304329872131 0.016424074769020080566 0.12853562831878662109 0.1298151165246963501
0.12086485326290130615 0 0 0 0.0065018553286790847778 0.0098417978733777999878 0.0087289121001958847046 0 0.027365285903215408325 0.081870190799236297607 0.031114142388105392456 0 0.0023976368829607963562 0.011145059950649738312 0 0 0 0.010344284586608409882 0 0 0 0.0040496811270713806152 0.086011938750743865967 0.046849764883518218994 0.0012342946138232946396 0 0 0 0 0 0 0 0 0 0 0.035847675055265426636 0 0 0 0 0 0.012398296967148780823 0.32193288207054138184 0 0.15496617555618286133 0.0083231367170810699463 0.025451276451349258423 0.028529403731226921082 0.0071276435628533363342 0.0068115550093352794647 0.11822295188903808594
0.01452705729752779007 0 0 0 0 0.0001113103935495018959 0.0011146940523758530617 0 0 0 0 0 0.0003061815223190933466 0.0014232394751161336899 0.067023858428001403809 0.090487256646156311035 0.0032259372528642416 0.0057324171066284179688 0 0.0020199492573738098145 0.058712460100650787354 0.00051714980509132146835 0.011981752701103687286 0.050558488816022872925 0.017820071429014205933 0.0080669252201914787292 0.0053446511738002300262 0 0.026141036301851272583 0.026243386790156364441 0.025680627673864364624 0.0047394698485732078552 0 0 0 0 0.015471308492124080658 0.0034626261331140995026 0.024589078500866889954 0.019327839836478233337 0 0.020555606111884117126 0.14677339792251586914 0.062484592199325561523 0.14814884960651397705 0.022144980728626251221 0.09310998767614364624 0.096638284623622894287 0.0611134357750415802 0.02146201208233833313 0.087049216032028198242
0.022533079609274864197 0 0.1461080014705657959 0.0089975157752633094788 0 0 0 0.0014338884502649307251 0.0082637248560786247253 0 0 0 0.0052882470190525054932 0.024581631645560264587 0.010810356587171554565 0.10315391421318054199 0.074490584433078765869 0.0068426299840211868286 0.058097168803215026855 0.016934741288423538208 0.0058854194357991218567 0.014101443812251091003 0.015728050842881202698 0.065992593765258789062 0.019680934026837348938 0.012512697838246822357 0.0082901474088430404663 0 0 0.027757594361901283264 0.016250070184469223022 0.0073514441028237342834 0 0 0.010767060332000255585 0 0 0 0 0.010029794648289680481 0 0.029428187757730484009 0.10784934461116790771 0.31250584125518798828 0.033920370042324066162 0.060281358659267425537 0.30257171392440795898 0.13776449859142303467 0.014662818983197212219 0.019234238192439079285 0
0.015813261270523071289 0.019120980054140090942 0.016763390973210334778 0.011999337002635002136 0.0037856800481677055359 0 0 0.00010548555292189121246 0.00060792989097535610199 0.010020398534834384918 0.012769358232617378235 0 0.00038903561653569340706 0.0018083743052557110786 0 0.0053355237469077110291 0.0051118717528879642487 0 0.0042739813216030597687 0.0010153278708457946777 0.0024097282439470291138 0.013745928183197975159 0.00097906764131039381027 0.0034296207595616579056 0.0076366155408322811127 0.0069757387973368167877 0 0 0 0.0014472996117547154427 0.017541153356432914734 0.033918913453817367554 0.044148843735456466675 0.050823554396629333496 0.020005606114864349365 0 0 0 0 0 0.013184609822928905487 0.044903013855218887329 0.10553073883056640625 0.34998807311058044434 0.18096691370010375977 0.0049821762368083000183 0.021035682410001754761 0.00630989857017993927 0 0.0013272402575239539146 0
0.030288707464933395386 0.023076254874467849731 0.002857938641682267189 0.0060441247187554836273 0.0020181939471513032913 0 0 0 0.024538055062294006348 0.014000684022903442383 0.008455385453999042511 0 0 0 0 0 0 0 0 0 0.01629823632538318634 0.052212975919246673584 0.031722035259008407593 0.0087264785543084144592 0.0045832637697458267212 0.0046190703287720680237 0.0067106857895851135254 0.0079506281763315200806 0 0 0.016296140849590301514 0.022459821775555610657 0.028117457404732704163 0.022591320797801017761 0.011430535465478897095 0 0 0.0056733880192041397095 0.0073855803348124027252 0.00095158285694196820259 0 0.025620253756642341614 0.024276176467537879944 0.001876268535852432251 0.13906170427799224854 0 0.0030140774324536323547 0.032497350126504898071 0 0 0
0.0040063746273517608643 0.052155710756778717041 0.0015053247334435582161 0.011178886517882347107 0 0.016544656828045845032 0.0017723330529406666756 0 0.019618351012468338013 0.015320487320423126221 0.012947895564138889313 0.0074957385659217834473 0 0 0 0 0 0 0 0 0.019145060330629348755 0 0.017201231792569160461 0 0 0 0 0.015586507506668567657 0 0 0.01254282146692276001 0 0 0 0 0.0084207393229007720947 0.012637241743505001068 0.018030105158686637878 0 0 0 0 0.10834810137748718262 0.038803029805421829224 0.255702972412109375 0.010440032929182052612 0.015436261892318725586 0.0038982417900115251541 0.0076615400612354278564 0.0003984944196417927742 0
0.0055638253688812255859 0.0034360138233751058578 0.00014363785157911479473 0.020403552800416946411 0.0064567732624709606171 0.0015786886215209960938 0.00016911575221456587315 0.0078000188805162906647 0.046824719756841659546 0.018772399052977561951 0.0012354862410575151443 0.00071524223312735557556 0.0013841793406754732132 0.014514308422803878784 0.020253559574484825134 0.081063106656074523926 0.023830192163586616516 0 0 0 0 0 0 0.0068317647092044353485 0.027591885998845100403 0.031301349401473999023 0.012391044758260250092 0.0039397166110575199127 0 0 0 0 0.00082327873678877949715 0.001979140331968665123 0 0.00080350565258413553238 0.0084423152729868888855 0.0018894706154242157936 0 0 0 0 0.0053213462233543395996 0.00322286202572286129 0.00033706150134094059467 0.043507538735866546631 0.068756274878978729248 0.042329896241426467896 0.0063413865864276885986 3.8024274545023217797e-05 0.00076040817657485604286
0.0081103192642331123352 0.0095637375488877296448 0.002858279738575220108 0.021226242184638977051 0 0 0 0 0 0 0 0 0 0 0.045820750296115875244 0.10764961689710617065 0.01772086508572101593 0 0 0 0 0 0 0.0095075387507677078247 0.0019819792360067367554 0.0068598105572164058685 0 0 0.023707892745733261108 0.0042841215617954730988 0 0 0.0011457295622676610947 0.0027543036267161369324 0 0.010605483315885066986 0.14001168310642242432 0.026012532413005828857 0.0078421561047434806824 0 0 0 0 0 0 0.065672859549522399902 0.028881506994366645813 0.0097027113661170005798 0 0 0.029353378340601921082
3.0482962756650522351e-05 0.00039683273644186556339 0.027463875710964202881 0.0011431513121351599693 0 0 0 0.0023029220756143331528 0.042154900729656219482 0.027844112366437911987 0 0.058799013495445251465 0.028802994638681411743 0.0079537732526659965515 0.070390246808528900146 0.16373035311698913574 0.020497076213359832764 0 0.045889053493738174438 0.028413534164428710938 0.019078245386481285095 0 0 0 0 0 0 0 0.00127680203877389431 0.00023072380281519144773 0 0 0 0 0 0.018384449183940887451 0.02148626372218132019 0.0029451125301420688629 0.0004223437863402068615 0 0 0 0 0 0 0.0098559511825442314148 0.032180529087781906128 0.00097027875017374753952 0 0 0.017417762428522109985
0.01381844840943813324 0.0041922256350517272949 0.024388836696743965149 0 0.06477607041597366333 0.079334169626235961914 0 0.0017552996287122368813 0.010116068646311759949 0.011799632571637630463 0.033765874803066253662 0.32777816057205200195 0.16213814914226531982 0.0071893190033733844757 0.017610734328627586365 0.11617250740528106689 0.097765363752841949463 0.01408079732209444046 0.10401053726673126221 0.033423472195863723755 0.029359230771660804749 0 0 0 0 0 0 0 0 0 0.0081779276952147483826 0.030378568917512893677 0.0066419937647879123688 0.018203094601631164551 0.0028067645616829395294 0 0 0 0 0 0 0 0 0 0 0 0.0039762281812727451324 0.0005655079730786383152 0.013678192161023616791 0.0011126720346510410309 0.01522684004157781601
0.034942980855703353882 0.010303783230483531952 0.008660857565701007843 0.03483225405216217041 0.024169433861970901489 0 0 0.023844838142395019531 0.054445564746856689453 0.0088795805349946022034 0.082990825176239013672 0.41883864998817443848 0.56175190210342407227 0.0064602782949805259705 0 0.053500745445489883423 0.084197320044040679932 0.023300096392631530762 0 0.014070108532905578613 0.047120533883571624756 0.027547717094421386719 0 0 0 0 0 0 0 0.017947446554899215698 0.078311175107955932617 0.15789550542831420898 0.065508924424648284912 0.053263381123542785645 0.0068985540419816970825 0 0 0.0029001608490943908691 0.0060798553749918937683 0 0 0 0 0 0 0 0 0.005018896888941526413 0.041761595755815505981 0.015380839817225933075 0.016497179865837097168
0.10375872999429702759 0.42343705892562866211 0.724842071533203125 0.26775574684143066406 0.027245866134762763977 0 0.0037117663305252790451 0.0041229482740163803101 0.1688175201416015625 0.14868874847888946533 0.22988756000995635986 0.015501746907830238342 0.88465857505798339844 0.00041949859587475657463 0.0035244144964963197708 0.047311086207628250122 0.09903793036937713623 0.0049274428747594356537 0 0.021239196881651878357 0.001132606063038110733 0.0094911959022283554077 0.0028550168499350547791 0 0 0 0 0.011831806972622871399 0.061715617775917053223 0.0098417503759264945984 0.028118643909692764282 0.057725228369235992432 0.051167011260986328125 0.00055345759028568863869 0 0 0 0.00237570982426404953 0.0049804039299488067627 0 0.0017980607226490974426 0.030059730634093284607 0.0043470067903399467468 0 0 0 0 0.0003259023942518979311 0.00052876002155244350433 0.035174500197172164917 0.0075464528053998947144
0.048450477421283721924 0.093193702399730682373 0.69100964069366455078 0.3628483116626739502 0.3407179713249206543 0.038540825247764587402 0.14771284162998199463 0.0035712074022740125656 0.32304742932319641113 0.22406585514545440674 0.12751781940460205078 0.96547180414199829102 0.66150146722793579102 0 0.0044089737348258495331 0.031233234331011772156 0.1207391694188117981 0.13758768141269683838 0.03016491234302520752 0.010794129222631454468 0 0 0 0 0 0 0 0.0086343949660658836365 0 0.02398397400975227356 0.02422825247049331665 0 0 0 0 0 0 0.002736379159614443779 0.0057365056127309799194 0 0.050970956683158874512 0.013085444457828998566 0.00098520063329488039017 0 0 0.0069076055660843849182 0.021122731268405914307 0 0 0.019521800801157951355 0.38945028185844421387
0.023234179243445396423 0.049301188439130783081 0.017454195767641067505 0.01148436032235622406 0.016675410792231559753 0.058458771556615829468 0.68008732795715332031 0.52491331100463867188 0.27938050031661987305 0.018511727452278137207 0.0087938373908400535583 0.033652260899543762207 0.014822117984294891357 0 0 0.0046603986993432044983 0.046717878431081771851 0.03300587087869644165 0.022009434178471565247 0.0052285655401647090912 0 0 0 0 0 0 0.010440051555633544922 0.0033194008283317089081 0 0.043799858540296554565 0.030490523204207420349 0.016303580254316329956 0.0043878774158656597137 0 0 0.031208548694849014282 0 0 0 0 0.0055446778424084186554 0.025852365419268608093 0.031315598636865615845 0.011958528310060501099 0.043668042868375778198 0.052856635302305221558 0.00073624902870506048203 0 0 0 0.25859436392784118652
0.074232771992683410645 0.10637152940034866333 0.016884913668036460876 0.17268648743629455566 0.055180180817842483521 0.11601431667804718018 0.2037385404109954834 0.20871992409229278564 0.11541929095983505249 0 0.01264533214271068573 0 0 0 0.066228151321411132812 0.017696553841233253479 0.012932376004755496979 0.058925632387399673462 0.022087791934609413147 0.015328957699239253998 0.013509502634406089783 0.0055140289478003978729 0 0 0.0049256496131420135498 0.0049641313962638378143 0.005963021889328956604 0.0018959351582452654839 0 0.036516550928354263306 0.021186852827668190002 0.022664353251457214355 0.006099788472056388855 0.039177801460027694702 0.025075487792491912842 0.026956155896186828613 0.0095504010096192359924 0.0021374707575887441635 0 0.018381349742412567139 0.014221454039216041565 0.017681909725069999695 0.026252780109643936157 0.044017907232046127319 0.0052208378911018371582 0.0021662835497409105301 0.0091026527807116508484 0.0085267042741179466248 0.0028523406945168972015 0.038523204624652862549 0.089210897684097290039
