gis/40m/LAI_spruce.asc
ncols        256
nrows        286
xllcorner    726766.000000000000
yllcorner    7127230.000000000000
cellsize     40.000000000000
NODATA_value -9999
[rows 220 to 239 of 286, columns 184 to 229 of 256]
0.41996335983276367188 0.63376671075820922852 0.69935727119445800781 0.78977638483047485352 0.88040846586227416992 1.1715143918991088867 0.81078815460205078125 0.87721008062362670898 0.99857097864151000977 0.84839892387390136719 1.7248529195785522461 1.3813023567199707031 1.8308236598968505859 1.5320705175399780273 1.8752135038375854492 3.3156421184539794922 2.3207707405090332031 2.3366577625274658203 1.6974235773086547852 1.8617299795150756836 2.2780981063842773438 1.4512115716934204102 1.5640015602111816406 1.7611943483352661133 1.5702805519104003906 2.3095235824584960938 0.88821876049041748047 0.70166683197021484375 0.58175885677337646484 0.54753965139389038086 0.28598800301551818848 0.66474753618240356445 0.6076501011848449707 0.62582945823669433594 0.652011871337890625 0.51135325431823730469 0.5010350346565246582 0.43636882305145263672 0.50838184356689453125 0.97604262828826904297 2.7037818431854248047 3.4286606311798095703 2.4546375274658203125 1.8801267147064208984 1.1797542572021484375 1.2826992273330688477
0.49417597055435180664 0.57590651512145996094 0.67051076889038085938 0.8197129368782043457 1.1624680757522583008 1.4614142179489135742 0.6242930293083190918 0.74249505996704101562 0.80563181638717651367 0.73855966329574584961 2.2240569591522216797 1.4711391925811767578 1.2769415378570556641 1.5793390274047851562 1.5746288299560546875 2.3707072734832763672 1.8251320123672485352 2.2887244224548339844 1.7512778043746948242 2.1538605690002441406 1.9135296344757080078 1.9860758781433105469 2.4792788028717041016 2.4474334716796875 2.0822353363037109375 1.1651408672332763672 1.2261917591094970703 0.89566987752914428711 0.9998824000358581543 0.92681676149368286133 0.24706722795963287354 0.51391404867172241211 0.68007856607437133789 0.83034241199493408203 0.80663812160491943359 0.52710211277008056641 0.54886025190353393555 0.48500907421112060547 0.52024102210998535156 1.6673564910888671875 1.5777710676193237305 1.9092786312103271484 1.8731832504272460938 1.8023393154144287109 1.9992718696594238281 1.9239642620086669922
0.99581634998321533203 0.53528130054473876953 0.6802685856819152832 0.68817901611328125 1.3912312984466552734 1.9149129390716552734 1.3306788206100463867 1.1503248214721679688 0.97915381193161010742 1.2413823604583740234 2.8902769088745117188 2.2756290435791015625 1.1657582521438598633 1.218441009521484375 0.92593139410018920898 1.3748562335968017578 2.7558236122131347656 1.9043951034545898438 2.8480658531188964844 2.4912230968475341797 2.1846494674682617188 1.1876063346862792969 2.5302484035491943359 2.6101338863372802734 1.2617559432983398438 1.1449244022369384766 0.70729964971542358398 1.048191070556640625 1.2041275501251220703 0.90069687366485595703 0.22960768640041351318 0.5493628382682800293 0.58687871694564819336 0.69070261716842651367 0.66619771718978881836 0.56608587503433227539 0.53244936466217041016 0.53778052330017089844 0.79075330495834350586 1.8253928422927856445 1.2061150074005126953 1.2651314735412597656 1.9717158079147338867 1.8229784965515136719 2.2859888076782226562 2.8174450397491455078
0.98064815998077392578 0.54632180929183959961 0.57233828306198120117 0.7285302281379699707 1.3942605257034301758 1.4796150922775268555 1.936552882194519043 1.7804002761840820312 1.3027701377868652344 2.1445302963256835938 3.3964252471923828125 2.4712414741516113281 1.6993581056594848633 0.58702147006988525391 0.57053428888320922852 1.0893491506576538086 1.6358259916305541992 1.830994725227355957 1.7466976642608642578 1.5441718101501464844 1.9746071100234985352 1.6639335155487060547 1.9202696084976196289 1.5815267562866210938 1.2618005275726318359 1.5374341011047363281 1.0149815082550048828 0.66363406181335449219 0.65632724761962890625 0.56778055429458618164 0.35458233952522277832 0.59192556142807006836 0.6026204228401184082 0.58392632007598876953 0.58513051271438598633 0.57097470760345458984 0.60026252269744873047 0.55907541513442993164 0.87059748172760009766 1.6051249504089355469 0.85962015390396118164 0.76309603452682495117 1.7352423667907714844 1.7283409833908081055 2.0765578746795654297 2.5482375621795654297
0.4556484222412109375 0.46097049117088317871 0.73313260078430175781 1.0873520374298095703 1.4255411624908447266 1.6109309196472167969 1.5913929939270019531 1.7807416915893554688 1.6677873134613037109 2.3439810276031494141 3.3379235267639160156 2.0939421653747558594 1.3902200460433959961 0.73524606227874755859 0.0067589194513857364655 0 1.1154819726943969727 1.3687573671340942383 1.3735169172286987305 1.8147714138031005859 1.7047955989837646484 1.9838919639587402344 1.591561436653137207 1.6711026430130004883 1.8834041357040405273 2.0080251693725585938 1.3818655014038085938 0.79265761375427246094 0.52832192182540893555 0.51010841131210327148 0.5900166630744934082 1.187962651252746582 0.70812702178955078125 0.54310578107833862305 0.64990562200546264648 0.58506071567535400391 0.54553693532943725586 0.61511933803558349609 1.1541559696197509766 1.8857749700546264648 0.64377623796463012695 0.73827385902404785156 1.4684616327285766602 2.0448462963104248047 2.1322457790374755859 2.9919338226318359375
0.53451514244079589844 0.42139077186584472656 0.79102420806884765625 1.4108955860137939453 1.2386411428451538086 1.9160760641098022461 1.2671962976455688477 1.4630887508392333984 2.0367400646209716797 2.4083986282348632812 2.8502960205078125 1.7913886308670043945 1.5808091163635253906 0.89082813262939453125 0 0 0 0.49267220497131347656 0.90778213739395141602 1.4764223098754882812 1.6830935478210449219 1.3500683307647705078 1.537125706672668457 1.6106072664260864258 1.3207420110702514648 2.4216897487640380859 1.6307390928268432617 1.3552770614624023438 1.2752017974853515625 0.9362894892692565918 0.84524297714233398438 1.1590901613235473633 0.56675809621810913086 0.49418273568153381348 0.62754619121551513672 0.76228177547454833984 0.57227337360382080078 0.57192206382751464844 0.77897280454635620117 1.8627479076385498047 1.5031988620758056641 1.3981090784072875977 1.4420310258865356445 1.8922704458236694336 1.8008593320846557617 3.0989229679107666016
0.38223358988761901855 0.44948887825012207031 0.74939775466918945312 1.0649287700653076172 1.1692692041397094727 1.4262119531631469727 1.5658742189407348633 2.3349850177764892578 3.3008863925933837891 3.3242948055267333984 2.4174675941467285156 2.0784728527069091797 1.9365949630737304688 0.35545036196708679199 0 0 0 0.1652069389820098877 0.50439864397048950195 0.9751631617546081543 1.1346954107284545898 1.0659325122833251953 1.5206435918807983398 0.4404150545597076416 0.90169942378997802734 1.3759992122650146484 1.0594383478164672852 1.9959505796432495117 2.1801884174346923828 1.469493865966796875 0.79382717609405517578 0.85075700283050537109 0.55426359176635742188 0.51583558320999145508 0.56620436906814575195 0.60075396299362182617 0.67144399881362915039 0.70138734579086303711 0.50511693954467773438 1.3267655372619628906 1.0286349058151245117 0.60213565826416015625 1.7206435203552246094 1.7962814569473266602 1.6560844182968139648 1.6521128416061401367
0.62998843193054199219 1.1623758077621459961 1.3466780185699462891 1.2065072059631347656 1.0232064723968505859 1.7034946680068969727 1.3451209068298339844 2.1137719154357910156 2.6320142745971679688 2.5039761066436767578 1.9525526762008666992 1.9456881284713745117 1.8681771755218505859 0.38042157888412475586 0 0 0 0 0.12120763212442398071 0.66766691207885742188 1.1552979946136474609 1.2457848787307739258 0.13710442185401916504 0.19416274130344390869 0.38169658184051513672 0.954738616943359375 0.85943067073822021484 2.4946844577789306641 2.0962202548980712891 1.8911483287811279297 1.9286944866180419922 0.65496742725372314453 0.65475761890411376953 0.39898625016212463379 0.43626937270164489746 0.45543965697288513184 0.50916373729705810547 0.63062781095504760742 0.60822826623916625977 0.83425390720367431641 0.68998777866363525391 0.62160992622375488281 1.1454027891159057617 1.6293699741363525391 1.8722674846649169922 1.9087195396423339844
0.943828582763671875 1.8367764949798583984 1.6716310977935791016 1.6239515542984008789 1.4916043281555175781 1.1285443305969238281 1.3462299108505249023 1.6955022811889648438 2.2259540557861328125 2.6761157512664794922 2.27523040771484375 1.6409063339233398438 0.25570574402809143066 0.061630986630916595459 0 0 0 0 0.0072518554516136646271 0.1165569797158241272 0.21362264454364776611 0.19859884679317474365 0.18019478023052215576 0 0.028584595769643783569 0.36008876562118530273 0.69207406044006347656 1.741289973258972168 2.6719608306884765625 2.4255812168121337891 1.9843310117721557617 0.86079126596450805664 0.63437086343765258789 0.56090945005416870117 0.48152458667755126953 0.44144669175148010254 0.53516173362731933594 0.48318272829055786133 0.58761113882064819336 0.78211730718612670898 0.68906545639038085938 0.49007058143615722656 1.4371590614318847656 1.8753355741500854492 1.9680988788604736328 1.7110190391540527344
0.72466379404067993164 0.85656684637069702148 1.0035158395767211914 1.4930498600006103516 1.0198180675506591797 0.27195444703102111816 0.85592937469482421875 0.95451629161834716797 1.9358906745910644531 2.6643204689025878906 2.2546916007995605469 0.47874933481216430664 0 0 0.048147462308406829834 0 0.0051591009832918643951 0.12515917420387268066 0.026998562738299369812 0.018397377803921699524 0.14171400666236877441 0.0083374418318271636963 0.019444284960627555847 0.0075946059077978134155 0 0 0.40092012286186218262 0.64441949129104614258 2.1286900043487548828 2.9406352043151855469 2.3601126670837402344 1.6003262996673583984 0.9256922602653503418 0.50515639781951904297 0.4699802696704864502 0.49660071730613708496 0.55538463592529296875 0.5338999629020690918 0.96858042478561401367 0.90998989343643188477 0.7291774749755859375 0.59774202108383178711 1.2184978723526000977 1.5036551952362060547 1.8478537797927856445 1.7818341255187988281
0.41680559515953063965 0.4268328249454498291 0.3134752810001373291 0.23175036907196044922 0.34055602550506591797 0.52664417028427124023 0.35119080543518066406 0.41531354188919067383 1.1556353569030761719 1.6756718158721923828 1.0713222026824951172 0.7581691741943359375 0 0 0.31423875689506530762 0.039951786398887634277 0 0 0 0 0 0 0.14243052899837493896 0.039977289736270904541 0 0 0 0.30617696046829223633 1.0678790807723999023 1.8271781206130981445 2.3812549114227294922 1.9990639686584472656 0.94877856969833374023 0.28996044397354125977 0.45672440528869628906 0.62126433849334716797 0.78029555082321166992 1.1958096027374267578 0.8501713871955871582 0.72762322425842285156 0.66877675056457519531 0.65333539247512817383 1.1401785612106323242 0.84489077329635620117 0.97493201494216918945 0.70904624462127685547
0.16349151730537414551 0.29570278525352478027 0.27617469429969787598 0.33948343992233276367 0.53607451915740966797 0.54279291629791259766 0.3778101801872253418 0.48473754525184631348 1.1272780895233154297 1.2717142105102539062 0.075969040393829345703 0 0 0 0.089820489287376403809 0.7443523406982421875 0.014042920432984828949 0 0 0 0 0.2590033411979675293 0.79577410221099853516 0.39403873682022094727 0.024864228442311286926 0 0 0 0.60639548301696777344 0.85372716188430786133 1.7433081865310668945 1.6669670343399047852 1.0161241292953491211 0.55657118558883666992 0.58056199550628662109 0.5217151641845703125 1.4403480291366577148 1.2773231267929077148 0.83299797773361206055 0.36442220211029052734 0.092206932604312896729 0.29145270586013793945 0.2088568955659866333 0.051578883081674575806 0.014456797391176223755 0.028891008347272872925
0.52603161334991455078 0.53263115882873535156 0.45268237590789794922 0.47816184163093566895 0.38205039501190185547 0.41193294525146484375 0.51795876026153564453 1.1223105192184448242 1.2032818794250488281 0.64993458986282348633 0 0 0 0 0.065498493611812591553 0.85842233896255493164 0.18220199644565582275 0 0 0 0 0.021472435444593429565 0 0 0 0 0.11659361422061920166 0 0.22105681896209716797 1.2088909149169921875 2.2703278064727783203 2.0988612174987792969 2.1360177993774414062 1.0601568222045898438 1.1297317743301391602 1.1590284109115600586 1.2932517528533935547 1.5477215051651000977 0.89833796024322509766 0.19178250432014465332 0.081979624927043914795 0 0 0 0 0
0.51037174463272094727 0.59127962589263916016 0.44453006982803344727 0.33293265104293823242 0.36060738563537597656 0.38979393243789672852 0.57709228992462158203 1.0736631155014038086 1.5750800371170043945 0.88353717327117919922 0 0 0 0 0 0.50770592689514160156 0.82707822322845458984 0.020886158570647239685 0 0 0 0 0 0 0 0 0.027021696791052818298 0 0.01612449251115322113 0.41562730073928833008 1.1437703371047973633 2.4038486480712890625 1.7633217573165893555 1.542971491813659668 1.449067234992980957 1.8277513980865478516 1.0197352170944213867 0.90869140625 1.2143732309341430664 0.11099057644605636597 0.001798860146664083004 0 0 0.011338335461914539337 0 0.034362554550170898438
0.41704162955284118652 0.32805487513542175293 0.19433863461017608643 0.1934261620044708252 0.37746205925941467285 0.45645248889923095703 0.56491422653198242188 0.82618421316146850586 1.3465542793273925781 0.60054254531860351562 0.901882171630859375 0.023899847641587257385 0 0 0 0.42513036727905273438 1.1122850179672241211 0.25782018899917602539 0.0092103518545627593994 0 0 0 0 0 0 0 0 0.0039711440913379192352 0.11116344481706619263 0.16689322888851165771 0.57330238819122314453 2.3799054622650146484 1.7361385822296142578 1.6410299539566040039 1.166839599609375 1.4459542036056518555 1.4842303991317749023 1.4399139881134033203 1.2690374851226806641 0.15656465291976928711 0 0.052109703421592712402 0.60890084505081176758 0.5473467707633972168 0.34935984015464782715 0.45132941007614135742
0.44485846161842346191 0.081023231148719787598 0.26294767856597900391 0.071468085050582885742 0.20447209477424621582 0.64043867588043212891 0.50538092851638793945 0.62586176395416259766 0.54635399580001831055 0.083195969462394714355 0 0 0 0 0.027862641960382461548 0.86757409572601318359 1.3728537559509277344 0.90298575162887573242 0.11128205806016921997 0 0 0 0 0 0 0 0.023361274972558021545 0.28730887174606323242 0.56447875499725341797 0.7878386378288269043 0.97537642717361450195 1.9018307924270629883 1.748934626579284668 1.6929981708526611328 1.3512762784957885742 0.94568324089050292969 1.1936455965042114258 1.7589383125305175781 1.7957231998443603516 0.35246899724006652832 0 0.32911470532417297363 1.3719451427459716797 1.6912192106246948242 1.4454756975173950195 1.3680627346038818359
0.27349773049354553223 0.083451792597770690918 0.12179606407880783081 0.021278023719787597656 0.16588218510150909424 0.70557427406311035156 0.84274393320083618164 0.6334387660026550293 0.50603860616683959961 0.22455266118049621582 0.023387379944324493408 0 0 0.22555674612522125244 1.0301800966262817383 1.4057184457778930664 1.3068093061447143555 1.9136424064636230469 0.65452027320861816406 0.0020532505586743354797 0 0 0 0 0 0.0029695073608309030533 0.83477431535720825195 0.58330881595611572266 0.74143785238265991211 1.3333864212036132812 1.4230598211288452148 1.2953667640686035156 2.2647521495819091797 1.7647708654403686523 2.0483255386352539062 1.6288722753524780273 1.2998135089874267578 1.8947927951812744141 1.1557310819625854492 0.1533199995756149292 0 0.67962533235549926758 1.1118972301483154297 1.386471867561340332 1.1291394233703613281 1.0214022397994995117
0.33913955092430114746 0.225012168288230896 0.20462343096733093262 0.064847193658351898193 0.32519739866256713867 0.54155904054641723633 0.60812288522720336914 0.72791779041290283203 0.74267470836639404297 0.65234225988388061523 0.15202577412128448486 0 0 0 0 0.25280961394309997559 1.5152924060821533203 1.3621122837066650391 0.86272615194320678711 0.18618492782115936279 0 0 0 0 0.026105638593435287476 0.0094720786437392234802 0.41583114862442016602 0.47510331869125366211 1.0298081636428833008 1.3843694925308227539 1.9980816841125488281 1.8863183259963989258 1.7852342128753662109 2.2867932319641113281 1.680995941162109375 1.5174791812896728516 1.8805762529373168945 2.0491461753845214844 0.74608141183853149414 0.058250959962606430054 0.0015357341617345809937 0.57534623146057128906 1.3831102848052978516 1.0456675291061401367 0.7227846980094909668 0.77584367990493774414
0.60441201925277709961 0.46982353925704956055 0.17118397355079650879 0.26492685079574584961 0.51288408041000366211 0.52207332849502563477 0.66449880599975585938 0.98592674732208251953 1.2436437606811523438 1.3735970258712768555 1.1444717645645141602 0.12305440753698348999 0.33158996701240539551 0.071608275175094604492 0 0 0.28589603304862976074 1.0829753875732421875 0.99245178699493408203 0.62042760848999023438 0.018656233325600624084 0 0 0 0.010718815028667449951 0.26918658614158630371 1.6574056148529052734 1.8293359279632568359 1.7799215316772460938 1.372597813606262207 1.5454323291778564453 1.5856349468231201172 1.2229812145233154297 2.0334792137145996094 2.1062669754028320312 1.1911123991012573242 1.672322392463684082 1.577972412109375 0.46225446462631225586 0.030681872740387916565 0.00031618055072613060474 0.30549189448356628418 1.6926982402801513672 1.0765564441680908203 0.63931792974472045898 0.70859628915786743164
0.62489598989486694336 0.51407110691070556641 0.41288167238235473633 0.3711560368537902832 0.4271304011344909668 0.73926675319671630859 0.93746417760848999023 0.82420146465301513672 0.86192488670349121094 0.81214535236358642578 0.85718882083892822266 0.4019222259521484375 0.26521992683410644531 0.071098059415817260742 0 0 0.0369090251624584198 0.95642143487930297852 1.2120716571807861328 1.1394937038421630859 0.49718511104583740234 0.0052199438214302062988 0 0 0.0059284642338752746582 0.32628875970840454102 1.3254544734954833984 1.7154916524887084961 1.8064119815826416016 1.6604583263397216797 1.5856093168258666992 1.7285271883010864258 1.4999064207077026367 1.7472784519195556641 2.3374400138854980469 1.7645666599273681641 1.7957216501235961914 0.89653408527374267578 0.52930170297622680664 0.11226185411214828491 0.025114044547080993652 0.42874258756637573242 1.0907577276229858398 1.2579085826873779297 1.120937347412109375 1.2420020103454589844
