gis/40m/LAI_pine.asc
ncols        256
nrows        286
xllcorner    726766.000000000000
yllcorner    7127230.000000000000
cellsize     40.000000000000
NODATA_value -9999
[rows 100 to 119 of 286, columns 46 to 91 of 256]
0.43865284323692321777 0.32767683267593383789 0.95184421539306640625 0.7017027735710144043 1.1022840738296508789 1.1261490583419799805 1.6727662086486816406 1.9132233858108520508 2.4525957107543945312 1.0927220582962036133 1.7360620498657226562 1.5405583381652832031 1.586140751838684082 1.279225468635559082 1.467545628547668457 1.6459176540374755859 1.7276345491409301758 1.5483062267303466797 1.5637465715408325195 1.0219287872314453125 1.2728021144866943359 1.2175631523132324219 1.4750876426696777344 1.6226696968078613281 2.0115244388580322266 1.4772781133651733398 1.166211247444152832 1.2241868972778320312 1.6097911596298217773 1.7832120656967163086 1.4206994771957397461 1.3474588394165039062 1.7643069028854370117 1.3120045661926269531 0.76775389909744262695 1.5293918848037719727 1.9613375663757324219 1.5476934909820556641 1.5039490461349487305 1.3095116615295410156 0.3741696476936340332 1.1033636331558227539 1.5224851369857788086 1.6937965154647827148 1.5468645095825195312 1.9235746860504150391
0.74260175228118896484 1.8258267641067504883 1.4261773824691772461 1.3726735115051269531 1.7031284570693969727 1.3133298158645629883 1.2040500640869140625 1.767783045768737793 1.094832301139831543 1.3139884471893310547 2.0294299125671386719 1.8283488750457763672 1.8093718290328979492 1.5420305728912353516 1.3695838451385498047 1.866597294807434082 1.8019746541976928711 1.9526783227920532227 1.8290139436721801758 1.7614208459854125977 1.7103137969970703125 1.2450060844421386719 0.93970459699630737305 1.2939217090606689453 1.4573791027069091797 1.4702460765838623047 1.3339818716049194336 2.2352068424224853516 2.0706810951232910156 1.7055132389068603516 1.5591887235641479492 1.5316618680953979492 1.7920137643814086914 1.3723161220550537109 1.6913373470306396484 1.8510072231292724609 2.0006406307220458984 1.3464612960815429688 1.4857779741287231445 1.4721268415451049805 1.5942220687866210938 0.85754150152206420898 1.4409945011138916016 1.6122162342071533203 1.4093112945556640625 1.3738229274749755859
1.0785090923309326172 1.6508913040161132812 1.6275057792663574219 2.0887236595153808594 1.4476907253265380859 1.437652587890625 1.8937802314758300781 1.8231993913650512695 1.5760625600814819336 1.4609305858612060547 1.6945755481719970703 1.7961816787719726562 1.8416922092437744141 1.1318516731262207031 1.2829855680465698242 1.7908290624618530273 1.601240992546081543 1.5415432453155517578 1.2966506481170654297 1.7618532180786132812 1.8034117221832275391 1.9166115522384643555 1.3187078237533569336 1.0637965202331542969 0.78557837009429931641 0.84779119491577148438 1.3708832263946533203 2.0097918510437011719 2.2837607860565185547 1.6036378145217895508 1.4230644702911376953 1.3924372196197509766 1.7069860696792602539 0.59763634204864501953 1.0110896825790405273 1.4516385793685913086 1.7838196754455566406 1.3719397783279418945 1.5421767234802246094 1.6113501787185668945 1.5729482173919677734 0.81498932838439941406 0.85108762979507446289 1.6515452861785888672 2.1616508960723876953 1.6960555315017700195
1.7561033964157104492 1.3454928398132324219 1.9499527215957641602 1.8761221170425415039 1.6876748800277709961 1.9642401933670043945 2.3422913551330566406 2.5498511791229248047 1.9032036066055297852 2.0295093059539794922 1.9078533649444580078 1.3435895442962646484 1.5309618711471557617 1.351256251335144043 1.2119835615158081055 1.6609017848968505859 1.7884073257446289062 1.9729988574981689453 1.6686043739318847656 1.6457297801971435547 1.7687358856201171875 1.6306395530700683594 1.1838339567184448242 1.0381599664688110352 0.97063845396041870117 0.77311104536056518555 0.95636200904846191406 1.4923894405364990234 1.6754038333892822266 1.0865192413330078125 0.96281683444976806641 1.1881972551345825195 1.7390446662902832031 1.0293029546737670898 0.87446057796478271484 1.1469485759735107422 1.4513103961944580078 1.7495946884155273438 1.5791039466857910156 2.0384919643402099609 1.9746035337448120117 1.1063544750213623047 0.77344858646392822266 1.5839467048645019531 1.5500222444534301758 1.5722810029983520508
1.9693084955215454102 1.5319727659225463867 2.4092559814453125 2.8073589801788330078 2.1263289451599121094 1.8666402101516723633 1.6750023365020751953 1.4325520992279052734 1.7042435407638549805 1.6894152164459228516 1.8254240751266479492 1.9217171669006347656 1.3061081171035766602 1.3982698917388916016 1.867579340934753418 1.6197632551193237305 1.5233321189880371094 1.9023070335388183594 1.7474302053451538086 1.7838338613510131836 0.98127776384353637695 1.4304299354553222656 1.2892813682556152344 1.5768058300018310547 1.0952296257019042969 1.0165909528732299805 1.1346105337142944336 1.6283057928085327148 1.0319181680679321289 1.1144713163375854492 1.0582045316696166992 1.0651030540466308594 1.8676621913909912109 1.328522801399230957 2.6656625270843505859 1.6374216079711914062 1.3307027816772460938 2.0860073566436767578 1.6403450965881347656 1.5029709339141845703 1.7999198436737060547 1.6241650581359863281 0.88835316896438598633 1.4637581110000610352 1.2699126005172729492 1.6773798465728759766
1.9794853925704956055 1.0234159231185913086 0.55163455009460449219 1.5190223455429077148 1.4436374902725219727 1.1575484275817871094 1.362626194953918457 1.7978260517120361328 1.7168909311294555664 1.0545682907104492188 0.84299284219741821289 1.2089220285415649414 1.3960396051406860352 0.86294209957122802734 1.4940447807312011719 1.4319933652877807617 1.2116296291351318359 1.6161468029022216797 1.9174065589904785156 1.7102888822555541992 1.1176500320434570312 0.45397859811782836914 2.0404233932495117188 1.9176259040832519531 1.7271177768707275391 1.6215935945510864258 1.391787409782409668 1.7331984043121337891 1.823670506477355957 1.340308070182800293 1.7017461061477661133 1.5073580741882324219 1.1119939088821411133 1.6089357137680053711 1.9124739170074462891 2.1885662078857421875 1.0001195669174194336 1.308381199836730957 1.7978186607360839844 0.91165661811828613281 1.6388970613479614258 1.7094687223434448242 1.7321127653121948242 1.4381110668182373047 1.1478067636489868164 1.3706982135772705078
1.8554329872131347656 0.59147244691848754883 0.59982687234878540039 1.0184140205383300781 1.1057345867156982422 1.3944717645645141602 2.0571656227111816406 2.4747948646545410156 1.606465458869934082 0.95071518421173095703 0.73360580205917358398 1.1669929027557373047 1.0765360593795776367 1.4340929985046386719 1.5248609781265258789 1.8918350934982299805 1.9109572172164916992 1.3926750421524047852 2.0965862274169921875 1.7016310691833496094 1.0933442115783691406 0.57232534885406494141 1.5923033952713012695 1.9257953166961669922 1.851245880126953125 1.877469182014465332 1.3827415704727172852 1.2999527454376220703 1.975186467170715332 1.4194829463958740234 1.3631376028060913086 1.4788000583648681641 1.7958843708038330078 1.3245357275009155273 0.53124183416366577148 0.95594376325607299805 1.4926178455352783203 1.4565610885620117188 1.1439688205718994141 1.0634143352508544922 1.2646725177764892578 1.2125943899154663086 1.3215485811233520508 1.3997911214828491211 1.5488313436508178711 1.7767138481140136719
1.8101606369018554688 0.98068785667419433594 1.0575364828109741211 1.0693742036819458008 0.965160369873046875 1.2114276885986328125 1.5526753664016723633 1.9804533720016479492 2.4112422466278076172 1.5992887020111083984 0.94945764541625976562 0.96893846988677978516 0.97785228490829467773 1.0966250896453857422 1.5682183504104614258 1.501800537109375 1.532807469367980957 1.3674955368041992188 2.0455782413482666016 1.3620843887329101562 0.89141184091567993164 0.81229162216186523438 1.6555831432342529297 1.8249858617782592773 1.6500869989395141602 1.7228895425796508789 1.5064432621002197266 1.4804052114486694336 1.7222179174423217773 1.3631824254989624023 1.3336837291717529297 1.2568575143814086914 1.6876810789108276367 1.2597783803939819336 1.1002615690231323242 0.86121481657028198242 1.3771755695343017578 1.4042810201644897461 1.0249664783477783203 1.3459872007369995117 1.183808445930480957 1.2069849967956542969 1.1945154666900634766 1.2744300365447998047 1.1422759294509887695 1.5057426691055297852
1.4583938121795654297 1.4578620195388793945 1.4975247383117675781 1.3014659881591796875 1.2918776273727416992 1.2197015285491943359 1.1980321407318115234 1.5624541044235229492 1.7495404481887817383 1.8531509637832641602 1.412339329719543457 0.60034668445587158203 0.99437260627746582031 0.70967018604278564453 1.2960273027420043945 1.4463645219802856445 1.5430417060852050781 1.3562816381454467773 1.9209600687026977539 1.0878697633743286133 1.3699308633804321289 1.1302392482757568359 1.7700142860412597656 1.501051783561706543 1.5357117652893066406 1.812458038330078125 1.670230865478515625 1.6591912508010864258 1.6341074705123901367 1.5215156078338623047 1.2719032764434814453 0.85114061832427978516 1.3017543554306030273 1.4234851598739624023 1.4086029529571533203 1.209010004997253418 0.45841243863105773926 1.4518219232559204102 0.28031697869300842285 0.85768133401870727539 1.311171412467956543 1.2793140411376953125 1.4155125617980957031 1.1703090667724609375 1.2136496305465698242 1.4698400497436523438
1.3205504417419433594 1.5688451528549194336 2.2570896148681640625 2.2937960624694824219 1.7199844121932983398 1.1964621543884277344 1.5911538600921630859 1.250582575798034668 1.38031768798828125 1.9967600107192993164 1.852986454963684082 0.82815217971801757812 1.1208844184875488281 0.55507421493530273438 0.78174483776092529297 1.7686959505081176758 1.6960098743438720703 0.9059187769889831543 1.3433701992034912109 1.5790566205978393555 1.4276926517486572266 1.4120013713836669922 1.7935216426849365234 1.2147997617721557617 1.9076002836227416992 1.8026582002639770508 1.3266640901565551758 1.0183868408203125 1.1261181831359863281 0.034536413848400115967 1.3708624839782714844 1.943419337272644043 1.1938556432723999023 1.0911910533905029297 1.2129342555999755859 1.0056242942810058594 0.7213198542594909668 0.58320504426956176758 1.8061501979827880859 1.4830315113067626953 1.4532094001770019531 2.0651133060455322266 2.2739074230194091797 1.6615097522735595703 1.5843114852905273438 1.4258180856704711914
1.7708039283752441406 1.3995304107666015625 1.8251249790191650391 1.7455458641052246094 1.9465072154998779297 1.7923692464828491211 2.0216455459594726562 1.081547856330871582 1.3449825048446655273 1.9338485002517700195 2.5284199714660644531 1.9447175264358520508 1.6384835243225097656 1.094342350959777832 1.3001972436904907227 1.7719666957855224609 2.1652688980102539062 1.4471725225448608398 1.1252520084381103516 1.8214499950408935547 1.3820383548736572266 1.1588383913040161133 1.0941283702850341797 1.6500899791717529297 1.7508416175842285156 1.7669969797134399414 1.9642632007598876953 1.232478022575378418 0.72969704866409301758 0.04745008423924446106 0.88259726762771606445 1.135937809944152832 1.2919259071350097656 1.3377969264984130859 1.5769623517990112305 1.9445693492889404297 0.95629662275314331055 1.9554371833801269531 1.9385241270065307617 1.2931225299835205078 1.4104379415512084961 1.2751407623291015625 1.6846078634262084961 1.7019530534744262695 1.8342751264572143555 1.4257810115814208984
2.0482959747314453125 1.9311428070068359375 1.7599796056747436523 0.7446295619010925293 1.0590634346008300781 1.4131646156311035156 1.8408814668655395508 0.96668803691864013672 1.1679395437240600586 1.9449805021286010742 2.2750940322875976562 1.9751582145690917969 2.1607623100280761719 1.2622509002685546875 1.4396325349807739258 1.0768179893493652344 1.4448575973510742188 1.2906615734100341797 1.090096592903137207 1.3128232955932617188 1.5953023433685302734 1.5345405340194702148 2.0112211704254150391 1.7535766363143920898 1.7201356887817382812 1.8328042030334472656 1.8114094734191894531 1.7883886098861694336 1.0575352907180786133 0.98356205224990844727 0.96478724479675292969 1.4050377607345581055 1.3906997442245483398 1.9302924871444702148 1.7072286605834960938 1.6022859811782836914 0.33770960569381713867 1.986718297004699707 2.2076952457427978516 1.6436959505081176758 1.767985224723815918 1.3645942211151123047 1.2670729160308837891 1.444079279899597168 1.8477101325988769531 1.5737867355346679688
1.5433635711669921875 1.5596979856491088867 1.7338982820510864258 1.064595341682434082 1.2955653667449951172 1.6265528202056884766 1.6893911361694335938 1.3196614980697631836 1.3612320423126220703 1.3095769882202148438 1.9662054777145385742 2.1319117546081542969 2.2139017581939697266 2.0142605304718017578 1.5802987813949584961 1.3779851198196411133 1.1986587047576904297 1.3617467880249023438 1.6484637260437011719 1.3046714067459106445 1.6121234893798828125 1.2805770635604858398 1.7256487607955932617 1.4199949502944946289 1.6640603542327880859 1.4942766427993774414 1.382722020149230957 1.5785659551620483398 1.1949107646942138672 1.100920557975769043 1.0410752296447753906 1.0600848197937011719 1.2079243659973144531 1.420801997184753418 1.9736038446426391602 2.1599850654602050781 1.7012212276458740234 1.7369909286499023438 1.9016900062561035156 1.5705132484436035156 1.5819947719573974609 1.2467180490493774414 1.0021820068359375 1.1093617677688598633 1.5318001508712768555 1.8908796310424804688
0.95336413383483886719 0.51920932531356811523 1.5467624664306640625 1.3663434982299804688 1.4738144874572753906 1.6192357540130615234 1.324772953987121582 1.1168991327285766602 0.52120512723922729492 0.90652185678482055664 1.6164289712905883789 1.9708459377288818359 2.0757782459259033203 1.9771934747695922852 1.8552783727645874023 1.7121856212615966797 1.2613458633422851562 0.8381640315055847168 1.634423375129699707 1.4218015670776367188 1.6519513130187988281 1.4973223209381103516 1.4018676280975341797 0.95597565174102783203 0.73338031768798828125 1.3666872978210449219 1.3827096223831176758 1.3868290185928344727 1.0472948551177978516 0.88084906339645385742 0.90270620584487915039 1.0313777923583984375 1.160715937614440918 1.2743701934814453125 1.8938485383987426758 1.9796102046966552734 1.9006046056747436523 1.6012179851531982422 2.0414493083953857422 1.4077844619750976562 1.4019711017608642578 1.0008879899978637695 0.51766121387481689453 0.79237419366836547852 1.2393498420715332031 1.8573470115661621094
0 0 0.041602868586778640747 0 0.97733354568481445312 1.2214407920837402344 1.8000445365905761719 1.613820195198059082 0.37984478473663330078 0.33553022146224975586 1.3548485040664672852 2.0152051448822021484 2.0306165218353271484 1.9386361837387084961 1.3449621200561523438 1.4616698026657104492 1.8171585798263549805 1.1398012638092041016 1.4493652582168579102 1.1578818559646606445 1.4375590085983276367 1.6120479106903076172 1.2813895940780639648 0.86157667636871337891 0.43984448909759521484 1.3411728143692016602 1.7054024934768676758 1.3460828065872192383 1.115735173225402832 0.98182797431945800781 1.3481558561325073242 0.98632693290710449219 0.97510951757431030273 1.4238954782485961914 0.18790996074676513672 1.3585029840469360352 1.624106287956237793 1.6455359458923339844 1.3258653879165649414 1.3343461751937866211 1.3084763288497924805 1.2556223869323730469 0.83794921636581420898 0.71126210689544677734 1.2514623403549194336 1.3960764408111572266
0 0 0 0 0.16940559446811676025 0.79741442203521728516 1.7438453435897827148 1.9454368352890014648 1.3773531913757324219 0.56233507394790649414 1.2709472179412841797 1.7217534780502319336 2.5001730918884277344 1.7557185888290405273 0.81534975767135620117 0.90184152126312255859 0.89221704006195068359 1.2948234081268310547 0.99603867530822753906 0.58949542045593261719 0.80797815322875976562 1.4523500204086303711 1.4975241422653198242 1.3491513729095458984 0.87448704242706298828 0.97654038667678833008 1.6529223918914794922 0.87032353878021240234 1.4307906627655029297 1.0832829475402832031 1.6680442094802856445 1.6055471897125244141 1.5193336009979248047 0.87712156772613525391 0.79983323812484741211 1.8432996273040771484 1.6041288375854492188 1.5606385469436645508 1.4940148591995239258 1.1708211898803710938 1.520137786865234375 1.5200695991516113281 1.4946787357330322266 1.2867552042007446289 0.42995536327362060547 0.43494415283203125
0 0 0 0 0.0069293999113142490387 0.75392061471939086914 1.4066188335418701172 1.4825596809387207031 1.1505311727523803711 1.6047813892364501953 1.6505701541900634766 1.5650151968002319336 1.5623400211334228516 2.4356949329376220703 1.3058938980102539062 0.9365901947021484375 0.91133850812911987305 0.7090098261833190918 2.025691986083984375 1.024796605110168457 1.0542860031127929688 1.6262673139572143555 1.7102347612380981445 1.6130183935165405273 0.97018015384674072266 0.84254682064056396484 1.471383213996887207 1.3329000473022460938 1.2961906194686889648 1.0819450616836547852 1.1332067251205444336 1.0796904563903808594 1.4364111423492431641 0.43483006954193115234 0.95625311136245727539 1.659206390380859375 1.73175048828125 1.482188105583190918 0.87683451175689697266 0.80159008502960205078 0.6391264796257019043 0.31083440780639648438 0.5811493992805480957 1.0073075294494628906 0.4211044013500213623 0.31563732028007507324
0 0 0 0 0 0.39160439372062683105 1.3623621463775634766 1.8028815984725952148 1.3816504478454589844 1.8587775230407714844 1.9142936468124389648 1.7253462076187133789 1.0355602502822875977 2.1899366378784179688 1.9148026704788208008 0.99000555276870727539 0.97945797443389892578 0.92009937763214111328 1.5314624309539794922 1.4795988798141479492 1.3090404272079467773 1.5103143453598022461 1.7594612836837768555 1.8188794851303100586 1.5616458654403686523 1.4012868404388427734 1.2264684438705444336 1.3914649486541748047 1.1458735466003417969 0.98588335514068603516 1.353119969367980957 1.5133262872695922852 1.6782187223434448242 0.070549979805946350098 0.20677568018436431885 1.6751036643981933594 1.9408473968505859375 1.0122216939926147461 0.85992401838302612305 0.71432262659072875977 0.45419001579284667969 0.46005529165267944336 0.66844755411148071289 0.62845253944396972656 1.4406039714813232422 0.90287941694259643555
0.12336193770170211792 0.20356748998165130615 0.4253368079662322998 0 0 0.23448361456394195557 1.3038530349731445312 1.8057026863098144531 1.4875378608703613281 1.4069322347640991211 1.4581807851791381836 1.4861603975296020508 0.87171971797943115234 1.9499554634094238281 2.2129313945770263672 1.5072487592697143555 1.3961087465286254883 1.3082550764083862305 1.5568457841873168945 1.8203022480010986328 1.8089045286178588867 1.6562966108322143555 2.3072600364685058594 1.589874267578125 1.8958065509796142578 1.4475411176681518555 1.6366657018661499023 0.91764521598815917969 0.85693603754043579102 1.0166667699813842773 1.0521495342254638672 1.1570497751235961914 1.2047698497772216797 0 0 1.7355020046234130859 2.0292484760284423828 0.44638174772262573242 0.55204814672470092773 0.65620535612106323242 0.30639886856079101562 0.21553562581539154053 0.42226341366767883301 0.8729832768440246582 1.6102051734924316406 1.6529902219772338867
1.1140617132186889648 0.56614762544631958008 0.031785178929567337036 0 0 0.25113543868064880371 1.5530823469161987305 1.8731282949447631836 1.5944849252700805664 1.2677531242370605469 1.535615086555480957 1.4624894857406616211 0.43455350399017333984 0.038757283240556716919 1.7824988365173339844 3.1844525337219238281 2.5616352558135986328 1.4912918806076049805 1.7828273773193359375 1.7299667596817016602 1.6017400026321411133 1.3104075193405151367 1.5124807357788085938 1.6355839967727661133 2.0291390419006347656 1.3956879377365112305 1.6911922693252563477 1.6273097991943359375 0.87573832273483276367 0.90813755989074707031 0.88189256191253662109 0.95504617691040039062 0.46537095308303833008 0 0 1.8025071620941162109 1.8437440395355224609 0.74737954139709472656 0.4377918243408203125 0.30699300765991210938 0.26961350440979003906 0.35402756929397583008 0.79129016399383544922 0.87147766351699829102 1.5823678970336914062 1.0123680830001831055
