gis/40m/LAI_conif.asc
ncols        256
nrows        286
xllcorner    726766.000000000000
yllcorner    7127230.000000000000
cellsize     40.000000000000
NODATA_value -9999
[rows 21 to 41 of 286, columns 141 to 187 of 256]
2.5055441856384277344 2.8726840019226074219 2.7353625297546386719 2.7733645439147949219 3.0655841827392578125 3.1144423484802246094 3.0711545944213867188 3.1765162944793701172 2.8920786380767822266 2.8374223709106445312 2.8555469512939453125 2.8551468849182128906 3.3403921127319335938 3.1822755336761474609 0.66227352619171142578 0.028545893728733062744 0.015753773972392082214 0 0.01187570672482252121 0.090496033430099487305 0.4935760796070098877 2.0908219814300537109 1.7306005954742431641 0.51797133684158325195 0.068814054131507873535 1.4317154884338378906 2.7050879001617431641 3.4808039665222167969 2.4293031692504882812 1.5121464729309082031 2.1930851936340332031 1.9758269786834716797 1.6036555767059326172 0.89399433135986328125 0.64530175924301147461 1.4829881191253662109 0.81625038385391235352 0.055251263082027435303 0 0 0 0 0.017715582624077796936 0.74837648868560791016 2.1076359748840332031 3.4599742889404296875 2.9851312637329101562
2.0083811283111572266 2.2633237838745117188 2.7421090602874755859 3.1045055389404296875 3.0540325641632080078 3.8271296024322509766 3.7097430229187011719 2.7472672462463378906 3.0357425212860107422 3.0404224395751953125 2.8560326099395751953 2.7038428783416748047 3.0171296596527099609 3.0795910358428955078 2.3092637062072753906 0.13207733631134033203 0.020585861057043075562 0 0.0080722374841570854187 0.032884560525417327881 1.5695379972457885742 2.4974503517150878906 0.25677540898323059082 0.051767509430646896362 0.041505746543407440186 0.11568033695220947266 0.97158288955688476562 2.4217073917388916016 2.2435803413391113281 2.8615059852600097656 2.6490981578826904297 2.2330822944641113281 2.6740870475769042969 1.3644407987594604492 1.2781360149383544922 1.5858893394470214844 0.42492502927780151367 0 0 0 0 0 0.094619832932949066162 1.9074323177337646484 2.0908474922180175781 3.5257258415222167969 2.2875087261199951172
2.894199371337890625 2.0652313232421875 1.9282149076461791992 2.5268957614898681641 2.8778645992279052734 3.6906988620758056641 4.4089841842651367188 3.3703570365905761719 2.6915831565856933594 3.6037402153015136719 3.1030302047729492188 2.4895999431610107422 2.4354786872863769531 2.6614496707916259766 3.1547207832336425781 1.2606812715530395508 0.29763993620872497559 0 0.15634495019912719727 0.85276061296463012695 2.3686132431030273438 1.9770169258117675781 0.39792260527610778809 0.20287068188190460205 0.016367385163903236389 0.42491245269775390625 0.72144031524658203125 0.32675001025199890137 1.1964701414108276367 1.6013493537902832031 1.2095378637313842773 0.93467211723327636719 2.5379536151885986328 3.5593168735504150391 2.5578887462615966797 1.404140472412109375 0.54329586029052734375 0.1919927448034286499 0 0 0 0 0.43260610103607177734 1.0473306179046630859 0.67676758766174316406 2.7508420944213867188 1.5878847837448120117
2.9098229408264160156 3.0602936744689941406 2.96807098388671875 1.7851185798645019531 1.4746974706649780273 1.7572891712188720703 2.3880300521850585938 2.6549043655395507812 1.1379797458648681641 3.2456402778625488281 2.7192437648773193359 2.4495890140533447266 2.5965433120727539062 2.6883144378662109375 2.7763388156890869141 2.2740085124969482422 0.37706300616264343262 0.17387822270393371582 1.0639721155166625977 1.2800588607788085938 1.8251001834869384766 1.3734610080718994141 0.77311879396438598633 1.3467476367950439453 0.44028493762016296387 1.0274167060852050781 0.32612740993499755859 0.0074056019075214862823 0.94328010082244873047 0.065458096563816070557 0.048863112926483154297 0.04243624955415725708 0.52623409032821655273 2.1021394729614257812 0.93764019012451171875 0.36761605739593505859 0.46226316690444946289 0.61599785089492797852 0 0 0 0.0078483112156391143799 0.45115923881530761719 0.4938818812370300293 0.18334242701530456543 1.3738068342208862305 0.84047859907150268555
2.6325984001159667969 2.8493294715881347656 3.1739189624786376953 2.8826034069061279297 2.5783667564392089844 2.8479199409484863281 3.3635573387145996094 2.2505438327789306641 0.70659852027893066406 2.0871138572692871094 2.8037061691284179688 2.9920561313629150391 3.511661529541015625 2.8791258335113525391 2.6906766891479492188 3.1676297187805175781 1.4999458789825439453 1.0762884616851806641 0.019087521359324455261 0 0 0 0 0.24281260371208190918 1.0297830104827880859 0.077193528413772583008 0.00022546562831848859787 0.049271941184997558594 0.035025857388973236084 0.14648497104644775391 0 0.0053758681751787662506 0.066844671964645385742 0.83865934610366821289 0.091313727200031280518 0.25534635782241821289 0.048968233168125152588 0.39591997861862182617 0.3149814605712890625 0 0 0.13246329128742218018 1.6160963773727416992 2.4444918632507324219 0.60443979501724243164 0.70634812116622924805 1.5221105813980102539
2.562335968017578125 2.6201791763305664062 2.7120840549468994141 2.6578068733215332031 2.46855926513671875 3.1459219455718994141 3.3080363273620605469 2.0495111942291259766 0.47675591707229614258 1.0994662046432495117 3.211334228515625 3.3070325851440429688 3.5278539657592773438 3.55725860595703125 3.1149170398712158203 2.1729059219360351562 0.69118475914001464844 0.21348886191844940186 0 0 0 0 0 0 0.14851427078247070312 0.11240109801292419434 0.22393314540386199951 0.15989691019058227539 0.10741120576858520508 0.046956073492765426636 0 0 0.025452148169279098511 0.9161955714225769043 0.031795430928468704224 0.20825564861297607422 0.2771409153938293457 0.22281363606452941895 0.45647490024566650391 0.43512907624244689941 0 0.025722980499267578125 0.54873579740524291992 2.3027453422546386719 0.36107885837554931641 0.17228959500789642334 0.47668549418449401855
2.3997402191162109375 2.3509230613708496094 1.7233099937438964844 2.7763059139251708984 2.701328277587890625 3.342071533203125 2.4213862419128417969 0.84807503223419189453 0.028646938502788543701 0.3802859187126159668 3.893657684326171875 3.3935570716857910156 2.9921934604644775391 2.63413238525390625 1.1265268325805664062 0.13340845704078674316 0.23375239968299865723 0.59886658191680908203 1.1480398178100585938 1.1142269372940063477 0.63445889949798583984 0.12303732335567474365 0 0 0 0 0.04557304084300994873 0.19104222953319549561 0.82374560832977294922 0.34103316068649291992 0.091438785195350646973 0.10823178291320800781 0.077098183333873748779 0.13121123611927032471 0.004206712823361158371 0.45955955982208251953 0.47592905163764953613 0.23742714524269104004 0.35360282659530639648 1.1150382757186889648 0 0 0.54239100217819213867 1.1800377368927001953 0.22305646538734436035 0.25431409478187561035 0.18988466262817382812
1.9885120391845703125 2.1961197853088378906 0 0.35469725728034973145 2.8525342941284179688 1.9599149227142333984 0.20918755233287811279 0.92087233066558837891 0.24054594337940216064 1.4515101909637451172 3.0836243629455566406 2.718151092529296875 2.060771942138671875 1.9152615070343017578 0.93229407072067260742 0.036139257252216339111 0.47320866584777832031 2.1973414421081542969 2.1439838409423828125 1.8524527549743652344 1.8095731735229492188 1.8710827827453613281 0.47871035337448120117 0 0 0 0.61973559856414794922 2.4580438137054443359 1.8912186622619628906 2.0482747554779052734 1.1227730512619018555 1.421115875244140625 0.7539336085319519043 0 0 0.26217824220657348633 0.11636000126600265503 0 0 0 0 0.034730724990367889404 0.26315036416053771973 1.2643507719039916992 0.25761952996253967285 0.50719428062438964844 0.4061889946460723877
0.95156979560852050781 2.3105335235595703125 0.15873602032661437988 0 0.35420954227447509766 0.25591492652893066406 0.046274650841951370239 0.28044047951698303223 2.35951995849609375 1.6658792495727539062 3.9006986618041992188 3.5646815299987792969 1.8989605903625488281 1.8581389188766479492 1.5882437229156494141 0.68808847665786743164 0.98064190149307250977 2.3427269458770751953 2.0246422290802001953 2.0907864570617675781 1.8189812898635864258 2.0487318038940429688 2.0344638824462890625 1.5898303985595703125 1.1616634130477905273 0.013430690392851829529 0.3811219334602355957 0.94286012649536132812 0.10317792743444442749 1.2548813819885253906 1.4021705389022827148 0.41572943329811096191 0.059392478317022323608 0 0.0093798246234655380249 0.27422192692756652832 0 0 0 0 0 0.026282321661710739136 0.42474922537803649902 0.65934509038925170898 1.0574481487274169922 1.0815024375915527344 0.4735749661922454834
0 2.0861196517944335938 2.7927153110504150391 0.12448950856924057007 0 0.72743070125579833984 2.1686840057373046875 3.9586191177368164062 1.8649593591690063477 0.33778455853462219238 2.5740504264831542969 2.4236481189727783203 1.7448592185974121094 1.8008213043212890625 1.8196445703506469727 1.6500536203384399414 2.233837127685546875 2.27069854736328125 2.1101789474487304688 2.1689891815185546875 1.8067847490310668945 1.8743047714233398438 2.1191754341125488281 2.0898556709289550781 1.7790422439575195312 0.82119458913803100586 0.73152017593383789062 0 0 0.81938838958740234375 0.4747835695743560791 0.011484629474580287933 0.021929141134023666382 0 0.001831849454902112484 0.22293141484260559082 0.075172826647758483887 0 0 0 0 0.22338113188743591309 0.56937384605407714844 0.58882081508636474609 0.28566983342170715332 0.78900325298309326172 0.3427314460277557373
0 0.69159525632858276367 3.1001954078674316406 0.27906340360641479492 0 2.7301652431488037109 3.62508392333984375 2.6027026176452636719 0.43474119901657104492 0.68488866090774536133 2.2953968048095703125 2.8448405265808105469 2.4898791313171386719 1.6362273693084716797 1.5479482412338256836 1.6014429330825805664 2.5539288520812988281 2.4549069404602050781 2.1938610076904296875 2.0798707008361816406 1.8357000350952148438 2.0900480747222900391 2.1178290843963623047 2.0193915367126464844 2.0051906108856201172 1.8571647405624389648 1.4013370275497436523 0 0.200847625732421875 1.5888869762420654297 1.345921635627746582 0.60101652145385742188 0.37703984975814819336 0 0 0.049264002591371536255 0.13946080207824707031 0.35734182596206665039 0 1.0000014305114746094 0.82044088840484619141 0.29490897059440612793 0.57179772853851318359 0.18243043124675750732 0.52565425634384155273 0.79041892290115356445 0.68080472946166992188
0 0.15250810980796813965 1.8582472801208496094 0.4485530853271484375 0 2.6301937103271484375 2.6664414405822753906 0.57353746891021728516 0 0.14895935356616973877 1.4357941150665283203 2.2680158615112304688 2.7534089088439941406 1.5603647232055664062 1.2685441970825195312 1.5213630199432373047 1.9809070825576782227 2.2240490913391113281 2.2014284133911132812 2.2347590923309326172 1.9111500978469848633 1.9394156932830810547 1.9209370613098144531 2.1001439094543457031 2.2418169975280761719 2.1476142406463623047 1.290496826171875 0.14733467996120452881 1.0535099506378173828 2.4182734489440917969 1.7947068214416503906 1.1171674728393554688 0.7065111994743347168 0.53865134716033935547 1.0621885061264038086 0.18885208666324615479 0.19086538255214691162 0.84557813405990600586 0.47891187667846679688 3.3626780509948730469 2.3223791122436523438 0.56725740432739257812 0.18615923821926116943 0 0.49647474288940429688 0.75901722908020019531 0.76248008012771606445
0 0 0.50653177499771118164 1.8623350858688354492 0.34834563732147216797 0 0.30711817741394042969 0 0 0.12083976715803146362 1.4329559803009033203 2.244235992431640625 1.6272169351577758789 1.3988590240478515625 1.2879962921142578125 1.4876091480255126953 1.6000258922576904297 1.8900083303451538086 2.1359279155731201172 2.3823218345642089844 1.8743395805358886719 1.9180552959442138672 1.898764491081237793 2.0054423809051513672 2.0518581867218017578 2.7276198863983154297 1.9577945470809936523 1.7677576541900634766 2.1627838611602783203 2.1489055156707763672 0.37689030170440673828 0.53914606571197509766 0.33078235387802124023 0.56270319223403930664 2.4023122787475585938 1.95819091796875 0.45953029394149780273 0 0.48803001642227172852 2.8458456993103027344 2.6702442169189453125 0.35758009552955627441 0.058684006333351135254 0.051731329411268234253 0.073749169707298278809 0.43152466416358947754 0.28051218390464782715
0 0 0 0.53271472454071044922 2.8055820465087890625 0.19091954827308654785 0.060967981815338134766 0.42770487070083618164 0.15989311039447784424 0.0045139538124203681946 1.3151237964630126953 2.2984385490417480469 1.7310060262680053711 1.6371243000030517578 1.4576184749603271484 1.4954349994659423828 1.6460907459259033203 1.8352258205413818359 2.3101115226745605469 2.1269176006317138672 2.0198822021484375 2.0187993049621582031 1.7425551414489746094 1.5616548061370849609 1.5515253543853759766 2.2399363517761230469 2.58890533447265625 2.2451415061950683594 2.5765476226806640625 2.5002717971801757812 2.1163372993469238281 2.3991370201110839844 2.1401057243347167969 0.68387389183044433594 0.56860268115997314453 0.75955438613891601562 0.60672801733016967773 0.001546186394989490509 0.14932397007942199707 1.3951771259307861328 2.0666832923889160156 0.2181002199649810791 0.014740860089659690857 0.41848617792129516602 0.55893296003341674805 0.68833327293395996094 0.78925633430480957031
0 0 0 0 0 0.30351150035858154297 0.35404944419860839844 0.086637109518051147461 0.010290198028087615967 0 1.6554127931594848633 2.8000650405883789062 2.1498143672943115234 1.9799396991729736328 1.7119934558868408203 1.8836802244186401367 1.9613004922866821289 1.940692901611328125 2.1605081558227539062 2.6386027336120605469 2.1549613475799560547 1.6398307085037231445 1.6212100982666015625 1.5907180309295654297 1.6319253444671630859 1.7692530155181884766 1.9146996736526489258 2.0978693962097167969 2.0816679000854492188 1.6238522529602050781 1.3318746089935302734 1.9056770801544189453 2.9999883174896240234 2.1171057224273681641 0.61942571401596069336 0.35871753096580505371 0.061481200158596038818 0.054936286062002182007 0.2750708162784576416 1.3465849161148071289 1.7654569149017333984 0.1182635873556137085 0.30037418007850646973 1.2935738563537597656 0.95063924789428710938 0.84514206647872924805 0.93190413713455200195
0 0 0 0 0 0.2959563136100769043 0.29668152332305908203 0 0 0 1.9920958280563354492 2.7273375988006591797 3.0494678020477294922 2.4777169227600097656 1.7463322877883911133 1.9005705118179321289 1.9692466259002685547 1.9648776054382324219 2.2693684101104736328 2.1979393959045410156 2.3224840164184570312 1.6044026613235473633 1.6636223793029785156 1.8189462423324584961 1.902355194091796875 1.8161303997039794922 1.8963611125946044922 1.9670860767364501953 1.863006591796875 2.0596742630004882812 1.8575918674468994141 2.0195086002349853516 2.8224592208862304688 2.1847167015075683594 1.6018536090850830078 0.35569494962692260742 0.2358852773904800415 0.041726887226104736328 0.013442464172840118408 1.3846714496612548828 1.6830050945281982422 0.84730833768844604492 1.8282431364059448242 0.73597806692123413086 0.25984874367713928223 0.33728781342506408691 0.56306475400924682617
0 0 0 0 0 0 0.08263457566499710083 0.023557577282190322876 0.0033504110760986804962 0 1.394543766975402832 2.7477412223815917969 2.4669883251190185547 1.8967335224151611328 1.4000518321990966797 1.4170283079147338867 1.5323164463043212891 1.6487838029861450195 2.3931586742401123047 2.5968031883239746094 3.0901615619659423828 1.9833511114120483398 1.7136590480804443359 1.7746540307998657227 1.9223017692565917969 1.7115044593811035156 1.7695571184158325195 1.7498419284820556641 1.5545225143432617188 2.1421327590942382812 2.2111175060272216797 2.2569222450256347656 2.2774693965911865234 1.5493363142013549805 2.4538557529449462891 0.99365377426147460938 0.18459625542163848877 0 0.0069083152338862419128 0.46139386296272277832 2.3722028732299804688 1.983158111572265625 1.6993554830551147461 0.047944523394107818604 0.099556654691696166992 0.037897877395153045654 0.13777956366539001465
0.7420749664306640625 0.27187824249267578125 0 0 0 0 0.086082294583320617676 0.15436412394046783447 0.40485978126525878906 0.10417325794696807861 0.20829555392265319824 1.5611064434051513672 1.7445592880249023438 1.5106941461563110352 1.267547607421875 1.4113446474075317383 1.6383931636810302734 1.7157731056213378906 1.7964550256729125977 2.1329464912414550781 3.6423203945159912109 2.7488484382629394531 1.7113933563232421875 1.8356318473815917969 1.9355769157409667969 1.838019251823425293 1.7552216053009033203 1.4880132675170898438 2.0121483802795410156 2.1116816997528076172 2.0677502155303955078 2.30553436279296875 2.2339034080505371094 2.1883139610290527344 3.0215725898742675781 2.55004119873046875 0.58800691366195678711 0.081447057425975799561 0.051945537328720092773 0.19028133153915405273 2.9369828701019287109 2.2027568817138671875 0.46237123012542724609 0 0.0098567269742488861084 0.47369036078453063965 0.75365781784057617188
2.2783868312835693359 1.0986864566802978516 0 0 0 0 0 0 0.16112370789051055908 0.77990305423736572266 0.22251588106155395508 0.37209743261337280273 1.0791083574295043945 1.8550611734390258789 1.6259897947311401367 1.7879810333251953125 2.4452538490295410156 2.7105250358581542969 1.5595781803131103516 1.7761209011077880859 3.0853786468505859375 2.4178686141967773438 1.7988419532775878906 1.9316761493682861328 2.0501663684844970703 1.6243083477020263672 1.6730115413665771484 1.9488556385040283203 1.8371503353118896484 1.9972875118255615234 2.109516143798828125 2.3825287818908691406 2.373870849609375 2.5226221084594726562 2.9711041450500488281 2.7977061271667480469 1.8870176076889038086 0.98935067653656005859 0.087016016244888305664 0.28139418363571166992 2.2987816333770751953 2.1069240570068359375 0.47472673654556274414 0 0.37281444668769836426 0.39747965335845947266 0.31915929913520812988
0.19786965847015380859 1.0717968940734863281 0.99380075931549072266 0.26698654890060424805 0 0 0 0 0 0 0.1688807755708694458 0.23014733195304870605 0.087055474519729614258 0.77354067564010620117 1.5746048688888549805 1.9328501224517822266 2.6078355312347412109 2.7646172046661376953 2.0927307605743408203 2.4763371944427490234 2.8544926643371582031 2.6203737258911132812 2.3001079559326171875 2.3444082736968994141 2.18625640869140625 2.1700053215026855469 1.8742109537124633789 1.9333972930908203125 1.8884356021881103516 1.8955869674682617188 2.2228245735168457031 2.0608489513397216797 2.0347392559051513672 2.5492756366729736328 2.5422041416168212891 2.4177405834197998047 2.2831130027770996094 2.1615262031555175781 1.0641543865203857422 0.55223751068115234375 1.6483627557754516602 2.0696854591369628906 0.72085899114608764648 0 0.10084378719329833984 0.59589362144470214844 0.25361326336860656738
0.93124496936798095703 2.5673308372497558594 2.8973996639251708984 0.92974328994750976562 0.16663154959678649902 0 0 0 0 0 0 0.11593194305896759033 0.39681047201156616211 0.33580166101455688477 0.71008974313735961914 1.9353244304656982422 2.8670527935028076172 2.8172028064727783203 2.2149846553802490234 2.421295166015625 2.0226066112518310547 2.1221947669982910156 2.2283220291137695312 2.0984323024749755859 1.7933721542358398438 1.896479487419128418 1.7899446487426757812 1.8875167369842529297 2.1271145343780517578 2.1439867019653320312 2.4826776981353759766 2.4025957584381103516 2.2392139434814453125 2.5358247756958007812 2.4415476322174072266 2.5542304515838623047 2.5957911014556884766 2.1922266483306884766 1.3182909488677978516 1.2699270248413085938 1.1298031806945800781 2.407886505126953125 1.1040780544281005859 0 0.043153222650289535522 0.57551926374435424805 0.50764000415802001953
