gis/40m/LAI_conif.asc
ncols        256
nrows        286
xllcorner    726766.000000000000
yllcorner    7127230.000000000000
cellsize     40.000000000000
NODATA_value -9999
[rows 105 to 125 of 286, columns 141 to 187 of 256]
4.2673821449279785156 4.362636566162109375 4.6538653373718261719 4.2633228302001953125 4.2991766929626464844 4.16313934326171875 4.1943273544311523438 4.2530832290649414062 4.5454082489013671875 3.7714321613311767578 2.1260209083557128906 1.2331501245498657227 1.1951302289962768555 1.2345284223556518555 1.1576328277587890625 1.1253659725189208984 1.3114097118377685547 0.84606349468231201172 1.2946043014526367188 0.56337934732437133789 1.1029295921325683594 0.90793383121490478516 0.83838838338851928711 1.0880187749862670898 2.5933339595794677734 2.8912584781646728516 3.1346228122711181641 2.7578120231628417969 1.7725915908813476562 0.79674541950225830078 1.0156948566436767578 1.418246150016784668 1.3731788396835327148 1.0459978580474853516 1.2257032394409179688 1.0198619365692138672 0.86643326282501220703 1.3574962615966796875 1.4014124870300292969 1.3103864192962646484 2.6686978340148925781 3.7478628158569335938 3.6826267242431640625 2.6205124855041503906 2.4579584598541259766 2.9719729423522949219 3.3976397514343261719
3.6251425743103027344 3.5046489238739013672 3.9038977622985839844 3.9740669727325439453 4.2394933700561523438 3.9798588752746582031 3.9249818325042724609 3.7035241127014160156 3.8070034980773925781 3.9061985015869140625 3.354564666748046875 2.7667803764343261719 2.4956483840942382812 1.4470559358596801758 1.6251878738403320312 1.2462553977966308594 0.91765767335891723633 0.9319756627082824707 0.70096749067306518555 0.73365038633346557617 0.8622379302978515625 1.216914057731628418 0.98519659042358398438 0.77285158634185791016 1.3931937217712402344 2.9843106269836425781 3.2085239887237548828 3.1272294521331787109 1.6323560476303100586 0.88305461406707763672 1.3668365478515625 1.2850084304809570312 1.2617665529251098633 1.0135602951049804688 1.3715180158615112305 0.81252026557922363281 0.971546173095703125 1.4769208431243896484 1.271941065788269043 1.5029346942901611328 1.6975989341735839844 2.9131929874420166016 3.3127214908599853516 2.6029407978057861328 2.6408715248107910156 3.1281819343566894531 3.6696944236755371094
3.7952971458435058594 3.5222289562225341797 2.9976034164428710938 3.5450794696807861328 3.9353601932525634766 4.0247712135314941406 3.9301373958587646484 3.8733298778533935547 4.0070714950561523438 4.1062388420104980469 3.5849983692169189453 3.5354158878326416016 3.6442868709564208984 3.1060779094696044922 2.2712779045104980469 1.5879080295562744141 0.81965172290802001953 0.72951674461364746094 0.72889983654022216797 0.75477647781372070312 1.3562949895858764648 2.1307837963104248047 1.7322261333465576172 0.89692807197570800781 0.84282273054122924805 2.9459710121154785156 3.2699763774871826172 2.9924342632293701172 1.6038768291473388672 0.97650986909866333008 1.452315211296081543 1.3611309528350830078 1.0670623779296875 1.4643676280975341797 1.5560120344161987305 1.044658660888671875 1.130741119384765625 1.4612753391265869141 1.4446809291839599609 1.7774078845977783203 2.6408138275146484375 3.3552098274230957031 3.4457087516784667969 2.67205810546875 2.7750635147094726562 2.8051457405090332031 3.4143376350402832031
3.8380107879638671875 3.4154157638549804688 2.7091007232666015625 3.5319628715515136719 4.1271333694458007812 4.1320896148681640625 3.8832075595855712891 4.0648651123046875 4.1959404945373535156 4.0961565971374511719 3.796779632568359375 3.49285125732421875 3.5839130878448486328 2.9062187671661376953 2.4925932884216308594 2.2621998786926269531 2.1962456703186035156 1.4916522502899169922 1.1116020679473876953 0.73153758049011230469 0.94224125146865844727 1.3328973054885864258 1.0790880918502807617 0.92450404167175292969 0.74488413333892822266 2.4159750938415527344 3.0287384986877441406 2.9094634056091308594 2.0133337974548339844 1.6643069982528686523 1.5927895307540893555 1.4180757999420166016 1.3762155771255493164 1.8023817539215087891 1.804241180419921875 1.6319981813430786133 1.5517370700836181641 1.6250207424163818359 1.6491428613662719727 1.6195213794708251953 2.2686848640441894531 3.1609988212585449219 3.5192580223083496094 2.9375662803649902344 3.0480127334594726562 2.915637969970703125 3.2832157611846923828
4.1061587333679199219 3.9781551361083984375 3.3758983612060546875 3.6617398262023925781 4.2905211448669433594 4.0491805076599121094 3.7877652645111083984 3.8988664150238037109 3.9349589347839355469 4.0076231956481933594 2.9375689029693603516 2.8586945533752441406 3.0032072067260742188 2.8569135665893554688 2.5417623519897460938 2.6096689701080322266 2.9215054512023925781 2.9905490875244140625 2.8333268165588378906 1.9128038883209228516 1.1617819070816040039 0.81157517433166503906 0.6098893284797668457 0.60213184356689453125 0.62514656782150268555 1.5611472129821777344 2.5605957508087158203 2.3837277889251708984 1.9904191493988037109 1.989933013916015625 1.8245354890823364258 1.8494617938995361328 1.61142730712890625 1.4549059867858886719 1.5095398426055908203 1.6199114322662353516 1.6948618888854980469 1.605580449104309082 1.2756236791610717773 0.99289715290069580078 1.0677552223205566406 2.5468382835388183594 3.9200873374938964844 3.0915498733520507812 3.3983349800109863281 3.1937246322631835938 3.9700746536254882812
4.1717805862426757812 4.1627092361450195312 3.50592803955078125 3.4621071815490722656 4.0922784805297851562 3.7888271808624267578 3.8794639110565185547 3.9718258380889892578 3.6022443771362304688 3.3706712722778320312 2.9463253021240234375 3.1199998855590820312 3.0746352672576904297 3.0321791172027587891 2.8751213550567626953 2.5428481101989746094 2.3369057178497314453 2.5853953361511230469 2.9110369682312011719 3.3400652408599853516 2.7144541740417480469 1.4812238216400146484 0.74912178516387939453 0.55711400508880615234 0.44222494959831237793 0.85184216499328613281 2.0443749427795410156 1.8009341955184936523 1.5647865533828735352 1.4707432985305786133 1.4778153896331787109 1.8077894449234008789 1.4519944190979003906 1.1858954429626464844 1.4880757331848144531 0.91793829202651977539 0.88711816072463989258 1.1289258003234863281 1.7163699865341186523 1.8882652521133422852 0.88480710983276367188 2.3255603313446044922 3.5615925788879394531 4.35250091552734375 3.7845907211303710938 3.2573373317718505859 4.1118078231811523438
4.3049135208129882812 4.3352413177490234375 3.9091579914093017578 3.830326080322265625 3.9832286834716796875 4.228572845458984375 4.3048844337463378906 4.2266683578491210938 4.1195120811462402344 3.5946979522705078125 3.3107323646545410156 3.3792595863342285156 3.7408487796783447266 3.1302254199981689453 2.6675229072570800781 3.0618381500244140625 2.5809142589569091797 2.4738183021545410156 3.1090607643127441406 3.27397918701171875 3.3556923866271972656 3.4314818382263183594 2.9248242378234863281 2.0136957168579101562 1.1521332263946533203 0.51359695196151733398 1.1620190143585205078 2.5968599319458007812 2.2066559791564941406 2.0751175880432128906 1.9423857927322387695 1.8412327766418457031 0.94592416286468505859 0.31880623102188110352 0.58518779277801513672 1.8325265645980834961 1.4114576578140258789 1.1946915388107299805 2.8302278518676757812 2.3755059242248535156 1.3046629428863525391 2.11780548095703125 3.5394170284271240234 4.2731032371520996094 3.7702951431274414062 3.7159149646759033203 3.8182327747344970703
4.4390702247619628906 4.4925494194030761719 4.49073028564453125 4.0626916885375976562 3.9576108455657958984 4.2530908584594726562 4.3877663612365722656 4.3916211128234863281 4.2485256195068359375 4.0904240608215332031 3.9416060447692871094 3.4474260807037353516 3.7705132961273193359 3.3750448226928710938 2.9550540447235107422 3.2454595565795898438 2.8444762229919433594 2.7035286426544189453 2.9980325698852539062 3.1919851303100585938 3.3137173652648925781 3.8094639778137207031 3.5421509742736816406 3.2646932601928710938 3.5974864959716796875 2.1761989593505859375 1.4336438179016113281 1.7569748163223266602 2.8327569961547851562 2.0857219696044921875 2.1820936203002929688 1.7879790067672729492 0.71334445476531982422 0.52814084291458129883 0.57942724227905273438 1.2463675737380981445 1.0131636857986450195 1.4472738504409790039 2.3614225387573242188 2.3150110244750976562 2.0092918872833251953 1.6422162055969238281 3.0702319145202636719 4.3507189750671386719 4.554706573486328125 3.7608599662780761719 3.7511181831359863281
4.3912935256958007812 4.6662578582763671875 4.9050927162170410156 3.9416394233703613281 4.1112036705017089844 4.4733133316040039062 4.6288599967956542969 4.6521100997924804688 4.4051928520202636719 4.4169783592224121094 4.5031504631042480469 3.6856667995452880859 3.3415715694427490234 3.8722348213195800781 3.4437606334686279297 3.2797231674194335938 3.0516948699951171875 2.9359805583953857422 2.9112372398376464844 3.1433176994323730469 3.2451975345611572266 3.5740094184875488281 3.1253092288970947266 2.3687062263488769531 3.0299131870269775391 3.9275650978088378906 3.3664319515228271484 1.4723182916641235352 1.2597970962524414062 1.1404424905776977539 1.3329128026962280273 1.1313380002975463867 0.47108873724937438965 0.68076014518737792969 1.4454287290573120117 1.0911328792572021484 1.0300552845001220703 1.5685703754425048828 2.4440248012542724609 2.6489987373352050781 2.915843963623046875 1.6904059648513793945 2.3688688278198242188 3.6832897663116455078 4.8195476531982421875 4.0123987197875976562 3.6882791519165039062
4.1435232162475585938 4.7154631614685058594 4.4482717514038085938 3.5903322696685791016 3.8723435401916503906 4.1605882644653320312 4.414936065673828125 4.4127359390258789062 4.2324113845825195312 4.1185760498046875 4.494846343994140625 4.3108372688293457031 3.2871201038360595703 3.2748274803161621094 3.2143726348876953125 3.1089916229248046875 3.1423940658569335938 3.1074666976928710938 2.9997513294219970703 3.1411430835723876953 3.2400708198547363281 3.5451586246490478516 3.585521697998046875 2.9255089759826660156 2.6104068756103515625 3.5788359642028808594 3.8778371810913085938 1.5820930004119873047 0.00040943422936834394932 0 0 0 0 0.052930746227502822876 0.83752340078353881836 0.66205519437789916992 0.85174882411956787109 1.4581601619720458984 2.6510243415832519531 2.7712788581848144531 2.8894376754760742188 2.4115414619445800781 2.4127538204193115234 2.8132205009460449219 3.8444819450378417969 4.2156963348388671875 4.2092652320861816406
3.9846253395080566406 4.5149669647216796875 4.302639007568359375 3.7369875907897949219 3.6505925655364990234 3.7965877056121826172 4.0471577644348144531 3.9779055118560791016 3.8629317283630371094 3.8918011188507080078 4.1453442573547363281 4.3782892227172851562 4.0964078903198242188 3.5632233619689941406 3.3878302574157714844 3.0864663124084472656 3.1929185390472412109 3.1397843360900878906 3.1019620895385742188 3.228458404541015625 3.2461714744567871094 3.4192962646484375 3.7422990798950195312 3.5785741806030273438 3.1901834011077880859 3.4242615699768066406 3.3467016220092773438 1.2242680788040161133 0.00097279576584696769714 0 0 0 0.00040402871672995388508 0.00042622190085239708424 0.0013924611266702413559 0 0.63287216424942016602 2.2535064220428466797 1.9848833084106445312 2.2923848628997802734 2.3019971847534179688 2.4460337162017822266 2.4564154148101806641 3.1322174072265625 3.12270355224609375 2.2314395904541015625 3.0203557014465332031
3.0955836772918701172 2.6700999736785888672 3.4253334999084472656 3.7737250328063964844 3.6468245983123779297 3.5586729049682617188 3.9427011013031005859 3.9454360008239746094 3.3872363567352294922 3.5717759132385253906 3.8221552371978759766 4.1070985794067382812 3.9842350482940673828 3.5625815391540527344 3.3022737503051757812 3.0963873863220214844 3.1591463088989257812 3.2323231697082519531 3.2912862300872802734 3.3511786460876464844 3.3988256454467773438 3.4663949012756347656 3.6783227920532226562 3.8553333282470703125 3.8921446800231933594 3.5485301017761230469 2.9230780601501464844 0.82450032234191894531 0.00082415231736376881599 0 0 0 0.027295842766761779785 0.55942773818969726562 0.063756011426448822021 0.086575329303741455078 1.4241486787796020508 2.3231759071350097656 2.4091544151306152344 2.7842187881469726562 2.6522090435028076172 2.8480701446533203125 2.7207267284393310547 1.5127480030059814453 0.14020547270774841309 0.28005582094192504883 1.3603099584579467773
2.7712650299072265625 2.3408467769622802734 3.3199453353881835938 4.0628113746643066406 3.5466876029968261719 3.4858145713806152344 3.8301374912261962891 3.9615747928619384766 3.6938908100128173828 3.6800959110260009766 3.9128272533416748047 4.1148519515991210938 3.7850568294525146484 3.2263438701629638672 3.5272550582885742188 3.3392190933227539062 3.2681081295013427734 3.5788426399230957031 3.5864284038543701172 3.8298959732055664062 3.6462190151214599609 3.5029547214508056641 3.5389821529388427734 3.9632000923156738281 3.6558237075805664062 3.5223002433776855469 2.5847418308258056641 0.33509275317192077637 0.0058824396692216396332 0.037001807242631912231 0 0.30670541524887084961 0.91611814498901367188 1.4586859941482543945 1.26674652099609375 1.8654588460922241211 1.5770466327667236328 1.7553229331970214844 2.7760412693023681641 2.8129370212554931641 2.9539940357208251953 3.1896567344665527344 3.4629786014556884766 2.4315638542175292969 0.26663661003112792969 0.46250417828559875488 0.99486356973648071289
2.1992945671081542969 1.9558174610137939453 2.2429766654968261719 4.0196862220764160156 3.523540496826171875 3.6921687126159667969 3.9079756736755371094 4.2449936866760253906 3.9126265048980712891 3.6653134822845458984 3.9674143791198730469 4.3766241073608398438 4.0095677375793457031 3.0816144943237304688 3.4072029590606689453 3.4153800010681152344 3.3413538932800292969 3.9336614608764648438 3.5573675632476806641 3.5313327312469482422 3.9353928565979003906 3.4085893630981445312 3.1378908157348632812 4.0584912300109863281 3.05500030517578125 3.3456921577453613281 2.6479897499084472656 0.14588806033134460449 0.0081613827496767044067 0.27185836434364318848 0.10097661614418029785 1.4464107751846313477 2.2576804161071777344 2.7364788055419921875 3.5661242008209228516 3.2604477405548095703 2.4551007747650146484 2.2746114730834960938 2.9613003730773925781 2.9661087989807128906 3.677947998046875 3.5018393993377685547 3.0496871471405029297 2.8776483535766601562 1.1558891534805297852 0.012459616176784038544 0.17780129611492156982
2.7101383209228515625 3.069766998291015625 3.0933790206909179688 3.9308059215545654297 3.9405758380889892578 3.9250383377075195312 3.9017987251281738281 4.3106331825256347656 4.0649113655090332031 3.7301046848297119141 4.0123019218444824219 4.4062871932983398438 4.2084822654724121094 2.6284668445587158203 3.0508770942687988281 3.2718973159790039062 3.4382905960083007812 4.1108727455139160156 3.8653059005737304688 3.6613681316375732422 4.41431427001953125 3.8559279441833496094 3.754711151123046875 4.2219514846801757812 2.9781899452209472656 2.4081780910491943359 1.741847991943359375 0 0 0 0.22426211833953857422 1.9611357450485229492 2.3477253913879394531 3.0607361793518066406 3.4838552474975585938 3.3854010105133056641 3.1443877220153808594 3.1112179756164550781 4.18999481201171875 3.7753517627716064453 3.325733184814453125 3.9185199737548828125 3.2041788101196289062 3.2803170680999755859 2.6748604774475097656 0.056984458118677139282 0.15303181111812591553
2.3821380138397216797 3.6145524978637695312 4.1328535079956054688 4.1092557907104492188 4.2897462844848632812 4.0267820358276367188 3.9274106025695800781 4.1813979148864746094 4.5225853919982910156 4.3319368362426757812 4.3087749481201171875 4.5223684310913085938 4.6121258735656738281 3.31720733642578125 3.22385406494140625 3.5935368537902832031 3.8908824920654296875 4.2507085800170898438 3.4888389110565185547 3.6679446697235107422 4.2047948837280273438 4.4533233642578125 3.90959930419921875 2.6204028129577636719 2.3019502162933349609 0.44425052404403686523 0.11754483729600906372 0 0 0 0.3010883629322052002 1.5569157600402832031 2.3797104358673095703 2.8590760231018066406 2.7578358650207519531 2.3395950794219970703 1.4927668571472167969 2.62740325927734375 3.8273279666900634766 3.1685023307800292969 3.2093727588653564453 3.9853343963623046875 4.2805943489074707031 3.1197948455810546875 3.8303542137145996094 0.92776191234588623047 1.0204131603240966797
1.898326873779296875 3.5957987308502197266 4.2562279701232910156 4.5742907524108886719 4.5399065017700195312 4.3289957046508789062 4.1244492530822753906 3.9514880180358886719 4.6002116203308105469 4.5380148887634277344 4.8943767547607421875 5.0790190696716308594 5.0520696640014648438 4.7192015647888183594 4.0852384567260742188 3.9701476097106933594 3.9071877002716064453 4.2039737701416015625 3.8841571807861328125 3.9466714859008789062 4.14495849609375 3.3483757972717285156 2.4964895248413085938 1.3863984346389770508 2.1161873340606689453 0.58103406429290771484 0 0 0.0036494161467999219894 0.30864870548248291016 0 0 0.71597599983215332031 2.4915468692779541016 2.3988950252532958984 2.0882964134216308594 0.81137037277221679688 0.7458133697509765625 1.7191642522811889648 2.1488881111145019531 2.3255393505096435547 2.92424774169921875 3.8097631931304931641 4.4289703369140625 4.6997818946838378906 2.4504942893981933594 2.5928544998168945312
1.652179718017578125 3.7329626083374023438 4.0277729034423828125 4.1353473663330078125 4.60607147216796875 4.5603818893432617188 4.270008087158203125 3.9730179309844970703 4.4492292404174804688 4.4751858711242675781 5.0538763999938964844 5.1239123344421386719 4.8399443626403808594 5.1256546974182128906 4.41210174560546875 4.00255584716796875 3.6545310020446777344 3.8010263442993164062 3.9077653884887695312 4.1014394760131835938 3.869205474853515625 3.0598545074462890625 2.4566035270690917969 1.8576376438140869141 3.0068287849426269531 2.0119881629943847656 0.38805502653121948242 0 0.0011624479666352272034 1.0755634307861328125 0.46837571263313293457 1.193126678466796875 2.1570913791656494141 2.5197291374206542969 2.3959834575653076172 2.2860202789306640625 1.2691708803176879883 0.69295316934585571289 1.190001368522644043 2.3002710342407226562 2.4372494220733642578 2.4328165054321289062 2.7823696136474609375 3.404972076416015625 3.3157868385314941406 0.46761763095855712891 0.52308309078216552734
2.5407977104187011719 3.9301133155822753906 3.5647270679473876953 2.9804334640502929688 3.3989634513854980469 4.1668124198913574219 4.1294984817504882812 3.9817426204681396484 4.2651872634887695312 4.4833998680114746094 4.7047328948974609375 4.7853312492370605469 4.4911632537841796875 4.8934574127197265625 4.6300520896911621094 4.2164969444274902344 3.7114932537078857422 3.2689647674560546875 3.6502184867858886719 4.019886016845703125 4.0307064056396484375 3.1416149139404296875 2.7622051239013671875 2.42687225341796875 3.8143010139465332031 3.5157365798950195312 0.78631162643432617188 0.047686584293842315674 0.21732217073440551758 1.3961379528045654297 2.2578883171081542969 3.2882294654846191406 3.4640560150146484375 2.6188931465148925781 2.4930090904235839844 2.2799940109252929688 1.7929345369338989258 1.5381476879119873047 1.6269347667694091797 2.1483755111694335938 2.213428497314453125 2.2188196182250976562 2.5815153121948242188 2.6585862636566162109 1.8988993167877197266 0 0
3.9253106117248535156 4.1051197052001953125 3.5330095291137695312 2.9841036796569824219 3.025726318359375 3.5792789459228515625 3.9121282100677490234 3.8185193538665771484 4.0714955329895019531 4.5345301628112792969 4.3986563682556152344 4.28204345703125 4.4859328269958496094 4.6501860618591308594 4.4744524955749511719 4.5267076492309570312 4.3308835029602050781 3.7698206901550292969 3.5382585525512695312 3.8945338726043701172 3.5480225086212158203 3.315502166748046875 3.6748688220977783203 3.2511792182922363281 3.9497091770172119141 3.1279292106628417969 0.75560706853866577148 1.3298984766006469727 2.8562564849853515625 3.4825723171234130859 3.3079464435577392578 3.5977194309234619141 3.6849737167358398438 2.7348041534423828125 2.5944383144378662109 2.3889510631561279297 2.0454604625701904297 1.7714612483978271484 1.7849493026733398438 1.8849759101867675781 2.0534789562225341797 2.5001175403594970703 2.9465703964233398438 2.7269647121429443359 1.6432671546936035156 0 0
3.7607128620147705078 3.4150333404541015625 2.7152080535888671875 3.4986250400543212891 3.9428181648254394531 3.4804947376251220703 3.5383448600769042969 4.1083536148071289062 4.06620025634765625 4.3764619827270507812 4.4026112556457519531 4.2098574638366699219 4.3015112876892089844 4.4964380264282226562 4.2330174446105957031 4.3678126335144042969 3.8702759742736816406 3.7998800277709960938 3.9441339969635009766 3.6492714881896972656 3.5981612205505371094 3.207611083984375 3.8578281402587890625 3.5762231349945068359 3.5582447052001953125 2.9334321022033691406 2.4782466888427734375 3.5796895027160644531 3.8715162277221679688 3.4270143508911132812 2.5919537544250488281 3.4799695014953613281 3.4947366714477539062 3.1783599853515625 2.8733334541320800781 2.5490622520446777344 2.3484981060028076172 2.0096898078918457031 1.9054050445556640625 1.9457981586456298828 2.0284807682037353516 2.3238131999969482422 2.5678768157958984375 2.7885456085205078125 1.2574713230133056641 0 0
