gis/40m/LAI_pine.asc
ncols        256
nrows        286
xllcorner    726766.000000000000
yllcorner    7127230.000000000000
cellsize     40.000000000000
NODATA_value -9999
[rows 120 to 139 of 286, columns 0 to 45 of 256]
-9999 0.43257209658622741699 1.2408707141876220703 2.0999579429626464844 1.1144878864288330078 1.2339762449264526367 1.1099716424942016602 0.95580637454986572266 0.8887742161750793457 0.74847894906997680664 0.73740482330322265625 0.66463053226470947266 0.4890365898609161377 0.72215318679809570312 1.0854753255844116211 0.83173292875289916992 1.122084498405456543 1.3842922449111938477 1.127406001091003418 1.0198078155517578125 1.4414445161819458008 1.4506084918975830078 1.5803847312927246094 0.91233050823211669922 1.4339870214462280273 1.5715305805206298828 1.5807747840881347656 0.5468285679817199707 0.75808835029602050781 0.94995856285095214844 0.63465046882629394531 0.6497821807861328125 1.0979659557342529297 1.2060762643814086914 0.4385509490966796875 0.84808397293090820312 1.5565865039825439453 1.4353312253952026367 1.6396503448486328125 1.5732061862945556641 1.0533614158630371094 1.480401158332824707 1.6449135541915893555 1.4303064346313476562 1.8678337335586547852 1.4488253593444824219
-9999 -9999 0.22649164497852325439 1.3393927812576293945 2.5563650131225585938 2.5160572528839111328 1.4819643497467041016 1.3497269153594970703 1.0167294740676879883 1.1166881322860717773 1.0403190851211547852 1.0623102188110351562 0.80560678243637084961 1.0586737394332885742 1.2769719362258911133 0.63130056858062744141 0.74494749307632446289 1.0776855945587158203 1.5131298303604125977 1.2519919872283935547 1.249154210090637207 1.7697858810424804688 2.1047382354736328125 1.1934967041015625 1.4607416391372680664 1.4982200860977172852 1.0306277275085449219 0.51913702487945556641 0.42553403973579406738 0.73138189315795898438 1.089341282844543457 1.038687586784362793 1.1649906635284423828 0.66555678844451904297 0.95968979597091674805 1.5150544643402099609 1.511002659797668457 0.90743529796600341797 0.55270206928253173828 0.88851225376129150391 2.1061370372772216797 2.0786998271942138672 1.6319463253021240234 1.4029051065444946289 1.3922855854034423828 1.3294830322265625
-9999 -9999 0.52159476280212402344 0.34271833300590515137 1.5105674266815185547 1.6910549402236938477 1.2621588706970214844 1.8374410867691040039 0.52746605873107910156 1.0548186302185058594 1.4832196235656738281 1.1469160318374633789 1.0076508522033691406 1.3521299362182617188 1.429842829704284668 0.82473140954971313477 0.91679787635803222656 1.4472767114639282227 1.8471130132675170898 1.6915287971496582031 2.0012004375457763672 2.0954658985137939453 1.7525376081466674805 1.7347580194473266602 1.3007133007049560547 1.6838307380676269531 1.0036393404006958008 0.62884414196014404297 1.0328040122985839844 0.90880817174911499023 0.65785688161849975586 0.66536414623260498047 1.1984642744064331055 0.89469015598297119141 1.5711095333099365234 1.688225865364074707 1.5936975479125976562 0.81073129177093505859 1.1899007558822631836 1.6492688655853271484 2.0248675346374511719 1.5062472820281982422 1.2247003316879272461 1.1497898101806640625 1.2394288778305053711 1.2123279571533203125
-9999 0.13258461654186248779 0.72895544767379760742 0.52223718166351318359 0.57568365335464477539 1.2500511407852172852 0.67731642723083496094 0.48256880044937133789 0.49005630612373352051 1.720400691032409668 1.8813959360122680664 1.6931867599487304688 1.2343983650207519531 1.4147231578826904297 1.0269582271575927734 0.78595727682113647461 0.86434507369995117188 1.563370823860168457 2.0033307075500488281 1.9955788850784301758 2.2124230861663818359 1.8620848655700683594 1.6462633609771728516 1.4890371561050415039 1.405707240104675293 1.7105615139007568359 1.4311535358428955078 1.4648454189300537109 1.6763137578964233398 1.5239884853363037109 1.3618609905242919922 0.66532409191131591797 1.286397099494934082 1.5112898349761962891 1.3776520490646362305 1.5872255563735961914 1.5591729879379272461 1.021206974983215332 1.4126317501068115234 1.3379954099655151367 1.2993857860565185547 1.2490874528884887695 1.3068253993988037109 1.2547250986099243164 1.0549117326736450195 1.080582737922668457
0.31641873717308044434 0.13392962515354156494 0.22515417635440826416 0.82739412784576416016 0.24360668659210205078 0.76334232091903686523 1.4649051427841186523 1.2911852598190307617 1.7682172060012817383 2.2460372447967529297 1.9742536544799804688 1.2553992271423339844 1.7208552360534667969 1.4155049324035644531 0.75656110048294067383 0.847137451171875 1.351023554801940918 1.7891840934753417969 1.9789396524429321289 2.0411801338195800781 2.1863141059875488281 2.4653315544128417969 1.9118708372116088867 1.5167032480239868164 1.5124664306640625 1.1356070041656494141 1.1791100502014160156 1.4895987510681152344 1.2847908735275268555 1.615723729133605957 1.9555039405822753906 1.8203833103179931641 1.2024655342102050781 1.635991215705871582 1.4785997867584228516 1.557059168815612793 1.2682623863220214844 1.4032909870147705078 0.83893942832946777344 1.0129532814025878906 1.1751799583435058594 1.3433808088302612305 1.3148491382598876953 1.3333700895309448242 1.1735503673553466797 1.1204071044921875
0.88691955804824829102 0.91931194067001342773 0.88249576091766357422 0.83020222187042236328 0.73316961526870727539 0.38396799564361572266 1.3008527755737304688 1.9881503582000732422 1.5451668500900268555 1.8520716428756713867 1.8243955373764038086 1.3461618423461914062 1.3313404321670532227 1.3408014774322509766 0.95570683479309082031 0.93459761142730712891 1.4103375673294067383 1.5020095109939575195 2.1042580604553222656 1.7786744832992553711 1.7694596052169799805 1.5748074054718017578 1.7310446500778198242 2.1463458538055419922 1.6227945089340209961 1.5716990232467651367 1.4562715291976928711 1.6346858739852905273 1.7303059101104736328 1.588185429573059082 1.8854885101318359375 1.920289158821105957 1.7494348287582397461 1.4722113609313964844 1.1730930805206298828 0.92728036642074584961 0.83229649066925048828 1.2600384950637817383 1.4990303516387939453 0.79389262199401855469 1.1663476228713989258 1.3248395919799804688 1.3099662065505981445 1.3074274063110351562 1.1235924959182739258 1.0437746047973632812
-9999 1.6057851314544677734 1.6039381027221679688 1.1236797571182250977 0.54340946674346923828 0.39336666464805603027 0.39609169960021972656 1.4269633293151855469 1.364416956901550293 1.2660917043685913086 1.1806333065032958984 1.1576610803604125977 1.5072504281997680664 0.76931911706924438477 0.87987428903579711914 1.0062965154647827148 0.82002151012420654297 1.1028506755828857422 2.0091900825500488281 1.7610492706298828125 1.6994539499282836914 1.6639362573623657227 1.8962867259979248047 1.8479074239730834961 1.42801666259765625 1.3028486967086791992 1.5026037693023681641 1.5621759891510009766 1.8057155609130859375 1.4732528924942016602 1.8392852544784545898 1.9581050872802734375 0.72677499055862426758 1.6773929595947265625 1.2271751165390014648 0.87118554115295410156 1.1614987850189208984 1.5220315456390380859 1.020937800407409668 1.0529481172561645508 1.0652023553848266602 1.386714935302734375 1.0591868162155151367 0.43555378913879394531 0.88016241788864135742 0.9537003636360168457
-9999 1.5510213375091552734 1.4687174558639526367 1.2751723527908325195 1.1512235403060913086 0.97880417108535766602 0.96018230915069580078 0.55194616317749023438 2.1849832534790039062 1.1746666431427001953 1.2824624776840209961 1.6809316873550415039 1.6179381608963012695 1.0762350559234619141 1.1342523097991943359 1.1209292411804199219 0.47566106915473937988 0.90727049112319946289 1.738404393196105957 1.8010768890380859375 1.8256108760833740234 1.752961277961730957 1.6978410482406616211 1.9655206203460693359 1.7329561710357666016 1.4287004470825195312 1.3372939825057983398 1.5140367746353149414 1.8360970020294189453 1.6738770008087158203 1.8829380273818969727 1.8020405769348144531 0.63197344541549682617 1.2052855491638183594 1.8615642786026000977 1.4492706060409545898 1.2745075225830078125 1.2168731689453125 0.61762535572052001953 0.83788913488388061523 0.71105110645294189453 1.105040431022644043 0.86122632026672363281 0.35631194710731506348 0.6543801426887512207 0.85635244846343994141
-9999 -9999 1.5806734561920166016 1.4239609241485595703 1.5918270349502563477 1.7299542427062988281 1.6136381626129150391 0.51195341348648071289 0.8917910456657409668 1.6875723600387573242 1.494429469108581543 1.7391318082809448242 1.3610194921493530273 1.0893231630325317383 1.0502102375030517578 1.0477353334426879883 0.29530060291290283203 0.57753378152847290039 1.6417168378829956055 1.8608549833297729492 2.0042772293090820312 1.851809382438659668 1.6416490077972412109 1.9280097484588623047 1.7823034524917602539 1.3861194849014282227 1.064942479133605957 1.1961325407028198242 1.6862044334411621094 1.7546942234039306641 1.8354344367980957031 1.6728185415267944336 0.88886016607284545898 0.81535863876342773438 1.8265815973281860352 0.92717778682708740234 0.9964962005615234375 1.2719101905822753906 0.75815337896347045898 0.91268479824066162109 1.5899790525436401367 1.7989778518676757812 1.1412147283554077148 0.58984613418579101562 0.53033328056335449219 1.0056149959564208984
-9999 -9999 1.7792353630065917969 1.3111755847930908203 1.2740557193756103516 1.8379144668579101562 2.4286715984344482422 1.4874689579010009766 0.40203455090522766113 1.1968692541122436523 1.8001003265380859375 1.3119394779205322266 1.2358059883117675781 1.1477581262588500977 1.4172405004501342773 1.2590463161468505859 0.23085542023181915283 0.051146194338798522949 0.7373930811882019043 1.6889328956604003906 2.0474486351013183594 1.9390146732330322266 2.0377337932586669922 2.0102770328521728516 0.8803316950798034668 0.54782772064208984375 0.30141660571098327637 0.31108847260475158691 0.76488256454467773438 1.24735260009765625 2.3679187297821044922 1.6980317831039428711 1.0156611204147338867 0.75488376617431640625 1.3211569786071777344 1.0253682136535644531 1.3028768301010131836 1.6441488265991210938 1.4505509138107299805 1.4950968027114868164 1.2354950904846191406 2.0835797786712646484 1.3467462062835693359 0.67630445957183837891 1.6510864496231079102 1.091584324836730957
-9999 -9999 -9999 -9999 1.336871027946472168 1.9160820245742797852 1.9428914785385131836 1.9851937294006347656 1.3194582462310791016 0.31103494763374328613 1.5422155857086181641 1.8014206886291503906 1.4516259431838989258 0.98280274868011474609 1.5208739042282104492 1.2757484912872314453 0.35751858353614807129 0.007047078106552362442 0.022779662162065505981 0.16395980119705200195 0.89024716615676879883 1.6935017108917236328 1.5446183681488037109 0.65437424182891845703 0.28506228327751159668 0.021661257371306419373 0.01186600513756275177 0.044061236083507537842 0.46633836627006530762 0.65929001569747924805 1.2776201963424682617 1.2842489480972290039 0.53433150053024291992 0.45267081260681152344 0.77875185012817382812 0.88785505294799804688 0.99638450145721435547 1.2486962080001831055 1.0916579961776733398 1.2027771472930908203 1.1331959962844848633 1.6817697286605834961 2.3955461978912353516 1.0975453853607177734 1.2715096473693847656 0.91544562578201293945
-9999 -9999 -9999 -9999 1.6327840089797973633 1.8131147623062133789 1.5616395473480224609 1.891049504280090332 1.8523352146148681641 1.2803208827972412109 0.46751621365547180176 1.306613922119140625 1.4495116472244262695 0.85489070415496826172 1.9535256624221801758 2.2140407562255859375 1.475840449333190918 0.44545975327491760254 0.4189738929271697998 0 0.0833074226975440979 0.40336826443672180176 0.11569703370332717896 0 0 0.074238032102584838867 0.35582694411277770996 1.3590643405914306641 2.3474814891815185547 1.2361171245574951172 1.1985427141189575195 1.2528250217437744141 0.86245095729827880859 0.56905120611190795898 0.093095980584621429443 0.036639947444200515747 0.1784855574369430542 0.26071161031723022461 1.3646274805068969727 2.4709446430206298828 2.1418504714965820312 1.4901949167251586914 1.2717697620391845703 0.66899991035461425781 0.056387837976217269897 0.019708175212144851685
-9999 -9999 -9999 -9999 -9999 1.8216594457626342773 1.4864355325698852539 1.8900126218795776367 1.7279498577117919922 1.7476136684417724609 0.92167901992797851562 0.37680914998054504395 1.6938040256500244141 1.5421453714370727539 1.6939613819122314453 1.2598322629928588867 1.6955764293670654297 1.5828168392181396484 1.1387828588485717773 0.57167482376098632812 0.070048011839389801025 0.00080246169818565249443 0 0 0 0.24774684011936187744 0.73640906810760498047 1.3914426565170288086 1.9856455326080322266 1.1203749179840087891 1.2628481388092041016 1.3811426162719726562 0.73149669170379638672 0.55372828245162963867 0.61603766679763793945 0.27933460474014282227 0.053603526204824447632 0.22796222567558288574 1.7360112667083740234 1.1669726371765136719 1.4543185234069824219 1.716565251350402832 1.2786958217620849609 1.0858978033065795898 0.52754312753677368164 0.18086901307106018066
-9999 -9999 -9999 -9999 -9999 -9999 1.605643153190612793 2.0378277301788330078 1.9375115633010864258 1.7545448541641235352 1.7410680055618286133 0.80269074440002441406 1.0364130735397338867 2.3821465969085693359 1.6226007938385009766 0.39674678444862365723 0.70098555088043212891 1.0769145488739013672 0.93558096885681152344 1.1436693668365478516 0.79968112707138061523 0.51511836051940917969 0.29635861515998840332 0.17197148501873016357 0.10007297992706298828 0.3689479827880859375 1.0759339332580566406 1.1407964229583740234 1.1353948116302490234 0.79606217145919799805 1.3982954025268554688 1.4517668485641479492 0.56447845697402954102 0.41633889079093933105 0.52449423074722290039 0.61421257257461547852 0.45873552560806274414 0.44272047281265258789 0.41416084766387939453 0.15161406993865966797 0.91944891214370727539 1.6287671327590942383 1.3521660566329956055 1.5463404655456542969 1.2584135532379150391 0.30096486210823059082
-9999 -9999 -9999 -9999 -9999 -9999 1.3239285945892333984 1.4097615480422973633 1.7012095451354980469 1.7803758382797241211 1.8977907896041870117 1.5231734514236450195 0.75103306770324707031 1.6161888837814331055 1.9255478382110595703 0.6244074702262878418 0.34990796446800231934 0 0.19157992303371429443 1.0901480913162231445 2.1033651828765869141 2.1965987682342529297 2.1112523078918457031 2.0082116127014160156 1.4007872343063354492 0.52768564224243164062 0.65185433626174926758 1.2451651096343994141 0.69080203771591186523 0.37518903613090515137 0.90060406923294067383 0.62740725278854370117 0.32334238290786743164 0.31655904650688171387 0.23959840834140777588 0.61683249473571777344 0.73418122529983520508 1.2467041015625 1.8057342767715454102 1.4223544597625732422 1.5741170644760131836 1.307702183723449707 1.2477821111679077148 1.4002227783203125 1.4712406396865844727 0.89158064126968383789
-9999 -9999 -9999 -9999 -9999 -9999 -9999 1.8265299797058105469 1.439654231071472168 1.5754010677337646484 1.3713309764862060547 1.2760356664657592773 1.5551177263259887695 0.34575578570365905762 0.34500193595886230469 0.57012665271759033203 0.016857121139764785767 0 0.0015156834851950407028 0.91361695528030395508 1.5004712343215942383 1.4734385013580322266 2.1989276409149169922 2.5593311786651611328 2.1388604640960693359 0.4408823549747467041 0.039471250027418136597 0.098166391253471374512 0.088041178882122039795 0.22248397767543792725 1.0728237628936767578 1.3484899997711181641 0.73694318532943725586 0.66478908061981201172 0.67390650510787963867 0.75262248516082763672 0.76758056879043579102 1.0235234498977661133 2.4053084850311279297 2.5376632213592529297 1.6599038839340209961 1.5402143001556396484 1.592740178108215332 1.8850286006927490234 1.305751800537109375 0.9622955322265625
-9999 -9999 -9999 -9999 -9999 -9999 -9999 1.8215081691741943359 1.6939148902893066406 1.5983624458312988281 1.5705325603485107422 1.7098147869110107422 1.6177232265472412109 0.73964905738830566406 0.097022794187068939209 0 0 0 0.00015446978795807808638 0.75853598117828369141 1.9746279716491699219 1.7716662883758544922 1.556836247444152832 2.2512159347534179688 1.4441082477569580078 0.26649588346481323242 0 0 0 0.78669631481170654297 1.8347948789596557617 1.2808828353881835938 0.84909141063690185547 1.1148464679718017578 1.3235810995101928711 1.3456737995147705078 1.4516606330871582031 1.2873793840408325195 1.4585648775100708008 1.420563817024230957 1.6199408769607543945 1.7199163436889648438 0.63526457548141479492 1.9330061674118041992 0.75094234943389892578 0.57760930061340332031
-9999 -9999 -9999 -9999 -9999 -9999 -9999 -9999 1.7794888019561767578 1.5173242092132568359 1.2862285375595092773 1.5162003040313720703 1.3322762250900268555 0.64432883262634277344 0.51464056968688964844 0.097885973751544952393 0 0 0.0085227536037564277649 0.90195465087890625 1.2045149803161621094 1.4395651817321777344 1.9043028354644775391 1.8362927436828613281 1.8534119129180908203 0.9289143681526184082 0.83571249246597290039 0.68996602296829223633 0.68580913543701171875 0.86983799934387207031 2.0553293228149414062 1.6511400938034057617 0.53056788444519042969 1.6822034120559692383 1.6395001411437988281 1.6732940673828125 1.6536753177642822266 1.0225490331649780273 1.4299514293670654297 1.4076479673385620117 1.6341880559921264648 1.4058706760406494141 0 0.30698400735855102539 0.89395117759704589844 0.70310413837432861328
-9999 -9999 -9999 -9999 -9999 -9999 -9999 -9999 1.64032745361328125 1.4770007133483886719 1.2229193449020385742 1.1871297359466552734 1.3430931568145751953 1.1870917081832885742 0.24745535850524902344 0.3407433629035949707 0.019444920122623443604 0 0.04816975817084312439 1.4872527122497558594 1.5226317644119262695 1.1287093162536621094 1.4788261651992797852 1.5851178169250488281 2.1599838733673095703 1.9931252002716064453 2.0923988819122314453 2.1082127094268798828 1.8670160770416259766 1.2519692182540893555 1.3976355791091918945 1.8235570192337036133 1.5244172811508178711 1.0358046293258666992 1.738391876220703125 1.5233036279678344727 1.571430206298828125 1.566585540771484375 1.5317069292068481445 1.3864550590515136719 1.5992597341537475586 1.6854349374771118164 0 0.18254181742668151855 1.1896774768829345703 0.61978411674499511719
-9999 -9999 -9999 -9999 -9999 -9999 -9999 -9999 -9999 0.89308065176010131836 1.1870939731597900391 1.1803712844848632812 1.149481654167175293 1.4739447832107543945 0.55076485872268676758 0.60214573144912719727 0.38157775998115539551 -9999 -9999 1.5857907533645629883 2.0717248916625976562 1.9837362766265869141 1.7997329235076904297 1.8153705596923828125 1.8869073390960693359 1.5621881484985351562 1.9310593605041503906 1.9311875104904174805 1.0688408613204956055 0.41919317841529846191 0.18992637097835540771 0.53551185131072998047 1.7830338478088378906 1.3361457586288452148 1.7565507888793945312 1.8525885343551635742 1.591589808464050293 1.6164629459381103516 1.619354248046875 1.2694711685180664062 1.2803502082824707031 1.5702345371246337891 0 0 1.0019626617431640625 1.1201139688491821289
