gis/40m/LAI_conif.asc
ncols        256
nrows        286
xllcorner    726766.000000000000
yllcorner    7127230.000000000000
cellsize     40.000000000000
NODATA_value -9999
[rows 126 to 146 of 286, columns 0 to 46 of 256]
0 2.9426026344299316406 2.1082916259765625 1.5022904872894287109 0.8815549015998840332 0.78402733802795410156 0.65757203102111816406 3.1730220317840576172 3.1445462703704833984 4.727325439453125 4.1913967132568359375 3.123363494873046875 3.2615196704864501953 3.8719313144683837891 4.1024622917175292969 4.2211480140686035156 4.0077004432678222656 2.6056144237518310547 2.4431977272033691406 2.4034090042114257812 2.1376891136169433594 2.2094769477844238281 2.3495156764984130859 3.1373057365417480469 3.3972771167755126953 3.0893545150756835938 2.5557317733764648438 2.5031876564025878906 2.6227593421936035156 2.8111968040466308594 2.6964173316955566406 3.3675487041473388672 4.5733733177185058594 3.5336880683898925781 3.6964969635009765625 4.0355367660522460938 4.0511755943298339844 3.4243550300598144531 2.4053206443786621094 2.3954896926879882812 2.0041034221649169922 1.8134796619415283203 1.6141977310180664062 0.72635185718536376953 1.2362082004547119141 1.197444915771484375 0.98344457149505615234
0 2.7506983280181884766 2.3109734058380126953 2.3442029953002929688 2.1426374912261962891 2.0360829830169677734 2.0492691993713378906 1.0792598724365234375 3.6344513893127441406 3.9722166061401367188 3.9573273658752441406 4.0171408653259277344 3.9764833450317382812 4.298252105712890625 4.2634172439575195312 4.0617814064025878906 2.3480305671691894531 2.4324975013732910156 2.5013117790222167969 2.4868826866149902344 2.3429098129272460938 2.2111115455627441406 2.2130694389343261719 2.6193270683288574219 2.9061594009399414062 2.6470558643341064453 2.5547313690185546875 2.6989474296569824219 2.5868668556213378906 3.2500607967376708984 3.5735104084014892578 4.0396413803100585938 4.4117722511291503906 3.7960512638092041016 3.1734938621520996094 3.1620092391967773438 2.9518299102783203125 2.5728123188018798828 1.8075346946716308594 2.7464795112609863281 1.9365723133087158203 1.3296492099761962891 1.4355542659759521484 0.41317462921142578125 0.83205324411392211914 0.97474062442779541016 0.46566891670227050781
0 0 2.3174448013305664062 2.5773518085479736328 3.0616769790649414062 3.3990166187286376953 3.4747054576873779297 1.1550518274307250977 1.4663584232330322266 4.0411324501037597656 3.8119664192199707031 3.5601100921630859375 3.3968639373779296875 3.5125856399536132812 3.8458249568939208984 3.7234106063842773438 1.0809091329574584961 1.4175446033477783203 2.3916146755218505859 2.547199249267578125 2.6081914901733398438 2.3933033943176269531 2.2174031734466552734 2.3763332366943359375 2.3976724147796630859 2.5557177066802978516 2.7949941158294677734 2.6079316139221191406 2.6238980293273925781 2.9550580978393554688 3.7887256145477294922 4.5258717536926269531 4.4768042564392089844 3.8709595203399658203 3.0043663978576660156 1.8763105869293212891 2.015987396240234375 2.7119786739349365234 2.5134060382843017578 3.1581826210021972656 2.4033083915710449219 1.9774127006530761719 2.5353817939758300781 0.75248831510543823242 0.53033328056335449219 1.0262089967727661133 0.53020805120468139648
0 0 2.5528059005737304688 2.46204376220703125 2.5542569160461425781 3.1395678520202636719 3.7432041168212890625 3.0044617652893066406 0.85446685552597045898 2.4622941017150878906 3.8357598781585693359 3.6712396144866943359 3.1657795906066894531 2.7527446746826171875 2.7871670722961425781 2.7611200809478759766 0.77734667062759399414 0.14314705133438110352 1.2941453456878662109 2.3864731788635253906 2.6273436546325683594 2.5104517936706542969 2.5301849842071533203 2.4357442855834960938 1.4221403598785400391 0.92632406949996948242 1.2698416709899902344 1.7330745458602905273 1.873233795166015625 2.6365146636962890625 3.6600937843322753906 4.8347311019897460938 5.0316791534423828125 3.8426206111907958984 2.8249812126159667969 2.1647095680236816406 2.1624419689178466797 2.8241782188415527344 2.783031463623046875 3.1774001121520996094 2.1219854354858398438 2.3941709995269775391 2.8096969127655029297 0.93516743183135986328 1.6510864496231079102 1.091584324836730957 0.3765105903148651123
0 0 0 0 1.7793939113616943359 2.4778857231140136719 2.6849761009216308594 3.0617778301239013672 2.7318589687347412109 0.78014326095581054688 2.4877233505249023438 3.9288132190704345703 3.5376615524291992188 2.9068994522094726562 2.7590785026550292969 2.5134608745574951172 0.72554659843444824219 0.03691862151026725769 0.085774272680282592773 0.33738464117050170898 1.3841118812561035156 2.3158857822418212891 1.979401707649230957 1.0360655784606933594 0.48309808969497680664 0.049338065087795257568 0.027313731610774993896 0.19847732782363891602 0.91181790828704833984 1.3193686008453369141 2.9590892791748046875 2.5278649330139160156 2.61185455322265625 2.6650238037109375 1.2913702726364135742 1.6640905141830444336 1.8997480869293212891 2.31830596923828125 2.6154460906982421875 2.9492399692535400391 2.8733959197998046875 2.0690770149230957031 2.5935244560241699219 1.1758419275283813477 1.2715096473693847656 0.92921042442321777344 0.27641165256500244141
0 0 0 0 2.0263614654541015625 2.4172718524932861328 2.2113051414489746094 2.5897240638732910156 2.963348388671875 2.5819838047027587891 1.0691723823547363281 2.6015117168426513672 3.0434617996215820312 3.5197892189025878906 3.2607102394104003906 3.9624133110046386719 2.8721528053283691406 0.88015139102935791016 0.93852555751800537109 0 0.15859130024909973145 0.55719548463821411133 0.23403914272785186768 0 0 0.074238032102584838867 1.2468408346176147461 3.1663756370544433594 3.7990155220031738281 3.1098399162292480469 3.3813753128051757812 2.787372589111328125 1.5715423822402954102 1.1462962627410888672 0.203164711594581604 0.053800974041223526001 0.31768932938575744629 0.49176615476608276367 2.8363049030303955078 3.637508392333984375 2.4349217414855957031 2.0272459983825683594 1.6662038564682006836 0.78052788972854614258 0.1534188687801361084 0.12006494402885437012 0.28132358193397521973
0 0 0 0 0 2.2416379451751708984 2.0262393951416015625 2.5099482536315917969 2.7378497123718261719 2.9355549812316894531 1.9027166366577148438 0.96925425529479980469 3.2374486923217773438 3.9726233482360839844 3.2906255722045898438 1.764796137809753418 2.2759900093078613281 2.5346360206604003906 2.5628595352172851562 1.1546671390533447266 0.21585315465927124023 0.011287539266049861908 0 0 0 0.26956784725189208984 1.4360777139663696289 2.8492679595947265625 3.496707916259765625 2.6148965358734130859 2.9508805274963378906 2.4781618118286132812 1.3547707796096801758 1.1318327188491821289 1.06655120849609375 0.60188949108123779297 0.11095455288887023926 0.60476469993591308594 2.1297354698181152344 1.2531232833862304688 1.4543185234069824219 2.5764741897583007812 1.9214400053024291992 2.2377774715423583984 1.1059858798980712891 0.23678371310234069824 0.10628178715705871582
0 0 0 0 0 0 1.9651973247528076172 2.6889529228210449219 2.8116242885589599609 2.8659560680389404297 3.1056647300720214844 1.5898133516311645508 1.4336616992950439453 3.8349442481994628906 2.938587188720703125 0.58250719308853149414 1.1004078388214111328 1.5614314079284667969 1.9703065156936645508 2.2647719383239746094 2.3564269542694091797 2.0223078727722167969 1.0955851078033447266 0.3957557976245880127 0.14991132915019989014 0.65630197525024414062 1.8548824787139892578 2.2977657318115234375 2.7232408523559570312 1.5369348526000976562 2.9539709091186523438 2.5047855377197265625 0.92997598648071289062 0.72482430934906005859 0.98725903034210205078 1.2860536575317382812 0.82386219501495361328 0.88192796707153320312 0.57635962963104248047 0.2206573486328125 1.0965952873229980469 2.57468414306640625 2.7340879440307617188 3.0101180076599121094 2.3683261871337890625 0.61643922328948974609 0.090091273188591003418
0 0 0 0 0 0 1.6252132654190063477 2.516689300537109375 2.8224050998687744141 2.932926177978515625 3.4853448867797851562 3.7276201248168945312 1.2568228244781494141 1.7737629413604736328 2.4325184822082519531 0.7962029576301574707 0.52154064178466796875 0 0.76619631052017211914 2.1951973438262939453 3.9923167228698730469 4.7735137939453125 4.6225037574768066406 4.10315704345703125 2.3939218521118164062 1.0019257068634033203 1.6927993297576904297 2.4302248954772949219 1.9186332225799560547 0.37518903613090515137 1.351466059684753418 1.0837023258209228516 0.35921368002891540527 0.39618653059005737305 0.33951422572135925293 0.76438200473785400391 1.2012338638305664062 2.8288245201110839844 3.1554520130157470703 2.0795979499816894531 2.6940882205963134766 3.4319334030151367188 3.53647613525390625 3.1593403816223144531 2.3873414993286132812 1.2855144739151000977 0.26300397515296936035
0 0 0 0 0 0 0 3.346347808837890625 2.8142249584197998047 2.9067020416259765625 3.3246679306030273438 3.6680850982666015625 3.4058864116668701172 0.73195832967758178711 0.50643479824066162109 0.62921899557113647461 0.048111237585544586182 0 0.0081512788310647010803 1.3660756349563598633 3.9351029396057128906 4.6530475616455078125 4.4332122802734375 4.104366302490234375 3.3917903900146484375 0.6334317326545715332 0.049819611012935638428 0.24099461734294891357 0.19287082552909851074 0.22248397767543792725 2.0046668052673339844 1.8019487857818603516 1.0549035072326660156 0.84869134426116943359 0.71579819917678833008 0.81475245952606201172 1.2160093784332275391 2.73264312744140625 3.8602190017700195312 3.4272186756134033203 2.9901685714721679688 3.515857696533203125 3.4685673713684082031 3.4040546417236328125 2.6331934928894042969 1.4941818714141845703 0.37604010105133056641
0 0 0 0 0 0 0 2.8596034049987792969 2.9700798988342285156 2.8701467514038085938 3.1393103599548339844 3.37458038330078125 2.9934055805206298828 1.7785177230834960938 0.17743250727653503418 0 0 0 0.00038298155413940548897 1.7113194465637207031 3.5028429031372070312 3.9294252395629882812 4.24053192138671875 4.2183384895324707031 4.1194562911987304688 0.72351545095443725586 0 0 0 1.1557270288467407227 3.0527167320251464844 2.0842638015747070312 1.8571619987487792969 2.1429538726806640625 1.5093426704406738281 2.1672945022583007812 2.3708596229553222656 2.6488294601440429688 3.3386406898498535156 2.7303647994995117188 3.1317439079284667969 3.6865541934967041016 1.4635846614837646484 2.1958410739898681641 2.5949015617370605469 2.5654053688049316406 1.6502300500869750977
0 0 0 0 0 0 0 0 2.8678069114685058594 2.6328177452087402344 2.5416302680969238281 2.9278469085693359375 2.7060689926147460938 1.1210696697235107422 0.98302030563354492188 0.13226629793643951416 0 0 0.014395233243703842163 1.4268538951873779297 2.5330104827880859375 2.6393532752990722656 3.0750918388366699219 3.7728943824768066406 4.0894975662231445312 1.6539399623870849609 1.131714940071105957 1.4468512535095214844 1.1438362598419189453 2.2069964408874511719 4.1668825149536132812 2.5732595920562744141 0.78624254465103149414 2.922786712646484375 3.2926034927368164062 3.4335231781005859375 3.0097320079803466797 2.5970053672790527344 3.3230915069580078125 2.9053254127502441406 3.2863483428955078125 2.812747955322265625 0 0.47848969697952270508 3.0340549945831298828 3.1760735511779785156 2.7293908596038818359
0 0 0 0 0 0 0 0 2.7299203872680664062 2.4410524368286132812 2.2073602676391601562 2.6842420101165771484 2.9073991775512695312 2.1580202579498291016 0.36045187711715698242 0.42387950420379638672 0.039201840758323669434 0 0.067322969436645507812 2.0445160865783691406 2.761974334716796875 2.4830965995788574219 2.7160959243774414062 3.4536976814270019531 3.9049501419067382812 3.5944714546203613281 3.3301334381103515625 3.6818408966064453125 3.4727804660797119141 2.6257388591766357422 3.2285213470458984375 3.2849233150482177734 2.2153286933898925781 2.3308572769165039062 3.5389676094055175781 3.3463320732116699219 2.9411911964416503906 2.2022104263305664062 3.3654203414916992188 2.7693150043487548828 3.1897916793823242188 3.0556771755218505859 0 0.23013088107109069824 2.7317156791687011719 2.9905958175659179688 2.766498565673828125
0 0 0 0 0 0 0 0 0 2.3554923534393310547 2.1433393955230712891 2.9989538192749023438 3.0474834442138671875 3.0360250473022460938 1.0304263830184936523 0.90220719575881958008 0.71535885334014892578 0 0 2.6016724109649658203 2.947238922119140625 2.8100733757019042969 2.8571674823760986328 3.1771903038024902344 3.3744084835052490234 3.4384527206420898438 3.6825957298278808594 3.7108151912689208984 2.2796339988708496094 0.79725062847137451172 0.32957214117050170898 0.90674424171447753906 2.4450297355651855469 3.2425594329833984375 3.1432528495788574219 3.064605712890625 3.2650966644287109375 1.9392151832580566406 3.2135558128356933594 1.9663691520690917969 2.0107848644256591797 3.18862152099609375 0 0 2.0407505035400390625 2.9984192848205566406 2.7843904495239257812
0 0 0 0 0 0 0 0 0 2.3652672767639160156 2.4800753593444824219 3.4390566349029541016 3.6486768722534179688 3.1048200130462646484 2.6540746688842773438 2.2966413497924804688 2.5678114891052246094 0 0 0 0 2.5811033248901367188 2.86241912841796875 2.7150082588195800781 3.3461880683898925781 3.9134449958801269531 3.8883109092712402344 3.3456165790557861328 0.79284060001373291016 0.2882372736930847168 0.3788229823112487793 0.62995982170104980469 0.85867619514465332031 2.2536301612854003906 3.6379308700561523438 3.6723809242248535156 2.9687082767486572266 2.8240284919738769531 3.715633392333984375 4.2231273651123046875 4.3217525482177734375 4.4322357177734375 1.0412217378616333008 0 1.6913468837738037109 2.8322911262512207031 2.7655625343322753906
0 0 0 0 0 0 0 0 0 0 2.1241469383239746094 3.1174821853637695312 4.1428432464599609375 0 0 0 0 0 0 0 0 0 0 0 2.8515224456787109375 4.1042809486389160156 4.3115940093994140625 3.4333171844482421875 0.91583728790283203125 0.34164413809776306152 0.50796741247177124023 0.61576133966445922852 0.7894064784049987793 0.59721624851226806641 0.90973818302154541016 2.5381579399108886719 3.8205962181091308594 4.2445459365844726562 3.5748991966247558594 4.216670989990234375 4.5651464462280273438 4.7529149055480957031 2.2101616859436035156 0 1.5350320339202880859 3.370227813720703125 3.1710495948791503906
0 0 0 0 0 0 0 0 0 0 2.2085506916046142578 1.9980309009552001953 0 0 0 0 0 0 0 0 0 0 0 0 0 4.1524643898010253906 3.9962353706359863281 0 1.9471138715744018555 0.78043949604034423828 0.80246388912200927734 0.88261610269546508789 0.93564927577972412109 0.82528018951416015625 0.67065978050231933594 1.2529466152191162109 2.5675780773162841797 3.0483386516571044922 1.4566801786422729492 1.3462061882019042969 2.3383669853210449219 3.1494417190551757812 2.4035434722900390625 0.75919896364212036133 1.7861753702163696289 3.2044708728790283203 3.068813323974609375
0 0 0 0 0 0 0 0 0 0 0 0 0 0 0 0 0 0 0 0 0 0 0 0 0 0 0 0 0 1.8096795082092285156 1.4580128192901611328 1.2611820697784423828 1.2809814214706420898 1.3606413602828979492 1.662531733512878418 0.91821104288101196289 0.9979648590087890625 1.7103519439697265625 0.80710852146148681641 0.71243268251419067383 0.9490833282470703125 1.3580229282379150391 1.8162441253662109375 2.7604269981384277344 2.4736313819885253906 1.3253872394561767578 2.1550970077514648438
0 0 0 0 0 0 0 0 0 0 0 0 0 0 0 0 0 0 0 0 0 0 0 0 0 0 0 0 0 0 0 0 2.0799770355224609375 0 2.4664237499237060547 1.8762311935424804688 0.84278517961502075195 0.71354329586029052734 0.86083757877349853516 1.0458889007568359375 1.2219028472900390625 1.3703631162643432617 1.9312164783477783203 3.3021805286407470703 3.47992706298828125 0.62223982810974121094 0.23369720578193664551
0 0 0 0 0 0 0 0 0 0 0 0 0 0 0 0 0 0 0 0 0 0 0 0 0 0 0 0 0 0 0 0 0 0 2.4064199924468994141 2.4130396842956542969 1.653839111328125 1.2243790626525878906 1.3188871145248413086 1.0720922946929931641 0.99247312545776367188 0.61035591363906860352 1.1824579238891601562 3.1174519062042236328 3.7642617225646972656 1.3877956867218017578 0.13757291436195373535
0 0 0 0 0 0 0 0 0 0 0 0 0 0 0 0 0 0 0 0 0 0 0 0 0 0 0 0 0 0 0 0 0 0 0 2.4248855113983154297 2.3042833805084228516 2.2016010284423828125 2.0684735774993896484 1.4676220417022705078 1.171245574951171875 0.72514396905899047852 0.62210953235626220703 2.8639502525329589844 3.1884458065032958984 1.8604543209075927734 0
