gis/40m/LAI_decid.asc
ncols        256
nrows        286
xllcorner    726766.000000000000
yllcorner    7127230.000000000000
cellsize     40.000000000000
NODATA_value -9999
[rows 110 to 131 of 286, columns 204 to 254 of 256]
0.0097186332568526268005 0 0 0 0 0 0 0 0.0089202607050538063049 0.013788704760372638702 0.0090552968904376029968 0 0.01888681948184967041 0.0033788348082453012466 0.015099946409463882446 0.064640179276466369629 0 0.032489001750946044922 0.047515098005533218384 0.052058871835470199585 0.011431719176471233368 0 0.001303478144109249115 0.0010907864198088645935 0.10796590149402618408 0.34978273510932922363 0.0075491382740437984467 0.0097932089120149612427 0.10573252290487289429 0.063058376312255859375 -9999 -9999 0.0066852602176368236542 5.9237838286207988858e-05 0.00013680184201803058386 -9999 -9999 -9999 -9999 -9999 -9999 -9999 0.024189786985516548157 0.033289037644863128662 -9999 -9999 -9999 -9999 -9999 -9999 -9999
0.1115530058741569519 0 0 0 0 0 0 0 0 0 0 0.022293688729405403137 0.023709485307335853577 0 0 0 0 0 0.076723970472812652588 0.072965890169143676758 0 0.027561092749238014221 0.014961662702262401581 0.012520330026745796204 0.013915311545133590698 0 0 0 0 0.09966900944709777832 0.085892185568809509277 0.074440695345401763916 0.022595491260290145874 0.00067994731944054365158 0.0015702472301200032234 0 -9999 -9999 -9999 -9999 -9999 0 0.047248095273971557617 0.036058429628610610962 -9999 -9999 -9999 -9999 -9999 -9999 -9999
0.0084957480430603027344 0.0036006912123411893845 0 0 0 0 0 0 0 0 0 0.0085166897624731063843 0.0090575562790036201477 0 0 0 0 0 0.0048859338276088237762 0.028190078213810920715 0.026425607502460479736 0.015647545456886291504 0 0.02487406507134437561 0.064553730189800262451 0.013244769535958766937 0.017641296610236167908 0 0.041124384850263595581 0.1013832390308380127 0.11090049892663955688 0.084398560225963592529 0.067445352673530578613 0.0024086907505989074707 0 0 -9999 -9999 -9999 -9999 0 0.028944766148924827576 0.044893682003021240234 0.01342124398797750473 -9999 -9999 -9999 -9999 -9999 -9999 -9999
0.026444096118211746216 0.064685747027397155762 0 0 0 0 0 0 0 0 0 0 0 0 0.011439649388194084167 0.067942105233669281006 0.005046474747359752655 0.00080618378706276416779 0.00012291590974200516939 0.04865124821662902832 0.16390228271484375 0.044632412493228912354 0.030461916700005531311 0.1406135857105255127 0.060193795710802078247 0.020394600927829742432 0.028651084750890731812 0 0.046084493398666381836 0.19554311037063598633 0.24541425704956054688 0.054660763591527938843 0.059546478092670440674 0.0037089576944708824158 0 0 0 0.082958787679672241211 0.0210352335125207901 0 0 0.0045286533422768115997 -9999 -9999 -9999 -9999 -9999 -9999 -9999 -9999 -9999
0 0 0.0011002785759046673775 0.0010785118211060762405 0 0 0 0 0 0 0 0 0 0 0 0.0067912749946117401123 0.060709513723850250244 0.045002892613410949707 0.0018012768123298883438 0.0046321842819452285767 0.017550511285662651062 0 0.091023646295070648193 0.046946574002504348755 0 0 0.047836877405643463135 0.011278293095529079437 0 0.018508478999137878418 0.2161258310079574585 0.027504360303282737732 0.019300522282719612122 0.0068903807550668716431 0.0040653580799698829651 0.0083429757505655288696 0.0008593623642809689045 0 0 0 0 0 -9999 -9999 -9999 -9999 -9999 -9999 -9999 -9999 -9999
0 2.1639451006194576621e-05 0.00086640537483617663383 0.00072854745667427778244 0.0038435719907283782959 0.0056169102899730205536 0 0 0 0.00097683898638933897018 0 0 0.12093923240900039673 0.021635917946696281433 0.0038241602014750242233 0.012457096017897129059 0.055895950645208358765 0.11404930055141448975 0.0083657857030630111694 0.00028416875284165143967 0.0010766641935333609581 0.025665715336799621582 0.21505798399448394775 0.22732175886631011963 0.046604912728071212769 0 0.017292002215981483459 0.062677696347236633301 0.014373440295457839966 0.085917614400386810303 0.27516838908195495605 0.05666386336088180542 0.29419144988059997559 0.042763933539390563965 0.01665498688817024231 0.052749708294868469238 0.0025444687344133853912 0 0.024245005100965499878 0.00026928068837150931358 0.00067015556851401925087 0.033666696399450302124 -9999 -9999 -9999 -9999 -9999 -9999 -9999 -9999 -9999
0 0.0001819842291297391057 0.0011443732073530554771 0.0098669938743114471436 0 0 0 0 0 0.0082150558009743690491 0 0 0 0 0.060316056013107299805 0.066852003335952758789 0.011038447730243206024 0 0.028222117573022842407 0.019350385293364524841 0.0090545695275068283081 0.01690806262195110321 0.053858499974012374878 0.085855260491371154785 0.028864417225122451782 0 0 0 0.25950387120246887207 0.52002882957458496094 0.18314665555953979492 0.063770420849323272705 0.022643823176622390747 0.0092690596356987953186 0.031372800469398498535 0.0081939408555626869202 0.00084401108324527740479 0.01910489983856678009 0.040117628872394561768 0.026578318327665328979 0.0056358985602855682373 0 0 0 -9999 -9999 -9999 -9999 -9999 -9999 -9999
0 0 0 0.0034115773160010576248 0 0 0 0 0.0052863913588225841522 0.0036125641781836748123 0 0 0 0 0.030453357845544815063 0.051346160471439361572 0.05321623384952545166 0.054438252002000808716 0.17340977489948272705 0.036587037146091461182 0.030836336314678192139 0.018369009718298912048 0.024014024063944816589 0.052442330867052078247 0.012186829932034015656 0 0 0 0.29238536953926086426 0.54534333944320678711 0.074077546596527099609 0.093779228627681732178 0.087393805384635925293 0.052567712962627410889 0.18040747940540313721 0.36469537019729614258 0.1060355454683303833 0.028593365103006362915 0.022982554510235786438 0.0084983659908175468445 0 0 0 0 -9999 -9999 -9999 -9999 -9999 -9999 -9999
0 0 0 0 0 0 0.0013887314125895500183 0.0044621531851589679718 0 5.3244806622387841344e-05 0 0.0092987027019262313843 0 0 0.034930881112813949585 0.1653728187084197998 0.081976041197776794434 0.33922603726387023926 0.24822698533535003662 0.0481719970703125 0.056976262480020523071 0.040349431335926055908 0.0084482403472065925598 0.010181492194533348083 0.0078467028215527534485 0.018727820366621017456 0.0010707561159506440163 0.00052991247503086924553 0 0.060239236801862716675 0 0.11415953189134597778 0.33079934120178222656 0.077806293964385986328 0.14687038958072662354 0.23814639449119567871 0.1097505912184715271 0.031387645751237869263 0.012832897715270519257 0.02981271594762802124 0.02812449820339679718 0.00089762697461992502213 0 0.029058869928121566772 0.00039032963104546070099 -9999 -9999 -9999 -9999 -9999 -9999
0 0.027978058904409408569 0.0086606340482831001282 0.0011428802972659468651 0 0 0.015692664310336112976 0.050422333180904388428 0 0.0015337703516706824303 0 0 0 0 0.05787804722785949707 0.15011410415172576904 0.32748174667358398438 0.54064387083053588867 0.32715567946434020996 0.021360367536544799805 0.025887852534651756287 0.0031324438750743865967 0.006508730817586183548 0.056224782019853591919 0.098483353853225708008 0.19426159560680389404 0.043904885649681091309 0.016544187441468238831 0 0 0 0 0 0 0 0 0 0 0 0.068293914198875427246 0.16996222734451293945 0 0 0.014837680384516716003 0.010912589728832244873 -9999 -9999 -9999 -9999 -9999 -9999
0.067587554454803466797 0.052137497812509536743 0.0091483537107706069946 0.0082578752189874649048 0.0071921716444194316864 0.00068021757761016488075 0.0054970369674265384674 0.039129894226789474487 0.0072696246206760406494 0.00055408407934010028839 0 3.4131153370253741741e-05 9.3922957603354007006e-05 0.008601708337664604187 0.11291552335023880005 0.64973914623260498047 0.54306215047836303711 0.13641272485256195068 0.06289882957935333252 0.00032145599834620952606 0.0012179389595985412598 0.0030659798067063093185 0.061330635100603103638 0.016881974413990974426 0.022837350144982337952 0.018975721672177314758 0.068296991288661956787 0.0062750596553087234497 0.0014038092922419309616 0.08569793403148651123 0.032351177185773849487 0.00017733121057972311974 0 0 0 0 0 0 0.001082266797311604023 0.0011109217302873730659 0 0 0 0 0.0038649970665574073792 0 0 -9999 -9999 -9999 -9999
0.027805646881461143494 0 0.026211101561784744263 0.013262025080621242523 0 0.013746961019933223724 0.025094592943787574768 0.004349071066826581955 0.01899614185094833374 0.013752686791121959686 0 0.0080509008839726448059 0.022154668346047401428 0.070857211947441101074 0.069442830979824066162 0.090080894529819488525 0.045701470226049423218 0.098952189087867736816 0.026942996308207511902 0.0021063827443867921829 0.0079807052388787269592 0.007888817228376865387 0.016391733661293983459 0.014558076858520507812 0.011544893495738506317 0 0 0 0.0091986451297998428345 0.16326965391635894775 0.18924444913864135742 0 0 0 0 0.0074272379279136657715 0.00076503737363964319229 0 0.13953217864036560059 0.26861113309860229492 0.12005237489938735962 0.0010701034916564822197 0 0 0 0 0 -9999 -9999 -9999 -9999
0.02151175960898399353 0.0043857940472662448883 0.016682412475347518921 0.023604318499565124512 0.030231986194849014282 0.012279337272047996521 0.012013333849608898163 0.0013853089185431599617 0.0024253556039184331894 0.0043806415051221847534 0 0.0024932133965194225311 0.47737929224967956543 0.23232325911521911621 0.0684337615966796875 0.0072918175719678401947 0.039741650223731994629 0.026795318350195884705 0.028788089752197265625 0.016632240265607833862 0.020136769860982894897 0.1589079052209854126 0.036176752299070358276 0.049395777285099029541 0.13727724552154541016 0.068540006875991821289 0 0 0.11714828759431838989 0.14785985648632049561 0.092690706253051757812 0 0 0 0.0065488736145198345184 0.050446115434169769287 0.10756713896989822388 0.25710564851760864258 0.2304636538028717041 0.50873595476150512695 0.55578225851058959961 0.39208135008811950684 0.04783499985933303833 0.035889111459255218506 0 0 0 -9999 -9999 -9999 -9999
0.024717649444937705994 0 0 0.020678561180830001831 0.041690159589052200317 0.012427033856511116028 0.02432681061327457428 0.013232267461717128754 0 0 0 0.00078182382276281714439 0.45220831036567687988 0.23210760951042175293 0.084281861782073974609 0.05297185853123664856 0.0083854077383875846863 0.0098721841350197792053 0.056751322001218795776 0.04820599779486656189 0.048002757132053375244 0.16157618165016174316 0.32324177026748657227 0.098581731319427490234 0.26721882820129394531 0.16395685076713562012 0 0 0.15619772672653198242 0.12064976245164871216 0.012796023860573768616 0 0 0 0.10614711791276931763 0.42063450813293457031 0.32728648185729980469 0.39760100841522216797 0.3874321281909942627 0.34232962131500244141 0.70372992753982543945 0.62089514732360839844 0.36425876617431640625 0.27493065595626831055 0.044579774141311645508 0 -9999 -9999 -9999 -9999 -9999
0 0 0 0.072618573904037475586 0.097335204482078552246 0 0.0081461593508720397949 0.0261745452880859375 0 0 0 0.007137591484934091568 0.0056587439030408859253 0.0010123440297320485115 0 0 0.0066371294669806957245 0 0.065282620489597320557 0.035352326929569244385 0.020122259855270385742 0.01360329892486333847 0.1477095186710357666 0.21649047732353210449 0.22919960319995880127 0.10567331314086914062 0.00058770587202161550522 0 0 0 0 0 0 0 0.026877874508500099182 0.32019972801208496094 0.28146275877952575684 0.16693188250064849854 0.1621548086404800415 0.1430508345365524292 0.27878051996231079102 0.15042264759540557861 0.34333297610282897949 0.33178889751434326172 0.0074487314559519290924 -9999 -9999 -9999 -9999 -9999 -9999
0 0 0 0 0 0 0.0018212022259831428528 0.0058517316356301307678 0 0 0 0.00031113269506022334099 0.072610281407833099365 0.24062779545783996582 0.21127620339393615723 0 0.062000837177038192749 0.09657427668571472168 0.061704561114311218262 0.021036924794316291809 0 0.0072188172489404678345 0 0.13051392138004302979 0.21408279240131378174 0.41827481985092163086 0.0074546779505908489227 0 0 0 0.022718563675880432129 0.035730261355638504028 0.026732323691248893738 0.0021340930834412574768 0 0.39157694578170776367 0.53219676017761230469 0.3324444890022277832 0.18488879501819610596 0.12699006497859954834 -9999 -9999 0.29102399945259094238 0.25675639510154724121 0.087358064949512481689 -9999 -9999 -9999 -9999 -9999 -9999
0 0 0 0 0 0 0 0.018682882189750671387 0.0038593749050050973892 0 0.01657667011022567749 0.0068660527467727661133 0.022601054981350898743 0.053725127130746841431 0.15887130796909332275 0.26838213205337524414 0.0021701743826270103455 0.0051684416830539703369 0.023217840120196342468 0.035722494125366210938 0.015059095807373523712 0.027497084811329841614 0.0031983167864382266998 0.031723503023386001587 0.14511634409427642822 0.2183443903923034668 0.18903614580631256104 0 0 0.10917190462350845337 0.49019616842269897461 0.44111552834510803223 0.12815023958683013916 0.060950521379709243774 0.12818449735641479492 0.51717710494995117188 0.67869514226913452148 0.37805593013763427734 0.29423499107360839844 0.10674330592155456543 -9999 -9999 -9999 -9999 -9999 -9999 -9999 -9999 -9999 -9999 -9999
0.039667662233114242554 0.022802151739597320557 0.0036592225078493356705 0 0 0 0 0.021687906235456466675 0.013117797672748565674 0.0037510795518755912781 0.0047893673181533813477 0.0015066296327859163284 0 0.034368369728326797485 0.03875444456934928894 0.07754154503345489502 0 0 0 0.004566560499370098114 0.015475354157388210297 0.043104715645313262939 0.048446703702211380005 0.032407425343990325928 0.12526001036167144775 0.22721414268016815186 0.099160328507423400879 0.017771450802683830261 0.2309837639331817627 0.33239537477493286133 0.33076354861259460449 0.2654774785041809082 0.056567203253507614136 0.1718209385871887207 0.31114271283149719238 0.30837002396583557129 0.2515659332275390625 0.14932139217853546143 0.22068867087364196777 -9999 -9999 -9999 -9999 -9999 -9999 -9999 -9999 -9999 -9999 -9999 -9999
0.033910132944583892822 0.02548178844153881073 0.018157185986638069153 0.0014513330534100532532 0.0018238176126033067703 0 0.079036630690097808838 0.046420820057392120361 0.02480532228946685791 0.01288960874080657959 0 0 0.0026351248379796743393 0.011466874741017818451 0.010995940305292606354 0.0028093168511986732483 0.0007473059813492000103 0 0 0 0 0 0 0.063676729798316955566 0.17343980073928833008 0.14380396902561187744 0.07662471383810043335 0.088328689336776733398 0.27991145849227905273 0.3096987605094909668 0.23700580000877380371 0.31158897280693054199 0.17375475168228149414 0.20283162593841552734 0.17475408315658569336 0.099589966237545013428 0.33450770378112792969 0.19034421443939208984 0.10693050175905227661 -9999 -9999 -9999 -9999 -9999 -9999 -9999 -9999 -9999 -9999 -9999 -9999
0.028168234974145889282 0.059860862791538238525 0.062642760574817657471 0.015237553045153617859 0.018423458561301231384 0 0 0 0 0.0081758257001638412476 0 0 0.020053301006555557251 0.0277596302330493927 0.023327441886067390442 0.021378900855779647827 0.0056869983673095703125 0 0 0 0 0 0 0.21705107390880584717 0.095035053789615631104 0.0097569357603788375854 0.047044955193996429443 0.11355557292699813843 0.18251775205135345459 0.26473310589790344238 0.18011392652988433838 0.0086518106982111930847 0.28067407011985778809 0.26320281624794006348 0.16415464878082275391 0.13471883535385131836 0.3873939812183380127 0.29166150093078613281 0.16141609847545623779 -9999 -9999 -9999 -9999 -9999 -9999 -9999 -9999 -9999 -9999 -9999 -9999
0.013883779756724834442 0.013107624836266040802 0.037124212831258773804 0.014577635563910007477 0.0091439262032508850098 0 0 0.11731141060590744019 0.039183672517538070679 0.0059830592945218086243 0 0 0 0.0042613795958459377289 0.019801048561930656433 0.041083719581365585327 0.0018867166945710778236 0.0027023649308830499649 0.00017873720207717269659 0 0 0 0 0.14792250096797943115 0.08826646953821182251 0.030799372121691703796 0.082419797778129577637 0.045936036854982376099 0.066222451627254486084 0.045392956584692001343 0.040679577738046646118 0.0079504884779453277588 0.0036494841333478689194 0.20513081550598144531 0.2744559943675994873 0.21424502134323120117 0.15538954734802246094 0.49177390336990356445 0.34161686897277832031 0.29043447971343994141 -9999 -9999 -9999 -9999 -9999 -9999 -9999 -9999 -9999 -9999 -9999
0.023590587079524993896 0.041890058666467666626 0.16390690207481384277 0.03366713598370552063 0.029182234779000282288 0 0 0 0.024518691003322601318 0.035416420549154281616 0 0 0 0.0072205299511551856995 0.0066970414482057094574 0.011226506903767585754 0.028818380087614059448 0.031176948919892311096 0.018934296444058418274 0 0 0 0 0.12729181349277496338 0.048664100468158721924 0.025027358904480934143 0.0022131334990262985229 0 0.016489461064338684082 0 0 0.0073868855834007263184 0 0.10013897716999053955 0.3948090672492980957 0.58047872781753540039 0.24993477761745452881 0.27015095949172973633 0.30682808160781860352 0.2350616157054901123 -9999 -9999 -9999 -9999 -9999 -9999 -9999 -9999 -9999 -9999 -9999
