gis/40m/LAI_decid.asc
ncols        256
nrows        286
xllcorner    726766.000000000000
yllcorner    7127230.000000000000
cellsize     40.000000000000
NODATA_value -9999
[rows 110 to 131 of 286, columns 102 to 152 of 256]
0 0 0 0 0 0 0 0 0 0 0 0 0 0.0040342947468161582947 0.0010815626010298728943 0 0 4.3364972952986136079e-05 -9999 -9999 0.0025825283955782651901 0.013301358558237552643 0.05850280076265335083 0.024737928062677383423 0.0051569663919508457184 0.0062329648062586784363 0.052865348756313323975 0.0070368526503443717957 0.015953561291098594666 0.025540245696902275085 0.020124923437833786011 0 0 0 0.0051741721108555793762 0.0044617857784032821655 0 0.0025991867296397686005 0.05266855284571647644 0.037599150091409683228 0.065094612538814544678 0.19193188846111297607 0.017251564189791679382 0 0 0 0 0 0.036372616887092590332 0.066171579062938690186 0.1082808077335357666
0 0 0 0 0 0 0 0 0 0 0 0 0 0 0.0039325584657490253448 0 0 0 0 0 0.0028780079446732997894 0.0034330941271036863327 0.095621168613433837891 0.035386376082897186279 0.017614483833312988281 0 0.013627234846353530884 0.0043327617458999156952 0.02372298017144203186 0.054582174867391586304 0.046891886740922927856 0 0.0052339769899845123291 0.012582341209053993225 0.0093409782275557518005 0.020144633948802947998 0 0.0022752860095351934433 0.026500796899199485779 0.12921446561813354492 0.024332161992788314819 0.040455114096403121948 0.0073470207862555980682 0 0 0 0 0 0 0.01552207116037607193 0.17050534486770629883
0 0.019243542104959487915 0.01215703226625919342 0 0 0 0 0 0 0 0 0 0 0 0.0015023256419226527214 0 0.0036319419741630554199 0.0030986669007688760757 0.037079978734254837036 0.007396003231406211853 0 0.0013115190668031573296 0.094768226146697998047 0.01351839117705821991 0.0067291287705302238464 0 0.0024334329646080732346 0.00077370688086375594139 0.020708514377474784851 0.040944304317235946655 0.065072268247604370117 0.044579315930604934692 0.0055590630508959293365 0.013363840058445930481 0.015638541430234909058 0.0076957028359174728394 0 0.0010453586000949144363 0.0044564991258084774017 0.03870105743408203125 0.0383700542151927948 0.074686579406261444092 0.032597281038761138916 0 0 0 0 0 0 0 0.08785654604434967041
0 0.0050844894722104072571 0.0032121059484779834747 0 0 0 0 0 0 0 0 0 0 0 0.0012280042283236980438 0 0 0.0070485901087522506714 0.075070001184940338135 0.013652038760483264923 0.0014190583024173974991 0.00055013241944834589958 0.051271099597215652466 0.015271489508450031281 0.0049689151346683502197 0.005007734987884759903 0 0 0.00085905299056321382523 0.062252331525087356567 0.10934120416641235352 0.069911971688270568848 0.011600889265537261963 0 0 0 0.018288021907210350037 0.029807040467858314514 0.0033744829706847667694 0.013193710707128047943 0.012728141620755195618 0.070920176804065704346 0.043759241700172424316 0 0 0 0 0 0 0 0.041852459311485290527
0 0 0.00031782913720235228539 0.0023602722212672233582 0 0 0 0 0 0 0.0015672348672524094582 0.012648507021367549896 0 0 0.017995843663811683655 0 0 0 0 0.035856463015079498291 0.023721715435385704041 0.0080619407817721366882 0.047970999032258987427 0.017815519124269485474 0 0 0 0 0.030412347987294197083 0.10069020837545394897 0.10425444692373275757 0.018523883074522018433 0.0049854400567710399628 0 0 0 0.010864535346627235413 0.031679242849349975586 0 0 0.042312916368246078491 0.23885704576969146729 0.017207713797688484192 0 0 0 0 0 0 0 0
0 0 0.00021096484852023422718 0.0015666733961552381516 0 0 0 0 0 0 0.0010402805637568235397 0.0083956755697727203369 0 0 0 0.0023964806459844112396 0.016080385074019432068 0 0.00096646737074479460716 0.008679454214870929718 0.0029022318776696920395 0.0054762121289968490601 0.003640891052782535553 0.011825373396277427673 0.038154944777488708496 0 0 0 0.014030992984771728516 0.072548538446426391602 0.038530357182025909424 0 0 0 0 0 0 0 0 0 0.020012814551591873169 0.13265053927898406982 0.011712450534105300903 0 0 0 0 0 0 0 0
0 0 0 0 0 0 0 0 0 0 0 0 0 0.10304601490497589111 0.041956495493650436401 0 0 0 0.0081278318539261817932 0.067743383347988128662 0.033927541226148605347 0.055241044610738754272 0.013996197842061519623 0 0 0 0 0 0.01850536838173866272 0.016348311677575111389 0.0050331479869782924652 0 0 0 0.017314802855253219604 0.014930880628526210785 0 0 0 0 0 0.013186224736273288727 0.0023947395384311676025 0 0 0 0 0 0 0 0
0.016184683889150619507 0.019789749756455421448 0.062829054892063140869 0.014514425769448280334 0.0048465123400092124939 0 0 0 0 0 0 0 0.11692970991134643555 0.04622605443000793457 0.014665043912827968597 0 0 0.0056779924780130386353 0 0.0034056634176522493362 0.009036757051944732666 0.0032111296895891427994 0.0063696810975670814514 0.0047991243191063404083 0.017349263653159141541 0 0 0 0 0.035665534436702728271 0 0 0 0 0.0060520390979945659637 0.041802026331424713135 0 0 0.026021966710686683655 0.012005211785435676575 0.040676601231098175049 0.10603010654449462891 0.011124116368591785431 0 0 0 0 0 0 0 0
0.00031746894819661974907 0.012593163177371025085 0.079477943480014801025 0 0 0 0 0 0 0 0.0016744782915338873863 0.036425068974494934082 0.17567636072635650635 0.035480495542287826538 0.0093482304364442825317 0 0 0.029350491240620613098 0 0 0 0 0.0084532210603356361389 0.02017182670533657074 0.013841461390256881714 0 0.0047388584353029727936 0.0015067139174789190292 0.013376835733652114868 0.0082340892404317855835 0 0 0 0 0 0.0038826870732009410858 0.014827011153101921082 0.0035467480774968862534 0.037268750369548797607 0.0048018298111855983734 0.031385142356157302856 0.080206818878650665283 0 0 0 0 0 0 0 0 0
0.0046588764525949954987 0.080997280776500701904 0.036072872579097747803 0 0 0 0 0 0 0 0.022683121263980865479 -9999 0.0014853796456009149551 0.0069045671261847019196 0.005287497304379940033 0.0062284925952553749084 0 0 0 0 0 0 0.002353348536416888237 0.0076435203664004802704 0.019853139296174049377 0.0086882822215557098389 0.053549099713563919067 0.060031175613403320312 0 0 0 0 0 0 0.043938044458627700806 0.05761798471212387085 0.028856324031949043274 0.040078256279230117798 0.0057050311006605625153 0.0091313254088163375854 0.0066935303620994091034 0 0 0 0 0 0 0 0 0 0
0.0006369337206706404686 0.020386986434459686279 0.0076411366462707519531 0 0 0 0 0 0 0.00055609882110729813576 0.014481744728982448578 0.0023342694621533155441 0 0 0.0031431233510375022888 0.0073966821655631065369 0 0.03142053261399269104 0.06735239177942276001 0.034269873052835464478 0 0 0 0 0.046142634004354476929 0.038334555923938751221 0 0.030658707022666931152 0.018481703475117683411 0.00078103243140503764153 0.0035011186264455318451 0.015115174464881420135 0 0.0025418722070753574371 0.12779906392097473145 0.049025211483240127563 0.034764975309371948242 0.0039416202344000339508 0.0033913240768015384674 0.072647392749786376953 0.057566367089748382568 0 0 0 0 0 0 0 0 0 0
0 0 0.0018853567307814955711 0.014001091942191123962 0.0066459942609071731567 0.0091690104454755783081 0 0 0 0.0036439108662307262421 0.0065387962386012077332 0.015295607969164848328 -9999 0 0 0.24113799631595611572 0 0.065189696848392486572 0 0 0 0 0 0 0.0093592582270503044128 0 0 0 0.061661887913942337036 0.011142577044665813446 0 0 0 0.016655953601002693176 0.014308599755167961121 0 0 0 0 0.013520685024559497833 0.0107787279412150383 0 0 0.0071313143707811832428 0.00074582517845556139946 0 0 0 0 0 0
0 0 0.0035667382180690765381 0.050219573080539703369 0.030643060803413391113 0.031343329697847366333 0 0 0 0 0 0 0 0.010977334342896938324 0.016569519415497779846 0.085150763392448425293 0 0.020764864981174468994 0 0 0.0070920428261160850525 0 0 0 0.017004376277327537537 0 0 0 0.032289136201143264771 0.013968941755592823029 0.058739721775054931641 0 0 0 0 0 0 0 0 0.0043067419901490211487 0.0034333467483520507812 0.015097391791641712189 0.32334026694297790527 0.14195564389228820801 0.058077711611986160278 0 0 0 0 0.011245097033679485321 0.013809051364660263062
0.00083423755131661891937 0.02759491652250289917 0.03591443970799446106 0.011994631029665470123 0.15018905699253082275 0.027941597625613212585 0.0035104507114738225937 0 0 0 0 0 0 0.0079479357227683067322 0.041933082044124603271 0.016372686251997947693 0 0 0 0.0084543144330382347107 0.0094560571014881134033 0 0 0 0.022672502323985099792 0.0088407499715685844421 0.012235552072525024414 0.0069664544425904750824 0.0085499621927738189697 0.010845535434782505035 0.050593890249729156494 0.0060327555984258651733 0 0 0.015841314569115638733 0.0040766471065580844879 0 0 0 0 0.0013499781489372253418 0.030614465475082397461 0.23294119536876678467 0.2262312769889831543 0.20626907050609588623 0.02848416939377784729 0 0 0 0.014993462711572647095 0.018412068486213684082
0.0076160980388522148132 0 0.008274578489363193512 0 0 0.0032002632506191730499 0.032048352062702178955 0 0 0 0 0 0 0.057394139468669891357 0.015386915765702724457 0.041157238185405731201 0.011851029470562934875 0 0 0.084494754672050476074 0.01842212677001953125 0 0 0 0 0.0031269071623682975769 0.063164032995700836182 0.0397261008620262146 0 0.006875570397824048996 0.0064103063195943832397 0 0 0 0 0.039803974330425262451 0.009877508506178855896 0 0 0.0079826787114143371582 0.023616561666131019592 0.058757930994033813477 0.030619870871305465698 0.043557882308959960938 0.062042575329542160034 0.049131590873003005981 0 0 0 0 0
0.0030432781204581260681 0 0.0043910429812967777252 0 0 0 0 0.0016356657724827528 0 0 0 0 0 0.030457155779004096985 0.0081653231754899024963 0.021840775385499000549 0.0062889461405575275421 0.0072321821935474872589 0.027837079018354415894 0.0038801482878625392914 0.00977600831538438797 0 0.0024528347421437501907 0 0.0028092286083847284317 0.0016593454638496041298 0.040705557912588119507 0.023366259410977363586 0.11321791261434555054 0.024107614532113075256 0.0087196370586752891541 0 0 0 0.0016400236636400222778 0.0013726126635447144508 0.0052416645921766757965 0.028968134894967079163 0.080412536859512329102 0.015213803388178348541 0.011734600178897380829 0.016875958070158958435 0.022133039310574531555 0.0940264090895652771 0.18932899832725524902 0.25690427422523498535 0.023550853133201599121 0 0 0 0
0.016762027516961097717 0.0079312436282634735107 0 0 0 0 0 0.0086816102266311645508 0 0 0 0 0 0 0 0.018284833058714866638 0 0 0 0 0 0 0.013018892146646976471 0 0.014910520054399967194 0.0040201358497142791748 0.019822362810373306274 0.0056534442119300365448 0.059416111558675765991 0.0078973006457090377808 0.047196619212627410889 0.09782098233699798584 0.0042844531126320362091 0.0062107038684189319611 0.08497549593448638916 0.06494391709566116333 0 0.011375650763511657715 0.023847751319408416748 0.058749735355377197266 0.033623240888118743896 0.027278523892164230347 0.073255747556686401367 0.044128634035587310791 0 0.29940292239189147949 0.23943738639354705811 0.013031361624598503113 0 0 0
0.031210809946060180664 0.0022915119770914316177 0 0 0 0 0 0.017824687063694000244 0.0040644053369760513306 0 0 0 0.002228974364697933197 0.010361056774854660034 0 0.06349894404411315918 0 0 0.0085716806352138519287 0.0020362900104373693466 0 0 0 0 0.010062613524496555328 0.088635161519050598145 0.16755387187004089355 0.04473390430212020874 0.025539766997098922729 0.0091480528935790061951 0.015007802285254001617 0.041748780757188796997 0.065112762153148651123 0.025538166984915733337 0.02457869797945022583 0.020525014027953147888 0.0067258747294545173645 0.011872029863297939301 0.03852982446551322937 0.023806722834706306458 0.0041448855772614479065 0.040915865451097488403 0.054487396031618118286 0.021116631105542182922 0.11969263851642608643 0.1794109344482421875 0.69613081216812133789 0.23438474535942077637 0 0 0
0.03977205231785774231 0.0016139700310304760933 0 0 0.0025072912685573101044 0.0062027000822126865387 0.074248492717742919922 0.050844352692365646362 0.020164966583251953125 0 0 0 0 0 0.029357939958572387695 0.049687828868627548218 0 0 0.014810477383434772491 0.0035183797590434551239 0 0 0 0 0 0.089800655841827392578 0.18544220924377441406 0.054659198969602584839 0 0 0 0 0.0075167701579630374908 0.045609530061483383179 0.0086788944900035858154 0.0049103586934506893158 0.018751431256532669067 0.012422258965671062469 0.069101803004741668701 0.051979202777147293091 0.016643915325403213501 0.052589781582355499268 0.016552200540900230408 0.037610292434692382812 0.12127289921045303345 0.076986029744148254395 0.34297457337379455566 0.75089162588119506836 0.0089894076809287071228 0.007964200340211391449 0.0054135741665959358215
0.052323605865240097046 0.020861083641648292542 0 0 0.019080488011240959167 0.026324005797505378723 0 0 0 0 0.0029087397269904613495 0.028547590598464012146 0.0024847160093486309052 0 0 0 0 0 0.031679235398769378662 0.0075257252901792526245 0.0044141202233731746674 0.025179676711559295654 0 0 0 0 0 0 0 0 0 0 0 0.053708419203758239746 0.047770008444786071777 0.0049643134698271751404 0 0.0080109229311347007751 0.12100947648286819458 0.0194614361971616745 0.0073186401277780532837 0.024925198405981063843 0.030544808134436607361 0.01265685446560382843 0.065568462014198303223 0.035458669066429138184 0.31768053770065307617 0.96759068965911865234 0.012537377886474132538 0.12567521631717681885 0.041197299957275390625
0.0080260457471013069153 0.088922120630741119385 0.033349692821502685547 0.0084827281534671783447 0 0 0 0.0031649668235331773758 0 0 0.0059684836305677890778 0.066043891012668609619 0.049773160368204116821 0.010087510570883750916 0.0027043819427490234375 0 0 0 0 0 0.0020825592800974845886 0.02290953509509563446 0.0040884134359657764435 0 0.00266934162937104702 0.09590616077184677124 0.4606844484806060791 0.0028478649910539388657 0.006980387028306722641 0.0087108490988612174988 0 0 0.0038383118808269500732 0 0.041154172271490097046 0.0056870221160352230072 0.012773277238011360168 0.00094365439144894480705 0.027795661240816116333 0.0061731925234198570251 0.0018843297148123383522 0.031277805566787719727 0.0045148618519306182861 0 0.0082199610769748687744 0.020956415683031082153 0.029950542375445365906 0.075776629149913787842 0.0059150704182684421539 0.042402822524309158325 0.072491779923439025879
0.013731100596487522125 0 0.0028953412547707557678 0.021501468494534492493 0 0 0 0.013973626308143138885 0 0 0 0 0 0.078547701239585876465 0.034057788550853729248 0.006408811081200838089 0 0.012372293509542942047 0.056699879467487335205 0.028375929221510887146 0 0.039236254990100860596 0.084684416651725769043 0 0.038448680192232131958 0.042776998132467269897 0.024532184004783630371 0.0014852514723315834999 0 0.098404385149478912354 0.025689413771033287048 0 0.016946509480476379395 0 0.01449081767350435257 0.040181968361139297485 0.17912709712982177734 0.019502457231283187866 0.02883481048047542572 0.014285208657383918762 0 0 0.34532263875007629395 0 0.054488729685544967651 0.30107632279396057129 0.38017106056213378906 0.02171502821147441864 0 0.076790817081928253174 0.052197676151990890503
