gis/40m/LAI_spruce.asc
ncols        256
nrows        286
xllcorner    726766.000000000000
yllcorner    7127230.000000000000
cellsize     40.000000000000
NODATA_value -9999
[rows 80 to 99 of 286, columns 46 to 91 of 256]
2.3072004318237304688 1.3968607187271118164 1.3624726533889770508 0.88972383737564086914 -9999 -9999 -9999 -9999 -9999 -9999 -9999 2.0569932460784912109 0.44940826296806335449 0 0 0 0.14130315184593200684 1.6360497474670410156 2.4598033428192138672 1.2654763460159301758 0.72236406803131103516 0 0.00019442122720647603273 0.00028144786483608186245 0 0.29256427288055419922 1.9175059795379638672 1.2705951929092407227 0.89380294084548950195 2.6401121616363525391 3.2282664775848388672 2.7019770145416259766 1.7919609546661376953 2.0678920745849609375 2.9008324146270751953 2.1755459308624267578 1.5024024248123168945 1.2270445823669433594 0.79903948307037353516 0.37714093923568725586 0.30063870549201965332 0.33685392141342163086 0.18235632777214050293 0 0 0
1.1099338531494140625 0.96812516450881958008 1.0770243406295776367 0.97517192363739013672 0.67042106389999389648 -9999 -9999 -9999 -9999 -9999 1.1338672637939453125 1.4444539546966552734 1.5782212018966674805 0.47141498327255249023 0.30331340432167053223 0.15362481772899627686 0.074974551796913146973 0.22410453855991363525 1.7586752176284790039 1.376191258430480957 1.2941436767578125 0.71444272994995117188 0.91224640607833862305 0 0 0.24093836545944213867 1.765547633171081543 2.8113503456115722656 1.4375972747802734375 1.6263506412506103516 2.0677428245544433594 2.6590507030487060547 2.4561393260955810547 1.8341479301452636719 2.0530750751495361328 1.782637476921081543 1.312024235725402832 1.2030016183853149414 0.35575336217880249023 0.75185143947601318359 1.1000459194183349609 0.85788333415985107422 0.16984234750270843506 0 0 0
1.8508554697036743164 1.7501864433288574219 1.1584707498550415039 0.79662686586380004883 0.48899763822555541992 0.71289235353469848633 -9999 -9999 -9999 1.1089205741882324219 1.0596138238906860352 1.292036890983581543 1.9602866172790527344 1.5236604213714599609 1.3300647735595703125 0.90029442310333251953 0.53558075428009033203 0.24987491965293884277 0.93228179216384887695 1.8780027627944946289 1.2744992971420288086 1.2997885942459106445 1.2372899055480957031 0.22457037866115570068 0.15949681401252746582 0.38912317156791687012 1.4680004119873046875 2.9133012294769287109 1.6306051015853881836 1.3091951608657836914 1.9099086523056030273 2.8003873825073242188 3.1599137783050537109 1.9687455892562866211 1.3033927679061889648 1.5078461170196533203 1.369533538818359375 1.3193417787551879883 0.86058312654495239258 0.85953450202941894531 1.0727623701095581055 0.4718379676342010498 0 0 0 0
1.8991302251815795898 2.3985221385955810547 1.8436678647994995117 1.2249188423156738281 0.66728758811950683594 0.62475818395614624023 -9999 -9999 0.82567691802978515625 1.0827147960662841797 1.0809212923049926758 1.5770715475082397461 1.9347833395004272461 2.0547416210174560547 1.7185187339782714844 1.5811669826507568359 1.5053306818008422852 1.224043726921081543 0.91530722379684448242 1.5328696966171264648 1.1065098047256469727 1.2227206230163574219 1.3980153799057006836 0.83003783226013183594 0.4450702369213104248 0.69190347194671630859 1.2574464082717895508 2.3767590522766113281 2.3540861606597900391 1.7132084369659423828 2.2872445583343505859 2.8032920360565185547 3.7833783626556396484 1.8626370429992675781 0.95136076211929321289 1.4313166141510009766 1.6493887901306152344 1.6129280328750610352 0.97593384981155395508 0.59534436464309692383 0.4944534003734588623 0.37121370434761047363 0 0 0 0
1.1113802194595336914 0.90983301401138305664 1.7263698577880859375 0.48080715537071228027 1.2357003688812255859 1.4810434579849243164 1.0612275600433349609 -9999 1.1219627857208251953 0.95153266191482543945 0.85736942291259765625 0.99263536930084228516 1.3077074289321899414 1.7835371494293212891 1.7102630138397216797 1.6945625543594360352 1.6521155834197998047 1.512987971305847168 1.4382944107055664062 0.70157653093338012695 0.54940438270568847656 1.6249363422393798828 1.218602299690246582 1.5969811677932739258 0.26134929060935974121 0.11810252070426940918 0.26744073629379272461 1.503657221794128418 2.6222553253173828125 2.0876708030700683594 1.6730045080184936523 1.8494294881820678711 3.4018652439117431641 1.1474823951721191406 0.61968314647674560547 0.96325910091400146484 1.2331424951553344727 0.86130946874618530273 0.58702421188354492188 0.71891683340072631836 0.43027970194816589355 0.50133502483367919922 0 0 0 0
1.2149839401245117188 1.307207942008972168 1.6353865861892700195 1.1326366662979125977 2.3785674571990966797 2.8305177688598632812 2.2495863437652587891 1.3328721523284912109 1.3033916950225830078 1.1863373517990112305 1.1375410556793212891 1.7530565261840820312 1.464183807373046875 1.9171601533889770508 1.4173552989959716797 1.2162212133407592773 1.0129736661911010742 0.91717767715454101562 1.3721086978912353516 1.3391469717025756836 1.5837366580963134766 2.2475147247314453125 1.1628177165985107422 1.3186491727828979492 1.3970005512237548828 0.5503247380256652832 0 0.39499941468238830566 1.5912084579467773438 2.9343812465667724609 1.5063381195068359375 1.9129701852798461914 2.3586220741271972656 0.92184245586395263672 1.2977559566497802734 1.0659966468811035156 1.1251392364501953125 0.52945542335510253906 0.95711475610733032227 0.47002422809600830078 0.25960183143615722656 0.4403533637523651123 0 0 0 0
1.3618346452713012695 1.2231519222259521484 0.96638977527618408203 1.0770756006240844727 2.0462071895599365234 2.9187691211700439453 2.8478858470916748047 1.8566455841064453125 1.0944283008575439453 0.88260388374328613281 1.1666576862335205078 1.3090806007385253906 1.4515033960342407227 2.1930444240570068359 2.1718726158142089844 1.1156690120697021484 0.72466838359832763672 0.58594805002212524414 0.85610204935073852539 1.1734826564788818359 1.7468305826187133789 1.3837257623672485352 1.4120523929595947266 1.4057043790817260742 1.4692801237106323242 1.6751877069473266602 0.99104428291320800781 0.011275763623416423798 0.3470179140567779541 2.0178766250610351562 1.2902181148529052734 0.67997765541076660156 0.87935906648635864258 0.95935761928558349609 1.0845232009887695312 1.4480968713760375977 1.213963627815246582 0.64253592491149902344 0.67711949348449707031 0.62394452095031738281 0.38739389181137084961 0.36502483487129211426 0 0.59646856784820556641 0.12817120552062988281 0
1.700020909309387207 1.3291456699371337891 1.4704794883728027344 1.0098737478256225586 1.5830713510513305664 2.0226795673370361328 2.5234348773956298828 1.9321047067642211914 1.2576907873153686523 1.0472900867462158203 1.2588987350463867188 1.149990081787109375 1.5031299591064453125 2.0366380214691162109 1.8305516242980957031 1.3696476221084594727 1.1143127679824829102 0.35800874233245849609 0.38929349184036254883 0.92386543750762939453 1.5936033725738525391 1.7843967676162719727 1.5368095636367797852 1.7572313547134399414 1.3346691131591796875 1.5999044179916381836 1.1755872964859008789 0.022319633513689041138 0.68171799182891845703 1.5397245883941650391 1.4611910581588745117 0.98378163576126098633 0.68443840742111206055 0.78700041770935058594 1.8193248510360717773 1.9637523889541625977 0.93318378925323486328 0.59574693441390991211 0.58391684293746948242 0.28754353523254394531 0.37665545940399169922 0.5672505497932434082 0.42242005467414855957 0.50082010030746459961 0.13266602158546447754 0.22734594345092773438
1.0013701915740966797 0.90818399190902709961 1.2843565940856933594 1.1749421358108520508 1.7510831356048583984 2.0455574989318847656 2.3143596649169921875 2.6098580360412597656 2.2067296504974365234 1.1962348222732543945 0.98369157314300537109 1.1029454469680786133 1.4038943052291870117 1.5375717878341674805 1.411368250846862793 1.6706930398941040039 1.4885336160659790039 0.62895661592483520508 0.30533441901206970215 0.86903214454650878906 1.0005421638488769531 1.6934030055999755859 1.3898169994354248047 1.5003771781921386719 1.2134525775909423828 1.2604883909225463867 0.65274012088775634766 0.0052713719196617603302 1.2185902595520019531 1.1861491203308105469 1.0223526954650878906 1.656672358512878418 0.97438102960586547852 1.3195825815200805664 2.4611659049987792969 1.9611897468566894531 1.2279034852981567383 0.60743784904479980469 0.46093824505805969238 0.33819031715393066406 0.3570340573787689209 0.43247395753860473633 1.1335096359252929688 0.58390676975250244141 0.3145961463451385498 0.35595062375068664551
0.6536108851432800293 1.2745175361633300781 1.4799169301986694336 1.7396451234817504883 1.4139857292175292969 1.285915374755859375 1.8475202322006225586 2.5925240516662597656 3.0574615001678466797 2.3326578140258789062 1.2934700250625610352 1.0193971395492553711 1.2198854684829711914 1.3078912496566772461 1.2460482120513916016 1.4961562156677246094 1.302941441535949707 0.81945520639419555664 1.1564409732818603516 1.0021364688873291016 1.4986864328384399414 1.8589013814926147461 2.0155649185180664062 2.1946089267730712891 1.3608613014221191406 1.3254202604293823242 0.9422245025634765625 0.088423334062099456787 1.4594579935073852539 1.4516425132751464844 1.986424565315246582 2.7193903923034667969 1.1152859926223754883 1.3611435890197753906 1.7558195590972900391 1.3573058843612670898 1.0146892070770263672 0.59053140878677368164 0.47158861160278320312 0.66927158832550048828 1.1167060136795043945 0.43353554606437683105 0.95202112197875976562 1.0896207094192504883 0.94884198904037475586 0.98604041337966918945
1.0377038717269897461 0.94415116310119628906 1.4356112480163574219 1.3813277482986450195 0.92601251602172851562 1.1629362106323242188 1.3509473800659179688 1.7724196910858154297 2.5644407272338867188 1.511490941047668457 0.89613991975784301758 0.95865142345428466797 1.1072983741760253906 1.2673107385635375977 1.0501651763916015625 1.5100004673004150391 2.4139120578765869141 1.6371819972991943359 0.97492074966430664062 0.64559310674667358398 1.0726753473281860352 1.5047172307968139648 2.0879764556884765625 2.4289722442626953125 2.2592871189117431641 1.4380981922149658203 1.2235889434814453125 0.15734839439392089844 1.5090423822402954102 1.4615204334259033203 1.5545355081558227539 0.79751288890838623047 0.98979490995407104492 0.54885852336883544922 0.72476500272750854492 0.84155297279357910156 0.56534230709075927734 0.43755108118057250977 0.61238914728164672852 0.54796850681304931641 0.65425437688827514648 0.55180644989013671875 0.74675887823104858398 0.86793434619903564453 0.88383716344833374023 0.58511513471603393555
0.91622841358184814453 1.0413726568222045898 1.0769684314727783203 1.4033035039901733398 1.4500182867050170898 1.3867560625076293945 1.1666730642318725586 0.91959971189498901367 0.77124637365341186523 1.0243411064147949219 1.0725831985473632812 0.99670708179473876953 1.0306751728057861328 0.97934877872467041016 1.1711008548736572266 1.3996644020080566406 1.4879728555679321289 1.5510553121566772461 0.69346064329147338867 0.45258921384811401367 0.43644830584526062012 0.4566357731819152832 1.2881777286529541016 2.1514711380004882812 2.4470369815826416016 2.3000779151916503906 2.2085938453674316406 1.5122812986373901367 1.8572037220001220703 2.3406734466552734375 1.6222147941589355469 1.2899532318115234375 1.5421925783157348633 0.40505108237266540527 0.5519097447395324707 0.86303514242172241211 0.60167837142944335938 0.38824579119682312012 0.73755013942718505859 0.85324227809906005859 0.49475520849227905273 0.31040880084037780762 0.72146010398864746094 1.0516271591186523438 1.0518440008163452148 0.55492651462554931641
1.0529791116714477539 1.3881713151931762695 1.9735941886901855469 1.7442786693572998047 2.1530296802520751953 1.8331451416015625 0.95375394821166992188 0.91076308488845825195 0.82776653766632080078 1.0295873880386352539 0.99910122156143188477 0.86731749773025512695 0.96268051862716674805 0.9706084132194519043 1.2173845767974853516 1.4276828765869140625 1.4150524139404296875 1.2045879364013671875 1.4357484579086303711 1.2339709997177124023 0.96735394001007080078 0.9246419072151184082 0.77164310216903686523 1.1809531450271606445 2.2573850154876708984 2.0517117977142333984 1.8077658414840698242 1.1957883834838867188 1.4206888675689697266 1.9412399530410766602 1.8042262792587280273 1.8929742574691772461 1.8968670368194580078 1.1085710525512695312 0.68938899040222167969 0.63704347610473632812 0.6436112523078918457 0.56208008527755737305 0.58873856067657470703 1.0783040523529052734 0.7382952570915222168 0.56355643272399902344 0.68695062398910522461 0.70396095514297485352 0.66754484176635742188 0.55567246675491333008
1.7060996294021606445 3.3473179340362548828 3.1952140331268310547 2.7225923538208007812 2.4867250919342041016 1.6646457910537719727 1.4590919017791748047 0.98222249746322631836 0.91870760917663574219 1.0341427326202392578 1.0079846382141113281 0.84644275903701782227 0.97237873077392578125 1.1974316835403442383 1.4964656829833984375 1.6995892524719238281 1.8094034194946289062 1.7792067527770996094 1.6342852115631103516 1.6692552566528320312 1.8138538599014282227 1.57540130615234375 0.83935964107513427734 0.40512195229530334473 1.2639279365539550781 2.1601526737213134766 1.4564673900604248047 2.05245208740234375 1.4857339859008789062 1.4379935264587402344 1.5829424858093261719 2.2413995265960693359 2.7260003089904785156 2.3236422538757324219 0.94817101955413818359 0.73135131597518920898 0.47466903924942016602 0.71699351072311401367 0.68917942047119140625 1.1329195499420166016 1.5440541505813598633 1.5621277093887329102 1.2039252519607543945 0.60684633255004882812 0.19148868322372436523 0.35469317436218261719
3.7558283805847167969 3.6034526824951171875 2.9232828617095947266 2.8940410614013671875 1.5864030122756958008 0.6855265498161315918 0.85568016767501831055 0.77083235979080200195 1.2119846343994140625 0.99897354841232299805 1.0378358364105224609 0.81969588994979858398 1.2036993503570556641 1.4468010663986206055 1.5917973518371582031 2.1758496761322021484 2.1239562034606933594 2.2822501659393310547 1.893269658088684082 2.0803999900817871094 2.5370702743530273438 1.8270145654678344727 1.5104732513427734375 0.74423009157180786133 1.3327622413635253906 1.5342249870300292969 1.8618494272232055664 1.8347660303115844727 1.2192666530609130859 1.3252108097076416016 2.4003331661224365234 2.7904341220855712891 3.4093186855316162109 3.1697592735290527344 1.8588432073593139648 0.8619015812873840332 0.57158797979354858398 0.39716416597366333008 0.71925520896911621094 1.0425474643707275391 1.5818529129028320312 1.3258141279220581055 0.8028017878532409668 0.22489392757415771484 0 0.074154451489448547363
2.856414794921875 3.0178384780883789062 2.742549896240234375 2.8891096115112304688 2.1674704551696777344 0.90561950206756591797 1.0000009536743164062 1.5698969364166259766 2.4660627841949462891 1.5373988151550292969 1.1255980730056762695 0.80208677053451538086 0.75335365533828735352 1.1315973997116088867 2.6890876293182373047 2.9793026447296142578 3.0097424983978271484 3.1328663825988769531 3.4694223403930664062 2.7108104228973388672 2.5426249504089355469 1.8123728036880493164 1.3255138397216796875 1.242928624153137207 1.4699499607086181641 1.557491302490234375 2.1192469596862792969 2.6992669105529785156 2.1852564811706542969 1.9797868728637695312 3.1499226093292236328 3.1908729076385498047 3.3273334503173828125 2.8331418037414550781 1.4714236259460449219 0.70491766929626464844 0.21897926926612854004 0.1438576430082321167 0.27308076620101928711 0.11377890408039093018 0 0 0 0 0 0
2.4654607772827148438 2.2871625423431396484 2.6496791839599609375 3.2061066627502441406 2.3929889202117919922 1.5940552949905395508 1.4265590906143188477 2.3501536846160888672 2.1995916366577148438 1.4477176666259765625 0.99783909320831298828 0.85376751422882080078 0.63427263498306274414 1.0805541276931762695 1.9087239503860473633 2.6586554050445556641 2.9540340900421142578 2.3829467296600341797 2.2581317424774169922 2.7971892356872558594 2.4880223274230957031 2.7503786087036132812 2.7317450046539306641 1.6121279001235961914 1.1888207197189331055 1.4366956949234008789 2.5652751922607421875 4.244770050048828125 2.1904058456420898438 1.7337324619293212891 2.06884002685546875 2.7510781288146972656 2.5526039600372314453 2.8507604598999023438 0.95761036872863769531 0.51199626922607421875 0.27284520864486694336 0.034003596752882003784 0.033463440835475921631 0 0 0 0 0 0 0
1.5431354045867919922 1.9599105119705200195 3.2547292709350585938 3.5364453792572021484 2.1898345947265625 1.473002314567565918 1.8449811935424804688 1.9784427881240844727 2.6353762149810791016 2.1093189716339111328 1.1097682714462280273 0.86423945426940917969 1.0119513273239135742 1.0154732465744018555 1.4051494598388671875 1.782662510871887207 2.1781628131866455078 2.4532949924468994141 2.0494046211242675781 2.4551453590393066406 2.6732835769653320312 2.5832195281982421875 1.8783453702926635742 1.2774122953414916992 1.1433120965957641602 1.4966580867767333984 2.3981001377105712891 3.3000559806823730469 2.7142744064331054688 1.688076019287109375 1.8759813308715820312 2.5696330070495605469 3.2615237236022949219 2.9612321853637695312 1.3771090507507324219 0.57472902536392211914 0.62219923734664916992 0.26702240109443664551 0.42368227243423461914 0.021781234070658683777 0 0.010095853358507156372 0.016792640089988708496 0.050269946455955505371 0.018183417618274688721 0.0016887516248971223831
1.7030913829803466797 1.5555578470230102539 3.1492121219635009766 3.2152049541473388672 2.5223023891448974609 1.7427211999893188477 1.8237608671188354492 1.9497482776641845703 3.2546319961547851562 2.8234889507293701172 1.7217705249786376953 1.3446587324142456055 1.1625777482986450195 1.0381867885589599609 1.3379758596420288086 1.3046396970748901367 1.4067054986953735352 2.4083487987518310547 2.4556031227111816406 2.5906112194061279297 2.9436764717102050781 2.3771185874938964844 1.5627700090408325195 1.2887110710144042969 1.1919978857040405273 1.0322511196136474609 1.0919419527053833008 2.0653138160705566406 3.3540642261505126953 1.7409802675247192383 1.4872114658355712891 2.1802830696105957031 3.1604211330413818359 2.5622589588165283203 1.8009277582168579102 1.0092734098434448242 0.71978652477264404297 0.46673792600631713867 0.47960159182548522949 0.15252332389354705811 0.0110065508633852005 0.17685194313526153564 0.2073230743408203125 0.57582521438598632812 0.60289973020553588867 0.21322287619113922119
0.33326947689056396484 0.95902979373931884766 1.2941315174102783203 1.3194195032119750977 1.5451260805130004883 1.8357458114624023438 1.6784752607345581055 2.3406403064727783203 3.3050656318664550781 2.9995303153991699219 2.0790128707885742188 2.3011865615844726562 2.1184294223785400391 1.4665356874465942383 1.3270336389541625977 1.3331290483474731445 1.1493496894836425781 1.2682107686996459961 2.0861210823059082031 3.0442175865173339844 2.8814439773559570312 1.9516713619232177734 1.1540944576263427734 1.1940109729766845703 0.78283029794692993164 1.0661203861236572266 0.86364102363586425781 1.0291280746459960938 2.3764741420745849609 2.2184007167816162109 1.8141710758209228516 1.9131845235824584961 3.1303606033325195312 3.2854237556457519531 3.1038682460784912109 2.4293208122253417969 1.292380213737487793 1.1196291446685791016 1.2029482126235961914 0.34208580851554870605 0 0.48112577199935913086 0.81805783510208129883 1.1025974750518798828 1.062466740608215332 1.2128510475158691406
