gis/40m/LAI_conif.asc
ncols        256
nrows        286
xllcorner    726766.000000000000
yllcorner    7127230.000000000000
cellsize     40.000000000000
NODATA_value -9999
[rows 42 to 62 of 286, columns 47 to 93 of 256]
0 0 0 0 0 0 0 0 1.3967890739440917969 2.1125998497009277344 3.7176339626312255859 4.3141121864318847656 3.9653654098510742188 3.8326954841613769531 2.511631011962890625 1.9836663007736206055 2.07141876220703125 2.1402316093444824219 2.0591838359832763672 2.1414217948913574219 1.9813067913055419922 1.9068465232849121094 1.9896067380905151367 2.0729670524597167969 2.2947101593017578125 3.4527633190155029297 3.5377612113952636719 3.0882544517517089844 2.8414025306701660156 0.61233544349670410156 0 0.54019296169281005859 0.48211956024169921875 1.7161865234375 2.5080888271331787109 3.2668597698211669922 2.6324894428253173828 0.95594686269760131836 0.44716784358024597168 0.2549069821834564209 0.29980379343032836914 0 0 0.15645132958889007568 0.1832879483699798584 0 0
0 0 0 0 0 0 0 0 0 0 0 2.5781826972961425781 3.7442378997802734375 3.5375063419342041016 2.2797706127166748047 2.0157516002655029297 1.8383496999740600586 1.8960597515106201172 1.7929185628890991211 1.8949251174926757812 1.8174817562103271484 1.6152833700180053711 1.6876140832901000977 1.8331533670425415039 1.8990063667297363281 3.5394723415374755859 3.7333440780639648438 3.459476470947265625 3.5045034885406494141 1.4339177608489990234 0 0 0 1.5220621824264526367 2.0047307014465332031 2.9482097625732421875 0.66948962211608886719 0 0 0 0 0 0 0 0 0 0.10438233613967895508
0 0 0 0 0 0 0 0 0.52818024158477783203 0.064729705452919006348 0 0.049540318548679351807 1.1545820236206054688 2.2756276130676269531 2.1512708663940429688 1.992641448974609375 1.8232998847961425781 1.9006536006927490234 1.6899610757827758789 1.570013880729675293 1.5213974714279174805 1.299801945686340332 1.3398059606552124023 1.3661324977874755859 1.3585145473480224609 2.94800567626953125 3.7703251838684082031 3.60778045654296875 3.4660892486572265625 3.5036101341247558594 2.5651564598083496094 0.36958068609237670898 0.3371098637580871582 1.4415690898895263672 2.5695414543151855469 2.9315609931945800781 1.1525348424911499023 0.002741586882621049881 0 0 0.00019843789050355553627 0.02935142815113067627 0.032542798668146133423 0.033771276473999023438 0 0.030439250171184539795 1.5557864904403686523
0 0 0 0 0 0 0 0 1.8848845958709716797 0.59409534931182861328 0 0 0 0.29583817720413208008 1.6094471216201782227 2.1237201690673828125 2.0831201076507568359 2.1582465171813964844 1.788434147834777832 1.6010758876800537109 1.6207752227783203125 1.4422509670257568359 1.266423344612121582 1.1789110898971557617 1.357892155647277832 2.4244105815887451172 3.6484699249267578125 3.5841541290283203125 3.5267782211303710938 3.8073430061340332031 3.6382491588592529297 2.9565157890319824219 2.8732941150665283203 2.9097771644592285156 2.6082043647766113281 2.5047466754913330078 0.69485270977020263672 0.6559937596321105957 0.054514773190021514893 0.05820681154727935791 0.061294917017221450806 0.34534820914268493652 1.1536569595336914062 1.0292431116104125977 0.21925690770149230957 0.70582383871078491211 2.7055082321166992188
0 0 0 0 0 0 0 0 2.4139990806579589844 2.8756809234619140625 1.1785495281219482422 0.071798592805862426758 0 0 1.1459293365478515625 2.097965240478515625 2.2647681236267089844 1.9768238067626953125 1.7466919422149658203 1.5616453886032104492 1.6365119218826293945 1.7101950645446777344 1.7368440628051757812 1.3951499462127685547 1.6970922946929931641 1.7541778087615966797 2.9034261703491210938 3.5414786338806152344 3.4525737762451171875 3.66626739501953125 3.5067307949066162109 0.45253863930702209473 0.66463309526443481445 0.36741369962692260742 1.645241856575012207 1.3755352497100830078 0.35582953691482543945 0.13760381937026977539 0.17773658037185668945 0.012180919758975505829 0.012692127376794815063 0.47179228067398071289 2.4257249832153320312 2.4623446464538574219 2.1603395938873291016 1.7278960943222045898 0.72304040193557739258
0 0 0 0 0 0 0 0 2.4715278148651123047 3.6832900047302246094 3.4957165718078613281 2.1118781566619873047 0.74372565746307373047 0.025603044778108596802 0.40359771251678466797 1.2023375034332275391 1.9054801464080810547 1.9503922462463378906 1.5350339412689208984 1.7169616222381591797 1.6908918619155883789 1.8520398139953613281 1.8627846240997314453 1.6602895259857177734 1.7392455339431762695 1.5692864656448364258 1.9597213268280029297 3.1878461837768554688 3.3968765735626220703 3.4644818305969238281 3.1143882274627685547 1.4607589244842529297 0.47898343205451965332 0.0065291216596961021423 0.26250845193862915039 0 0 0 0 0.045358359813690185547 0.24530509114265441895 0.65396147966384887695 2.293354034423828125 2.3356432914733886719 1.7765727043151855469 0.98690831661224365234 0
0 0 0 0 0 0 0 0 2.3376345634460449219 3.2557291984558105469 3.8516931533813476562 3.9404675960540771484 3.4324431419372558594 0.85040497779846191406 0 0.79237401485443115234 2.4588346481323242188 2.2319543361663818359 1.8561593294143676758 2.0353610515594482422 2.0684504508972167969 2.1170206069946289062 1.9935166835784912109 1.82936859130859375 1.7615337371826171875 1.7464902400970458984 1.6612201929092407227 2.2245945930480957031 3.1465580463409423828 3.3905053138732910156 3.180767059326171875 3.4338817596435546875 3.7772607803344726562 0.051519572734832763672 0 0 0.51319509744644165039 0.24824769794940948486 0.20734649896621704102 1.0119184255599975586 2.1802110671997070312 2.4057850837707519531 2.1876215934753417969 0.75666916370391845703 0 0 0
0 0 0 0 0 0 0 0 0 2.6129961013793945312 3.5604932308197021484 3.9048829078674316406 3.94954681396484375 2.6103336811065673828 0.97333431243896484375 2.8142755031585693359 3.3403277397155761719 2.3422574996948242188 2.1683526039123535156 2.140411376953125 2.2419457435607910156 2.2736449241638183594 2.1365168094635009766 1.9651484489440917969 1.8112044334411621094 1.8936152458190917969 1.7192862033843994141 1.7352896928787231445 2.3777346611022949219 3.2195556163787841797 3.1060464382171630859 3.2282977104187011719 1.0520772933959960938 0.0061322534456849098206 0 0 1.1617130041122436523 2.4147384166717529297 1.2876141071319580078 2.567378997802734375 2.6663937568664550781 3.2225823402404785156 2.9207005500793457031 0.19059412181377410889 0 0 0
0 0 0 0 0 0 0 0 0 0 2.3627808094024658203 2.9370560646057128906 3.8339033126831054688 3.4001522064208984375 2.4605371952056884766 3.0367040634155273438 4.0730051994323730469 2.7691736221313476562 2.2701969146728515625 2.436038970947265625 2.4476985931396484375 2.5934281349182128906 2.3385639190673828125 1.8476139307022094727 1.7307910919189453125 1.6615519523620605469 1.7837929725646972656 1.9026341438293457031 2.9863259792327880859 3.3866834640502929688 3.3675611019134521484 2.7999644279479980469 0.44602781534194946289 0 0 0 0.10177068412303924561 0.47200933098793029785 0.36252743005752563477 0.21184772253036499023 0.98783576488494873047 3.0133204460144042969 3.1883952617645263672 2.3056209087371826172 0.38343852758407592773 0 0
0 0 0 0 0 0 0 0 0 0 2.7294735908508300781 2.5122549533843994141 3.2977199554443359375 3.7376191616058349609 2.9531998634338378906 3.242847442626953125 3.9135732650756835938 3.5942239761352539062 2.8270664215087890625 3.0375428199768066406 3.3148484230041503906 2.7090954780578613281 2.9883401393890380859 2.0992455482482910156 1.6380462646484375 1.5194685459136962891 1.9136557579040527344 2.939605712890625 3.8797273635864257812 3.7665951251983642578 3.4770247936248779297 3.0558452606201171875 2.5648188591003417969 1.1273686885833740234 1.2735174894332885742 0.66301149129867553711 1.1726468801498413086 0.52660101652145385742 0 0 0.0030978661961853504181 0.32899132370948791504 0.38396811485290527344 2.0896427631378173828 2.3352024555206298828 2.1274509429931640625 2.0839872360229492188
0 0 0 0 0 0 0 0 0 0 0 2.5007345676422119141 2.3803501129150390625 3.3384571075439453125 3.2077279090881347656 3.6004598140716552734 3.8171830177307128906 3.4791965484619140625 3.2674894332885742188 3.6488137245178222656 4.2925262451171875 4.0543003082275390625 3.7635397911071777344 2.9630274772644042969 2.1974880695343017578 1.8676278591156005859 1.9421300888061523438 3.3809254169464111328 4.0919275283813476562 3.7658433914184570312 3.2613658905029296875 3.08351898193359375 2.7505125999450683594 2.9058499336242675781 3.5668072700500488281 2.6723649501800537109 1.3308503627777099609 0.44490170478820800781 0 0 0 0 0 1.0005846023559570312 2.43672943115234375 2.5263924598693847656 1.8878929615020751953
0 0 0 0 0 0 0 0 0 0 0 0 2.3883333206176757812 2.5293302536010742188 3.274486541748046875 3.0888280868530273438 3.0133481025695800781 3.6982748508453369141 3.5929818153381347656 3.5582945346832275391 4.0930371284484863281 4.3613519668579101562 4.2413401603698730469 2.6691989898681640625 2.5587379932403564453 2.3580386638641357422 3.1175942420959472656 3.88800048828125 4.1285223960876464844 3.1206979751586914062 1.3793215751647949219 3.0083208084106445312 2.7259349822998046875 3.1300668716430664062 3.7017049789428710938 3.1714510917663574219 1.2145035266876220703 0.41359335184097290039 0 0 0 0 0 0 1.9140651226043701172 2.7299144268035888672 1.6593281030654907227
0 0 0 0 0 0 0 0 0 0 0 0 2.3260693550109863281 2.1742885112762451172 2.4303097724914550781 3.1378622055053710938 3.0457353591918945312 3.6901481151580810547 4.0420598983764648438 3.2288103103637695312 1.3902624845504760742 0.45466181635856628418 0.47349807620048522949 0.20213007926940917969 0.44132024049758911133 2.0552899837493896484 3.8342108726501464844 2.5104627609252929688 1.7728990316390991211 1.3707234859466552734 0.11226978898048400879 0.27904251217842102051 1.5895817279815673828 2.7649435997009277344 2.6769690513610839844 2.4192559719085693359 1.2054221630096435547 0.85832047462463378906 0.071953371167182922363 0 0 0 0 1.1119015216827392578 2.4684081077575683594 2.5027699470520019531 1.2826683521270751953
0 0 0 0 0 0 0 0 0 0 0 0 2.7629153728485107422 2.6781678199768066406 2.5482196807861328125 3.0638895034790039062 3.422580718994140625 2.30521392822265625 2.79001617431640625 1.6173560619354248047 0 0 0 0 0 0 0.85627216100692749023 0 0 0 0 0 0.55566263198852539062 2.8631026744842529297 2.5610475540161132812 2.4394526481628417969 1.866107940673828125 1.2132956981658935547 0.89019465446472167969 0.19938836991786956787 0 0 0 0.59765869379043579102 2.6417012214660644531 2.5273966789245605469 1.1511063575744628906
0 0 0 0 0 0 0 0 0 0 0 0 0 2.6348929405212402344 2.8053150177001953125 3.8359498977661132812 3.5188095569610595703 2.5717329978942871094 2.0686259269714355469 1.3759918212890625 2.2602062225341796875 2.7562463283538818359 3.0165207386016845703 2.3238699436187744141 1.7208169698715209961 1.7083342075347900391 1.3686116933822631836 0.36650395393371582031 0 0 0 0 0.85934478044509887695 0.31384217739105224609 0.5833339691162109375 1.5202162265777587891 2.1442556381225585938 1.9911556243896484375 1.3107841014862060547 0.33119398355484008789 0 0 0 0 1.7256146669387817383 3.0907411575317382812 2.1329014301300048828
0 0 0 0 0 0 0 0 0 0 0 0 0 2.5352966785430908203 2.6340377330780029297 3.3084368705749511719 3.1373493671417236328 3.0979108810424804688 2.8319189548492431641 2.1376948356628417969 2.0593135356903076172 2.5151493549346923828 2.6322422027587890625 3.7681620121002197266 4.9395246505737304688 4.6025128364562988281 3.6019053459167480469 2.6724693775177001953 0.65470194816589355469 0.67728281021118164062 0.61345136165618896484 0.01166100427508354187 0 0 0 0 1.9876718521118164062 2.5573637485504150391 1.4447333812713623047 0.078329071402549743652 0 0 0 0 0.73641943931579589844 3.0910601615905761719 3.3331189155578613281
0 0 0 0 0 0 0 0 0 0 0 0 0 2.4442877769470214844 2.5472435951232910156 2.8695693016052246094 3.5850896835327148438 3.8181617259979248047 3.4877634048461914062 2.7020800113677978516 2.7039480209350585938 2.9444899559020996094 2.7889652252197265625 4.0699229240417480469 5.1535115242004394531 4.7151947021484375 3.2138528823852539062 2.8618221282958984375 3.5705523490905761719 4.4352612495422363281 4.4084620475769042969 1.4300947189331054688 0 0 0 0 2.3318572044372558594 2.1961395740509033203 1.9395356178283691406 0.72454035282135009766 0 0 0 0 0 1.0265046358108520508 3.1900167465209960938
0 0 0 0 0 0 0 0 0 0 0 0 0 0 3.7373218536376953125 3.2601120471954345703 3.3321685791015625 3.0933563709259033203 2.996044158935546875 2.6182739734649658203 2.7687385082244873047 2.6830916404724121094 2.7642507553100585938 3.3077709674835205078 4.0438928604125976562 4.6832337379455566406 4.0134396553039550781 3.4579076766967773438 4.0542554855346679688 4.6816463470458984375 4.3564000129699707031 3.6361882686614990234 3.8555939197540283203 2.2472929954528808594 0.42290842533111572266 0.63091897964477539062 3.2149727344512939453 3.2633841037750244141 2.9910356998443603516 2.6301887035369873047 0.84538090229034423828 0 0 0 0 0.91544193029403686523 2.3426151275634765625
0 0 0 0 0 0 0 0 0 0 0 0 0 0 3.0395798683166503906 0 0 0 2.3383085727691650391 0.78677272796630859375 1.7863810062408447266 2.6473364830017089844 2.6517210006713867188 2.7178940773010253906 2.8674464225769042969 3.2010908126831054688 3.9857535362243652344 3.1935634613037109375 3.1551327705383300781 3.321987152099609375 1.3447563648223876953 2.4466733932495117188 3.4480876922607421875 3.8030657768249511719 3.3464767932891845703 1.4250911474227905273 1.0419740676879882812 1.1486806869506835938 1.8570231199264526367 1.2642652988433837891 0.29590302705764770508 0 0 0 0 0.92849481105804443359 1.1799837350845336914
0 0 0 0 0 0 0 0 0 0 0 0 0 0 0 0 0 0 0 1.1764357089996337891 0.11457138508558273315 2.4624035358428955078 2.5859799385070800781 2.5343008041381835938 2.6377565860748291016 2.7980799674987792969 2.853786468505859375 2.2226774692535400391 2.3050508499145507812 1.865410923957824707 0.091779068112373352051 1.6884317398071289062 3.6226739883422851562 2.9499831199645996094 3.6426331996917724609 3.7668223381042480469 3.8208522796630859375 2.2634763717651367188 1.5900212526321411133 1.7161555290222167969 0.004829383455216884613 0.827678680419921875 1.8898923397064208984 0.40506067872047424316 0 0.71642881631851196289 1.522388458251953125
0 0 0 0 0 0 0 0 0 0 0 0 0 0 0 0 0 0 0 1.4838607311248779297 0 1.0278457403182983398 2.5925722122192382812 2.6161587238311767578 2.6288416385650634766 2.6751391887664794922 2.609661102294921875 2.4766321182250976562 2.4430785179138183594 1.6192581653594970703 0.093938328325748443604 1.7206865549087524414 3.7734045982360839844 3.1328499317169189453 3.4499220848083496094 3.6327807903289794922 4.1731996536254882812 4.3178052902221679688 4.0534129142761230469 3.5185222625732421875 1.431430816650390625 1.0113998651504516602 2.1282610893249511719 1.1381876468658447266 0.10496412217617034912 0.013082429766654968262 0.61376750469207763672
