gis/40m/LAI_spruce.asc
ncols        256
nrows        286
xllcorner    726766.000000000000
yllcorner    7127230.000000000000
cellsize     40.000000000000
NODATA_value -9999
[rows 180 to 199 of 286, columns 184 to 229 of 256]
1.1228947639465332031 1.0263679027557373047 0 0.45128908753395080566 1.083598017692565918 1.1368972063064575195 1.0517905950546264648 0.76423764228820800781 0.65870505571365356445 0.64100176095962524414 0.60321801900863647461 1.3222817182540893555 1.8287111520767211914 2.2320396900177001953 2.1988728046417236328 2.0169444084167480469 1.5189684629440307617 0.72364723682403564453 0 0.048569299280643463135 0.025012111291289329529 0.015698162838816642761 0 0.12297969311475753784 1.8996652364730834961 3.1368186473846435547 3.2371311187744140625 2.8434300422668457031 2.6903426647186279297 3.5047156810760498047 3.5369653701782226562 3.1127600669860839844 2.1467845439910888672 2.5267159938812255859 2.3602302074432373047 2.1662452220916748047 3.1706390380859375 3.6092102527618408203 3.8936827182769775391 3.8673503398895263672 3.7658112049102783203 3.9249203205108642578 2.3138513565063476562 1.6112669706344604492 1.1266021728515625 1.2983549833297729492
1.1519414186477661133 0.4668515324592590332 0 0.36366865038871765137 0.6360607147216796875 1.2240808010101318359 0.97074234485626220703 1.1284302473068237305 1.3097070455551147461 1.5009015798568725586 1.5553642511367797852 1.65488433837890625 1.6297546625137329102 1.9174088239669799805 2.1898405551910400391 1.2156999111175537109 1.7955461740493774414 0.98760628700256347656 0.089383803308010101318 0.57475996017456054688 0.074421562254428863525 0.00038190628401935100555 0 0.70184022188186645508 2.6156408786773681641 3.3426110744476318359 3.6438019275665283203 4.2500824928283691406 3.3354339599609375 3.7574784755706787109 4.233150482177734375 2.4531848430633544922 2.0504777431488037109 2.2884271144866943359 2.1093654632568359375 1.7345964908599853516 2.9229357242584228516 3.5484933853149414062 3.6257958412170410156 3.8021941184997558594 3.8115873336791992188 3.9720962047576904297 2.0503723621368408203 1.4392305612564086914 1.0879113674163818359 1.5043851137161254883
1.155444025993347168 0.55525803565979003906 0 0.095179192721843719482 0.45195430517196655273 1.6779378652572631836 1.2165848016738891602 1.196535944938659668 1.3327368497848510742 1.2461162805557250977 1.1000683307647705078 0.87208551168441772461 0.88560467958450317383 1.2049654722213745117 1.3062274456024169922 0.02847436070442199707 1.3114783763885498047 0.89758902788162231445 0.35677093267440795898 1.0025175809860229492 0.68763083219528198242 0.0024197697639465332031 0 0.11866186559200286865 1.0887540578842163086 2.3265450000762939453 2.7389302253723144531 3.538787841796875 2.9946887493133544922 3.0235989093780517578 2.7999889850616455078 1.5673022270202636719 1.7538695335388183594 2.2539193630218505859 1.7826710939407348633 1.9051067829132080078 2.2850978374481201172 2.7574245929718017578 2.8243329524993896484 3.0708487033843994141 3.5953001976013183594 3.2041604518890380859 1.7581309080123901367 1.3856993913650512695 1.3390548229217529297 1.5541350841522216797
1.2134423255920410156 0.17902722954750061035 0 0.01927451789379119873 0.23737736046314239502 1.155612945556640625 1.6181664466857910156 1.0404833555221557617 1.1860817670822143555 1.2362271547317504883 0.7173874974250793457 0.80566257238388061523 1.385415196418762207 1.5474127531051635742 1.3376185894012451172 0.46580356359481811523 0.47503352165222167969 2.0776638984680175781 1.7687543630599975586 1.5161544084548950195 1.2766033411026000977 0.41706255078315734863 0.064135774970054626465 0.10091950744390487671 0.53689199686050415039 2.5246334075927734375 2.5147304534912109375 2.2147324085235595703 1.8317044973373413086 1.7044999599456787109 0.90389156341552734375 0.54403895139694213867 1.3765712976455688477 3.0125048160552978516 3.0898473262786865234 2.7569191455841064453 2.6670968532562255859 2.7376010417938232422 2.6300051212310791016 2.8614943027496337891 3.4159593582153320312 2.1210584640502929688 1.572162628173828125 1.6118574142456054688 1.9102531671524047852 2.151378631591796875
0.48734459280967712402 0 0 0 0.053218815475702285767 0.75301623344421386719 1.0818235874176025391 1.0809714794158935547 1.1332315206527709961 1.3343918323516845703 1.1418466567993164062 1.2029240131378173828 1.2901093959808349609 0.71515262126922607422 1.5576267242431640625 1.0677692890167236328 0.14847381412982940674 0.82415765523910522461 1.138843536376953125 1.8865232467651367188 1.8119685649871826172 1.1725816726684570312 0.14871145784854888916 0.030912434682250022888 0.4746042788028717041 2.5232667922973632812 2.8233902454376220703 1.9484608173370361328 1.3570182323455810547 0.60888391733169555664 0.75182294845581054688 0.41553846001625061035 0.42859753966331481934 2.7873623371124267578 3.5391404628753662109 3.8032879829406738281 3.2769212722778320312 3.3337905406951904297 2.4626564979553222656 2.2518732547760009766 3.0781395435333251953 1.6947444677352905273 1.7369140386581420898 2.0421166419982910156 2.8532805442810058594 1.9191954135894775391
0 0 0 0.065144710242748260498 0.14606235921382904053 0 0.012729023583233356476 0.052799098193645477295 0.8706042170524597168 0.98024022579193115234 1.539870142936706543 1.3564339876174926758 0.79199641942977905273 0.74654328823089599609 1.0238949060440063477 1.5116789340972900391 0.63581120967864990234 0 0.01178551744669675827 1.2273299694061279297 1.735448002815246582 1.6531574726104736328 1.3475565910339355469 0.2639484107494354248 0.50193953514099121094 2.5467443466186523438 1.8762646913528442383 1.8122311830520629883 2.0060803890228271484 0.98056113719940185547 0.19975532591342926025 0.32615894079208374023 0.10180187970399856567 1.0701421499252319336 2.2728428840637207031 2.8647797107696533203 3.5807623863220214844 2.7603359222412109375 1.9093261957168579102 1.8666826486587524414 2.4722950458526611328 2.5222885608673095703 3.3528909683227539062 3.0737996101379394531 1.8599501848220825195 0.805416107177734375
0.085177972912788391113 0.43350049853324890137 0 0.07283706963062286377 0.16330957412719726562 0 0.01423208136111497879 0.04063442721962928772 0.4243456721305847168 1.4177514314651489258 0.70773345232009887695 0.22956475615501403809 0.10183666646480560303 0 0.58869642019271850586 1.4078692197799682617 2.0337846279144287109 0 0.060096401721239089966 0.070422828197479248047 0.71356934309005737305 1.4972668886184692383 0.84246355295181274414 0.070912189781665802002 0.25913333892822265625 2.3522222042083740234 2.0441849231719970703 1.9227861166000366211 1.6501336097717285156 1.0747919082641601562 1.3383618593215942383 0.24074152112007141113 0.041182983666658401489 0.0048240465112030506134 0.21223525702953338623 1.0503332614898681641 3.1119661331176757812 3.4637055397033691406 2.6168239116668701172 2.5273418426513671875 3.7095727920532226562 4.6338982582092285156 4.7258901596069335938 2.3530542850494384766 0.92755395174026489258 0.57821297645568847656
0.18771639466285705566 0.1385574638843536377 0 0.19236885011196136475 0 0 0 0 0.41444674134254455566 0.23078374564647674561 0.43767917156219482422 0 0 0.051774561405181884766 0.63190698623657226562 1.0899736881256103516 1.562503814697265625 1.8757549524307250977 1.4269124269485473633 0.77177941799163818359 0.69736778736114501953 1.3620473146438598633 1.759366154670715332 0.45237877964973449707 0.44871783256530761719 2.0146200656890869141 1.8938632011413574219 2.2942922115325927734 2.2468130588531494141 1.798407435417175293 1.8541201353073120117 0.52847510576248168945 0.037983592599630355835 0.11868155002593994141 0.22859714925289154053 0.3633200228214263916 1.1712051630020141602 2.7852170467376708984 3.4476475715637207031 3.5366673469543457031 3.6521508693695068359 4.0147976875305175781 3.3053791522979736328 1.6092593669891357422 0.8575064539909362793 0.87418633699417114258
0.27350133657455444336 0.39210554957389831543 0.16337122023105621338 0 0 0.00026859488571062684059 0.00016829678497742861509 0 0.044978987425565719604 0 0 0 0 0.02726426348090171814 0.53901833295822143555 1.5327999591827392578 1.4892181158065795898 2.0955598354339599609 1.3542382717132568359 0.91917973756790161133 1.9585084915161132812 1.9087308645248413086 1.8484563827514648438 1.3597143888473510742 1.6540969610214233398 1.1170456409454345703 1.9325392246246337891 2.4449572563171386719 1.5541633367538452148 0.61446136236190795898 0.31300616264343261719 0.48691663146018981934 0.22714260220527648926 0.45482099056243896484 0.99112695455551147461 1.0074260234832763672 1.2920380830764770508 2.0110466480255126953 2.9066319465637207031 2.7539892196655273438 2.4185812473297119141 2.4922375679016113281 2.3113040924072265625 1.7641355991363525391 1.1629847288131713867 1.2130466699600219727
0.68669652938842773438 0.51912391185760498047 0.16240221261978149414 0.089030787348747253418 0.07952152937650680542 0.0030123842880129814148 0.0018875066889449954033 0 0 0 0 0 0 0 0.38546833395957946777 1.4253029823303222656 0.82489424943923950195 1.7160265445709228516 1.7631723880767822266 1.4892576932907104492 1.624393463134765625 2.3062791824340820312 2.4681837558746337891 1.7346314191818237305 1.3882137537002563477 0.39027136564254760742 2.1390554904937744141 2.7751193046569824219 1.2625464200973510742 0.3385982215404510498 0 0.29184496402740478516 0.38852661848068237305 0.52494001388549804688 1.1011257171630859375 0.94008606672286987305 0.50602281093597412109 0.59416824579238891602 1.0481789112091064453 1.8535456657409667969 2.3816955089569091797 2.0271096229553222656 2.0564334392547607422 2.2127296924591064453 2.2445237636566162109 1.8934941291809082031
0.68427127599716186523 0.75128358602523803711 0.88158094882965087891 0.73073744773864746094 0.21182373166084289551 0.46316444873809814453 0.31516602635383605957 0 0 0 0 0 0 0.0080941244959831237793 0.065660916268825531006 0.70442634820938110352 0.75452196598052978516 1.0573010444641113281 1.8170529603958129883 2.1348659992218017578 1.7423676252365112305 1.8140163421630859375 2.0654504299163818359 1.4792563915252685547 0.9821071624755859375 0.65171253681182861328 1.8052922487258911133 2.2223069667816162109 0.59376466274261474609 0.0014720932813361287117 0.031701330095529556274 0.37004673480987548828 0.58071696758270263672 0.97777444124221801758 1.6408597230911254883 0.58871114253997802734 0.30783349275588989258 0.63180744647979736328 1.5827745199203491211 2.7632312774658203125 3.4149103164672851562 3.2169277667999267578 2.3635911941528320312 2.3705317974090576172 2.3955614566802978516 1.9621765613555908203
0.72118282318115234375 0.71677178144454956055 0.56762933731079101562 0.68095868825912475586 0.96285390853881835938 0.23472931981086730957 0.27279323339462280273 1.3527263035939540714e-05 0 0 0 0 0 0.0081507265567779541016 0.12479759752750396729 0.2128333747386932373 0.11339013278484344482 0.039839502424001693726 0.55718368291854858398 1.5678154230117797852 2.5301568508148193359 2.5490107536315917969 1.5308775901794433594 1.7917782068252563477 1.4461625814437866211 0.27604329586029052734 0.18015030026435852051 0.31284216046333312988 0.085074953734874725342 0 0 0.53096735477447509766 0.88991546630859375 2.1038789749145507812 2.7389700412750244141 1.4078692197799682617 1.2024976015090942383 1.8136984109878540039 3.6539275646209716797 3.9836587905883789062 3.8199310302734375 3.6739776134490966797 3.1401619911193847656 2.849765777587890625 2.2951114177703857422 2.3003199100494384766
0.50859731435775756836 0.45960229635238647461 0.44932061433792114258 0.86608910560607910156 0.82769221067428588867 0.85520416498184204102 0.59582704305648803711 0.32701843976974487305 0.025492772459983825684 0 0 0 0 0 0.062063209712505340576 0.55166047811508178711 0.28972026705741882324 0.10122933238744735718 0.015029345639050006866 0.73971319198608398438 1.7691969871520996094 1.7061048746109008789 2.0689001083374023438 1.9427535533905029297 0.91435587406158447266 0 0 0.092845268547534942627 0.10587885230779647827 0.031667567789554595947 0.060288690030574798584 0.049557823687791824341 0.50295490026473999023 2.5336167812347412109 2.6323583126068115234 0.74519366025924682617 2.1580553054809570312 3.2719073295593261719 3.5950572490692138672 3.1623969078063964844 3.6418344974517822266 3.2938978672027587891 2.6022601127624511719 1.7754143476486206055 1.4566570520401000977 1.2260004281997680664
0.83564996719360351562 0.31326815485954284668 0.47792360186576843262 0.70625936985015869141 0.51975196599960327148 0.44444566965103149414 0.49562221765518188477 0.7347621917724609375 0.43732243776321411133 0.10129779577255249023 0.011130548082292079926 0 0 0 0.023132406175136566162 0.33396223187446594238 1.0936716794967651367 0.87886375188827514648 0.11527094244956970215 0.60190224647521972656 1.6211274862289428711 2.1084637641906738281 1.7294249534606933594 1.3888819217681884766 0.88054627180099487305 0.45685988664627075195 0.035665586590766906738 0.046575665473937988281 0.087051309645175933838 0.094615064561367034912 0.60463505983352661133 0.77038723230361938477 0.15043176710605621338 1.270911097526550293 2.4238407611846923828 2.4767270088195800781 3.9819457530975341797 4.2040514945983886719 3.4151554107666015625 2.9506061077117919922 3.5228810310363769531 2.9221277236938476562 2.5468685626983642578 1.4701884984970092773 0.78972804546356201172 0.73893833160400390625
1.2031155824661254883 0.41411596536636352539 1.2330024242401123047 1.2164722681045532227 0.73389905691146850586 0.61066555976867675781 0.51145797967910766602 0.18282499909400939941 0.49565404653549194336 0.64319443702697753906 0.34077253937721252441 0.024405617266893386841 0.00066107127349823713303 0.00018556661962065845728 0.018479304388165473938 0.33319288492202758789 0.84993726015090942383 0.95262306928634643555 0.25035166740417480469 0.1925344318151473999 1.7812764644622802734 2.6519753932952880859 1.3238264322280883789 1.0829205513000488281 0.66366010904312133789 0.51542037725448608398 0.028546130284667015076 0.00036809631274081766605 0.15788689255714416504 0.66071283817291259766 1.9640314579010009766 2.9071502685546875 0.97357732057571411133 0.73660117387771606445 2.4424364566802978516 4.0400137901306152344 4.7762842178344726562 4.6363735198974609375 3.8359568119049072266 3.5023519992828369141 3.3184170722961425781 2.8124439716339111328 2.3171808719635009766 1.8758257627487182617 1.8664723634719848633 1.1614227294921875
0.24880205094814300537 0.60487931966781616211 0.78624325990676879883 0.46142014861106872559 0.84505331516265869141 1.0367101430892944336 0.49618181586265563965 0.53075391054153442383 0.3493575751781463623 0.90726190805435180664 0.96369993686676025391 0.40082871913909912109 0.13916027545928955078 0.027200985699892044067 0.0023544782306998968124 0.30558413267135620117 1.0427354574203491211 1.086194157600402832 0.68630874156951904297 0.26720792055130004883 1.592896580696105957 1.4197922945022583008 2.0407581329345703125 1.1396383047103881836 0.33437117934226989746 0.011568710207939147949 0.006172103341668844223 0.083730429410934448242 0.96097594499588012695 1.5558847188949584961 2.3308615684509277344 3.1454854011535644531 1.9282366037368774414 1.6153436899185180664 2.831516265869140625 3.8672387599945068359 4.42789459228515625 4.9539670944213867188 4.3423628807067871094 4.0707402229309082031 4.1904721260070800781 2.4656300544738769531 1.4671751260757446289 1.4384605884552001953 1.3798706531524658203 0.62206852436065673828
1.4029279947280883789 1.9180258512496948242 1.0161728858947753906 0.44213879108428955078 0.67205655574798583984 0.81329166889190673828 1.0672076940536499023 0.60113126039505004883 0.71933799982070922852 0.47323283553123474121 0.21821649372577667236 0.070444852113723754883 0.56409454345703125 0.49815031886100769043 0.21536238491535186768 0.35193395614624023438 1.1897974014282226562 1.5583112239837646484 1.4356595277786254883 1.0718785524368286133 1.6994704008102416992 2.2467114925384521484 1.4607722759246826172 0.2806440889835357666 0.060529500246047973633 0.1795794069766998291 0.23143090307712554932 0.55108350515365600586 0.93878388404846191406 0.68997609615325927734 1.6021353006362915039 3.8793776035308837891 2.2992663383483886719 2.0294449329376220703 3.4724833965301513672 2.4740574359893798828 2.8383450508117675781 4.8015494346618652344 4.3591699600219726562 3.4843301773071289062 4.0994958877563476562 3.4456624984741210938 1.467682957649230957 0.81954729557037353516 1.0470595359802246094 0.50774544477462768555
1.3055983781814575195 0.85706442594528198242 0.78935283422470092773 0.98873853683471679688 1.0144116878509521484 1.1528888940811157227 0.63341414928436279297 1.283068537712097168 0.64048308134078979492 0.3277352750301361084 0.21834361553192138672 0.36442166566848754883 0.46656885743141174316 0.61597597599029541016 0.90921759605407714844 1.1309299468994140625 0.97113949060440063477 1.0304814577102661133 1.8341314792633056641 1.8433545827865600586 1.4285427331924438477 1.765658259391784668 1.5285270214080810547 0.62033683061599731445 0.80129885673522949219 0.66582089662551879883 0.66693311929702758789 0.81863480806350708008 0.67537832260131835938 0.75166416168212890625 1.1211147308349609375 2.7087731361389160156 4.1422281265258789062 2.8690688610076904297 2.2125389575958251953 3.4930486679077148438 3.4508674144744873047 3.9791753292083740234 3.7318351268768310547 2.9972701072692871094 3.0909318923950195312 3.3372166156768798828 1.8598996400833129883 1.7684621810913085938 1.6432719230651855469 0.75292807817459106445
0.70215785503387451172 0.6903921961784362793 1.0544054508209228516 1.2711352109909057617 1.361141204833984375 0.97056925296783447266 0.95251792669296264648 1.0345413684844970703 0.84810495376586914062 0.93199628591537475586 0.51115655899047851562 0.56930011510848999023 0.64552265405654907227 0.62318426370620727539 1.1623108386993408203 1.5915120840072631836 1.6797884702682495117 1.4874054193496704102 1.8980429172515869141 1.8024779558181762695 1.7772123813629150391 1.8298020362854003906 1.6610305309295654297 1.3148597478866577148 0.84814178943634033203 0.36748072504997253418 0.65176928043365478516 0.97979068756103515625 0.96226173639297485352 0.39432185888290405273 0.22722069919109344482 1.5968773365020751953 3.1714138984680175781 3.1434013843536376953 2.2985117435455322266 2.4737293720245361328 3.0568041801452636719 2.4402110576629638672 3.4976966381072998047 3.217388153076171875 2.3769507408142089844 2.4725666046142578125 2.0918865203857421875 1.9772062301635742188 1.8498543500900268555 1.1239827871322631836
0.65505552291870117188 0.90845096111297607422 1.5952972173690795898 1.5960395336151123047 1.3460261821746826172 1.8082985877990722656 1.6874728202819824219 1.4325851202011108398 1.3690426349639892578 1.464473724365234375 1.0921986103057861328 0.62154370546340942383 0.60358804464340209961 0.96512997150421142578 1.7685115337371826172 1.7564760446548461914 1.1940324306488037109 1.9129598140716552734 1.3585349321365356445 2.3366329669952392578 3.4077639579772949219 2.6236176490783691406 1.4654188156127929688 1.5763270854949951172 1.0267796516418457031 0.72537904977798461914 0.8991286158561706543 0.25908383727073669434 0.00030759809305891394615 0.013365740887820720673 0.15590070188045501709 1.7127476930618286133 2.50286865234375 3.1913356781005859375 3.4313869476318359375 1.8562048673629760742 1.6312077045440673828 2.8371796607971191406 3.8309817314147949219 3.3844661712646484375 2.2456617355346679688 2.3211719989776611328 1.6160732507705688477 2.5036587715148925781 2.5270972251892089844 1.7044937610626220703
