gis/40m/processed_dem.asc
ncols        256
nrows        286
xllcorner    726766.000000000000
yllcorner    7127230.000000000000
cellsize     40.000000000000
NODATA_value -9999
[rows 120 to 139 of 286, columns 0 to 44 of 256]
-9999 206.9363555908203125 207.1597442626953125 207.59942626953125 208.9384307861328125 208.7652130126953125 203.047454833984375 209.7134246826171875 212.6426544189453125 213.7713775634765625 214.128204345703125 215.827117919921875 217.723602294921875 221.015625 222.979827880859375 221.0782012939453125 220.277313232421875 221.951446533203125 221.3401641845703125 221.1489410400390625 221.9676513671875 226.2874603271484375 227.56646728515625 228.48956298828125 227.0316619873046875 227.4673614501953125 227.3225250244140625 228.197998046875 231.390655517578125 231.887359619140625 228.2188568115234375 227.1444854736328125 226.572265625 226.7514190673828125 225.493408203125 225.2634124755859375 227.56817626953125 230.6858062744140625 235.965545654296875 245.42633056640625 254.21856689453125 259.7926025390625 263.09271240234375 262.51885986328125 259.694610595703125
-9999 -9999 206.2879486083984375 206.49591064453125 206.343048095703125 205.5566864013671875 203.5877532958984375 203.0474090576171875 205.2411041259765625 206.5877227783203125 207.21917724609375 200.974456787109375 212.6927947998046875 216.2638092041015625 217.9207763671875 216.074005126953125 216.0286102294921875 216.2732391357421875 216.0496826171875 215.4859619140625 216.756378173828125 220.1292877197265625 221.912261962890625 223.0741729736328125 219.8030853271484375 219.9432830810546875 221.4878692626953125 220.707489013671875 222.01690673828125 222.37274169921875 220.3051910400390625 220.338409423828125 219.5004119873046875 219.871490478515625 220.201019287109375 221.89971923828125 225.4975128173828125 226.7053985595703125 229.7164764404296875 237.16387939453125 245.85137939453125 255.0862579345703125 255.9007720947265625 255.33367919921875 254.144287109375
-9999 -9999 205.8908843994140625 205.48382568359375 205.4689483642578125 205.002838134765625 203.7606964111328125 202.4306640625 200.9459075927734375 201.5537109375 200.9744110107421875 204.896759033203125 208.2001953125 210.766448974609375 211.4323272705078125 211.4073028564453125 213.2449493408203125 214.0404052734375 214.762847900390625 213.7551116943359375 212.061920166015625 205.7088775634765625 212.735504150390625 213.2245635986328125 212.7985992431640625 215.5948028564453125 217.934417724609375 216.3952789306640625 217.189422607421875 215.9934844970703125 213.3622283935546875 213.2873992919921875 213.0012664794921875 213.852081298828125 214.8333282470703125 217.769805908203125 220.288482666015625 221.800018310546875 224.1967620849609375 230.672119140625 239.213958740234375 247.5273590087890625 250.583038330078125 250.193267822265625 250.33831787109375
-9999 205.4100189208984375 205.3069000244140625 205.029876708984375 204.377105712890625 203.8088836669921875 202.672637939453125 201.1968231201171875 199.1932373046875 199.4961090087890625 198.412994384765625 201.971771240234375 204.091522216796875 205.5074005126953125 203.7162017822265625 206.318878173828125 209.0705718994140625 212.845489501953125 215.127838134765625 213.3366241455078125 210.9359130859375 205.7088775634765625 205.566009521484375 202.57281494140625 207.8877105712890625 209.7382354736328125 211.7264862060546875 211.7264862060546875 214.49322509765625 214.05438232421875 210.8183441162109375 209.0239715576171875 209.964630126953125 210.336761474609375 211.08306884765625 212.8650054931640625 214.2618255615234375 216.0072174072265625 219.3128814697265625 224.6867828369140625 231.729583740234375 239.0012664794921875 245.5009002685546875 246.430755615234375 246.7272186279296875
205.4119415283203125 205.3755950927734375 205.1611785888671875 204.7358245849609375 203.95892333984375 203.230010986328125 201.7679901123046875 200.7974853515625 198.84771728515625 197.932281494140625 197.2706756591796875 199.3301544189453125 201.020782470703125 200.73736572265625 199.1038818359375 201.085479736328125 204.013214111328125 208.9896392822265625 211.8614959716796875 209.5882415771484375 208.7754364013671875 207.23614501953125 203.4817047119140625 202.57281494140625 202.174163818359375 205.871978759765625 211.39202880859375 213.28179931640625 215.883087158203125 214.89630126953125 212.7798004150390625 207.1221160888671875 206.786865234375 208.8404693603515625 210.470458984375 209.963775634765625 212.68707275390625 214.9689483642578125 215.929107666015625 218.5548858642578125 223.4337158203125 230.15289306640625 235.7871856689453125 236.82708740234375 238.276458740234375
205.72381591796875 205.65863037109375 205.5030059814453125 204.7887420654296875 203.8589019775390625 203.0374603271484375 202.343505859375 201.6749725341796875 201.4568023681640625 199.6894989013671875 197.1967315673828125 196.5092010498046875 197.948760986328125 198.2037353515625 197.1657257080078125 198.1093292236328125 199.6490631103515625 202.418365478515625 205.542266845703125 206.0279083251953125 208.955718994140625 210.130523681640625 205.238861083984375 202.1171722412109375 199.685455322265625 202.7488861083984375 206.95013427734375 211.27203369140625 214.5405426025390625 214.5283660888671875 213.336639404296875 208.255035400390625 199.9643402099609375 206.7122344970703125 207.9010009765625 207.1423187255859375 208.6230621337890625 210.5292205810546875 212.7398834228515625 213.8834686279296875 217.706329345703125 223.4665679931640625 227.3704986572265625 229.712066650390625 231.0194091796875
-9999 208.13568115234375 207.902435302734375 205.3013763427734375 203.969024658203125 203.1743011474609375 201.9230804443359375 202.445953369140625 201.6558837890625 200.2430267333984375 199.368896484375 197.8927459716796875 195.798553466796875 195.442779541015625 195.3827362060546875 196.58837890625 197.4250640869140625 198.7682037353515625 202.8178253173828125 204.8944244384765625 207.8549041748046875 208.30633544921875 204.9679412841796875 202.2394866943359375 197.89727783203125 196.4505615234375 200.3861083984375 203.593109130859375 207.68511962890625 206.85833740234375 204.8466949462890625 202.977325439453125 199.96429443359375 201.284088134765625 202.976226806640625 204.8397369384765625 206.5703582763671875 206.831939697265625 209.998077392578125 211.712982177734375 212.842620849609375 216.520751953125 219.6591033935546875 222.7773590087890625 224.4195404052734375
-9999 211.0198974609375 211.50140380859375 207.76300048828125 205.431365966796875 204.1026458740234375 203.24957275390625 202.3512115478515625 202.4556884765625 201.2646331787109375 200.780853271484375 199.3787384033203125 197.66534423828125 196.3677978515625 194.6371307373046875 194.406982421875 195.53436279296875 196.66168212890625 200.6124420166015625 204.5757293701171875 206.2158050537109375 206.6987457275390625 206.6281585693359375 204.702117919921875 198.644134521484375 193.5667266845703125 195.80621337890625 196.887176513671875 199.036956787109375 197.9277801513671875 196.53106689453125 196.7129364013671875 194.6528472900390625 197.1802520751953125 198.1802520751953125 204.73870849609375 205.734375 204.33782958984375 206.05029296875 207.5744781494140625 208.8878631591796875 210.0739288330078125 211.552215576171875 214.9390106201171875 218.34161376953125
-9999 -9999 214.7138519287109375 211.6584930419921875 208.1188812255859375 206.229248046875 204.4663238525390625 203.7130126953125 202.3653717041015625 202.653411865234375 202.36456298828125 200.1482086181640625 198.199859619140625 197.01983642578125 196.1420745849609375 194.2841339111328125 194.606292724609375 194.8544769287109375 197.8988189697265625 203.1213836669921875 204.882720947265625 204.65887451171875 204.9800567626953125 203.6467437744140625 199.1614532470703125 194.0899200439453125 190.9869232177734375 192.801055908203125 193.2480926513671875 193.1614532470703125 192.3360748291015625 192.1015167236328125 191.1065673828125 194.6425018310546875 200.3755950927734375 202.099212646484375 202.118072509765625 199.4863128662109375 201.9495086669921875 202.373687744140625 203.8836212158203125 204.6338958740234375 205.9330902099609375 209.9679412841796875 213.949981689453125
-9999 -9999 217.8057098388671875 216.912109375 211.7435455322265625 208.45269775390625 206.5621337890625 204.86572265625 202.857147216796875 202.3653717041015625 203.106048583984375 200.02069091796875 198.2312469482421875 197.305267333984375 196.4624786376953125 195.517486572265625 194.118988037109375 193.9702911376953125 194.69970703125 197.573089599609375 200.535858154296875 201.7888031005859375 200.3964691162109375 197.673004150390625 194.289398193359375 192.3892974853515625 190.2161102294921875 190.9195404052734375 190.86016845703125 191.0842132568359375 190.6887359619140625 189.63897705078125 190.9811553955078125 191.8719329833984375 194.189788818359375 197.436370849609375 196.6370086669921875 195.4561309814453125 197.3817138671875 197.6926116943359375 199.261566162109375 200.30377197265625 200.678436279296875 204.9461669921875 208.7452392578125
-9999 -9999 -9999 -9999 217.0062103271484375 211.611663818359375 208.829010009765625 206.4179534912109375 204.5255126953125 203.0822906494140625 203.56573486328125 200.724761962890625 198.7619171142578125 197.79681396484375 196.980133056640625 195.3169708251953125 194.545806884765625 192.7052459716796875 192.0757598876953125 193.98077392578125 194.8123931884765625 196.9430999755859375 195.2953948974609375 193.2401580810546875 191.46270751953125 190.5772247314453125 189.4533538818359375 190.3308258056640625 190.0085601806640625 189.8702392578125 188.7300262451171875 189.0147247314453125 190.140228271484375 190.072998046875 191.28778076171875 193.252349853515625 192.412445068359375 192.6454620361328125 193.4177703857421875 193.89105224609375 195.2061767578125 195.1667327880859375 196.0963134765625 200.381561279296875 204.7569427490234375
-9999 -9999 -9999 -9999 219.099029541015625 214.8237762451171875 211.0001373291015625 208.1719970703125 205.4574737548828125 203.991485595703125 203.455535888671875 202.623443603515625 199.5838470458984375 198.4990386962890625 197.44451904296875 195.60028076171875 194.17919921875 193.2336883544921875 191.6007080078125 192.2512969970703125 192.601959228515625 192.9012908935546875 192.2805328369140625 191.1810150146484375 189.973846435546875 189.9236907958984375 188.898162841796875 189.8441314697265625 189.508514404296875 189.183502197265625 188.120452880859375 189.4860992431640625 189.4501800537109375 189.5292510986328125 189.595947265625 189.9622955322265625 190.4522705078125 190.82464599609375 191.2576141357421875 192.1977691650390625 194.1859588623046875 193.56317138671875 194.0022125244140625 196.6268310546875 200.2839508056640625
-9999 -9999 -9999 -9999 -9999 217.580322265625 213.2012786865234375 210.1871337890625 207.2548370361328125 204.8884124755859375 203.5763397216796875 202.900604248046875 200.27789306640625 198.871368408203125 197.48248291015625 196.407379150390625 194.41748046875 193.252105712890625 192.6231842041015625 190.95550537109375 190.393096923828125 191.769500732421875 191.1227874755859375 190.0932769775390625 189.62530517578125 189.57122802734375 188.416351318359375 189.244171142578125 188.850921630859375 188.581329345703125 187.5406494140625 188.8644256591796875 188.8662261962890625 189.061614990234375 189.15899658203125 189.230865478515625 189.5145111083984375 188.737762451171875 190.3366851806640625 191.8090972900390625 193.23468017578125 193.3196868896484375 192.912933349609375 194.2183685302734375 194.808990478515625
-9999 -9999 -9999 -9999 -9999 -9999 215.7208709716796875 212.1151275634765625 209.024169921875 206.2453765869140625 203.9735107421875 202.76910400390625 201.7222747802734375 199.3493499755859375 197.6811065673828125 196.2333526611328125 194.7552337646484375 193.528839111328125 192.472625732421875 191.8732757568359375 189.944610595703125 189.4973297119140625 189.1840057373046875 188.6990509033203125 188.3753814697265625 188.2447509765625 188.1224517822265625 187.8948211669921875 188.530426025390625 188.309844970703125 187.127777099609375 188.2971649169921875 188.442901611328125 188.6336822509765625 188.7991790771484375 188.958587646484375 189.286163330078125 188.44915771484375 189.916839599609375 190.568756103515625 191.1910247802734375 191.5492095947265625 192.0095672607421875 191.492706298828125 192.1847686767578125
-9999 -9999 -9999 -9999 -9999 -9999 217.88519287109375 214.2705230712890625 210.7657318115234375 207.3781280517578125 204.7421722412109375 203.2013092041015625 202.245635986328125 200.3772125244140625 198.25042724609375 196.6415557861328125 195.975341796875 194.885498046875 193.3307952880859375 191.78436279296875 190.9197845458984375 190.458160400390625 190.0923309326171875 188.605377197265625 188.3377685546875 188.1347503662109375 187.974151611328125 187.61566162109375 187.4485015869140625 188.231689453125 187.012359619140625 188.01483154296875 188.0970611572265625 188.207550048828125 188.57623291015625 189.066802978515625 189.0617218017578125 187.9459686279296875 188.9080963134765625 189.411895751953125 190.0819244384765625 190.518829345703125 190.7661895751953125 190.33746337890625 189.3297271728515625
-9999 -9999 -9999 -9999 -9999 -9999 -9999 216.7313690185546875 212.5096282958984375 209.0067291259765625 206.101531982421875 203.392913818359375 201.5193023681640625 200.173004150390625 198.8401336669921875 197.1080322265625 196.63995361328125 196.53521728515625 194.68310546875 192.6510467529296875 191.1261444091796875 190.411376953125 190.0701904296875 189.6895751953125 188.3929595947265625 188.1708221435546875 187.9677276611328125 187.590728759765625 187.3673553466796875 187.15081787109375 186.8151092529296875 186.753631591796875 186.74151611328125 187.7650299072265625 188.4259033203125 188.6297760009765625 187.6629791259765625 187.515350341796875 188.3348541259765625 189.04071044921875 189.4819793701171875 189.602081298828125 189.865081787109375 189.329681396484375 191.3179931640625
-9999 -9999 -9999 -9999 -9999 -9999 -9999 217.9951934814453125 214.516082763671875 210.656646728515625 207.49346923828125 204.6885223388671875 201.7908172607421875 199.878570556640625 199.202056884765625 198.124481201171875 197.4067230224609375 197.0395050048828125 196.1492919921875 194.1164093017578125 192.280029296875 191.1354522705078125 190.325836181640625 189.9358367919921875 189.5862579345703125 189.330810546875 189.0551910400390625 188.6778106689453125 188.3829345703125 188.1322784423828125 187.8880157470703125 187.853546142578125 187.7496337890625 186.56842041015625 188.2586517333984375 188.207061767578125 187.1806182861328125 188.0272369384765625 187.9518585205078125 188.411834716796875 188.6865692138671875 187.8247833251953125 187.9473876953125 188.2556304931640625 189.8712005615234375
-9999 -9999 -9999 -9999 -9999 -9999 -9999 -9999 216.247528076171875 212.0918731689453125 208.9740447998046875 206.101043701171875 203.3563995361328125 200.6710662841796875 199.3377532958984375 199.033966064453125 198.035064697265625 197.7920074462890625 197.3562469482421875 195.6441497802734375 193.850921630859375 192.5287322998046875 191.47747802734375 190.857147216796875 190.278228759765625 190.2983551025390625 189.8667144775390625 189.6133880615234375 189.1396331787109375 188.7629241943359375 188.3692779541015625 187.939117431640625 187.758453369140625 186.5683746337890625 186.785858154296875 188.14434814453125 186.7776641845703125 187.7017669677734375 187.4701385498046875 187.85601806640625 188.034271240234375 187.50775146484375 188.233428955078125 188.3859100341796875 187.7784271240234375
-9999 -9999 -9999 -9999 -9999 -9999 -9999 -9999 216.0928802490234375 213.5540008544921875 210.0863037109375 207.3941650390625 204.8438720703125 202.147247314453125 199.993621826171875 199.2551116943359375 198.777252197265625 198.1209259033203125 197.8682098388671875 197.081756591796875 195.3836822509765625 193.9315032958984375 192.903228759765625 192.15447998046875 191.4930877685546875 191.206817626953125 191.0133514404296875 190.7917938232421875 190.4916839599609375 190.316375732421875 189.787261962890625 188.978546142578125 188.065948486328125 187.56072998046875 186.0659332275390625 186.065887451171875 186.2547760009765625 187.5346527099609375 187.0345916748046875 187.29412841796875 187.3240966796875 186.4673614501953125 186.435272216796875 186.70452880859375 187.22186279296875
-9999 -9999 -9999 -9999 -9999 -9999 -9999 -9999 -9999 214.2960968017578125 211.4307861328125 208.6412506103515625 206.2408447265625 204.1359710693359375 201.0568389892578125 199.4047088623046875 198.7196197509765625 -9999 -9999 197.7978668212890625 196.7383880615234375 195.18359375 194.05206298828125 193.303680419921875 192.5261383056640625 192.18524169921875 192.2798309326171875 192.1865997314453125 191.8314971923828125 191.9165496826171875 191.5037689208984375 190.652587890625 189.66705322265625 188.1032257080078125 187.18914794921875 186.8654632568359375 185.8366546630859375 185.720245361328125 185.4300537109375 186.7142181396484375 186.83648681640625 186.7879180908203125 185.7405242919921875 185.9145050048828125 187.149444580078125
