gis/40m/processed_dem.asc
ncols        256
nrows        286
xllcorner    726766.000000000000
yllcorner    7127230.000000000000
cellsize     40.000000000000
NODATA_value -9999
[rows 220 to 239 of 286, columns 180 to 224 of 256]
182.467620849609375 181.4523162841796875 179.9305572509765625 171.5916290283203125 173.54071044921875 174.6452484130859375 172.7241058349609375 165.861328125 163.7417144775390625 162.684722900390625 168.8939056396484375 167.1851654052734375 158.52996826171875 157.225982666015625 157.0744781494140625 156.3982086181640625 148.0321502685546875 139.301025390625 135.28741455078125 135.2873687744140625 138.1646728515625 138.586273193359375 143.56756591796875 156.423797607421875 165.4426422119140625 168.1900634765625 165.5162811279296875 157.4819183349609375 147.245208740234375 141.0220947265625 140.7747802734375 147.38787841796875 160.2934417724609375 169.1898345947265625 172.6376800537109375 180.823394775390625 190.03570556640625 196.4746856689453125 195.82757568359375 193.96630859375 192.3238372802734375 191.3414154052734375 190.8333587646484375 190.5604400634765625 185.243499755859375
184.154266357421875 182.928985595703125 176.9818572998046875 175.2977447509765625 180.2569122314453125 178.4982452392578125 179.3446502685546875 170.974822998046875 173.0933837890625 169.126983642578125 175.8741912841796875 176.1027679443359375 169.1265716552734375 166.24212646484375 164.7767486572265625 158.2056427001953125 147.1847686767578125 152.9783172607421875 151.71002197265625 138.0225067138671875 135.0094146728515625 135.009368896484375 140.809783935546875 153.65167236328125 160.494659423828125 164.9569854736328125 168.3953857421875 164.69696044921875 155.2481231689453125 144.036468505859375 140.2867584228515625 147.9099884033203125 155.43121337890625 156.6795654296875 166.0666961669921875 177.2587127685546875 186.6545867919921875 190.09564208984375 190.8740081787109375 190.4735870361328125 189.9119415283203125 189.35052490234375 188.8649444580078125 187.729095458984375 176.342041015625
185.7919464111328125 184.337066650390625 177.646484375 181.871826171875 182.6426849365234375 181.819091796875 182.01702880859375 176.233856201171875 179.1769561767578125 172.5960540771484375 180.250457763671875 182.0138702392578125 176.5142059326171875 171.520904541015625 168.961944580078125 164.0522613525390625 153.0118255615234375 165.4538116455078125 168.6229248046875 158.5278167724609375 148.7671051025390625 136.6094207763671875 135.009307861328125 135.009246826171875 135.009185791015625 146.590087890625 161.1882476806640625 167.359649658203125 163.8613128662109375 150.00341796875 135.5812835693359375 153.90911865234375 157.1486663818359375 157.2225341796875 167.164031982421875 174.9461669921875 179.125 181.630645751953125 185.98468017578125 187.843231201171875 186.845123291015625 186.01220703125 185.2957611083984375 180.71929931640625 176.3419952392578125
191.8134613037109375 189.27752685546875 186.1896820068359375 186.24639892578125 185.2618408203125 184.659454345703125 184.1575775146484375 181.4430084228515625 180.8822174072265625 176.2984161376953125 181.8862762451171875 185.2800140380859375 182.4568634033203125 178.490142822265625 173.3143157958984375 170.920074462890625 158.77734375 170.3708343505859375 176.976837158203125 175.54638671875 168.0691986083984375 153.053924560546875 136.6093597412109375 138.5231170654296875 142.8937835693359375 135.0091400146484375 144.6406707763671875 157.8238372802734375 152.159515380859375 138.055084228515625 135.58123779296875 152.1980438232421875 166.8640899658203125 170.90863037109375 173.1332550048828125 170.9379119873046875 167.6727447509765625 173.025177001953125 178.416290283203125 183.9840545654296875 183.6060028076171875 182.7603302001953125 182.0292205810546875 176.944366455078125 176.1582183837890625
196.21710205078125 194.07427978515625 193.068328857421875 190.6761627197265625 189.933502197265625 188.405609130859375 186.7061614990234375 185.1407318115234375 181.9872894287109375 183.178680419921875 185.5145111083984375 186.68109130859375 185.95904541015625 184.21051025390625 180.795257568359375 178.4797821044921875 163.258087158203125 177.1545257568359375 180.097900390625 176.3661956787109375 172.41973876953125 165.915313720703125 151.37713623046875 148.9046173095703125 141.66729736328125 136.876129150390625 135.0090789794921875 142.648834228515625 138.36370849609375 135.088623046875 133.333587646484375 143.6493072509765625 157.2269134521484375 167.8028717041015625 174.644012451171875 164.6121673583984375 156.427490234375 166.9520416259765625 172.73016357421875 179.369659423828125 180.7671966552734375 180.3479461669921875 180.043548583984375 174.166107177734375 172.264068603515625
199.9606781005859375 197.7664337158203125 197.0946807861328125 195.3362579345703125 192.98394775390625 190.7201385498046875 189.0401458740234375 187.44549560546875 185.074859619140625 186.789520263671875 187.4446258544921875 187.74365234375 187.3570709228515625 186.0854644775390625 183.673065185546875 171.5667266845703125 171.542694091796875 180.47808837890625 180.3043060302734375 176.039215087890625 172.4584808349609375 168.6826629638671875 159.8220062255859375 153.8159027099609375 139.3469696044921875 137.49285888671875 137.200836181640625 135.0090179443359375 135.0089569091796875 134.9506683349609375 133.3335418701171875 136.3850250244140625 138.385589599609375 149.0182037353515625 160.4005126953125 165.6421661376953125 156.42742919921875 162.0394439697265625 170.0679931640625 175.5357666015625 178.9422607421875 178.0762786865234375 177.0631103515625 176.09173583984375 167.3509368896484375
201.873779296875 199.6224517822265625 198.9401092529296875 196.85955810546875 194.2802886962890625 192.1920013427734375 190.00885009765625 189.324371337890625 187.7299652099609375 188.5146942138671875 188.34173583984375 188.466766357421875 186.768707275390625 179.70147705078125 171.8006744384765625 171.5427398681640625 184.083892822265625 182.4364013671875 180.648284912109375 177.5955047607421875 173.9020233154296875 170.1148529052734375 165.1794891357421875 161.6660919189453125 146.31146240234375 149.7158660888671875 155.295745849609375 152.94207763671875 161.0783538818359375 148.4466552734375 137.390106201171875 133.3334808349609375 132.7335357666015625 134.1332855224609375 142.0321502685546875 156.4273834228515625 163.4446258544921875 163.4776611328125 165.6522979736328125 170.4336395263671875 174.023590087890625 174.378326416015625 174.1168975830078125 173.9727020263671875 165.9801177978515625
204.7725372314453125 202.953369140625 201.2935791015625 199.3284759521484375 196.9015655517578125 193.7863616943359375 191.9572906494140625 190.71685791015625 188.70123291015625 189.411773681640625 189.180328369140625 188.923095703125 184.927978515625 182.8726806640625 173.91033935546875 176.0809783935546875 185.7631072998046875 185.2635040283203125 181.3453369140625 178.9167327880859375 175.396514892578125 173.165435791015625 170.6119384765625 167.328887939453125 161.1103363037109375 161.6595458984375 160.7929534912109375 166.89581298828125 174.91815185546875 170.9970550537109375 159.9579620361328125 149.409088134765625 134.9637603759765625 132.7334747314453125 134.44573974609375 151.6055450439453125 165.15863037109375 165.7138671875 160.7331085205078125 164.8443145751953125 168.4336090087890625 171.262847900390625 172.3364715576171875 172.0444793701171875 165.2724151611328125
208.039215087890625 206.596435546875 205.1932830810546875 203.5825958251953125 199.972808837890625 196.90625 195.153167724609375 192.6596527099609375 190.27130126953125 190.2139129638671875 189.541595458984375 189.1414794921875 188.24981689453125 186.0796356201171875 177.2176513671875 182.0310516357421875 187.696929931640625 187.8217620849609375 184.293792724609375 180.4856109619140625 176.1192779541015625 173.6181182861328125 171.9114837646484375 171.1605224609375 169.9410552978515625 165.845703125 163.3200225830078125 170.2041473388671875 174.5828704833984375 176.7891845703125 176.60528564453125 163.950897216796875 144.5740966796875 132.733428955078125 134.249664306640625 139.5222625732421875 154.2442169189453125 166.804412841796875 163.452392578125 160.7330474853515625 164.1221466064453125 168.0739898681640625 169.894256591796875 169.764495849609375 162.9640045166015625
214.003021240234375 211.269775390625 209.13470458984375 206.0321197509765625 202.87872314453125 200.7519073486328125 198.4798431396484375 195.249664306640625 194.3182373046875 192.3118133544921875 190.74005126953125 189.81878662109375 189.467437744140625 181.8568878173828125 182.7012481689453125 185.6316680908203125 188.6212005615234375 189.14044189453125 187.457489013671875 183.6381072998046875 178.5137939453125 173.8885498046875 171.9450531005859375 171.2721710205078125 169.71221923828125 164.25946044921875 164.4611663818359375 164.9837646484375 171.5609283447265625 175.1807861328125 175.812347412109375 173.9831390380859375 162.346435546875 141.321533203125 132.733367919921875 133.8466949462890625 143.0037841796875 162.8511199951171875 163.962646484375 160.733001708984375 161.43402099609375 163.1400909423828125 164.6091766357421875 159.3912200927734375 163.2872772216796875
219.595611572265625 216.99627685546875 213.1662139892578125 208.5299072265625 205.892913818359375 204.051605224609375 201.3919525146484375 197.9766082763671875 196.82562255859375 194.531402587890625 192.86083984375 191.831939697265625 190.8373870849609375 184.0252685546875 188.121856689453125 188.660919189453125 189.1292266845703125 189.55621337890625 189.8552398681640625 188.1800994873046875 184.8844757080078125 178.4824371337890625 172.725555419921875 171.1492919921875 169.47772216796875 165.1681365966796875 164.2595062255859375 165.2056732177734375 168.0643310546875 173.2571258544921875 173.8626861572265625 173.39093017578125 170.25811767578125 150.364959716796875 132.733306884765625 133.364471435546875 138.2673187255859375 158.0881500244140625 162.2498779296875 162.103057861328125 159.0820465087890625 158.212310791015625 158.085662841796875 161.7104034423828125 164.67535400390625
223.6697235107421875 221.175262451171875 217.044464111328125 212.6160736083984375 208.5859527587890625 206.570037841796875 204.393890380859375 202.135833740234375 200.2586212158203125 198.3206329345703125 195.69256591796875 194.309814453125 193.1139984130859375 185.914581298828125 190.1726531982421875 191.0694122314453125 191.1033172607421875 191.294677734375 191.2309112548828125 190.463134765625 187.109344482421875 180.228790283203125 174.57452392578125 171.4419403076171875 169.9523773193359375 167.360595703125 164.2595672607421875 165.2215728759765625 169.196990966796875 171.6841278076171875 171.5983734130859375 170.9276580810546875 169.938629150390625 162.8504638671875 144.452239990234375 132.1859588623046875 134.848846435546875 152.7781524658203125 161.2538604736328125 161.7174835205078125 159.7037811279296875 153.513458251953125 155.8740081787109375 161.812408447265625 162.42364501953125
227.0690460205078125 225.0753631591796875 222.9499359130859375 218.6077423095703125 212.9155731201171875 210.076263427734375 207.6518096923828125 205.8795928955078125 203.764251708984375 201.449249267578125 198.746978759765625 195.605224609375 192.714996337890625 189.166748046875 190.930023193359375 192.1414947509765625 192.0628204345703125 191.9643096923828125 191.935943603515625 191.4938201904296875 188.251953125 180.281341552734375 175.5621337890625 172.4735107421875 169.983978271484375 168.192047119140625 164.739501953125 167.894989013671875 170.361419677734375 170.3529815673828125 169.93115234375 168.6234893798828125 167.296417236328125 165.2069549560546875 153.8463592529296875 132.9345245361328125 132.1859130859375 141.647003173828125 159.0514984130859375 161.231658935546875 161.3508758544921875 157.9444580078125 152.2332305908203125 156.786041259765625 152.2332305908203125
230.6436920166015625 229.1413726806640625 227.1143798828125 223.384521484375 217.4326171875 214.338958740234375 211.16754150390625 208.431060791015625 206.230621337890625 204.2367706298828125 201.8152313232421875 198.427398681640625 195.2373504638671875 194.40179443359375 194.1317138671875 193.86004638671875 193.524871826171875 193.194183349609375 193.0440673828125 192.279998779296875 190.23724365234375 181.2772064208984375 175.6226348876953125 172.603607177734375 169.6834716796875 168.3838348388671875 164.8145904541015625 167.89788818359375 169.689605712890625 169.24749755859375 167.6662445068359375 165.573486328125 163.32391357421875 161.0250701904296875 154.7132110595703125 137.253814697265625 131.97314453125 135.6473236083984375 153.516510009765625 159.1929473876953125 160.7104034423828125 161.35198974609375 156.1826629638671875 152.233184814453125 160.8254547119140625
233.2933502197265625 231.7633514404296875 229.7480010986328125 226.412506103515625 221.7032623291015625 217.35748291015625 213.7203369140625 211.4545745849609375 209.4224395751953125 206.96246337890625 204.1398468017578125 202.214385986328125 198.8202362060546875 196.188812255859375 195.0169830322265625 194.573944091796875 194.28265380859375 193.899658203125 193.501434326171875 192.900543212890625 191.0946807861328125 185.070465087890625 176.0086517333984375 172.208343505859375 169.438507080078125 167.9322509765625 164.81463623046875 167.720794677734375 168.0498809814453125 166.837921142578125 164.8609619140625 162.368011474609375 160.626434326171875 159.0930023193359375 157.8146209716796875 150.5749969482421875 132.5816802978515625 131.9730987548828125 143.8204345703125 155.367340087890625 157.3040008544921875 159.6411590576171875 156.480010986328125 150.161834716796875 160.5189971923828125
235.6744842529296875 232.8514251708984375 230.5164642333984375 227.7838134765625 224.8003997802734375 220.4329681396484375 216.2877044677734375 214.0408172607421875 211.95770263671875 209.5132293701171875 207.0608062744140625 205.5344390869140625 203.501739501953125 199.5360107421875 196.581085205078125 195.1567840576171875 194.70489501953125 194.3035430908203125 192.8332366943359375 192.0797882080078125 190.3335418701171875 185.4943695068359375 175.5031890869140625 171.0835418701171875 168.5166168212890625 165.40960693359375 165.14599609375 167.6127166748046875 166.708251953125 165.0194091796875 162.2853851318359375 160.0700225830078125 159.1304168701171875 158.25311279296875 156.781097412109375 151.4921875 133.4993438720703125 131.96539306640625 137.5318145751953125 151.216217041015625 153.7731781005859375 155.4220428466796875 150.2354278564453125 150.1617889404296875 159.040435791015625
236.7820892333984375 233.6290435791015625 231.2361907958984375 229.6651611328125 226.6647796630859375 222.7830657958984375 218.973968505859375 216.2162322998046875 214.2628173828125 211.95843505859375 209.7919158935546875 207.440216064453125 205.890106201171875 202.7583160400390625 199.9525146484375 197.5836029052734375 194.5595550537109375 193.6583709716796875 193.8694000244140625 192.6853790283203125 191.4478302001953125 188.6793212890625 178.3264923095703125 173.59112548828125 170.094482421875 165.1460418701171875 166.789459228515625 166.664520263671875 165.756072998046875 163.483673095703125 160.50714111328125 158.9266510009765625 158.112548828125 157.2760467529296875 156.0507049560546875 154.763275146484375 141.9965057373046875 131.9653472900390625 132.11724853515625 143.26129150390625 150.64862060546875 151.89862060546875 145.8499603271484375 154.0869293212890625 157.4171905517578125
235.9947052001953125 234.2899932861328125 232.882110595703125 230.4862518310546875 228.188720703125 225.1812286376953125 221.5428619384765625 218.667999267578125 216.0625 214.2559661865234375 212.54931640625 210.197540283203125 207.7770843505859375 206.1255950927734375 203.2996368408203125 200.8232879638671875 198.0099639892578125 196.3325042724609375 193.9748382568359375 192.124664306640625 190.823486328125 188.259429931640625 181.8825531005859375 176.27801513671875 171.42254638671875 166.4644927978515625 166.264312744140625 166.4201202392578125 165.131439208984375 162.3336944580078125 159.684234619140625 158.5058746337890625 157.58929443359375 156.6490478515625 155.8249664306640625 154.9539337158203125 153.326568603515625 144.0402374267578125 131.5797882080078125 132.519866943359375 144.146514892578125 145.1714019775390625 139.5181427001953125 151.081695556640625 153.696929931640625
236.5870513916015625 234.540863037109375 233.3533477783203125 230.926361083984375 229.12921142578125 226.82391357421875 223.90386962890625 221.621002197265625 218.288848876953125 216.277191162109375 215.06103515625 213.1006317138671875 210.6491851806640625 208.6092529296875 205.8692779541015625 203.0956573486328125 202.7728729248046875 200.0214385986328125 194.90460205078125 191.93011474609375 191.1585235595703125 190.6391143798828125 186.3167877197265625 180.1002655029296875 174.5737762451171875 169.8828582763671875 164.76171875 166.02105712890625 164.64398193359375 161.28668212890625 158.61962890625 157.77850341796875 156.9929656982421875 156.2371368408203125 155.57708740234375 154.326385498046875 153.195343017578125 151.2151031494140625 138.8541107177734375 130.6141357421875 132.625335693359375 134.9026336669921875 143.265045166015625 149.8614044189453125 152.2711181640625
237.314453125 234.9645233154296875 233.6582794189453125 231.322998046875 229.3302001953125 227.563385009765625 225.4380340576171875 223.392242431640625 220.93438720703125 218.47674560546875 217.136932373046875 215.5601654052734375 213.4271240234375 209.4964752197265625 203.095703125 206.207672119140625 204.4395751953125 202.0149993896484375 194.3733367919921875 191.8664093017578125 191.1446685791015625 190.55914306640625 187.175048828125 183.8471527099609375 177.7656097412109375 172.936676025390625 166.9197998046875 164.2280120849609375 164.2257232666015625 160.725677490234375 158.41180419921875 157.6233978271484375 156.683380126953125 155.95184326171875 155.05804443359375 153.77203369140625 152.9206085205078125 151.1076202392578125 146.1728973388671875 134.3219146728515625 130.6140899658203125 137.59674072265625 147.4269866943359375 147.9666748046875 149.756317138671875
