gis/40m/processed_dem.asc
ncols        256
nrows        286
xllcorner    726766.000000000000
yllcorner    7127230.000000000000
cellsize     40.000000000000
NODATA_value -9999
[rows 80 to 99 of 286, columns 45 to 89 of 256]
306.220245361328125 309.40325927734375 310.682769775390625 314.055755615234375 319.244354248046875 -9999 -9999 -9999 -9999 -9999 -9999 -9999 325.27166748046875 323.796478271484375 324.194122314453125 323.215728759765625 323.078521728515625 322.587127685546875 321.005706787109375 319.8507080078125 319.2218017578125 318.291778564453125 317.175567626953125 316.0030517578125 315.08392333984375 313.37677001953125 310.348114013671875 307.156768798828125 304.513641357421875 302.661407470703125 300.52685546875 297.714141845703125 298.040435791015625 298.3360595703125 298.808502197265625 300.319122314453125 298.724884033203125 298.073638916015625 297.33642578125 295.974273681640625 296.121551513671875 295.408447265625 294.91259765625 292.92913818359375 293.294677734375
305.44140625 308.013214111328125 309.9190673828125 311.746826171875 318.435272216796875 321.383514404296875 -9999 -9999 -9999 -9999 -9999 324.80950927734375 324.994903564453125 323.274932861328125 322.155548095703125 321.549224853515625 320.797027587890625 320.5072021484375 319.844024658203125 318.740020751953125 317.60760498046875 316.74066162109375 315.746917724609375 314.52862548828125 313.744140625 311.96221923828125 309.971527099609375 306.685638427734375 303.743896484375 301.649261474609375 300.13427734375 298.912261962890625 296.023590087890625 296.374725341796875 296.48626708984375 297.466339111328125 297.446258544921875 296.339324951171875 295.734649658203125 295.48065185546875 296.36883544921875 295.0811767578125 293.41278076171875 293.115325927734375 291.684844970703125
303.122406005859375 304.197479248046875 307.443359375 310.465576171875 313.918487548828125 320.642974853515625 323.0634765625 -9999 -9999 -9999 324.8681640625 324.620635986328125 323.615966796875 322.449066162109375 320.365325927734375 320.73895263671875 319.8519287109375 318.641021728515625 317.818206787109375 317.176605224609375 316.06158447265625 314.112945556640625 314.325225830078125 313.24542236328125 312.012908935546875 310.870330810546875 309.018524169921875 306.23358154296875 303.479583740234375 300.817291259765625 299.443023681640625 298.06231689453125 296.97320556640625 294.21661376953125 295.298309326171875 295.589599609375 297.055908203125 295.5625 294.811492919921875 294.268646240234375 294.66387939453125 293.753814697265625 292.604461669921875 292.357452392578125 292.198699951171875
299.83184814453125 303.49078369140625 306.955322265625 309.426177978515625 312.622894287109375 316.838043212890625 323.563079833984375 -9999 -9999 324.652557373046875 324.144744873046875 324.260589599609375 323.471405029296875 322.921417236328125 320.49017333984375 318.811279296875 318.718536376953125 317.468475341796875 316.242919921875 315.261627197265625 313.395782470703125 311.8309326171875 313.054290771484375 311.83453369140625 310.488677978515625 309.682708740234375 307.971832275390625 305.959991455078125 303.026947021484375 300.21392822265625 298.274566650390625 297.0374755859375 295.830963134765625 293.475494384765625 294.70556640625 294.84259033203125 296.309783935546875 295.734222412109375 294.377166748046875 293.20550537109375 292.762725830078125 292.400970458984375 292.291473388671875 291.811737060546875 291.679534912109375
303.976409912109375 307.3851318359375 311.992706298828125 311.78753662109375 313.167205810546875 315.96514892578125 321.104705810546875 331.251800537109375 -9999 327.40948486328125 326.0924072265625 325.57861328125 324.1348876953125 323.693206787109375 321.733428955078125 319.79876708984375 317.065155029296875 315.84185791015625 314.11578369140625 312.81585693359375 311.8309326171875 312.365936279296875 311.721923828125 310.5736083984375 309.480377197265625 308.143646240234375 306.92657470703125 305.240142822265625 302.623291015625 299.742095947265625 297.00689697265625 295.4842529296875 293.9901123046875 291.793365478515625 293.952728271484375 294.237640380859375 293.423492431640625 294.309417724609375 294.006927490234375 293.190032958984375 292.344024658203125 291.971771240234375 291.6473388671875 291.380950927734375 290.32635498046875
305.8453369140625 309.500946044921875 313.1409912109375 314.19281005859375 315.829833984375 319.317413330078125 317.977447509765625 322.99884033203125 329.313446044921875 329.24920654296875 328.1441650390625 328.458770751953125 326.06951904296875 324.21917724609375 321.130584716796875 319.25921630859375 317.594573974609375 316.279510498046875 314.41253662109375 312.75567626953125 310.74176025390625 309.982391357421875 310.008575439453125 308.924072265625 307.899688720703125 306.813720703125 305.573333740234375 303.9605712890625 302.15087890625 299.04022216796875 295.6097412109375 293.245880126953125 292.45037841796875 290.72369384765625 290.30169677734375 291.4932861328125 291.91424560546875 292.817138671875 296.27789306640625 294.89434814453125 292.61077880859375 291.471710205078125 291.207550048828125 290.961029052734375 290.031982421875
306.118438720703125 308.1416015625 310.61199951171875 312.65679931640625 316.434906005859375 320.6043701171875 320.738677978515625 321.783935546875 326.430023193359375 329.8277587890625 329.26409912109375 328.140533447265625 325.978424072265625 324.88092041015625 321.2242431640625 318.609100341796875 316.91973876953125 315.9569091796875 313.894775390625 312.278778076171875 310.53961181640625 307.9984130859375 306.709625244140625 306.546844482421875 305.5609130859375 304.805023193359375 303.73956298828125 302.263153076171875 300.624237060546875 297.813232421875 295.10308837890625 292.854827880859375 292.144439697265625 291.606842041015625 290.963714599609375 289.178314208984375 290.319854736328125 291.453369140625 293.812530517578125 293.32720947265625 292.080780029296875 289.69976806640625 290.736846923828125 289.478302001953125 289.492462158203125
305.85943603515625 307.801239013671875 309.699188232421875 310.673431396484375 313.56781005859375 317.259185791015625 319.672943115234375 320.1826171875 323.9954833984375 328.475372314453125 330.680938720703125 329.5472412109375 327.348480224609375 325.8167724609375 322.199554443359375 319.678985595703125 317.487579345703125 315.6280517578125 313.326812744140625 311.132110595703125 308.618988037109375 306.84747314453125 304.140625 303.819915771484375 302.914794921875 302.297271728515625 301.62457275390625 300.722991943359375 299.054443359375 296.83099365234375 294.8304443359375 294.0943603515625 291.898040771484375 290.99365234375 290.67877197265625 290.005126953125 287.35174560546875 289.28778076171875 289.88616943359375 289.874908447265625 288.78253173828125 288.8912353515625 289.772979736328125 288.740570068359375 288.93988037109375
306.203277587890625 308.601593017578125 310.606536865234375 311.172515869140625 311.69964599609375 313.9847412109375 317.043609619140625 319.248931884765625 320.1187744140625 325.8074951171875 330.093902587890625 330.899566650390625 329.501251220703125 326.94915771484375 323.696014404296875 322.210235595703125 319.31622314453125 315.966583251953125 312.236572265625 309.843536376953125 305.71820068359375 304.92095947265625 301.985198974609375 300.6796875 300.447967529296875 299.7115478515625 299.628265380859375 298.96063232421875 297.576873779296875 295.892974853515625 293.920867919921875 292.80908203125 291.509765625 290.034088134765625 289.358001708984375 287.0794677734375 286.8922119140625 288.566925048828125 288.858001708984375 289.013641357421875 288.135650634765625 289.993865966796875 289.428497314453125 289.0174560546875 287.94598388671875
305.025115966796875 307.34942626953125 310.94140625 312.3717041015625 311.98919677734375 314.065399169921875 316.64764404296875 318.414764404296875 318.931304931640625 321.2958984375 326.93408203125 329.729705810546875 330.09051513671875 328.493621826171875 325.929229736328125 323.50421142578125 319.796661376953125 315.335052490234375 312.143035888671875 309.51495361328125 306.141357421875 302.517974853515625 301.041168212890625 299.052398681640625 297.236358642578125 297.397247314453125 297.217193603515625 296.8104248046875 296.1392822265625 294.731536865234375 292.73272705078125 291.17108154296875 289.9808349609375 289.291900634765625 288.565765380859375 286.91619873046875 286.89215087890625 288.127105712890625 288.27044677734375 288.2825927734375 287.3203125 287.413604736328125 288.743988037109375 288.298736572265625 287.417938232421875
299.766876220703125 305.309722900390625 311.591552734375 314.3861083984375 312.252838134765625 313.78936767578125 314.54595947265625 315.3843994140625 317.143341064453125 317.9764404296875 323.679229736328125 326.713623046875 328.626068115234375 328.1759033203125 326.46282958984375 322.6546630859375 319.178314208984375 315.46673583984375 312.298095703125 308.639312744140625 305.78619384765625 303.32769775390625 300.461273193359375 298.2344970703125 296.116119384765625 294.28192138671875 294.631561279296875 293.746490478515625 293.6463623046875 293.118011474609375 291.5321044921875 290.272674560546875 289.3023681640625 288.52532958984375 288.0286865234375 287.739532470703125 286.510955810546875 287.427001953125 287.43536376953125 287.525543212890625 287.8385009765625 286.84088134765625 287.635772705078125 287.472808837890625 286.217987060546875
296.684478759765625 302.415008544921875 308.095458984375 313.091583251953125 313.213043212890625 312.56610107421875 313.433074951171875 315.7978515625 317.1700439453125 318.1829833984375 319.906402587890625 322.919158935546875 325.78692626953125 327.617828369140625 325.525177001953125 322.687408447265625 319.939697265625 316.58935546875 312.8201904296875 308.46881103515625 305.279937744140625 302.877593994140625 300.943359375 298.677337646484375 295.366943359375 293.638885498046875 292.41412353515625 292.765960693359375 292.28985595703125 291.772430419921875 290.829742431640625 289.65948486328125 288.369140625 287.63446044921875 287.29742431640625 287.284454345703125 286.11639404296875 286.96588134765625 286.952392578125 286.988861083984375 287.275604248046875 286.776519775390625 286.02178955078125 286.73919677734375 285.222412109375
290.19091796875 297.011260986328125 301.547515869140625 304.557342529296875 307.345489501953125 308.086090087890625 309.032257080078125 313.830810546875 316.519989013671875 319.066864013671875 317.95849609375 319.01837158203125 322.5689697265625 324.220428466796875 323.696441650390625 322.341552734375 320.54168701171875 317.498046875 313.658905029296875 309.560791015625 305.57269287109375 302.42340087890625 299.926483154296875 297.510345458984375 296.124755859375 294.475494384765625 291.334930419921875 291.884857177734375 291.534210205078125 291.146331787109375 290.563995361328125 289.326934814453125 288.013214111328125 287.029388427734375 285.197235107421875 286.74749755859375 285.71856689453125 285.57537841796875 286.587554931640625 286.647247314453125 286.49896240234375 287.214080810546875 286.157012939453125 285.464263916015625 284.782989501953125
284.880767822265625 288.422515869140625 291.68145751953125 296.643646240234375 300.349700927734375 303.0428466796875 305.100006103515625 309.7152099609375 315.67974853515625 318.50860595703125 318.115478515625 317.95843505859375 320.410125732421875 322.0447998046875 322.372344970703125 321.224365234375 319.1116943359375 316.4801025390625 313.93865966796875 310.788970947265625 307.009613037109375 302.631378173828125 299.3680419921875 295.795745849609375 293.722808837890625 293.36920166015625 290.61822509765625 289.582977294921875 290.350921630859375 290.18878173828125 290.398468017578125 289.2344970703125 287.61956787109375 286.52191162109375 284.587127685546875 284.9583740234375 286.44854736328125 285.111328125 286.0963134765625 287.207733154296875 286.0677490234375 286.614471435546875 288.7191162109375 286.672637939453125 284.961151123046875
281.615570068359375 283.139068603515625 288.526214599609375 295.74609375 303.6724853515625 304.318115234375 305.120697021484375 310.151947021484375 315.037109375 316.582122802734375 317.231964111328125 316.98382568359375 318.684051513671875 321.35382080078125 319.998016357421875 318.83648681640625 317.211090087890625 315.635772705078125 313.636383056640625 310.580657958984375 306.910430908203125 302.8656005859375 298.65899658203125 296.018310546875 294.437774658203125 290.822418212890625 289.49761962890625 288.513031005859375 287.96673583984375 288.971649169921875 289.469879150390625 289.063262939453125 287.36065673828125 285.94873046875 285.140716552734375 283.768890380859375 285.259918212890625 284.545745849609375 285.5838623046875 285.882537841796875 285.58135986328125 285.506378173828125 285.432647705078125 285.197967529296875 284.88787841796875
271.3592529296875 279.175079345703125 289.4599609375 298.73931884765625 305.174774169921875 304.0130615234375 305.89727783203125 308.7406005859375 311.230194091796875 312.270538330078125 315.3626708984375 317.918670654296875 317.93865966796875 319.644378662109375 318.998565673828125 317.59869384765625 316.779083251953125 316.025909423828125 314.19677734375 312.040435791015625 309.32464599609375 305.8682861328125 301.221221923828125 298.141571044921875 294.979888916015625 291.98736572265625 288.352508544921875 288.415618896484375 286.656585693359375 287.630218505859375 287.816162109375 287.965667724609375 287.1038818359375 285.6949462890625 284.661346435546875 283.507568359375 283.859619140625 284.11712646484375 285.306182861328125 285.398651123046875 285.399322509765625 285.283050537109375 285.16607666015625 285.059722900390625 284.65234375
267.844085693359375 275.7113037109375 288.78369140625 296.708343505859375 302.757781982421875 302.981903076171875 306.580291748046875 305.00848388671875 308.72686767578125 311.753082275390625 315.185211181640625 320.542510986328125 321.105072021484375 322.083160400390625 322.723785400390625 321.13433837890625 320.436248779296875 318.9813232421875 316.8179931640625 314.85943603515625 312.43255615234375 308.525909423828125 305.48468017578125 302.1656494140625 298.243743896484375 292.764404296875 287.515533447265625 285.2960205078125 284.688690185546875 284.558135986328125 285.721160888671875 286.1280517578125 286.13092041015625 285.3353271484375 283.260009765625 283.119140625 284.426605224609375 284.65667724609375 285.124908447265625 285.379669189453125 285.27337646484375 285.19036865234375 285.08660888671875 284.957275390625 284.700653076171875
264.51202392578125 270.3004150390625 280.6361083984375 287.4423828125 295.7254638671875 301.758331298828125 306.406280517578125 302.4754638671875 311.43597412109375 311.4442138671875 313.861602783203125 323.600250244140625 325.3787841796875 327.46630859375 329.976959228515625 329.744293212890625 327.67572021484375 324.4420166015625 320.95361328125 317.423004150390625 314.995635986328125 311.3868408203125 309.498138427734375 306.788330078125 302.8154296875 296.7867431640625 289.844879150390625 284.79595947265625 282.35540771484375 282.30194091796875 283.438568115234375 283.694305419921875 284.211517333984375 284.321258544921875 282.55908203125 282.412017822265625 283.56890869140625 283.855712890625 284.90277099609375 285.9029541015625 285.091094970703125 285.096038818359375 285.115936279296875 285.144195556640625 285.014678955078125
261.522552490234375 265.900634765625 274.5264892578125 281.18408203125 288.89642333984375 295.066192626953125 293.3372802734375 296.84979248046875 307.313262939453125 308.193572998046875 310.004638671875 319.543212890625 324.9805908203125 329.467132568359375 335.694122314453125 336.71600341796875 334.350128173828125 330.796905517578125 325.2720947265625 319.913665771484375 316.76385498046875 314.37213134765625 311.846649169921875 310.55859375 308.4100341796875 303.691131591796875 296.37017822265625 287.609619140625 283.10028076171875 280.334503173828125 279.673492431640625 280.8109130859375 281.3009033203125 282.821990966796875 283.034271240234375 281.35968017578125 282.18292236328125 282.520416259765625 284.260009765625 285.092010498046875 284.939849853515625 284.85650634765625 285.9356689453125 288.674346923828125 290.22845458984375
258.883758544921875 262.725311279296875 268.498992919921875 276.83648681640625 281.020416259765625 278.627471923828125 286.17559814453125 291.174896240234375 294.877716064453125 300.82562255859375 308.279296875 313.30841064453125 321.34136962890625 324.777435302734375 334.39837646484375 337.46112060546875 336.43402099609375 333.289703369140625 327.5692138671875 323.01690673828125 318.75604248046875 318.214569091796875 315.893402099609375 312.6285400390625 311.39794921875 308.628814697265625 303.806732177734375 294.11944580078125 286.09075927734375 281.546112060546875 277.95697021484375 278.23797607421875 278.8585205078125 280.357208251953125 281.58953857421875 280.074798583984375 280.529083251953125 280.74822998046875 282.338958740234375 283.87054443359375 284.74847412109375 284.586090087890625 285.8341064453125 289.936492919921875 292.772979736328125
