gis/40m/processed_dem.asc
ncols        256
nrows        286
xllcorner    726766.000000000000
yllcorner    7127230.000000000000
cellsize     40.000000000000
NODATA_value -9999
[rows 180 to 199 of 286, columns 135 to 179 of 256]
178.0685577392578125 177.9061279296875 177.9902191162109375 178.1612548828125 178.3030548095703125 178.402740478515625 178.4620208740234375 178.4405364990234375 178.2595062255859375 177.968719482421875 177.760955810546875 177.62158203125 177.3715667724609375 177.16156005859375 176.899688720703125 176.6720123291015625 172.2552947998046875 158.904876708984375 161.526702880859375 170.4331817626953125 175.678375244140625 175.5258331298828125 175.2342376708984375 173.4599609375 167.8200225830078125 169.07171630859375 172.042572021484375 174.2882232666015625 174.33837890625 173.126861572265625 177.741546630859375 179.344024658203125 180.532958984375 183.33148193359375 184.618896484375 185.2250213623046875 186.54498291015625 188.3730621337890625 189.98297119140625 191.8368682861328125 192.3844757080078125 190.3964080810546875 190.22589111328125 192.07598876953125 193.92022705078125
178.3886871337890625 178.3162841796875 178.34979248046875 178.33935546875 178.3597412109375 178.4183807373046875 178.48748779296875 178.5084381103515625 178.500885009765625 178.12628173828125 177.904449462890625 177.6261749267578125 177.340576171875 177.0163116455078125 176.701416015625 176.523651123046875 175.40509033203125 163.5828704833984375 158.904815673828125 158.9047698974609375 166.414154052734375 173.7332305908203125 174.8884429931640625 174.22235107421875 169.827117919921875 164.1423187255859375 172.943695068359375 172.23602294921875 171.7212982177734375 169.0539398193359375 173.6890869140625 175.340667724609375 178.0408935546875 180.0626068115234375 181.18048095703125 181.9180755615234375 182.925933837890625 184.945037841796875 187.1374359130859375 188.94622802734375 190.365386962890625 188.7152252197265625 188.2449493408203125 189.6355133056640625 192.3317413330078125
178.576507568359375 178.4952239990234375 178.5112457275390625 178.550048828125 178.5001068115234375 178.5057525634765625 178.508209228515625 178.5032196044921875 178.52484130859375 178.1905670166015625 177.8955841064453125 177.589019775390625 177.335052490234375 176.9151153564453125 176.5897064208984375 176.209930419921875 176.034393310546875 175.314971923828125 170.1303253173828125 164.60137939453125 158.9047088623046875 158.9046478271484375 166.1397857666015625 170.0000152587890625 170.628936767578125 159.7259063720703125 169.52099609375 168.0670318603515625 171.7704925537109375 165.3305511474609375 169.0266571044921875 171.2580108642578125 174.3899383544921875 175.9803314208984375 177.2639617919921875 177.4450531005859375 177.43701171875 180.8820343017578125 184.2061309814453125 185.950775146484375 187.7869110107421875 187.7588348388671875 186.402679443359375 187.5625457763671875 189.7218170166015625
178.68304443359375 178.57861328125 178.5719146728515625 178.624542236328125 178.6403045654296875 178.6167449951171875 178.49517822265625 178.328094482421875 178.3025665283203125 178.2645416259765625 177.8740692138671875 177.5848846435546875 177.29583740234375 176.81219482421875 176.3620758056640625 176.0453948974609375 175.9437255859375 175.816314697265625 175.379974365234375 175.041168212890625 171.1318511962890625 163.4066314697265625 158.9045867919921875 158.37982177734375 157.7969512939453125 157.7968902587890625 157.796844482421875 160.3526153564453125 164.751922607421875 160.5632781982421875 163.6010589599609375 168.4406890869140625 169.4028472900390625 171.585205078125 171.59002685546875 171.35357666015625 174.426116943359375 177.9423675537109375 181.1360626220703125 183.2577362060546875 184.8163909912109375 184.840087890625 184.128692626953125 185.6903839111328125 187.68170166015625
178.5908966064453125 178.5880584716796875 178.626678466796875 178.7289886474609375 178.60260009765625 178.590728759765625 178.5121307373046875 178.3033447265625 178.2174072265625 178.203277587890625 177.7584228515625 177.50372314453125 177.091094970703125 176.608978271484375 176.182708740234375 175.9746551513671875 175.6649169921875 175.3659820556640625 174.97320556640625 174.7380523681640625 174.329620361328125 173.9734649658203125 173.39697265625 172.123321533203125 170.8511962890625 168.8441314697265625 158.994842529296875 157.7220611572265625 156.3299407958984375 155.9395751953125 161.3299713134765625 169.13702392578125 164.9295501708984375 171.185455322265625 165.96099853515625 169.072357177734375 173.2009124755859375 173.329986572265625 177.65277099609375 179.8977508544921875 180.815521240234375 181.4477081298828125 180.709320068359375 182.1334686279296875 185.93487548828125
178.2732696533203125 178.3006591796875 178.500244140625 178.5561065673828125 178.365142822265625 178.3682708740234375 178.4066162109375 178.2981109619140625 178.1743927001953125 177.9644622802734375 177.6002197265625 177.3158416748046875 176.8148040771484375 176.364013671875 176.0248260498046875 175.5717315673828125 175.2888336181640625 174.913543701171875 174.321502685546875 174.000030517578125 173.8982086181640625 173.7081298828125 173.3661346435546875 172.96612548828125 172.6329498291015625 172.32354736328125 171.573822021484375 171.285980224609375 169.7120513916015625 162.706787109375 155.9395294189453125 155.9394683837890625 161.1443023681640625 167.62225341796875 161.8961944580078125 167.408905029296875 170.1492919921875 169.813079833984375 172.815032958984375 175.4771881103515625 174.7295379638671875 174.6821746826171875 174.9604949951171875 178.269622802734375 182.3993682861328125
177.9008331298828125 177.853729248046875 178.080230712890625 178.126251220703125 178.111358642578125 178.2632598876953125 178.2621917724609375 178.1742401123046875 177.9599151611328125 177.6515655517578125 177.4608917236328125 176.9275665283203125 176.5021209716796875 176.1065216064453125 175.8585357666015625 175.306365966796875 175.115020751953125 174.568328857421875 173.90997314453125 173.5446319580078125 173.3914642333984375 172.0905914306640625 172.9819488525390625 172.6869354248046875 172.3686981201171875 172.1165313720703125 171.8426361083984375 171.6806640625 171.5630035400390625 171.357635498046875 168.2758941650390625 158.887420654296875 155.3687744140625 155.3687286376953125 158.4716339111328125 167.2656402587890625 165.526458740234375 165.076995849609375 168.29791259765625 170.9789886474609375 168.9503021240234375 167.731353759765625 170.1694488525390625 174.015411376953125 177.8632965087890625
177.543212890625 177.4416351318359375 177.5742034912109375 177.367584228515625 177.5107879638671875 177.949493408203125 178.03289794921875 177.7654266357421875 177.6090240478515625 177.3910980224609375 177.16534423828125 176.5764923095703125 176.13037109375 175.93408203125 175.4166412353515625 175.076324462890625 174.79913330078125 174.004058837890625 173.5757293701171875 173.4316558837890625 173.0209197998046875 171.7614288330078125 171.6426849365234375 172.4377288818359375 172.15325927734375 171.92132568359375 171.682708740234375 171.50762939453125 171.359466552734375 171.2625885009765625 171.1211395263671875 170.4841766357421875 165.8301544189453125 157.2514190673828125 155.3686676025390625 155.3686065673828125 157.1928253173828125 162.301239013671875 168.2874603271484375 169.5966644287109375 164.7986602783203125 160.142730712890625 164.229339599609375 169.9251251220703125 173.1074981689453125
176.74627685546875 176.5242767333984375 176.75067138671875 177.2386322021484375 177.74835205078125 177.9280242919921875 177.81463623046875 177.5980987548828125 177.291015625 176.9058837890625 176.6382293701171875 176.165252685546875 175.9661102294921875 175.5731201171875 175.0625152587890625 174.83953857421875 174.121978759765625 173.6297607421875 173.348388671875 173.1294097900390625 172.914581298828125 172.67877197265625 171.475555419921875 172.3159637451171875 172.0565338134765625 171.8153533935546875 171.535675048828125 171.2942962646484375 171.1968994140625 171.012298583984375 170.79888916015625 170.6334228515625 170.48614501953125 169.5824432373046875 165.9805908203125 159.308319091796875 155.3685455322265625 159.3330078125 163.529510498046875 168.3896484375 159.3126373291015625 158.5494842529296875 166.5184783935546875 169.4001922607421875 169.9812164306640625
176.4822540283203125 175.7802581787109375 177.039306640625 177.43951416015625 177.61578369140625 177.639129638671875 177.555206298828125 177.1735687255859375 176.8666229248046875 176.5464019775390625 176.4114990234375 176.059814453125 175.7420654296875 175.0616607666015625 174.6812744140625 174.2775726318359375 172.667022705078125 172.2209320068359375 171.9806976318359375 172.8229217529296875 172.4486236572265625 170.8819580078125 171.0152740478515625 172.25628662109375 171.91009521484375 171.5947418212890625 171.2912750244140625 171.1085662841796875 171.00030517578125 170.7598876953125 170.4151763916015625 170.2918701171875 170.271484375 169.9809417724609375 169.78009033203125 169.4749603271484375 165.0727081298828125 155.368499755859375 153.7499542236328125 158.1820526123046875 156.4632720947265625 167.235260009765625 168.308135986328125 168.2430572509765625 168.181549072265625
175.78021240234375 175.8968353271484375 177.38629150390625 177.487030029296875 177.4417877197265625 177.23492431640625 176.9251861572265625 176.6509246826171875 176.3993072509765625 176.1630096435546875 176.0001373291015625 175.7609405517578125 175.20745849609375 174.8781585693359375 173.4154510498046875 172.93402099609375 172.5303192138671875 173.036651611328125 171.6968841552734375 171.4634552001953125 172.1689910888671875 170.700225830078125 171.92803955078125 171.8372344970703125 171.68255615234375 171.3113250732421875 171.0802154541015625 170.8950347900390625 170.7274932861328125 170.5256500244140625 170.04022216796875 169.94244384765625 169.952545166015625 169.7671356201171875 169.5274810791015625 169.28131103515625 169.0264739990234375 168.2982940673828125 161.417266845703125 153.7498931884765625 160.778778076171875 167.96014404296875 167.830780029296875 167.5885772705078125 167.3880157470703125
175.7801513671875 177.2239837646484375 177.281005859375 177.2421875 176.8514404296875 176.640777587890625 176.5940704345703125 176.30438232421875 176.02301025390625 175.8534698486328125 175.5551300048828125 175.266876220703125 174.9232025146484375 174.6290740966796875 174.0465240478515625 173.5749664306640625 172.9688720703125 172.5095977783203125 172.3055419921875 171.1492462158203125 171.8411712646484375 170.5712432861328125 171.660186767578125 171.3733062744140625 171.2764892578125 171.0751190185546875 170.7576141357421875 170.524200439453125 170.40728759765625 170.3301544189453125 168.7477264404296875 169.6752471923828125 169.695220947265625 169.5159759521484375 169.2866668701171875 169.093017578125 168.89501953125 168.693603515625 168.3664703369140625 159.61126708984375 153.749847412109375 167.1657562255859375 167.48394775390625 167.2225341796875 166.984375
176.9409637451171875 176.8809051513671875 176.7272796630859375 176.556549072265625 176.4209442138671875 176.2790679931640625 176.09393310546875 175.723785400390625 175.4289398193359375 175.2324981689453125 175.071441650390625 174.9734344482421875 174.847747802734375 174.188568115234375 173.5511322021484375 173.0922088623046875 172.5966339111328125 172.2106475830078125 172.0208892822265625 170.784271240234375 170.4308013916015625 170.3969268798828125 171.2848968505859375 171.039154052734375 170.83856201171875 170.7867431640625 170.4454193115234375 170.2146453857421875 170.28717041015625 170.27239990234375 168.5946807861328125 169.5372314453125 169.649627685546875 169.4450836181640625 169.12567138671875 168.95025634765625 168.69342041015625 168.4101104736328125 168.15301513671875 166.322021484375 153.749786376953125 161.5508270263671875 167.1619873046875 166.9781036376953125 166.75115966796875
175.8321075439453125 176.2923126220703125 176.0821075439453125 175.9794464111328125 175.857940673828125 175.584564208984375 175.2389984130859375 174.8702850341796875 174.6711273193359375 174.6461944580078125 174.6601104736328125 174.6705780029296875 174.5057525634765625 173.7131195068359375 173.308013916015625 172.729217529296875 172.3928375244140625 172.0573272705078125 171.744415283203125 171.525390625 169.9109039306640625 170.1271820068359375 169.9873199462890625 170.7166290283203125 170.4275360107421875 170.2306365966796875 169.8712921142578125 169.840911865234375 169.996673583984375 169.741058349609375 168.33642578125 168.3651123046875 169.5980072021484375 169.3612213134765625 169.0379180908203125 168.773345947265625 168.4698333740234375 168.102264404296875 167.887786865234375 165.6580352783203125 153.749725341796875 159.7183837890625 166.9182281494140625 166.7514495849609375 166.4912872314453125
170.8095703125 172.985931396484375 174.5627899169921875 175.307373046875 175.02685546875 174.87139892578125 174.702789306640625 174.269989013671875 174.054443359375 174.111328125 174.34515380859375 174.3151092529296875 173.790740966796875 173.292877197265625 172.996490478515625 172.394317626953125 172.0273284912109375 171.6945343017578125 171.413299560546875 171.2145538330078125 171.129852294921875 169.910858154296875 169.6442413330078125 169.3985137939453125 168.3474273681640625 169.4340667724609375 169.21697998046875 169.3779754638671875 169.4338226318359375 168.3365936279296875 168.3363800048828125 169.457916259765625 169.40252685546875 169.137451171875 168.9777374267578125 168.6979827880859375 168.2673187255859375 167.9011077880859375 167.381011962890625 159.7424774169921875 153.749664306640625 165.34442138671875 166.749481201171875 166.4756317138671875 166.2173919677734375
162.195648193359375 166.1085357666015625 169.5573272705078125 172.647247314453125 174.447723388671875 174.67388916015625 174.3837127685546875 174.0162353515625 173.99041748046875 174.1732177734375 174.2417755126953125 173.8133544921875 173.320587158203125 172.9954833984375 172.565277099609375 171.853485107421875 171.390411376953125 171.14862060546875 170.91387939453125 170.89849853515625 170.8902587890625 170.630584716796875 170.2900238037109375 169.7473602294921875 168.3474273681640625 167.968231201171875 168.77197265625 168.983245849609375 168.97113037109375 167.042999267578125 168.8440704345703125 169.0304718017578125 169.10595703125 168.98992919921875 168.83880615234375 168.50811767578125 168.107147216796875 167.7035980224609375 166.041473388671875 153.7496185302734375 159.8424072265625 166.8556671142578125 166.6573333740234375 166.3681640625 165.949188232421875
156.476898193359375 156.476837158203125 158.30218505859375 166.014404296875 171.80072021484375 173.9545745849609375 173.902984619140625 172.226470947265625 174.002960205078125 173.9953765869140625 173.7192535400390625 173.326141357421875 172.978546142578125 172.514129638671875 171.7881011962890625 171.0640869140625 170.873077392578125 170.823974609375 170.6620941162109375 170.672515869140625 170.4912109375 170.1183319091796875 169.556976318359375 169.139251708984375 168.8255767822265625 167.6757354736328125 167.587371826171875 168.658416748046875 167.4933319091796875 167.0429534912109375 168.33416748046875 168.7242889404296875 168.8576507568359375 168.7479705810546875 168.6412353515625 168.331329345703125 167.8139190673828125 167.418731689453125 165.7762908935546875 153.1490936279296875 163.74072265625 166.823974609375 166.5466766357421875 166.2069091796875 165.7431793212890625
169.98260498046875 163.438446044921875 156.4767913818359375 156.4767303466796875 156.4766693115234375 169.1889801025390625 170.8053436279296875 172.395416259765625 173.668975830078125 173.5597991943359375 173.07135009765625 172.893646240234375 172.5978546142578125 172.043701171875 171.2877349853515625 170.8062591552734375 169.7122650146484375 169.712158203125 169.4695281982421875 170.2144012451171875 169.7785491943359375 169.6235198974609375 169.255523681640625 168.861785888671875 167.4243927001953125 167.519073486328125 167.5191192626953125 167.560272216796875 166.4056854248046875 165.9084625244140625 167.9792633056640625 168.0987396240234375 168.2743377685546875 168.2879486083984375 168.1312713623046875 167.9407501220703125 167.40106201171875 167.194915771484375 166.8826446533203125 157.4105072021484375 153.1490478515625 164.52850341796875 166.35137939453125 166.0079498291015625 165.7728118896484375
175.12548828125 173.8173980712890625 169.436187744140625 166.2944488525390625 159.379486083984375 156.4766082763671875 162.8356781005859375 172.2527313232421875 173.381439208984375 173.17926025390625 172.81805419921875 172.65179443359375 172.327423095703125 171.65618896484375 171.0751953125 169.800628662109375 169.7122039794921875 170.7302398681640625 170.4739532470703125 168.7028045654296875 169.3575286865234375 169.4256744384765625 169.136322021484375 168.4020843505859375 166.891448974609375 168.547119140625 168.6121368408203125 168.485565185546875 167.36553955078125 163.09210205078125 167.4888458251953125 167.3769378662109375 167.6649169921875 167.838348388671875 167.69097900390625 167.5295867919921875 167.1187744140625 166.8690948486328125 166.723419189453125 166.3993072509765625 156.843536376953125 153.14898681640625 164.570709228515625 166.0544586181640625 165.583984375
176.1068572998046875 174.8152923583984375 173.512603759765625 173.4592437744140625 173.201904296875 160.6838531494140625 156.4765625 172.0613861083984375 173.09637451171875 172.8702850341796875 172.616119384765625 172.36376953125 172.059478759765625 171.4962310791015625 170.9929046630859375 171.0345001220703125 170.8973388671875 170.7858428955078125 170.0611114501953125 168.12744140625 169.31329345703125 169.2553558349609375 168.4645233154296875 166.1323394775390625 164.9144134521484375 168.491668701171875 168.407623291015625 168.27716064453125 167.397247314453125 160.1467132568359375 167.114959716796875 165.934661865234375 167.312652587890625 167.4925384521484375 167.31622314453125 167.1735992431640625 166.780364990234375 166.6240386962890625 166.46197509765625 166.6241302490234375 165.81170654296875 155.6663665771484375 153.14892578125 158.08282470703125 153.1488189697265625
