gis/40m/slope.asc
ncols        256
nrows        286
xllcorner    726766.000000000000
yllcorner    7127230.000000000000
cellsize     40.000000000000
NODATA_value -9999
[rows 152 to 170 of 286, columns 43 to 85 of 256]
0.12977452576160430908 0.20318807661533355713 0.19739949703216552734 0.22001774609088897705 0.11773750931024551392 0.060304474085569381714 0.14240716397762298584 0.074884496629238128662 0.054384019225835800171 0.052750390022993087769 0.054245512932538986206 0.055450350046157836914 0.050932608544826507568 0.04774492606520652771 0.46253931522369384766 0.38418090343475341797 0.72031307220458984375 2.096500396728515625 4.0780386924743652344 4.7421817779541015625 5.0765652656555175781 5.1627817153930664062 2.5610890388488769531 6.8278741836547851562 2.7892365455627441406 1.1702513694763183594 2.448589324951171875 3.0473499298095703125 3.2896833419799804688 2.3048379421234130859 3.2178730964660644531 3.9060552120208740234 4.3033518791198730469 3.9100251197814941406 3.2521042823791503906 2.0835168361663818359 2.5702624320983886719 3.0717575550079345703 4.3913793563842773438 5.6136674880981445312 6.1343355178833007812 6.3737268447875976562 6.0066738128662109375
0.26414158940315246582 0.19601373374462127686 0.15269860625267028809 0.12156617641448974609 0.017165141180157661438 0.042907137423753738403 0.099696464836597442627 0.038656108081340789795 0.065433040261268615723 0.061529200524091720581 0.079624228179454803467 0.077205359935760498047 0.057769257575273513794 0.024903543293476104736 0.061337526887655258179 0.13480114936828613281 0.1461181640625 0.72215557098388671875 0.62614411115646362305 1.7433476448059082031 3.4074203968048095703 5.4004950523376464844 1.5519448518753051758 5.232051849365234375 3.8543219566345214844 1.3059241771697998047 3.8892774581909179688 3.2712807655334472656 3.8199522495269775391 1.5746918916702270508 1.952228546142578125 1.5856150388717651367 2.1258804798126220703 2.8380949497222900391 2.0827465057373046875 1.7376116514205932617 2.2837071418762207031 2.2084147930145263672 2.4576156139373779297 3.1388499736785888672 3.40703582763671875 3.6548554897308349609 3.8367247581481933594
0.22439807653427124023 0.22826828062534332275 0.2384637296199798584 0.21648593246936798096 0.14289635419845581055 0.064026623964309692383 0.050779927521944046021 0.026053767651319503784 0.053176719695329666138 0.02866017073392868042 0.034739840775728225708 0.052667252719402313232 0.057541228830814361572 0.051449809223413467407 0.0078670829534530639648 0.055840913206338882446 0.086844280362129211426 0.098818264901638031006 0.019949013367295265198 0.22942952811717987061 2.2457799911499023438 5.4379153251647949219 1.6773142814636230469 3.5493435859680175781 4.8962340354919433594 5.5272798538208007812 5.0165991783142089844 3.971714019775390625 5.5260467529296875 4.7713112831115722656 2.7417321205139160156 1.0481940507888793945 1.8887720108032226562 2.1003069877624511719 2.1511890888214111328 1.9931709766387939453 2.3791642189025878906 2.0052673816680908203 2.0374944210052490234 2.7783062458038330078 2.5833137035369873047 2.6561722755432128906 2.3528847694396972656
0.72840255498886108398 0.80530953407287597656 0.75912034511566162109 0.81956964731216430664 0.32922843098640441895 0.10846395790576934814 0.042294282466173171997 0.1291147768497467041 0.12750536203384399414 0.10799369215965270996 0.076432205736637115479 0.20280577242374420166 0.17868906259536743164 0.23616814613342285156 0.070298619568347930908 0.1168589666485786438 0.097426168620586395264 0.092600680887699127197 0.12823602557182312012 0.28974682092666625977 0.73816239833831787109 4.9815955162048339844 4.488475799560546875 0.54183214902877807617 3.8386099338531494141 6.2045216560363769531 7.1934986114501953125 6.9168906211853027344 6.8839926719665527344 7.009857177734375 6.0925846099853515625 1.4242616891860961914 1.2663886547088623047 1.0683838129043579102 2.8573668003082275391 1.7778780460357666016 2.0346536636352539062 1.8127287626266479492 1.9856990575790405273 2.4031734466552734375 1.9503988027572631836 2.8225200176239013672 2.2370207309722900391
1.9713962078094482422 1.872458338737487793 1.6211473941802978516 1.5304776430130004883 1.1711417436599731445 0.69864344596862792969 0.25690409541130065918 0.21820636093616485596 0.13054415583610534668 0.14815869927406311035 0.23358990252017974854 0.63199782371520996094 0.53793007135391235352 0.65183222293853759766 0.2449166029691696167 0.21347899734973907471 0.17637373507022857666 0.11876650899648666382 0.10880748927593231201 0.17038963735103607178 0.92215371131896972656 2.0470855236053466797 5.6197519302368164062 5.275836944580078125 3.7544257640838623047 4.646167755126953125 4.4246921539306640625 2.2975640296936035156 0.28115734457969665527 3.2282290458679199219 6.5380072593688964844 4.2387104034423828125 2.2969675064086914062 0.73172688484191894531 2.1516804695129394531 1.2780542373657226562 2.0045337677001953125 1.4302453994750976562 1.7706223726272583008 2.0488049983978271484 1.9751664400100708008 2.871242523193359375 3.6786682605743408203
2.9262714385986328125 3.1091277599334716797 3.2238376140594482422 3.3699243068695068359 3.1973929405212402344 3.0468881130218505859 2.4099180698394775391 1.3213820457458496094 0.52613085508346557617 0.10276852548122406006 0.27130529284477233887 0.87412202358245849609 0.53973346948623657227 0.68461495637893676758 0.22945679724216461182 0.17984554171562194824 0.16121987998485565186 0.083227515220642089844 0.04867222905158996582 0.057049766182899475098 0.25195032358169555664 0.60196000337600708008 1.6617928743362426758 4.615631103515625 5.7907528877258300781 6.6588826179504394531 8.8239755630493164062 8.4642934799194335938 5.739841461181640625 0.68910604715347290039 4.8048682212829589844 6.8857836723327636719 7.7094945907592773438 3.7195239067077636719 2.5890796184539794922 1.119166254997253418 1.9189492464065551758 2.1886777877807617188 2.3600006103515625 2.2305560111999511719 2.5629966259002685547 2.8715856075286865234 3.1682507991790771484
0.43147644400596618652 0.42921665310859680176 0.12662586569786071777 1.0931650400161743164 2.1348073482513427734 2.8717999458312988281 3.1193890571594238281 2.9514811038970947266 2.4041450023651123047 1.2091963291168212891 0.69731843471527099609 0.89185351133346557617 0.46543726325035095215 0.70663619041442871094 0.16717398166656494141 0.11052011698484420776 0.17115233838558197021 0.096826463937759399414 0.057621844112873077393 0.081736922264099121094 0.094979420304298400879 0.47408881783485412598 0.59525102376937866211 0.4762827754020690918 0.49704855680465698242 0.79008436203002929688 1.341996312141418457 3.2785756587982177734 6.974925994873046875 5.1851553916931152344 1.922484278678894043 2.3145787715911865234 6.4024224281311035156 5.6520709991455078125 2.2739613056182861328 1.5258823633193969727 1.502501368522644043 2.7463700771331787109 2.9503386020660400391 2.6742022037506103516 2.5496211051940917969 2.40801239013671875 2.073024749755859375
2.6092145442962646484 2.6232118606567382812 2.5539875030517578125 2.3202159404754638672 1.5882327556610107422 0.51000779867172241211 0.9567953944206237793 1.991961359977722168 2.8763737678527832031 2.8418478965759277344 2.0704548358917236328 1.3349312543869018555 0.98775041103363037109 1.0558680295944213867 0.16050745546817779541 0.32242080569267272949 0.37990528345108032227 0.39813756942749023438 0.36040470004081726074 0.27686771750450134277 0.18242660164833068848 0.12767721712589263916 0.10463426262140274048 0.22630546987056732178 0.29435428977012634277 0.40624380111694335938 0.64624190330505371094 0.2908382713794708252 3.6422777175903320312 5.6431908607482910156 5.2798542976379394531 4.2766718864440917969 3.2666900157928466797 6.4150586128234863281 1.3297529220581054688 2.0288927555084228516 1.7687231302261352539 2.6200020313262939453 2.5466454029083251953 2.1052417755126953125 2.1414933204650878906 1.5149869918823242188 1.9535309076309204102
0.80209273099899291992 0.67592072486877441406 1.0426207780838012695 1.5797380208969116211 1.8807823657989501953 1.9536434412002563477 1.6244523525238037109 0.53308099508285522461 0.96147996187210083008 1.9640228748321533203 2.8776545524597167969 2.7956714630126953125 2.6125378608703613281 2.2223720550537109375 1.5483796596527099609 1.0914373397827148438 1.2105110883712768555 1.410027623176574707 1.5549402236938476562 1.5469585657119750977 1.4086765050888061523 1.1776777505874633789 0.89020192623138427734 0.58176833391189575195 0.28237360715866088867 0.071324676275253295898 0.32737529277801513672 0.66690421104431152344 1.2481255531311035156 1.741915583610534668 4.3369474411010742188 5.1687684059143066406 1.8300290107727050781 5.7974028587341308594 4.4668211936950683594 2.6868546009063720703 1.9465707540512084961 2.2760946750640869141 1.9223318099975585938 1.1843748092651367188 2.0411736965179443359 1.7961621284484863281 1.9702130556106567383
0.47408714890480041504 0.47559541463851928711 0.75039505958557128906 0.99887681007385253906 1.0302892923355102539 1.3091546297073364258 1.9115648269653320312 1.7788805961608886719 0.97367388010025024414 0.2839349210262298584 0.96331053972244262695 1.7731279134750366211 2.7128496170043945312 2.8823208808898925781 2.5882997512817382812 1.9599773883819580078 1.3810602426528930664 1.4989548921585083008 1.7822910547256469727 1.8485008478164672852 1.9238563776016235352 1.8458901643753051758 1.6322363615036010742 1.4454571008682250977 1.3507099151611328125 1.1432909965515136719 1.0602034330368041992 1.2012184858322143555 1.5319684743881225586 1.360715031623840332 2.3679969310760498047 5.8252015113830566406 2.0271744728088378906 2.476409912109375 4.0098881721496582031 3.1611127853393554688 1.6413635015487670898 1.6560598611831665039 1.4505028724670410156 1.8325107097625732422 2.5852532386779785156 2.7355568408966064453 2.8608229160308837891
-9999 -9999 0.75046461820602416992 0.96844196319580078125 1.0656533241271972656 0.88976722955703735352 1.1463378667831420898 1.4498865604400634766 1.7265076637268066406 1.77808380126953125 2.0394527912139892578 1.5960364341735839844 0.59451133012771606445 1.1010141372680664062 1.6285620927810668945 2.1225771903991699219 2.2728865146636962891 2.2258999347686767578 2.1521019935607910156 2.4891428947448730469 2.5042510032653808594 2.2979009151458740234 1.7644389867782592773 1.4404246807098388672 1.3562084436416625977 1.6507178544998168945 1.7128511667251586914 1.8097686767578125 1.7382224798202514648 1.473217010498046875 0.78210723400115966797 4.3218445777893066406 3.9854638576507568359 1.4804311990737915039 2.4997618198394775391 2.7614305019378662109 1.5918959379196166992 1.547916412353515625 2.1978640556335449219 2.3930602073669433594 2.9521720409393310547 2.3769435882568359375 2.1983563899993896484
-9999 -9999 0.27228996157646179199 0.49014994502067565918 0.56101763248443603516 0.74159777164459228516 1.0538293123245239258 0.9516773223876953125 1.6363912820816040039 2.1494886875152587891 2.4333922863006591797 3.1822769641876220703 3.0205984115600585938 1.3576604127883911133 0.15675114095211029053 0.45777919888496398926 1.3967227935791015625 1.6225664615631103516 1.3490114212036132812 1.7402935028076171875 1.7838227748870849609 2.0617511272430419922 1.2560502290725708008 1.2779012918472290039 1.1767170429229736328 0.91113930940628051758 0.88769137859344482422 0.91328793764114379883 0.90526282787322998047 0.88321673870086669922 1.6021529436111450195 1.9652690887451171875 4.1080293655395507812 3.8642730712890625 2.2094762325286865234 2.8769664764404296875 1.3675289154052734375 1.8932265043258666992 3.1304249763488769531 2.8934824466705322266 2.3182775974273681641 1.6402014493942260742 0.86925077438354492188
-9999 -9999 -9999 -9999 -9999 0.43418997526168823242 0.55944192409515380859 0.32908231019973754883 0.49505823850631713867 0.76609617471694946289 1.2176375389099121094 1.5403852462768554688 2.0659143924713134766 2.3872652053833007812 2.0068209171295166016 1.758729100227355957 2.2631509304046630859 2.3107361793518066406 1.966874241828918457 2.1775074005126953125 1.6423761844635009766 1.4912313222885131836 0.62470591068267822266 0.42064863443374633789 0.82981264591217041016 1.0459680557250976562 0.74760979413986206055 0.58805286884307861328 0.61178070306777954102 0.78584170341491699219 1.5429723262786865234 1.8580650091171264648 2.7206897735595703125 4.5553646087646484375 0.48192232847213745117 3.0897243022918701172 1.4950969219207763672 2.0485262870788574219 2.41919708251953125 2.0205683708190917969 0.073107689619064331055 1.0716571807861328125 1.6664333343505859375
-9999 -9999 -9999 -9999 -9999 0.52968847751617431641 0.51161587238311767578 0.67361217737197875977 0.29419463872909545898 -9999 -9999 0.33551356196403503418 0.51989060640335083008 -9999 1.4342405796051025391 1.4795480966567993164 1.5025861263275146484 1.5016962289810180664 1.8550674915313720703 1.8645105361938476562 0.50396192073822021484 1.5575680732727050781 0.77419018745422363281 0.71487504243850708008 0.73652690649032592773 0.93913227319717407227 0.86964309215545654297 1.0518207550048828125 0.9810708165168762207 1.2931107282638549805 1.8768914937973022461 1.8747407197952270508 1.3510080575942993164 3.8689720630645751953 1.3011347055435180664 2.6333911418914794922 2.3455686569213867188 1.7922495603561401367 1.7637490034103393555 1.4867078065872192383 0.80198824405670166016 1.7378146648406982422 1.770938873291015625
-9999 -9999 -9999 -9999 -9999 -9999 0.56035375595092773438 -9999 -9999 -9999 -9999 -9999 -9999 -9999 -9999 -9999 -9999 -9999 -9999 -9999 -9999 -9999 -9999 -9999 0.27955839037895202637 0.12539622187614440918 0.96171140670776367188 1.2617707252502441406 1.5234258174896240234 1.9933677911758422852 2.0891005992889404297 1.7711340188980102539 0.88767218589782714844 3.194637298583984375 2.6707448959350585938 1.7090879678726196289 1.9905713796615600586 1.1558579206466674805 1.5186012983322143555 1.0908511877059936523 0.97288167476654052734 1.9891496896743774414 1.1819361448287963867
-9999 -9999 -9999 -9999 -9999 -9999 -9999 -9999 -9999 -9999 -9999 -9999 -9999 -9999 -9999 -9999 -9999 -9999 -9999 -9999 -9999 -9999 -9999 -9999 0.55591022968292236328 0.52933531999588012695 0.80608373880386352539 0.682071685791015625 0.5365841984748840332 1.0014823675155639648 1.2879921197891235352 1.3651903867721557617 1.1739984750747680664 2.8115828037261962891 3.4771847724914550781 1.5231584310531616211 1.9155967235565185547 0.96087676286697387695 1.1651864051818847656 1.8715094327926635742 1.3086059093475341797 2.6184265613555908203 3.1337416172027587891
-9999 -9999 -9999 -9999 -9999 -9999 -9999 -9999 -9999 -9999 -9999 -9999 -9999 -9999 -9999 -9999 -9999 -9999 -9999 -9999 -9999 -9999 -9999 -9999 0.38806447386741638184 0.47915697097778320312 0.65433454513549804688 0.87432920932769775391 0.80829864740371704102 1.0560865402221679688 1.3398735523223876953 1.692905426025390625 1.3952645063400268555 2.4658451080322265625 3.6479921340942382812 0.79979902505874633789 2.0436520576477050781 1.5409055948257446289 1.2643694877624511719 3.1272079944610595703 2.6769509315490722656 2.8948502540588378906 3.4512851238250732422
-9999 -9999 -9999 -9999 -9999 -9999 -9999 -9999 -9999 -9999 -9999 -9999 -9999 -9999 -9999 -9999 -9999 -9999 -9999 -9999 -9999 -9999 -9999 -9999 -9999 0.39329290390014648438 0.58794647455215454102 0.9108136296272277832 0.66826772689819335938 1.037077784538269043 0.94628238677978515625 1.3049597740173339844 2.0503678321838378906 2.8225464820861816406 3.5481016635894775391 1.7641884088516235352 2.1290225982666015625 3.1873786449432373047 3.6850888729095458984 3.0528714656829833984 1.3572238683700561523 1.0911672115325927734 1.5758926868438720703
-9999 -9999 -9999 -9999 -9999 -9999 -9999 -9999 -9999 -9999 -9999 -9999 -9999 -9999 -9999 -9999 -9999 -9999 -9999 -9999 -9999 -9999 -9999 -9999 -9999 -9999 -9999 -9999 0.53770685195922851562 0.8949807286262512207 0.77407526969909667969 0.81580525636672973633 1.5546636581420898438 2.8105521202087402344 3.7156350612640380859 3.8028995990753173828 1.6151486635208129883 1.0967071056365966797 0.98438018560409545898 1.2933778762817382812 1.9874875545501708984 3.1335012912750244141 3.3051004409790039062
