gis/40m/slope.asc
ncols        256
nrows        286
xllcorner    726766.000000000000
yllcorner    7127230.000000000000
cellsize     40.000000000000
NODATA_value -9999
[rows 133 to 151 of 286, columns 43 to 85 of 256]
2.60259246826171875 4.4511265754699707031 6.8075742721557617188 6.8620538711547851562 4.5832362174987792969 3.8743813037872314453 4.5384879112243652344 4.4105448722839355469 4.3114790916442871094 5.6572413444519042969 7.460323333740234375 7.8055849075317382812 7.5323925018310546875 7.705455780029296875 9.26073455810546875 7.4156126976013183594 3.5907518863677978516 1.4108104705810546875 3.3502590656280517578 4.889865875244140625 9.2171430587768554688 10.257323265075683594 8.5355958938598632812 8.8802700042724609375 7.8271932601928710938 5.8821363449096679688 4.9459805488586425781 4.0142240524291992188 4.9993290901184082031 4.1717081069946289062 6.1273856163024902344 7.7248392105102539062 8.841533660888671875 9.4744205474853515625 7.4369411468505859375 8.3605356216430664062 7.5794787406921386719 4.0725507736206054688 5.3958711624145507812 4.5070438385009765625 6.5863819122314453125 10.234955787658691406 11.455595016479492188
0.98612290620803833008 2.2430713176727294922 4.7251315116882324219 6.5883698463439941406 5.5789365768432617188 4.9862847328186035156 5.7867746353149414062 6.5917148590087890625 6.3758497238159179688 6.1041002273559570312 7.0373606681823730469 8.360492706298828125 8.8268156051635742188 8.4865894317626953125 7.9712491035461425781 5.4148697853088378906 2.6125845909118652344 2.1252286434173583984 3.5726490020751953125 4.3100123405456542969 9.0205163955688476562 9.4756765365600585938 7.1679553985595703125 7.5375037193298339844 7.0333476066589355469 5.1855111122131347656 4.2630205154418945312 3.4690499305725097656 2.7822372913360595703 5.8431782722473144531 9.2370357513427734375 10.074675559997558594 10.652178764343261719 7.2085056304931640625 3.0290172100067138672 6.5822725296020507812 9.73009490966796875 9.3020448684692382812 9.4990596771240234375 8.77959442138671875 9.1735095977783203125 11.106149673461914062 10.101712226867675781
1.2385103702545166016 1.8278019428253173828 3.49576568603515625 5.4054398536682128906 6.4777932167053222656 6.6363453865051269531 7.2626752853393554688 7.2181005477905273438 7.2453927993774414062 6.0498561859130859375 4.8726677894592285156 3.7945296764373779297 4.0180344581604003906 3.3664715290069580078 2.6977257728576660156 2.6250586509704589844 2.1772847175598144531 1.9710479974746704102 3.6109509468078613281 5.6074128150939941406 9.4908008575439453125 8.3296384811401367188 6.6993327140808105469 6.8157792091369628906 6.1945314407348632812 5.3911147117614746094 4.5081043243408203125 3.8484950065612792969 4.3212389945983886719 8.43701934814453125 11.7227935791015625 10.172435760498046875 8.0465288162231445312 2.4723496437072753906 4.4595665931701660156 8.5712976455688476562 11.942936897277832031 12.843959808349609375 11.726363182067871094 10.464319229125976562 9.6253452301025390625 10.04933929443359375 8.2377386093139648438
1.4362261295318603516 1.6388509273529052734 2.3483176231384277344 3.7493350505828857422 4.0324087142944335938 3.6659002304077148438 3.6022675037384033203 4.03624725341796875 4.3520612716674804688 4.5007348060607910156 3.9492866992950439453 2.4352099895477294922 1.2743470668792724609 0.38849356770515441895 1.0286003351211547852 2.0708796977996826172 2.2793061733245849609 0.73086601495742797852 3.9424023628234863281 7.7257080078125 8.4520425796508789062 6.9820437431335449219 7.1307406425476074219 7.0126185417175292969 6.7000417709350585938 6.0525522232055664062 5.3604903221130371094 5.9785647392272949219 8.169281005859375 11.368599891662597656 11.64026641845703125 6.5805754661560058594 3.2088961601257324219 6.5357294082641601562 10.051862716674804688 10.615763664245605469 11.491743087768554688 12.125546455383300781 11.328027725219726562 10.118891716003417969 9.2938385009765625 8.9075098037719726562 7.6166357994079589844
1.3275305032730102539 1.2329962253570556641 0.82777416706085205078 1.9392875432968139648 2.2110471725463867188 2.2893176078796386719 3.4860010147094726562 3.5543355941772460938 3.0954997539520263672 3.1013002395629882812 3.1521759033203125 2.4440629482269287109 1.7007883787155151367 0.1737003326416015625 1.5029218196868896484 2.3117465972900390625 2.7309584617614746094 2.2019352912902832031 4.3932523727416992188 9.4744997024536132812 9.6127214431762695312 7.5106201171875 8.8751974105834960938 8.9493236541748046875 7.611522674560546875 6.6919360160827636719 6.1165843009948730469 8.2570943832397460938 10.621855735778808594 11.00614166259765625 8.4594831466674804688 5.3312931060791015625 6.9624981880187988281 9.8389339447021484375 10.679671287536621094 9.9838876724243164062 9.708522796630859375 10.816029548645019531 11.102281570434570312 10.285551071166992188 9.105785369873046875 7.8804721832275390625 6.2473063468933105469
1.6277737617492675781 2.2463312149047851562 1.8824559450149536133 1.7668373584747314453 2.4472897052764892578 2.68845367431640625 3.3278603553771972656 3.0754258632659912109 2.3638525009155273438 1.8219341039657592773 2.2732410430908203125 3.1784479618072509766 2.6431550979614257812 0.80276447534561157227 3.064319610595703125 2.9117002487182617188 3.5015878677368164062 4.24358367919921875 5.539363861083984375 10.424655914306640625 11.735800743103027344 8.15212249755859375 8.8355808258056640625 8.841949462890625 7.0342206954956054688 5.7138056755065917969 5.3225646018981933594 9.0349779129028320312 12.852662086486816406 13.766186714172363281 12.622248649597167969 9.7203273773193359375 8.0197420120239257812 7.7917423248291015625 7.9938302040100097656 8.7428464889526367188 9.2474889755249023438 10.318014144897460938 11.001028060913085938 10.365046501159667969 8.95096588134765625 7.1051692962646484375 5.3063855171203613281
1.2130637168884277344 2.1584522724151611328 2.3541924953460693359 2.6284241676330566406 3.2058746814727783203 3.9381964206695556641 4.4381308555603027344 3.6855871677398681641 1.8256261348724365234 0.74189597368240356445 1.6925611495971679688 4.4358510971069335938 3.2313623428344726562 2.5820569992065429688 4.9769306182861328125 3.8383238315582275391 2.7130978107452392578 4.9967889785766601562 5.2888016700744628906 8.8190250396728515625 11.399776458740234375 8.6554994583129882812 9.5807638168334960938 9.6643314361572265625 7.2943024635314941406 5.4031386375427246094 3.2316796779632568359 5.9682908058166503906 9.3657207489013671875 11.239116668701171875 13.6518402099609375 12.025042533874511719 10.224317550659179688 10.234604835510253906 10.988450050354003906 10.760759353637695312 10.166714668273925781 9.3334398269653320312 9.0405788421630859375 8.5007562637329101562 7.5024523735046386719 6.0536637306213378906 4.8860173225402832031
1.5109137296676635742 2.2632648944854736328 2.2458438873291015625 1.7746373414993286133 2.8382353782653808594 3.8338627815246582031 4.8739728927612304688 5.7995581626892089844 3.0665671825408935547 1.1480525732040405273 1.2106035947799682617 4.9932560920715332031 3.1100151538848876953 5.6131587028503417969 7.0078663825988769531 4.5041141510009765625 3.1989815235137939453 5.4760303497314453125 4.60120391845703125 7.013519287109375 9.808441162109375 8.9529829025268554688 10.416042327880859375 9.76253509521484375 8.52032470703125 6.2860131263732910156 2.3544569015502929688 2.7973787784576416016 5.3486499786376953125 8.271686553955078125 12.533662796020507812 15.500970840454101562 16.73863983154296875 16.437852859497070312 13.963932991027832031 10.813385963439941406 7.9997282028198242188 5.8876461982727050781 4.9022955894470214844 4.7899980545043945312 4.8427295684814453125 4.8058261871337890625 4.2673840522766113281
0.53607672452926635742 1.6986144781112670898 1.8428397178649902344 1.4619628190994262695 1.6968157291412353516 2.2798860073089599609 4.450878143310546875 7.0016694068908691406 4.5370459556579589844 3.2951650619506835938 3.3557982444763183594 5.9694991111755371094 5.2388672828674316406 7.4851675033569335938 6.9167261123657226562 3.2595260143280029297 2.4078035354614257812 4.4413456916809082031 3.2854571342468261719 5.7547726631164550781 8.4836568832397460938 7.6769833564758300781 9.969280242919921875 11.081777572631835938 10.212598800659179688 8.340984344482421875 5.6592340469360351562 6.0088400840759277344 7.4883255958557128906 9.3861637115478515625 11.478673934936523438 13.729939460754394531 14.283761978149414062 12.494784355163574219 9.298686981201171875 6.6310062408447265625 4.3341274261474609375 2.8964371681213378906 2.7642180919647216797 2.9190399646759033203 3.8885045051574707031 4.728916168212890625 4.7524042129516601562
1.1572972536087036133 1.0283960103988647461 1.4731236696243286133 2.0679395198822021484 2.4967615604400634766 2.4453883171081542969 4.1485691070556640625 6.7418503761291503906 6.4520535469055175781 6.1001000404357910156 5.3661708831787109375 6.34482574462890625 5.0140252113342285156 6.6383051872253417969 4.397979736328125 2.144466400146484375 1.8326060771942138672 4.5894970893859863281 2.1748259067535400391 5.6605601310729980469 6.5672917366027832031 7.477283477783203125 10.760647773742675781 12.928141593933105469 12.603081703186035156 11.72162628173828125 10.131093025207519531 9.7737474441528320312 9.5541639328002929688 8.9926366806030273438 8.7255601882934570312 8.4244518280029296875 7.8772397041320800781 6.9681143760681152344 6.27712249755859375 5.0096163749694824219 3.4953176975250244141 2.6759791374206542969 2.2466189861297607422 2.4607384204864501953 3.4292449951171875 4.6756091117858886719 5.2431044578552246094
3.0652372837066650391 1.4472202062606811523 0.3494663238525390625 1.5350536108016967773 2.6843819618225097656 3.3163652420043945312 4.2414608001708984375 5.2615313529968261719 4.1783990859985351562 4.3298702239990234375 3.7770159244537353516 4.9950480461120605469 3.60101318359375 4.8422822952270507812 2.3503713607788085938 1.3088933229446411133 1.8708800077438354492 4.6845088005065917969 1.6572680473327636719 5.4320344924926757812 4.5071148872375488281 5.9634518623352050781 8.87676239013671875 11.762156486511230469 13.107831954956054688 14.055851936340332031 12.663898468017578125 11.477315902709960938 9.691951751708984375 7.8585381507873535156 6.1950192451477050781 5.6121878623962402344 5.568744659423828125 6.4858193397521972656 6.9868803024291992188 6.1686267852783203125 4.9077572822570800781 3.7852630615234375 1.8154767751693725586 1.1294093132019042969 2.3332643508911132812 3.2072603702545166016 4.2692914009094238281
3.1882719993591308594 3.1862530708312988281 2.9292728900909423828 1.872124791145324707 0.79343736171722412109 0.63996136188507080078 2.7389018535614013672 4.85253143310546875 2.7593948841094970703 1.6412680149078369141 2.1083438396453857422 3.6427736282348632812 2.8433454036712646484 2.9160764217376708984 1.4338604211807250977 2.0325100421905517578 2.8785011768341064453 3.4776055812835693359 0.8806743621826171875 4.1060495376586914062 2.1751043796539306641 2.7499883174896240234 6.0078511238098144531 8.4075870513916015625 10.305516242980957031 12.353655815124511719 12.40863037109375 10.86370849609375 8.9779605865478515625 7.4461379051208496094 6.3045454025268554688 5.4738826751708984375 4.8985576629638671875 5.3960447311401367188 6.1975226402282714844 6.6464290618896484375 6.399921417236328125 5.258090972900390625 2.6249530315399169922 2.1923565864562988281 2.6994531154632568359 3.0513272285461425781 3.7372925281524658203
1.6766909360885620117 1.9775122404098510742 2.8305132389068603516 3.3163137435913085938 2.7603423595428466797 1.8700494766235351562 1.0933263301849365234 3.6069056987762451172 3.2199094295501708984 1.3840259313583374023 1.7277555465698242188 3.0110561847686767578 2.6755733489990234375 2.8323001861572265625 2.5378804206848144531 4.0429739952087402344 3.837856292724609375 2.1638493537902832031 1.4653362035751342773 3.0200634002685546875 1.5795207023620605469 2.2645142078399658203 3.8982179164886474609 5.0501770973205566406 6.2435956001281738281 7.9786176681518554688 8.0888719558715820312 6.3757390975952148438 6.3643031120300292969 5.2650203704833984375 4.8256087303161621094 4.4647040367126464844 3.7618119716644287109 3.7484171390533447266 4.8352956771850585938 6.9399790763854980469 8.245929718017578125 8.8368663787841796875 8.2843141555786132812 8.0619478225708007812 7.0574297904968261719 5.7916235923767089844 5.5190615653991699219
1.1549390554428100586 0.80490863323211669922 0.8900381922721862793 1.5239100456237792969 2.8016717433929443359 3.0256247520446777344 0.70814138650894165039 2.0190076828002929688 3.6205999851226806641 3.980075836181640625 3.4328589439392089844 3.3857760429382324219 2.6717054843902587891 2.2725124359130859375 1.8310613632202148438 3.3145413398742675781 2.2344689369201660156 2.3247742652893066406 1.8141759634017944336 1.6637461185455322266 1.3565469980239868164 1.7136855125427246094 2.9474637508392333984 4.5366764068603515625 5.4462676048278808594 6.80019378662109375 7.6151475906372070312 6.6723051071166992188 4.9667286872863769531 3.9246797561645507812 3.9643025398254394531 4.3096423149108886719 4.8807506561279296875 5.6026849746704101562 6.4383764266967773438 8.1261186599731445312 10.172786712646484375 11.897210121154785156 13.01654052734375 12.57161712646484375 11.265196800231933594 9.8174161911010742188 8.9517240524291992188
0.63948988914489746094 0.60494953393936157227 0.62764000892639160156 0.31799140572547912598 1.1990052461624145508 3.5902829170227050781 3.0272424221038818359 0.78544342517852783203 2.0574505329132080078 4.0049643516540527344 5.4268965721130371094 6.2411928176879882812 6.3888540267944335938 5.4373102188110351562 4.4515833854675292969 4.3188962936401367188 2.7980220317840576172 4.0835695266723632812 2.2051744461059570312 0.69415575265884399414 1.2582353353500366211 0.88746356964111328125 2.0546500682830810547 2.9127984046936035156 3.3736636638641357422 5.0106205940246582031 7.4848527908325195312 7.1092748641967773438 5.8177256584167480469 5.4122757911682128906 5.5857858657836914062 5.6103205680847167969 6.2549319267272949219 6.9220786094665527344 7.3778510093688964844 8.2933359146118164062 9.3306331634521484375 10.058116912841796875 10.710088729858398438 9.9233961105346679688 8.7532567977905273438 7.864654541015625 6.9423894882202148438
0.5863907933235168457 0.27178072929382324219 0.24803097546100616455 0.16125717759132385254 0.29259887337684631348 1.6259722709655761719 3.7208578586578369141 4.1159510612487792969 3.6723322868347167969 3.4090321063995361328 2.7552142143249511719 1.4902979135513305664 0.13180169463157653809 1.8375766277313232422 2.4359345436096191406 3.6602735519409179688 3.1172842979431152344 6.1378736495971679688 3.6639201641082763672 2.2566030025482177734 0.840297698974609375 0.81098103523254394531 1.7317333221435546875 0.92118525505065917969 1.7148180007934570312 3.6122317314147949219 6.2284517288208007812 6.1630988121032714844 6.7527890205383300781 6.1874432563781738281 5.8433465957641601562 5.4193477630615234375 5.1847939491271972656 4.9409303665161132812 5.8690152168273925781 6.6322879791259765625 7.2836594581604003906 6.9671173095703125 6.5246729850769042969 6.2575001716613769531 5.9038901329040527344 4.2915120124816894531 4.0579633712768554688
0.51100152730941772461 0.25046688318252563477 0.16696402430534362793 0.19925191998481750488 0.26786214113235473633 0.39172670245170593262 0.90391546487808227539 2.7078709602355957031 3.5607137680053710938 4.3509144783020019531 5.3202447891235351562 6.0573954582214355469 6.1525368690490722656 5.5815534591674804688 4.3657383918762207031 4.4236612319946289062 0.66095221042633056641 4.6404056549072265625 4.949443817138671875 5.5274858474731445312 4.7910857200622558594 3.1268076896667480469 2.2674727439880371094 2.0000140666961669922 1.7209056615829467773 2.9097056388854980469 4.5293383598327636719 5.0824723243713378906 5.2235288619995117188 5.5279855728149414062 5.39786529541015625 4.6614890098571777344 4.4868693351745605469 3.9514162540435791016 4.5557942390441894531 4.9339470863342285156 5.4787602424621582031 4.8151669502258300781 4.7010245323181152344 5.1691164970397949219 5.2590808868408203125 4.8799834251403808594 5.1626863479614257812
0.17849706113338470459 0.070568472146987915039 0.069103851914405822754 0.17814663052558898926 0.10151895880699157715 0.28507855534553527832 0.54454362392425537109 0.38318479061126708984 0.15130908787250518799 0.15308168530464172363 0.10596446692943572998 0.26885756850242614746 1.2287210226058959961 2.8854153156280517578 3.6377623081207275391 5.9859223365783691406 5.5431618690490722656 2.9929134845733642578 0.82239890098571777344 2.699581146240234375 4.8244476318359375 5.74164581298828125 4.6967878341674804688 2.8725142478942871094 2.372325897216796875 1.9098054170608520508 2.5330226421356201172 4.0096035003662109375 4.2682976722717285156 4.1430926322937011719 4.7442517280578613281 4.1808185577392578125 3.9338781833648681641 3.3759114742279052734 3.8221995830535888672 3.1572108268737792969 4.3285999298095703125 3.7383160591125488281 3.6050839424133300781 4.452327728271484375 5.0845203399658203125 5.3941974639892578125 5.627719879150390625
0.11921301484107971191 0.094483584165573120117 0.09224529564380645752 0.19646102190017700195 0.12780328094959259033 0.093673124909400939941 0.15307435393333435059 0.063099466264247894287 0.057745520025491714478 0.042392443865537643433 0.030140571296215057373 0.33362674713134765625 0.36352834105491638184 0.34922400116920471191 0.66875225305557250977 2.9883344173431396484 4.7152509689331054688 5.491901397705078125 5.6704392433166503906 3.9174354076385498047 1.7333414554595947266 2.2905523777008056641 3.7514162063598632812 5.2953219413757324219 2.6270377635955810547 0.79277461767196655273 1.7127577066421508789 3.0880122184753417969 3.6088786125183105469 3.0225951671600341797 3.4803941249847412109 4.19402313232421875 4.3963146209716796875 3.6077878475189208984 3.5174076557159423828 2.585201263427734375 3.440799713134765625 3.6005942821502685547 4.2392935752868652344 5.754791259765625 6.807964324951171875 6.8559441566467285156 6.7398347854614257812
