gis/40m/slope.asc
ncols        256
nrows        286
xllcorner    726766.000000000000
yllcorner    7127230.000000000000
cellsize     40.000000000000
NODATA_value -9999
[rows 57 to 75 of 286, columns 86 to 128 of 256]
1.9458324909210205078 0.88861751556396484375 0.60975617170333862305 0.81384736299514770508 1.1457482576370239258 1.8319743871688842773 4.1416621208190917969 4.6637277603149414062 5.2518877983093261719 4.7652535438537597656 4.9560990333557128906 4.3441376686096191406 3.4131884574890136719 4.5860543251037597656 9.2913990020751953125 5.49658966064453125 3.0925643444061279297 5.7593975067138671875 6.7141122817993164062 9.3082418441772460938 8.7193479537963867188 6.209003448486328125 3.0791025161743164062 1.1656094789505004883 2.39777374267578125 3.9400753974914550781 3.7445633411407470703 3.9971320629119873047 3.1742701530456542969 2.3467485904693603516 4.2585787773132324219 5.4491024017333984375 5.3999409675598144531 3.6607697010040283203 2.9002819061279296875 2.7896835803985595703 1.2245103120803833008 4.1381821632385253906 4.2559342384338378906 6.0589404106140136719 9.0489482879638671875 11.17432403564453125 11.349578857421875
1.6963502168655395508 1.454411625862121582 0.3367779850959777832 0.35420638322830200195 1.1957162618637084961 0.54008144140243530273 2.1778211593627929688 3.2709138393402099609 4.3312931060791015625 3.6474959850311279297 3.4051630496978759766 3.0993022918701171875 1.6512392759323120117 3.1911029815673828125 7.8325605392456054688 5.8923711776733398438 3.2706370353698730469 3.094745635986328125 4.4490351676940917969 6.7491674423217773438 7.5407543182373046875 7.6789102554321289062 5.8150448799133300781 4.5013675689697265625 2.2989008426666259766 4.0766348838806152344 4.4956903457641601562 4.5062341690063476562 4.6412167549133300781 2.8804070949554443359 2.4104590415954589844 3.56816864013671875 6.1717734336853027344 5.4085187911987304688 4.047168731689453125 4.4783544540405273438 1.8099426031112670898 3.6530644893646240234 4.7363862991333007812 6.0796518325805664062 7.9271302223205566406 8.9009180068969726562 10.002722740173339844
2.7493669986724853516 2.4409666061401367188 1.2536623477935791016 0.24242487549781799316 1.0747699737548828125 0.61564898490905761719 1.1427499055862426758 1.1944938898086547852 3.3885629177093505859 3.8669972419738769531 4.5796661376953125 4.1180820465087890625 1.9774640798568725586 2.6546242237091064453 4.1855797767639160156 5.3987169265747070312 2.1670370101928710938 1.6037374734878540039 3.3163866996765136719 4.3020367622375488281 5.8497128486633300781 5.8537240028381347656 6.1820292472839355469 7.0149126052856445312 4.6562199592590332031 2.0546917915344238281 2.9739191532135009766 2.9584794044494628906 3.5512251853942871094 3.0772244930267333984 0.86347305774688720703 1.5691970586776733398 4.7727684974670410156 5.680187225341796875 3.7486994266510009766 5.2451376914978027344 3.8949410915374755859 2.4296288490295410156 3.5635647773742675781 5.9527029991149902344 6.2124428749084472656 7.117046356201171875 8.0733394622802734375
2.2417449951171875 1.4867198467254638672 0.85084080696105957031 0.51050192117691040039 0.71690636873245239258 0.31498563289642333984 1.5317091941833496094 2.6197998523712158203 4.3819379806518554688 5.4577436447143554688 5.4377217292785644531 3.2198495864868164062 0.7522971034049987793 1.8762742280960083008 3.7828319072723388672 5.5440521240234375 4.5435776710510253906 2.8307411670684814453 2.0413761138916015625 2.3484969139099121094 3.7508001327514648438 4.7963805198669433594 5.1792263984680175781 8.0703868865966796875 6.71968841552734375 1.9234683513641357422 1.2034801244735717773 2.2762286663055419922 2.9681537151336669922 3.9855868816375732422 3.4926731586456298828 2.2023415565490722656 1.9093290567398071289 5.3306794166564941406 4.8780045509338378906 6.2029938697814941406 5.0474667549133300781 1.9593487977981567383 1.7627162933349609375 5.0969438552856445312 5.6756596565246582031 5.4870367050170898438 6.3349165916442871094
7.3633604049682617188 5.0797662734985351562 3.5571846961975097656 2.5886323451995849609 2.0916330814361572266 0.58778810501098632812 1.7473448514938354492 3.4465589523315429688 4.9416255950927734375 6.0077395439147949219 6.3121500015258789062 4.3935041427612304688 3.4223904609680175781 3.1611230373382568359 3.9793922901153564453 4.8180112838745117188 5.5823850631713867188 4.8425188064575195312 3.5006921291351318359 3.2674322128295898438 2.7450859546661376953 3.8369829654693603516 4.4372949600219726562 6.5244126319885253906 7.1968750953674316406 3.8230674266815185547 1.3140572309494018555 1.5321923494338989258 2.4453115463256835938 3.2746672630310058594 4.6579890251159667969 4.9170284271240234375 0.99106758832931518555 3.7144095897674560547 5.220043182373046875 7.2477922439575195312 6.5482168197631835938 3.8140084743499755859 1.5495342016220092773 4.6277422904968261719 5.9090609550476074219 6.0371065139770507812 6.9102158546447753906
12.724782943725585938 10.24285125732421875 8.3164873123168945312 7.1393885612487792969 5.8314275741577148438 3.8258342742919921875 0.99653637409210205078 2.3309834003448486328 5.3466210365295410156 7.4805159568786621094 8.8612346649169921875 8.1954298019409179688 6.8190646171569824219 5.6333756446838378906 4.753238677978515625 5.0402445793151855469 6.8325505256652832031 5.3562564849853515625 2.9945216178894042969 3.1610565185546875 3.2231354713439941406 4.2890505790710449219 4.4918842315673828125 4.8778777122497558594 6.4179754257202148438 4.5272369384765625 2.221221923828125 1.5477154254913330078 1.9566960334777832031 2.7466652393341064453 4.674205780029296875 7.0593523979187011719 4.5944237709045410156 1.3604401350021362305 3.1653716564178466797 7.1455311775207519531 8.6632299423217773438 7.1221637725830078125 3.5388064384460449219 3.8076114654541015625 5.7557125091552734375 6.0769991874694824219 6.1184668540954589844
11.616845130920410156 10.389963150024414062 8.235225677490234375 7.1501069068908691406 7.0125064849853515625 6.5264196395874023438 4.8867592811584472656 2.660411834716796875 0.70217370986938476562 3.5959284305572509766 6.1846485137939453125 6.8083410263061523438 6.9167690277099609375 7.3926267623901367188 7.447452545166015625 7.1737675666809082031 6.632030487060546875 6.5892229080200195312 3.2962162494659423828 2.9944257736206054688 4.803722381591796875 4.6922659873962402344 5.0297222137451171875 5.5948758125305175781 6.1332249641418457031 4.6951436996459960938 2.635143280029296875 2.1565258502960205078 1.9616395235061645508 2.5151243209838867188 3.1003735065460205078 5.6217193603515625 6.3761014938354492188 5.4628996849060058594 2.3952546119689941406 3.6867692470550537109 6.3821353912353515625 8.4284181594848632812 7.1671915054321289062 1.6596063375473022461 3.1169981956481933594 5.174472808837890625 4.5027818679809570312
7.2655611038208007812 7.0335440635681152344 6.5788044929504394531 6.6421227455139160156 7.0159139633178710938 8.566104888916015625 8.5636854171752929688 7.0030689239501953125 5.3450841903686523438 2.0773088932037353516 1.5519807338714599609 3.2011506557464599609 2.9773740768432617188 3.7385108470916748047 5.2136640548706054688 6.0632309913635253906 6.49346923828125 7.2795782089233398438 5.3949427604675292969 2.92481231689453125 4.3275432586669921875 3.6671643257141113281 3.3570318222045898438 4.8144831657409667969 4.3085093498229980469 2.8455414772033691406 2.5464866161346435547 1.7593647241592407227 1.8848532438278198242 1.7218910455703735352 1.7440459728240966797 2.8734877109527587891 3.7292871475219726562 5.2047300338745117188 4.8917818069458007812 3.3207314014434814453 3.6381816864013671875 5.8297891616821289062 7.8058385848999023438 5.4873089790344238281 2.532611846923828125 1.8907284736633300781 2.8586781024932861328
4.5722551345825195312 4.9620823860168457031 5.275325775146484375 6.1194133758544921875 7.2882008552551269531 8.937774658203125 10.237056732177734375 10.069665908813476562 9.0360651016235351562 6.0487613677978515625 1.9681417942047119141 0.65691113471984863281 1.1911103725433349609 1.4677817821502685547 1.8910003900527954102 3.0910315513610839844 4.3385977745056152344 6.0824656486511230469 3.9595165252685546875 1.8749979734420776367 2.7169957160949707031 1.6676931381225585938 1.6206072568893432617 4.0154523849487304688 4.4494156837463378906 3.1369564533233642578 2.6451961994171142578 2.1512155532836914062 2.0792434215545654297 2.5530889034271240234 0.75879055261611938477 2.0313010215759277344 2.2601680755615234375 2.9673132896423339844 3.7209949493408203125 4.3663525581359863281 4.3934001922607421875 3.2015590667724609375 4.857288360595703125 5.6431040763854980469 4.4925560951232910156 2.2243943214416503906 1.7541475296020507812
2.6519958972930908203 2.5535628795623779297 3.2153096199035644531 3.7718048095703125 4.9864010810852050781 6.7826566696166992188 7.9435133934020996094 8.8859624862670898438 9.7786550521850585938 7.9855132102966308594 4.4366145133972167969 1.5045157670974731445 0.84763544797897338867 1.5029435157775878906 1.7147455215454101562 1.6576613187789916992 2.0556750297546386719 4.89647674560546875 3.2094950675964355469 3.3962750434875488281 1.3331142663955688477 1.7518680095672607422 2.0584695339202880859 2.3182401657104492188 3.7374441623687744141 3.2316348552703857422 2.8326070308685302734 2.7392346858978271484 2.2681806087493896484 2.7874743938446044922 1.7245869636535644531 1.6694707870483398438 2.7456414699554443359 3.4659054279327392578 3.5132284164428710938 3.0750908851623535156 3.4646966457366943359 3.4504215717315673828 3.5768637657165527344 4.432712554931640625 5.3789191246032714844 3.6708331108093261719 2.1477124691009521484
2.3371214866638183594 1.6247975826263427734 1.3066626787185668945 0.30840408802032470703 0.73449182510375976562 2.1185517311096191406 3.7975490093231201172 5.5308008193969726562 8.1727952957153320312 8.1113824844360351562 6.3477263450622558594 4.1227202415466308594 2.3539299964904785156 1.2943394184112548828 1.2703162431716918945 1.2187191247940063477 1.3742165565490722656 4.22441864013671875 4.4528298377990722656 3.4277005195617675781 3.6637389659881591797 2.6785984039306640625 3.9780964851379394531 4.0114698410034179688 3.4355423450469970703 3.4074726104736328125 3.7281332015991210938 2.7234544754028320312 1.5092962980270385742 2.4243183135986328125 1.880654454231262207 0.94665056467056274414 1.3609217405319213867 2.2496321201324462891 1.9759881496429443359 1.5942243337631225586 1.3066601753234863281 0.94120508432388305664 1.5684683322906494141 3.7253277301788330078 5.7031965255737304688 4.5346865653991699219 2.2847065925598144531
3.0160143375396728516 2.6525750160217285156 2.4436697959899902344 2.2284290790557861328 2.6853652000427246094 3.4109818935394287109 3.3368823528289794922 4.0515308380126953125 6.3476796150207519531 6.2963533401489257812 6.509429931640625 5.9230351448059082031 4.28197479248046875 2.6949102878570556641 1.5687638521194458008 0.6830628514289855957 0.23564499616622924805 0.62608838081359863281 3.7399296760559082031 4.427867889404296875 3.2381491661071777344 2.4925768375396728516 2.1596221923828125 2.4919488430023193359 1.7419264316558837891 2.478260040283203125 3.8229343891143798828 3.399265289306640625 0.42821356654167175293 2.2044103145599365234 2.9832968711853027344 0.87332206964492797852 1.0997873544692993164 2.3244197368621826172 2.3303475379943847656 1.4710947275161743164 1.2856584787368774414 0.69894963502883911133 1.4255046844482421875 2.8369469642639160156 5.0668468475341796875 5.6444964408874511719 4.0554285049438476562
2.5804982185363769531 2.6568341255187988281 3.0376203060150146484 3.0500981807708740234 2.9285671710968017578 1.8750529289245605469 1.1851087808609008789 2.7390024662017822266 5.2791762351989746094 5.8658814430236816406 6.0804409980773925781 6.5424895286560058594 5.1979689598083496094 3.2743749618530273438 2.1828720569610595703 1.5065209865570068359 0.96302020549774169922 1.15070343017578125 1.2213981151580810547 3.1315741539001464844 3.3890361785888671875 1.7816938161849975586 1.8069335222244262695 1.1870290040969848633 0.40495073795318603516 2.6583971977233886719 3.173664093017578125 2.9286923408508300781 0.60009050369262695312 1.2977613210678100586 4.11716461181640625 1.4740517139434814453 1.1085599660873413086 2.5611491203308105469 2.9186015129089355469 1.8055548667907714844 2.1959302425384521484 1.4372152090072631836 1.4605230093002319336 2.1490378379821777344 3.6959891319274902344 4.8880658149719238281 5.285739898681640625
1.745572209358215332 2.5391132831573486328 3.0140287876129150391 2.7179994583129882812 2.4048578739166259766 2.0140407085418701172 1.4075313806533813477 1.0209202766418457031 3.0937001705169677734 4.4914231300354003906 5.5639481544494628906 6.8689451217651367188 6.2342844009399414062 4.5644893646240234375 3.3708865642547607422 2.6060259342193603516 2.0357031822204589844 1.9711766242980957031 1.9916558265686035156 0.67012208700180053711 2.2165758609771728516 3.00151824951171875 2.7964200973510742188 1.6512701511383056641 0.500926971435546875 0.50087010860443115234 2.7135992050170898438 3.4241776466369628906 1.2701516151428222656 2.0160968303680419922 4.4452776908874511719 2.2764313220977783203 1.9363397359848022461 3.8391923904418945312 4.052356719970703125 3.3148958683013916016 3.1373126506805419922 1.8862502574920654297 1.4202402830123901367 1.6528495550155639648 2.6997716426849365234 3.9554321765899658203 5.1391749382019042969
1.2454562187194824219 1.9478776454925537109 1.9579282999038696289 1.6697285175323486328 2.3422319889068603516 2.9770984649658203125 3.2458219528198242188 2.9541950225830078125 2.3465230464935302734 2.6495509147644042969 3.8513371944427490234 5.5469088554382324219 5.2292065620422363281 3.9551532268524169922 3.6131484508514404297 2.7728207111358642578 2.0278482437133789062 2.3724200725555419922 2.2493977546691894531 1.6374322175979614258 0.6744830012321472168 3.2597682476043701172 5.1330237388610839844 5.4796366691589355469 4.2567601203918457031 2.5107898712158203125 2.3850922584533691406 4.1139307022094726562 2.9980740547180175781 3.0896012783050537109 4.4968156814575195312 3.1331920623779296875 2.0358033180236816406 3.3199088573455810547 3.7598206996917724609 3.0188684463500976562 1.949512481689453125 1.0052217245101928711 0.87067443132400512695 1.4755367040634155273 2.0142729282379150391 3.247333526611328125 4.8529386520385742188
1.8523106575012207031 2.8066124916076660156 2.1468615531921386719 1.2939875125885009766 1.5544309616088867188 1.995549321174621582 2.5658154487609863281 2.7362055778503417969 2.5647463798522949219 2.6284706592559814453 3.0371608734130859375 4.7191014289855957031 4.2400460243225097656 2.5211853981018066406 2.1898999214172363281 2.4036204814910888672 1.9335058927536010742 1.6231988668441772461 2.0965304374694824219 2.8609905242919921875 3.0848319530487060547 1.8749835491180419922 2.5517611503601074219 4.3088274002075195312 4.5935354232788085938 2.7115809917449951172 3.4466874599456787109 4.7861552238464355469 2.3791093826293945312 1.942499995231628418 3.6728973388671875 2.0377407073974609375 0.86816924810409545898 1.6437904834747314453 2.1365151405334472656 1.1260559558868408203 0.64420789480209350586 0.37207251787185668945 1.2519613504409790039 1.7399761676788330078 1.3870109319686889648 2.9971375465393066406 4.5429315567016601562
3.1730389595031738281 2.6428618431091308594 2.6767573356628417969 2.2780845165252685547 1.8044646978378295898 1.6159273386001586914 1.7837721109390258789 2.0010066032409667969 1.8112565279006958008 2.0256826877593994141 1.7021772861480712891 3.9883024692535400391 4.2616877555847167969 2.4135537147521972656 2.2377946376800537109 2.2674291133880615234 2.3547406196594238281 1.1634958982467651367 0.48429840803146362305 2.0359456539154052734 3.8509836196899414062 4.9553041458129882812 3.4652791023254394531 2.9233837127685546875 2.6089890003204345703 1.4688376188278198242 1.9271609783172607422 2.1327445507049560547 2.3386330604553222656 1.8766489028930664062 3.4428036212921142578 2.4906537532806396484 1.4203135967254638672 2.0688407421112060547 1.6420049667358398438 1.1085789203643798828 0.80167603492736816406 0.7621085047721862793 1.2167419195175170898 1.3024634122848510742 0.65426963567733764648 2.2503416538238525391 4.3469967842102050781
0.89300042390823364258 2.3164107799530029297 2.2500112056732177734 2.1484854221343994141 2.2539820671081542969 2.4378979206085205078 1.9369246959686279297 1.7976293563842773438 1.2010467052459716797 0.28666490316390991211 1.1353335380554199219 3.3807537555694580078 4.87890625 4.4019093513488769531 3.7726035118103027344 3.4234235286712646484 3.1686921119689941406 2.0994639396667480469 0.77086663246154785156 1.8451130390167236328 0.88628405332565307617 2.9401993751525878906 3.7720515727996826172 5.1110105514526367188 3.3916835784912109375 1.7683461904525756836 1.500300288200378418 1.5332244634628295898 2.3537843227386474609 2.6047432422637939453 3.5120604038238525391 2.7699520587921142578 1.7631309032440185547 2.9024751186370849609 2.3533275127410888672 2.1487877368927001953 1.4522464275360107422 1.0650769472122192383 0.91788917779922485352 0.79771590232849121094 0.23022729158401489258 1.7524284124374389648 4.1246967315673828125
2.0949487686157226562 2.2584855556488037109 1.1742168664932250977 1.5654474496841430664 1.6570912599563598633 2.2915666103363037109 2.2119512557983398438 2.2866997718811035156 1.5263934135437011719 1.1632326841354370117 0.45742166042327880859 1.8623385429382324219 3.3970270156860351562 3.6388959884643554688 3.7502264976501464844 4.0104384422302246094 4.3646917343139648438 3.3652021884918212891 1.4977420568466186523 1.7270767688751220703 2.4084808826446533203 2.1519005298614501953 2.7405996322631835938 5.9893908500671386719 4.117542266845703125 1.4999847412109375 0.44763126969337463379 1.6238449811935424805 1.9834825992584228516 2.3999392986297607422 3.3013913631439208984 3.29032135009765625 1.0907680988311767578 2.4152226448059082031 2.6025564670562744141 2.4812445640563964844 1.8485314846038818359 1.1834813356399536133 0.544620513916015625 0.21516111493110656738 0.78545719385147094727 1.5390176773071289062 3.6040120124816894531
