gis/40m/slope.asc
ncols        256
nrows        286
xllcorner    726766.000000000000
yllcorner    7127230.000000000000
cellsize     40.000000000000
NODATA_value -9999
[rows 133 to 151 of 286, columns 129 to 171 of 256]
3.4355337619781494141 2.7488050460815429688 2.6575343608856201172 3.0684030055999755859 1.6309288740158081055 1.2042232751846313477 0.95766872167587280273 2.3080108165740966797 4.1756763458251953125 3.1352591514587402344 0.47107702493667602539 2.4924075603485107422 2.2653245925903320312 2.7303910255432128906 4.3844294548034667969 4.9444684982299804688 4.1408863067626953125 3.7763395309448242188 4.14022064208984375 4.4175000190734863281 3.67437744140625 3.5174946784973144531 3.7341289520263671875 3.3086254596710205078 2.9774689674377441406 3.0486636161804199219 2.6167829036712646484 2.9064068794250488281 2.1227757930755615234 0.5969181060791015625 1.7807357311248779297 1.6662821769714355469 1.8826607465744018555 1.5529597997665405273 1.9519782066345214844 3.9127607345581054688 5.5463409423828125 3.7811906337738037109 2.9079279899597167969 3.2482960224151611328 2.2579319477081298828 3.1868906021118164062 3.7524392604827880859
3.4241962432861328125 2.4614775180816650391 2.5744738578796386719 2.45258331298828125 2.3625321388244628906 2.3569774627685546875 2.9923791885375976562 2.6321055889129638672 0.56296437978744506836 2.8601443767547607422 1.3060172796249389648 1.0502415895462036133 1.391985774040222168 2.5408000946044921875 3.5956776142120361328 4.9323010444641113281 5.6836404800415039062 5.9207482337951660156 5.7560319900512695312 5.0268163681030273438 4.0094599723815917969 3.5818493366241455078 3.6548490524291992188 3.7777898311614990234 3.2233138084411621094 3.0633540153503417969 2.1277060508728027344 2.4161899089813232422 1.3252402544021606445 1.4265116453170776367 2.3328881263732910156 2.2427661418914794922 2.4245691299438476562 2.1649861335754394531 1.6139101982116699219 4.3171434402465820312 6.2131485939025878906 4.0927648544311523438 1.9947416782379150391 2.0913250446319580078 1.4873685836791992188 1.8639285564422607422 2.0728352069854736328
3.7118215560913085938 3.4329333305358886719 3.7675125598907470703 3.4385831356048583984 4.3729333877563476562 4.5553660392761230469 4.5774755477905273438 3.8100657463073730469 2.8599672317504882812 2.2086946964263916016 1.9944587945938110352 0.292144775390625 1.1234006881713867188 2.82384490966796875 2.5554003715515136719 3.1804418563842773438 4.8694214820861816406 5.4297299385070800781 5.0331563949584960938 4.2920103073120117188 3.2682197093963623047 2.5962297916412353516 3.0335519313812255859 3.4277231693267822266 3.2672793865203857422 2.7970135211944580078 1.9289345741271972656 2.7495925426483154297 1.8882311582565307617 1.2813333272933959961 2.4407942295074462891 2.6015691757202148438 2.6875464916229248047 2.1525554656982421875 2.2870004177093505859 4.0801634788513183594 6.1981978416442871094 4.2089719772338867188 1.38661956787109375 1.8848445415496826172 2.1263267993927001953 1.963054656982421875 1.8654836416244506836
3.1934061050415039062 3.7931926250457763672 3.9741580486297607422 3.2685072422027587891 3.1146194934844970703 3.1015625 2.8469152450561523438 2.2032883167266845703 1.012766718864440918 1.6021900177001953125 2.4876320362091064453 1.0987675189971923828 2.4823627471923828125 2.9029440879821777344 2.9599819183349609375 2.7898225784301757812 3.0321366786956787109 3.2038540840148925781 3.0268826484680175781 2.2378838062286376953 1.9532923698425292969 1.6929686069488525391 1.7880699634552001953 1.9818568229675292969 2.3841123580932617188 2.4050328731536865234 2.3636095523834228516 2.8275148868560791016 2.4286708831787109375 2.2717711925506591797 2.4760823249816894531 3.7979180812835693359 3.3777902126312255859 2.5915467739105224609 2.5895509719848632812 3.5847001075744628906 4.8761444091796875 4.0501637458801269531 1.5287314653396606445 2.1319303512573242188 2.4653439521789550781 2.8133533000946044922 2.8124268054962158203
2.4875152111053466797 3.1850390434265136719 3.8930759429931640625 2.5309488773345947266 1.4863227605819702148 0.92896491289138793945 0.70385938882827758789 0.30763989686965942383 0.40565723180770874023 0.4243717491626739502 2.7601091861724853516 1.93988037109375 3.3669502735137939453 3.3142523765563964844 3.2944765090942382812 2.6715047359466552734 2.3473176956176757812 2.4333293437957763672 2.3743937015533447266 2.0816910266876220703 1.8213046789169311523 1.7268522977828979492 1.1991840600967407227 1.2847754955291748047 1.128647923469543457 1.814727783203125 2.6125841140747070312 3.8777627944946289062 4.2482275962829589844 3.6278860569000244141 2.1305661201477050781 3.7374885082244873047 3.4332089424133300781 3.0072698593139648438 2.8553497791290283203 3.4725632667541503906 3.42313385009765625 3.1366438865661621094 2.6314623355865478516 2.51013946533203125 1.7151700258255004883 2.6366426944732666016 3.7910780906677246094
2.5541973114013671875 2.9907701015472412109 4.1242160797119140625 3.1895151138305664062 2.6070444583892822266 1.4661581516265869141 1.1471428871154785156 1.0413213968276977539 0.49859157204627990723 0.48754480481147766113 2.3081173896789550781 3.4733662605285644531 5.0715737342834472656 3.7195723056793212891 2.8355860710144042969 2.8289613723754882812 3.1035711765289306641 2.3139567375183105469 2.0477633476257324219 2.6549456119537353516 3.3208582401275634766 2.9585595130920410156 2.5207531452178955078 1.7689834833145141602 1.2913427352905273438 2.1189866065979003906 3.0872564315795898438 3.7994787693023681641 5.0788826942443847656 4.4325079917907714844 2.0598123073577880859 3.1004958152770996094 3.2271533012390136719 2.9659388065338134766 3.0404374599456787109 3.3679354190826416016 3.0071382522583007812 2.3580951690673828125 3.3625962734222412109 2.8853428363800048828 2.1490535736083984375 2.4384253025054931641 4.32328033447265625
2.5330557823181152344 2.5094580650329589844 3.8751740455627441406 3.5744159221649169922 3.8577222824096679688 2.8502562046051025391 2.3510890007019042969 2.4208924770355224609 0.95658075809478759766 0.17141787707805633545 0.23984938859939575195 3.5207784175872802734 6.0978312492370605469 4.4571232795715332031 2.3112151622772216797 2.2882742881774902344 2.9562773704528808594 2.57546234130859375 3.0920617580413818359 3.3240530490875244141 3.6374955177307128906 4.0155129432678222656 3.7527287006378173828 2.9202566146850585938 2.0270993709564208984 1.7369272708892822266 3.1295962333679199219 2.1582427024841308594 3.6122696399688720703 3.6642174720764160156 2.9707567691802978516 1.7642389535903930664 2.5495641231536865234 3.3090765476226806641 2.7521603107452392578 2.5100476741790771484 2.5948240756988525391 2.1108272075653076172 2.5805878639221191406 3.1883738040924072266 2.5766885280609130859 3.1598026752471923828 4.1960616111755371094
2.3810698986053466797 1.2751271724700927734 2.8845052719116210938 3.0214071273803710938 3.7884106636047363281 3.4189314842224121094 2.6961691379547119141 3.7850553989410400391 2.0456149578094482422 0.086545996367931365967 0.28362795710563659668 2.4869556427001953125 5.9641060829162597656 6.9504103660583496094 3.9035456180572509766 2.2173404693603515625 2.6918408870697021484 2.6166803836822509766 2.7083845138549804688 3.5827655792236328125 3.5816047191619873047 4.0913186073303222656 3.7865014076232910156 3.8184792995452880859 3.7940337657928466797 1.7471221685409545898 2.8009328842163085938 2.1639673709869384766 1.2305024862289428711 1.0595424175262451172 1.619406580924987793 1.5750877857208251953 2.9168975353240966797 3.31610107421875 3.2783679962158203125 2.8185765743255615234 2.8577339649200439453 2.5485389232635498047 1.921095728874206543 2.8180856704711914062 3.4749419689178466797 4.0232634544372558594 3.4227132797241210938
2.5810697078704833984 1.4117923974990844727 1.8782052993774414062 2.5188276767730712891 3.6223542690277099609 3.6562473773956298828 3.6328394412994384766 5.1810131072998046875 3.2848019599914550781 0.36548215150833129883 0.46233236789703369141 1.5213018655776977539 3.8906233310699462891 5.4018793106079101562 5.2814145088195800781 4.5970492362976074219 3.8529689311981201172 3.9566898345947265625 1.9549785852432250977 1.9444650411605834961 2.8828320503234863281 3.4374098777770996094 4.0272288322448730469 4.2306694984436035156 5.5606546401977539062 5.2740082740783691406 3.5985872745513916016 1.9970917701721191406 1.4408222436904907227 1.4708719253540039062 1.1148209571838378906 1.0723375082015991211 2.2262830734252929688 2.8807370662689208984 3.5813605785369873047 3.3163485527038574219 3.4101347923278808594 3.1723523139953613281 2.9491019248962402344 2.5934298038482666016 4.1166043281555175781 4.8526096343994140625 2.6967573165893554688
3.6189568042755126953 2.8626191616058349609 2.5541353225708007812 2.7811691761016845703 3.8126983642578125 4.1403169631958007812 5.0315794944763183594 6.9161596298217773438 3.9807217121124267578 1.094385981559753418 2.0632333755493164062 2.5821785926818847656 2.4550731182098388672 4.1734185218811035156 3.2432527542114257812 2.5935411453247070312 4.4975743293762207031 4.700458526611328125 4.6951227188110351562 3.2509884834289550781 2.1554198265075683594 2.0080778598785400391 2.8434243202209472656 3.3265056610107421875 4.3385195732116699219 5.3755006790161132812 4.6871728897094726562 3.3551044464111328125 2.2808446884155273438 2.3212745189666748047 1.4217839241027832031 0.80439406633377075195 1.9474635124206542969 2.7707273960113525391 2.8642444610595703125 2.9834759235382080078 3.0585248470306396484 3.278697967529296875 3.3994007110595703125 3.362010955810546875 4.3933281898498535156 4.9481439590454101562 2.5071609020233154297
3.2445235252380371094 2.8298780918121337891 2.0410161018371582031 2.5108957290649414062 2.9051396846771240234 3.1702649593353271484 4.9236330986022949219 7.9158811569213867188 3.8523733615875244141 1.33843231201171875 3.0191750526428222656 3.5859932899475097656 2.8972837924957275391 3.0928580760955810547 1.975752711296081543 1.4269958734512329102 2.4423878192901611328 2.8387362957000732422 3.5174834728240966797 5.3847413063049316406 3.7500591278076171875 2.0037996768951416016 1.8546912670135498047 2.5250132083892822266 3.1777875423431396484 4.2450423240661621094 4.5168375968933105469 3.8215687274932861328 3.6670145988464355469 3.8900346755981445312 2.6710581779479980469 3.2943043708801269531 2.9237604141235351562 4.5962157249450683594 3.1267168521881103516 2.8843214511871337891 2.8934726715087890625 3.3243570327758789062 3.2794709205627441406 4.0408377647399902344 3.9432260990142822266 4.0492281913757324219 2.3013362884521484375
3.8238222599029541016 2.9646649360656738281 2.1700406074523925781 2.6383011341094970703 2.1713812351226806641 2.2600853443145751953 4.2992825508117675781 7.8093719482421875 4.8458805084228515625 0.60042798519134521484 1.8776001930236816406 2.6816580295562744141 3.0024557113647460938 2.0776166915893554688 3.3975489139556884766 2.6553454399108886719 0.88779741525650024414 1.381054997444152832 2.0772624015808105469 4.7879343032836914062 5.9386000633239746094 2.9603528976440429688 0.88179886341094970703 1.4521964788436889648 2.5157628059387207031 2.8101627826690673828 3.7644186019897460938 3.5971469879150390625 3.9456515312194824219 5.2342901229858398438 4.6854758262634277344 3.7554743289947509766 2.3992910385131835938 3.5021381378173828125 3.0214016437530517578 3.023700714111328125 2.4223985671997070312 3.3525705337524414062 3.1634061336517333984 3.6060459613800048828 3.9006748199462890625 3.2914767265319824219 2.2196702957153320312
4.5663084983825683594 4.1424465179443359375 3.7243502140045166016 2.9992787837982177734 2.40200042724609375 1.9338594675064086914 3.5099875926971435547 5.5646657943725585938 4.9669032096862792969 3.3995063304901123047 1.0029672384262084961 2.0407741069793701172 2.8103909492492675781 3.2000975608825683594 3.4025130271911621094 2.4660704135894775391 2.6520104408264160156 1.5348180532455444336 1.8506178855895996094 3.5163369178771972656 5.9457578659057617188 4.4045853614807128906 1.4121718406677246094 1.7063757181167602539 2.7322163581848144531 2.2289071083068847656 3.1050209999084472656 2.6010046005249023438 3.2406001091003417969 3.7655401229858398438 4.8674879074096679688 4.746776580810546875 3.6995608806610107422 3.0609111785888671875 1.7526996135711669922 3.0844266414642333984 2.3465094566345214844 3.1324670314788818359 2.7817118167877197266 2.6545503139495849609 2.8661952018737792969 2.6929557323455810547 2.1898288726806640625
3.9895446300506591797 3.3334980010986328125 2.5150303840637207031 1.7380921840667724609 1.7142548561096191406 0.83128559589385986328 2.2890231609344482422 6.6813840866088867188 5.6732945442199707031 3.9082534313201904297 4.0971393585205078125 3.738002777099609375 1.3612483739852905273 3.0832142829895019531 3.9570610523223876953 3.7126252651214599609 2.7151350975036621094 1.4276301860809326172 0.75650519132614135742 3.1546475887298583984 4.430500030517578125 5.7328929901123046875 3.0999829769134521484 2.9287080764770507812 3.0276396274566650391 1.7439340353012084961 2.8744475841522216797 2.7091777324676513672 2.8390469551086425781 2.8480286598205566406 2.1464211940765380859 3.568126678466796875 2.6468169689178466797 1.7676790952682495117 2.2735409736633300781 2.2884132862091064453 2.5488464832305908203 2.4782145023345947266 2.40366363525390625 1.8058081865310668945 1.8530195951461791992 1.2867063283920288086 1.3773052692413330078
2.7450878620147705078 3.4679324626922607422 2.3258059024810791016 2.164119720458984375 1.7132916450500488281 0.82086157798767089844 1.8030648231506347656 3.737628936767578125 6.8211393356323242188 6.6866693496704101562 6.331279754638671875 4.8212532997131347656 3.3964717388153076172 1.7256016731262207031 4.586666107177734375 4.94733428955078125 4.7762637138366699219 3.7467679977416992188 1.7553442716598510742 2.0513799190521240234 3.1641192436218261719 4.484737396240234375 4.9170007705688476562 3.897785186767578125 2.5771210193634033203 2.1365277767181396484 2.3427171707153320312 2.7692246437072753906 3.2798707485198974609 3.1306354999542236328 2.266429901123046875 3.4612483978271484375 2.954486846923828125 2.7297179698944091797 1.1026390790939331055 0.99617654085159301758 2.0644545555114746094 2.0385923385620117188 2.2212455272674560547 1.5661287307739257812 1.6679475307464599609 1.4186387062072753906 0.56688541173934936523
1.7572920322418212891 3.6470043659210205078 4.0325527191162109375 3.296478271484375 1.5875741243362426758 1.0306526422500610352 1.3621988296508789062 2.6476907730102539062 3.8537194728851318359 4.8037509918212890625 5.1966829299926757812 4.62741851806640625 1.9621366262435913086 2.8173296451568603516 6.292339324951171875 5.3362016677856445312 4.714771270751953125 6.0500164031982421875 3.8694887161254882812 2.4515409469604492188 2.0362658500671386719 2.1182119846343994141 2.23534393310546875 2.3837742805480957031 2.9268712997436523438 2.2645995616912841797 1.1581850051879882812 1.7305507659912109375 2.2538790702819824219 1.5750610828399658203 1.1157214641571044922 1.2531673908233642578 1.8783222436904907227 1.8161298036575317383 0.96164178848266601562 1.8269143104553222656 1.5493488311767578125 1.6362606287002563477 1.5951808691024780273 1.3035308122634887695 1.6272795200347900391 0.89979040622711181641 1.7210004329681396484
2.0384187698364257812 1.7439723014831542969 4.8747768402099609375 4.1967706680297851562 1.8526928424835205078 0.80319702625274658203 1.4870191812515258789 1.7119337320327758789 2.2827746868133544922 2.7779572010040283203 3.4639530181884765625 3.5940711498260498047 1.0507390499114990234 1.612687230110168457 5.7309021949768066406 4.9609045982360839844 2.1194927692413330078 5.3029356002807617188 5.5462474822998046875 3.7908213138580322266 2.6645631790161132812 2.07830047607421875 2.3328204154968261719 4.0711774826049804688 4.6872096061706542969 3.1990063190460205078 1.3744409084320068359 0.29009583592414855957 0.27865287661552429199 0.30929401516914367676 0.31583002209663391113 0.38672232627868652344 0.42580673098564147949 0.65500307083129882812 0.47628048062324523926 1.2588984966278076172 1.077054142951965332 0.88295775651931762695 1.2088969945907592773 1.1702845096588134766 1.2161550521850585938 0.86192739009857177734 4.0050683021545410156
4.2286820411682128906 1.2294040918350219727 4.10169219970703125 5.5881814956665039062 3.3272025585174560547 2.0851552486419677734 2.5854010581970214844 2.3105599880218505859 2.2923247814178466797 2.0193979740142822266 2.1423847675323486328 2.3830561637878417969 1.8543381690979003906 1.4447019100189208984 4.2123570442199707031 5.1379556655883789062 2.7532770633697509766 1.8064458370208740234 4.9484090805053710938 6.0845379829406738281 4.9983611106872558594 4.2019581794738769531 4.6665377616882324219 4.5017080307006835938 4.2548584938049316406 2.9610641002655029297 1.4982801675796508789 0.46973729133605957031 0.37972462177276611328 0.53435397148132324219 0.31856381893157958984 0.49553188681602478027 0.73669350147247314453 1.0076307058334350586 1.031008601188659668 0.73214864730834960938 0.8157672882080078125 1.1299481391906738281 1.1985518932342529297 0.235266074538230896 0.96321558952331542969 2.1091151237487792969 6.217010498046875
6.5026135444641113281 3.6364972591400146484 1.7725921869277954102 5.4315247535705566406 4.2866849899291992188 2.9087703227996826172 3.4412710666656494141 3.1348912715911865234 3.1900193691253662109 2.8588848114013671875 3.2025403976440429688 1.6199629306793212891 3.4979131221771240234 3.3515391349792480469 2.6120858192443847656 3.6256401538848876953 4.1800456047058105469 3.2906477451324462891 2.6792609691619873047 3.6292507648468017578 4.7320618629455566406 5.4626765251159667969 5.7271137237548828125 5.50858306884765625 4.5668263435363769531 3.15296173095703125 1.9485535621643066406 1.2190762758255004883 0.60711902379989624023 0.33140513300895690918 0.4877955317497253418 0.75678092241287231445 0.84770208597183227539 0.79561406373977661133 1.1673322916030883789 0.57030034065246582031 0.96523898839950561523 0.97205072641372680664 0.66308933496475219727 0.28950649499893188477 0.9174715876579284668 3.546600341796875 7.8795666694641113281
