gis/40m/soildepth.asc
ncols        256
nrows        286
xllcorner    726766.000000000000
yllcorner    7127230.000000000000
cellsize     40.000000000000
NODATA_value -9999
[rows 96 to 143 of 286, columns 96 to 191 of 256]
0 0 0 12 11 11 11 11 11 11 11 11 10 10 5 7 8 1 4 9 12 13 14 14 15 15 16 16 17 17 17 18 19 19 18 15 13 11 5 0 0 0 0 6 13 17 19 19 19 19 19 19 19 19 19 17 16 12 6 1 0 0 0 0 0 0 0 0 0 0 0 0 0 1 15 16 21 23 24 24 24 24 28 30 30 30 30 30 30 30 30 30 30 27 24 24
0 0 0 9 7 7 8 8 9 10 10 10 10 9 3 2 7 0 4 9 12 13 14 14 15 16 16 17 17 17 18 18 19 19 20 19 15 13 7 0 0 0 0 1 12 13 18 19 19 19 19 19 19 19 19 19 17 16 16 15 9 2 0 0 0 0 0 0 0 0 0 0 0 0 8 18 18 21 23 23 23 25 28 30 30 30 30 30 30 30 30 30 30 28 25 24
0 0 0 0 0 0 3 8 8 8 10 10 10 9 3 0 5 6 8 9 12 13 14 15 15 16 17 17 17 18 19 19 20 20 20 20 19 15 3 0 0 0 0 0 7 13 18 19 19 19 19 19 19 19 19 19 19 19 19 18 16 16 10 5 4 1 0 0 0 0 0 0 0 0 0 4 13 18 19 19 20 27 29 30 30 30 30 30 30 30 30 30 30 30 28 25
0 0 0 0 0 0 0 2 5 7 8 9 9 9 4 0 3 8 9 11 12 13 14 15 16 16 17 17 18 19 19 20 20 20 20 20 20 15 3 0 0 0 0 0 4 13 18 20 19 19 19 19 20 20 20 20 20 20 20 20 19 17 14 16 17 16 10 6 6 4 0 0 0 0 0 0 0 0 6 12 17 21 22 22 24 29 30 30 30 30 30 30 30 29 29 27
0 0 0 0 0 0 0 0 0 2 7 8 8 8 7 5 6 7 9 12 13 14 15 15 16 17 18 18 19 19 20 20 21 21 21 20 20 15 10 1 0 0 0 0 2 13 18 20 20 20 20 20 20 20 20 20 20 20 20 20 20 17 2 8 17 16 13 14 14 12 8 0 0 0 0 0 0 0 0 0 0 8 15 18 21 29 30 30 30 30 30 29 29 28 28 28
0 1 0 0 0 0 0 0 0 2 8 8 7 5 9 10 10 8 10 12 13 14 15 16 17 18 19 20 21 21 21 21 21 21 21 20 20 15 12 1 0 0 0 0 5 13 18 20 20 20 20 20 20 20 20 20 20 20 20 20 18 14 0 0 3 13 13 16 17 14 12 5 0 0 0 0 0 0 0 0 0 0 0 12 20 28 30 30 30 29 29 28 28 28 28 28
2 7 6 1 0 0 0 0 2 8 8 4 0 0 3 9 9 10 11 12 14 15 16 17 18 19 21 22 24 25 22 21 21 21 21 20 20 15 13 1 0 0 0 0 9 13 18 20 20 20 21 21 21 21 21 20 20 20 20 18 13 10 0 0 0 0 11 16 19 17 13 12 3 0 0 0 0 0 0 0 0 0 0 6 17 24 29 29 29 29 29 29 29 29 29 29
8 8 8 6 1 0 0 1 7 7 7 1 0 0 2 5 9 10 12 13 15 16 17 18 19 20 22 23 24 26 25 22 21 21 21 21 20 15 13 1 0 0 0 2 13 13 14 18 21 21 21 21 21 21 20 20 20 20 20 18 13 9 0 0 0 1 11 16 19 19 17 13 12 7 1 0 0 0 0 0 3 6 6 14 18 25 28 29 29 29 29 29 28 27 28 28
6 8 8 8 8 4 0 4 8 9 7 2 0 2 5 8 10 12 13 15 16 18 19 20 20 21 25 26 26 26 25 22 21 21 21 20 16 14 9 0 0 0 0 0 5 10 13 18 21 21 21 21 21 20 20 20 20 20 17 14 12 4 0 0 0 3 12 13 16 19 19 17 14 12 12 2 0 0 0 0 9 11 15 19 23 26 28 29 29 28 28 28 27 27 29 29
1 8 10 10 8 8 7 8 8 8 7 5 0 5 7 10 12 14 16 17 19 20 21 21 22 23 26 27 27 26 26 24 22 21 21 21 15 9 0 0 0 0 0 0 0 3 13 18 21 21 21 20 20 20 20 19 19 17 14 12 8 0 0 0 0 0 7 12 14 15 16 18 16 14 12 11 9 5 0 2 11 14 17 21 26 26 28 28 28 28 27 28 28 29 29 29
0 5 10 10 7 4 6 8 8 7 7 6 1 7 9 13 15 17 19 20 21 22 23 23 24 24 27 27 27 26 27 26 24 23 22 21 15 2 0 0 0 0 1 12 14 15 16 19 21 21 20 20 20 20 19 19 17 14 12 8 0 0 0 0 0 0 0 1 3 7 13 17 18 16 14 14 14 12 10 10 12 16 18 21 25 25 26 27 27 27 28 29 29 29 29 28
0 2 8 8 7 0 0 0 2 6 7 8 8 9 12 17 19 21 22 24 24 25 25 25 25 26 27 28 28 27 27 27 27 25 22 21 15 1 0 0 0 0 10 13 16 20 20 20 20 20 20 20 19 19 19 18 14 12 4 0 0 0 0 0 0 0 0 0 0 0 8 17 18 18 18 18 18 15 13 12 13 17 18 19 22 22 22 26 27 28 29 29 29 29 29 26
0 1 8 8 8 4 0 0 0 4 7 9 11 13 17 20 23 25 26 27 -9999 28 28 27 27 27 28 28 29 29 27 27 27 25 23 21 15 1 0 0 4 11 13 16 20 20 20 20 20 20 20 19 19 19 18 14 11 3 0 0 0 0 0 0 0 4 8 11 8 1 8 17 18 18 18 18 18 17 17 17 17 17 17 19 22 22 23 27 29 29 30 29 29 29 27 23
0 3 8 7 3 7 1 0 0 1 7 7 5 16 19 24 27 29 30 30 31 30 29 29 28 28 29 29 29 30 29 27 27 26 24 23 15 1 0 0 11 13 16 19 20 20 20 20 20 19 19 19 19 19 17 12 2 0 0 0 0 0 3 7 10 12 12 12 12 12 13 17 18 18 18 18 18 18 18 17 17 17 17 18 19 22 25 28 29 29 29 29 28 28 26 22
0 2 6 6 2 8 6 0 0 0 4 7 7 16 18 30 33 31 35 33 33 32 30 29 -9999 -9999 29 29 29 31 30 28 27 26 24 23 15 4 0 0 12 15 19 20 20 20 20 19 19 19 19 19 19 19 17 11 0 2 10 11 9 10 12 14 16 16 16 15 15 15 15 17 18 18 18 18 18 17 17 17 17 17 17 16 18 22 26 29 30 30 30 29 28 28 27 22
0 0 0 2 9 10 9 4 0 0 0 3 8 11 15 23 29 31 35 33 36 35 31 30 29 29 29 29 30 31 31 28 28 26 25 23 15 8 0 2 12 18 20 20 20 19 19 19 19 19 19 19 19 19 17 12 9 12 13 14 14 14 14 16 19 19 19 19 18 18 18 18 18 17 17 17 17 17 17 17 16 16 16 16 17 22 25 28 30 30 30 29 28 28 27 24
0 0 0 0 9 12 10 9 4 0 0 0 0 6 14 17 26 29 31 31 32 32 30 29 29 29 29 30 31 31 31 30 30 28 26 24 17 14 11 13 14 18 20 19 19 19 19 19 19 19 19 19 19 19 18 13 13 13 15 18 18 18 18 19 19 19 18 18 18 17 17 17 17 17 17 17 17 17 16 16 16 16 16 16 17 21 22 25 29 31 30 29 29 29 29 28
0 0 0 0 8 10 12 11 9 0 0 0 0 0 11 15 23 27 28 29 29 29 29 30 29 29 30 31 31 31 30 30 30 28 25 25 23 20 18 18 18 19 19 19 19 19 19 19 19 19 19 19 19 19 19 18 17 17 18 18 18 18 18 18 18 18 18 18 17 17 17 17 17 17 16 16 16 16 16 16 16 16 16 16 17 21 22 25 29 31 31 31 30 30 29 28
0 0 0 0 6 10 13 12 10 3 0 0 0 0 7 14 21 24 25 26 26 27 27 29 29 29 30 31 31 30 30 30 30 28 25 25 25 18 14 14 14 14 14 16 19 19 19 19 19 18 18 18 18 18 18 18 18 18 18 18 18 18 18 18 18 18 17 17 17 17 17 17 17 16 16 16 16 16 16 16 16 16 16 15 16 18 21 25 29 31 31 31 31 30 29 28
0 0 0 0 8 10 14 14 12 7 0 0 0 0 7 12 18 21 22 23 24 24 24 26 27 27 28 29 31 30 30 30 30 29 27 25 24 16 12 7 7 8 12 14 18 18 18 18 18 18 18 18 18 18 18 18 18 18 18 18 18 18 18 18 18 17 17 17 17 17 17 17 16 16 16 16 16 16 16 16 16 16 15 15 15 16 21 24 27 29 29 31 31 31 30 29
0 0 0 1 9 12 14 16 13 10 4 0 0 1 10 12 16 18 20 22 23 21 21 23 25 25 24 27 29 30 30 30 30 30 29 25 24 17 12 4 3 1 10 14 18 18 18 18 18 18 18 18 18 18 18 18 18 18 18 18 18 18 18 17 17 17 17 17 17 17 17 17 16 16 16 16 16 16 16 16 16 15 15 15 15 16 21 22 24 26 28 30 31 31 30 27
0 0 0 0 9 14 15 16 13 10 9 5 0 1 10 13 14 15 17 23 22 17 16 19 22 22 22 22 25 30 30 30 30 30 29 24 24 19 14 12 10 0 10 14 18 18 18 18 18 18 18 18 18 17 17 17 17 17 17 17 17 17 17 17 17 17 17 17 17 17 17 16 16 16 16 16 16 16 16 16 16 15 15 15 15 16 20 21 22 23 27 30 31 31 29 22
5 0 0 0 8 10 14 15 14 12 9 9 1 1 9 11 12 13 14 15 15 14 12 13 14 14 14 15 21 30 30 30 30 30 29 25 24 23 20 16 16 14 16 17 17 17 17 17 17 17 17 17 17 17 17 17 17 17 17 17 17 17 17 17 17 17 17 17 17 17 16 16 16 16 16 16 16 16 16 16 15 15 15 15 15 15 16 16 19 22 24 30 32 32 30 23
8 2 0 0 6 10 13 14 14 13 11 9 4 1 8 10 10 -9999 12 15 13 10 7 9 10 10 6 13 18 25 30 30 30 30 30 28 24 23 21 17 17 17 17 17 17 17 17 17 17 17 17 17 17 17 17 17 17 17 17 17 17 17 17 17 17 17 17 17 17 16 16 16 16 16 16 16 16 16 16 15 15 15 15 15 15 15 14 18 21 23 26 31 32 32 29 23
8 8 2 0 7 9 12 13 13 12 12 9 8 7 8 10 10 6 10 19 16 6 1 7 8 8 6 12 17 24 29 30 30 30 30 29 24 23 20 16 16 17 17 17 17 17 17 17 17 17 17 17 17 17 17 17 17 17 17 17 17 17 17 17 17 17 17 16 16 16 16 16 16 16 16 16 16 15 15 15 15 15 15 15 15 14 14 19 23 24 28 31 32 32 30 26
8 9 9 9 9 9 11 12 12 12 12 11 9 9 9 10 10 11 -9999 13 11 9 6 8 8 9 11 14 18 23 27 29 30 30 30 29 24 23 21 17 16 16 16 16 16 17 17 17 17 17 17 17 17 17 17 17 17 17 17 17 17 17 17 17 17 16 16 16 16 16 16 16 16 16 15 15 15 15 15 15 15 15 15 14 14 14 14 19 23 24 29 31 32 32 31 31
8 10 11 11 11 11 11 11 11 11 12 11 11 11 11 11 11 12 12 12 11 10 9 9 9 10 11 17 21 21 23 28 30 30 30 29 24 22 22 21 17 16 16 16 16 16 16 16 16 16 17 17 17 17 17 17 17 17 17 17 17 17 17 17 17 16 16 15 15 15 15 15 15 15 15 15 15 15 15 15 15 14 14 14 14 14 14 19 23 25 31 32 32 32 32 32
7 10 10 10 10 10 11 11 11 11 11 11 11 11 11 11 12 12 13 15 13 12 11 10 10 11 11 17 21 21 23 28 30 30 30 29 24 22 22 22 21 17 15 15 15 15 16 16 16 16 16 16 16 17 17 17 17 17 17 17 17 17 17 17 16 16 15 15 15 15 15 15 15 15 15 15 14 14 14 14 14 14 14 14 14 13 13 19 23 25 32 33 33 32 32 32
7 9 10 10 10 10 10 11 11 11 11 11 11 11 11 11 12 12 13 14 14 12 12 11 11 11 11 13 17 21 22 24 28 30 30 30 28 25 23 23 22 20 17 15 15 15 15 15 15 15 16 16 16 16 16 16 16 17 17 17 17 17 17 17 16 15 15 15 15 15 15 14 14 14 14 14 14 14 14 14 14 14 14 13 13 13 13 19 23 25 32 33 33 32 32 32
7 9 10 10 10 10 10 10 10 10 10 9 0 10 16 16 17 14 13 13 13 12 12 11 11 11 11 11 16 21 21 22 24 26 26 26 26 24 23 23 23 22 20 13 4 14 15 15 15 15 15 15 15 15 15 16 16 16 16 16 16 17 17 16 16 15 15 15 15 15 14 14 14 14 14 14 14 14 14 14 13 13 13 13 13 13 13 19 23 25 32 33 33 33 33 33
7 9 10 10 10 10 10 10 10 9 9 9 6 14 21 21 21 18 14 13 13 12 12 12 11 11 11 11 14 19 21 21 22 22 22 23 23 23 23 23 23 22 22 16 7 15 15 15 15 15 15 15 15 15 15 15 15 15 16 16 16 16 16 16 15 15 15 15 15 14 14 14 14 14 14 14 14 14 14 13 13 13 13 13 13 13 13 19 23 25 32 33 33 33 33 33
7 9 10 10 10 10 10 9 9 9 9 9 9 14 21 21 21 21 18 14 13 12 12 12 11 11 11 11 12 14 19 20 20 21 21 21 22 23 23 22 23 22 22 22 20 16 15 15 15 15 15 15 15 15 15 15 15 15 15 15 15 15 15 15 15 15 15 15 15 14 14 14 14 14 14 14 14 14 13 13 13 13 13 13 13 12 12 19 23 25 32 33 33 33 33 33
7 9 10 9 9 9 9 8 8 8 8 8 8 13 20 20 21 21 21 20 19 14 12 11 11 11 11 11 11 12 13 14 14 15 15 16 20 22 22 23 27 24 22 22 20 16 15 15 15 15 15 15 15 15 15 15 15 15 15 15 15 15 15 15 15 15 15 15 14 14 14 14 14 14 14 14 14 14 13 13 13 13 13 13 12 12 12 19 23 25 33 34 34 34 33 33
7 9 9 9 9 8 8 8 7 7 7 7 8 13 20 20 20 21 21 21 21 19 18 15 11 11 11 11 11 12 12 12 13 13 14 14 16 20 22 22 24 26 24 22 20 16 15 15 15 15 15 15 15 15 15 15 15 15 15 15 15 11 6 15 15 15 15 15 14 14 14 14 14 14 14 14 14 13 13 13 13 13 13 12 12 12 12 19 23 26 33 34 34 34 34 34
7 9 9 9 8 8 7 7 7 7 7 7 7 9 15 19 20 20 20 21 21 21 19 15 11 11 11 11 11 11 12 12 12 13 13 14 14 19 22 22 23 27 25 22 21 18 16 15 15 15 15 15 15 15 15 15 15 15 15 15 15 10 6 15 15 15 15 14 14 14 14 14 14 14 14 14 14 13 13 13 13 13 13 12 12 12 12 19 23 26 33 34 34 34 34 34
8 9 9 8 8 8 7 7 7 6 6 6 6 6 9 16 19 20 20 20 20 19 17 14 12 11 10 10 11 11 11 12 12 12 13 13 14 17 21 22 22 26 24 22 22 21 16 15 15 15 15 15 15 15 15 15 15 15 15 15 15 15 15 15 15 15 14 14 14 14 14 14 14 14 14 14 13 13 13 13 13 13 12 12 12 12 12 19 23 26 34 35 35 34 34 34
9 9 9 8 8 7 7 7 6 6 5 5 5 6 7 9 16 19 20 20 19 17 16 15 15 14 11 10 10 10 11 11 11 12 12 13 13 14 17 22 22 22 22 22 22 21 16 15 15 15 15 15 15 15 15 15 15 15 15 15 15 14 14 14 14 15 14 14 14 14 14 14 14 14 14 14 13 13 13 13 13 13 12 12 12 12 12 19 23 26 34 35 35 35 35 35
9 9 9 8 8 7 7 7 6 6 5 5 5 6 6 4 1 15 20 20 20 17 17 17 16 11 10 10 10 10 10 10 11 11 12 12 13 13 17 21 22 22 22 22 22 21 16 15 15 15 15 15 15 15 15 15 15 15 15 15 14 12 10 11 12 14 14 14 14 14 14 14 14 14 14 14 13 13 13 13 13 12 12 12 12 12 12 19 23 26 34 35 35 35 35 35
9 9 9 8 8 8 7 7 6 6 6 5 6 6 6 6 6 10 15 20 19 18 18 18 15 13 11 10 10 10 10 10 10 11 11 12 12 13 14 17 21 22 22 20 17 17 15 15 15 15 15 15 15 15 15 15 15 15 15 15 14 11 1 2 10 14 14 14 14 14 14 14 14 14 14 13 13 13 13 13 13 12 12 12 12 12 11 19 23 26 35 36 36 36 35 35
9 9 9 8 8 8 7 7 6 6 6 6 6 6 7 7 8 8 13 20 19 19 18 16 15 14 11 10 10 10 10 10 10 10 10 11 11 12 13 14 17 18 18 17 15 15 15 15 15 15 15 15 15 15 15 15 15 15 15 15 14 11 5 4 10 14 14 14 14 14 14 14 14 14 14 13 13 13 13 13 13 12 12 12 12 11 11 19 24 26 35 36 36 33 29 29
9 9 9 9 8 8 8 7 7 7 6 6 6 7 7 7 8 8 12 17 20 20 17 16 16 16 13 11 10 10 10 10 10 10 10 10 11 11 12 12 13 14 14 14 14 15 15 15 15 15 15 15 15 15 15 15 15 15 15 15 14 10 8 9 10 14 14 14 14 14 14 14 14 14 13 13 13 13 13 13 12 12 12 12 12 11 11 19 24 27 35 36 36 30 22 22
10 9 9 9 9 8 8 8 7 7 7 7 7 7 7 8 8 8 9 11 17 19 19 20 20 20 19 14 11 10 10 10 10 10 10 10 10 10 11 11 12 13 13 14 14 15 15 15 15 15 15 15 15 15 15 15 15 15 15 15 14 11 10 10 11 14 14 14 14 14 14 14 15 15 15 14 14 14 13 13 12 12 12 12 11 11 11 19 24 26 34 36 36 31 22 22
7 4 9 9 9 8 8 8 8 7 7 7 7 7 8 8 8 8 9 9 11 17 19 19 20 20 20 18 15 11 10 10 10 10 10 10 10 10 10 10 11 12 12 13 14 14 15 15 15 15 15 15 15 15 15 15 15 15 15 14 14 13 13 13 13 13 14 14 14 14 14 14 18 21 21 21 21 16 13 13 13 13 12 12 12 12 12 19 24 24 26 34 37 31 22 22
6 4 9 9 9 9 8 8 8 8 8 8 8 8 8 8 8 8 9 9 6 17 19 19 19 19 19 19 18 16 15 11 10 10 10 10 10 10 10 10 10 10 11 12 13 14 14 14 15 15 15 15 15 15 15 15 15 15 15 14 14 13 13 13 13 13 13 13 13 13 13 13 19 23 23 23 23 21 20 20 20 20 20 20 20 20 20 22 24 24 25 34 37 31 22 22
10 10 10 9 9 9 9 9 8 8 8 8 8 8 8 8 9 9 9 8 0 10 17 19 19 19 19 19 19 19 19 15 14 12 10 10 10 10 10 10 10 10 10 11 12 13 14 14 14 15 15 15 15 15 15 15 15 15 15 14 14 13 13 13 13 13 13 13 13 13 13 13 19 23 23 23 23 23 23 24 24 24 24 24 24 24 24 24 24 24 25 34 37 34 30 29
10 10 10 10 10 9 9 9 9 9 9 9 9 9 9 9 9 9 9 9 9 9 15 19 19 19 21 22 21 19 19 19 19 16 12 10 10 10 10 10 10 10 10 10 11 12 13 13 14 14 14 15 15 15 15 15 15 15 14 14 14 13 13 13 13 13 13 13 13 13 13 13 19 22 23 26 26 24 23 24 24 24 26 26 24 24 24 24 26 28 29 35 37 37 37 36
11 10 10 10 10 10 9 9 9 9 9 9 9 9 9 9 9 9 9 9 9 9 14 18 19 20 25 28 25 21 20 19 19 19 16 10 10 10 10 10 10 10 10 10 10 11 12 12 13 13 14 14 15 15 15 15 15 15 14 14 13 13 13 13 13 13 13 13 13 13 13 14 19 22 25 32 33 28 25 25 26 26 32 32 26 24 24 24 29 36 37 37 37 37 37 37
11 11 10 10 10 10 10 10 9 9 9 9 9 9 9 9 9 9 9 9 9 9 10 14 19 19 20 25 28 27 27 21 19 19 17 10 9 9 9 9 9 9 10 10 10 10 11 11 12 13 13 14 14 14 15 15 15 14 14 14 13 13 13 13 13 13 13 13 13 13 14 19 21 22 25 32 33 33 33 33 34 34 36 36 33 26 25 26 38 37 37 37 37 37 37 37
