gis/40m/soildepth.asc
ncols        256
nrows        286
xllcorner    726766.000000000000
yllcorner    7127230.000000000000
cellsize     40.000000000000
NODATA_value -9999
[rows 144 to 191 of 286, columns 96 to 191 of 256]
11 11 11 11 10 10 10 10 10 10 10 9 9 10 10 10 10 10 10 9 9 9 9 13 19 19 19 21 25 29 28 26 21 19 17 10 9 9 9 9 9 9 9 9 10 10 10 11 11 12 12 13 13 14 14 14 14 14 14 14 13 13 13 13 14 17 18 18 18 18 19 21 22 22 24 32 33 34 35 35 36 36 36 37 36 33 33 33 37 37 37 37 37 37 37 37
11 11 11 11 11 11 10 10 10 10 10 10 10 10 10 10 10 10 10 10 9 9 9 11 15 19 19 19 21 25 28 28 23 19 17 10 9 9 9 9 9 9 9 9 9 10 10 10 11 11 11 12 12 13 13 14 14 14 14 13 13 13 15 16 17 19 20 20 20 20 21 21 22 24 28 32 33 34 34 35 35 36 36 37 37 37 37 37 37 37 37 37 37 37 37 36
12 11 11 11 11 11 11 10 10 10 10 10 10 10 10 10 10 10 10 10 10 9 9 9 11 16 18 19 19 20 25 27 23 19 17 11 9 9 9 9 9 9 9 9 9 9 10 10 10 10 11 11 12 12 13 13 14 14 15 15 14 15 17 19 19 20 20 20 20 20 21 21 23 27 31 32 30 29 30 31 31 31 34 36 37 37 37 37 37 37 37 37 37 37 37 36
12 12 12 11 11 11 11 11 11 10 10 10 10 10 10 10 10 10 10 10 10 10 10 10 10 11 16 18 19 19 20 25 23 21 19 14 11 9 9 9 9 9 9 9 9 9 9 10 10 10 10 11 11 11 12 12 13 15 17 17 18 19 20 21 21 22 22 22 22 21 22 22 27 30 30 29 22 20 20 21 21 21 31 36 37 37 37 37 37 37 37 37 37 37 36 36
12 12 12 12 11 11 11 11 11 11 11 10 10 10 10 10 10 10 10 10 10 10 10 10 10 10 11 16 19 19 19 21 21 21 19 15 13 11 9 9 9 9 9 9 9 9 9 9 10 10 10 10 11 11 11 12 12 15 17 17 18 23 25 24 22 24 24 24 25 25 25 26 28 26 24 23 15 6 0 0 9 20 30 36 36 37 37 37 37 37 37 37 37 36 36 36
12 12 12 12 12 11 11 11 11 11 11 11 11 10 10 10 10 10 10 10 10 10 10 10 10 10 10 11 15 19 19 20 21 21 19 15 14 13 11 9 9 9 9 9 9 9 9 9 9 10 10 10 10 11 11 11 11 14 16 16 17 22 26 27 25 24 25 25 26 26 26 27 28 25 22 12 0 0 0 0 0 15 30 36 36 36 36 37 37 37 37 36 36 36 36 36
13 12 12 12 12 12 11 11 11 11 11 11 11 11 11 11 11 10 10 10 10 10 10 10 10 10 10 10 12 15 19 20 21 20 17 14 14 14 13 12 11 11 10 9 9 9 9 9 9 10 12 12 12 12 11 11 10 14 16 16 17 21 26 28 27 24 24 25 25 26 26 27 27 24 18 3 0 0 0 0 0 13 25 31 36 36 36 36 36 36 36 36 36 36 36 36
13 13 13 12 12 12 12 11 11 11 11 11 11 11 11 11 11 11 10 10 10 10 10 10 10 10 10 10 10 11 16 18 19 17 14 15 14 14 14 14 14 14 12 10 10 10 10 9 9 10 14 14 14 14 13 12 12 15 16 16 17 21 25 27 27 25 24 24 25 26 26 26 25 21 13 0 0 0 0 0 0 6 20 24 32 35 36 36 36 36 36 36 36 36 36 35
14 14 14 13 12 12 12 12 11 11 11 11 11 11 11 11 11 11 10 10 10 10 10 10 10 10 10 10 10 10 11 13 14 14 15 18 15 14 14 14 14 14 14 14 14 13 11 10 10 11 14 15 15 16 17 16 16 16 16 16 18 22 23 25 27 28 25 24 24 25 25 24 21 18 17 2 0 0 0 0 0 0 16 20 24 34 35 35 36 36 36 36 35 35 35 35
15 15 14 14 13 12 12 12 11 11 11 11 11 11 11 11 11 11 10 10 10 10 10 10 10 10 10 10 10 10 10 11 13 14 15 18 15 14 14 14 14 14 14 14 14 14 13 13 13 14 17 17 17 18 18 16 16 16 16 18 21 23 23 23 25 28 28 26 24 24 24 21 19 18 17 5 0 0 0 0 0 0 3 19 24 34 35 35 35 35 35 35 35 35 35 35
15 15 14 14 14 13 12 12 12 11 11 11 11 11 11 11 11 11 10 10 10 10 10 10 10 10 10 10 10 10 10 10 12 14 14 16 17 17 17 17 17 17 17 16 14 14 14 14 15 17 17 18 18 18 17 17 19 20 20 21 23 23 23 23 24 25 28 28 26 25 25 22 21 20 16 9 0 0 0 0 0 0 0 11 23 33 34 35 35 35 35 35 35 35 35 34
15 15 15 14 14 14 13 13 13 13 13 12 12 12 12 12 12 12 11 10 10 10 10 10 10 10 10 10 10 10 10 10 13 14 14 14 16 18 19 19 19 19 19 18 17 16 16 16 17 18 18 19 19 20 20 19 21 22 22 23 23 23 23 23 24 24 26 28 28 26 25 23 22 19 13 9 7 2 0 0 0 0 0 5 20 27 32 34 34 34 34 34 34 34 34 34
16 16 15 15 14 14 14 14 14 14 14 14 14 14 14 14 14 14 13 11 11 11 10 10 10 10 10 10 10 10 10 10 12 14 14 14 14 17 19 19 19 19 19 19 19 19 19 19 19 19 20 20 21 21 22 22 22 22 22 23 23 23 22 21 21 22 24 27 29 29 26 23 22 19 13 10 9 7 1 1 0 0 0 0 15 21 31 34 34 34 34 34 34 34 34 34
16 16 16 16 15 14 14 14 14 14 14 14 14 14 14 14 14 14 14 14 14 14 12 11 11 11 10 10 10 10 10 10 10 12 14 14 14 17 19 19 19 19 19 19 19 19 19 19 19 19 20 21 21 21 22 22 22 22 22 23 22 22 19 17 17 18 22 26 28 29 29 24 22 21 17 13 13 9 4 5 0 0 0 0 12 20 30 33 33 33 33 34 34 34 33 33
16 16 16 16 16 16 16 16 16 16 16 16 16 16 16 16 15 14 14 14 14 14 13 13 13 13 11 10 10 10 10 10 10 12 14 14 14 17 19 19 19 19 19 19 19 19 19 19 19 19 20 21 21 21 22 22 22 22 22 21 17 17 17 16 16 17 18 18 23 29 29 24 22 21 19 18 19 18 16 11 0 0 0 0 12 20 29 32 33 33 33 33 33 33 33 33
16 16 16 16 16 16 16 16 17 17 17 17 17 17 17 17 16 16 16 15 14 14 14 14 14 14 13 13 12 10 10 10 12 14 14 14 14 17 19 19 19 19 19 19 19 19 19 19 20 20 20 21 21 21 22 21 19 18 18 18 16 16 16 16 16 17 17 17 18 23 29 28 24 20 19 19 20 20 17 12 8 0 0 0 9 16 22 25 28 32 32 33 33 33 33 33
16 20 21 21 21 21 21 21 21 21 20 20 20 19 17 17 17 17 17 17 15 15 15 15 14 14 14 14 13 12 12 12 13 14 14 14 16 18 19 19 20 19 19 19 19 19 18 18 18 18 18 18 18 18 19 18 16 16 16 16 16 16 14 13 13 13 16 17 17 18 24 29 28 23 18 19 19 20 20 19 15 8 0 1 12 14 19 21 23 28 32 32 32 32 32 32
16 24 27 27 26 26 26 25 25 25 24 24 24 22 19 19 19 19 18 17 17 17 17 16 15 15 14 14 14 14 14 14 14 14 14 16 18 19 19 19 19 19 19 18 18 18 17 17 16 15 15 15 15 15 15 15 15 15 16 16 16 16 12 9 9 10 14 16 17 17 18 26 30 27 22 21 21 22 25 26 18 15 14 15 15 16 20 21 21 23 31 32 32 32 32 32
18 25 27 27 28 27 27 27 26 26 25 24 24 24 23 23 23 23 21 18 18 17 17 17 17 17 15 14 14 14 14 14 14 15 16 18 18 19 19 19 19 19 18 18 18 18 17 16 15 14 14 14 13 13 13 13 13 13 14 14 14 14 11 9 9 9 10 13 16 17 18 23 28 30 29 27 26 27 27 26 20 19 20 20 20 20 20 20 21 23 30 31 31 31 31 31
26 27 27 30 35 35 34 33 33 32 31 26 24 24 23 23 23 23 22 21 21 18 17 17 17 17 17 17 17 17 17 17 17 17 17 18 18 18 18 18 18 18 18 17 17 17 14 14 14 14 9 3 2 7 4 3 3 3 3 3 4 6 8 8 9 9 9 10 13 17 18 21 25 28 30 30 27 27 27 25 20 19 20 20 20 20 20 20 20 23 30 31 31 31 31 31
28 27 27 31 37 36 36 35 34 33 32 30 29 28 28 27 24 23 22 22 22 21 20 20 20 17 17 17 17 17 17 17 17 18 18 18 18 18 18 18 17 17 17 17 16 16 14 11 10 10 1 0 0 1 0 0 0 0 0 0 0 0 3 7 8 9 9 9 13 17 18 20 22 24 27 30 30 28 27 25 19 19 19 19 20 20 20 20 20 22 29 30 30 30 30 30
34 34 33 35 38 37 36 35 34 33 33 32 31 30 30 29 26 25 24 22 22 22 22 22 21 19 19 19 18 17 17 17 17 17 17 17 17 17 17 17 16 16 16 16 16 16 14 11 9 4 0 0 0 0 0 0 0 0 0 0 0 0 0 6 7 9 9 9 11 15 19 21 21 23 25 28 30 30 28 26 23 20 19 19 19 19 19 20 20 21 24 25 25 27 30 30
41 41 40 39 38 37 36 35 34 34 33 32 31 30 30 29 29 28 26 24 23 23 22 21 21 21 21 21 20 18 18 18 17 17 17 17 17 16 16 16 16 15 15 15 15 15 15 11 8 0 0 0 0 0 0 0 0 0 0 0 0 0 0 5 7 9 9 9 9 12 19 20 20 22 24 25 28 30 30 28 26 22 19 19 19 19 19 19 19 20 20 20 20 24 30 30
42 41 40 40 39 38 37 36 35 34 33 32 31 30 30 29 28 28 27 27 27 26 24 22 22 22 21 21 21 21 21 20 18 17 17 17 17 16 16 16 15 15 15 15 16 16 16 13 10 8 6 4 5 6 6 5 0 0 0 0 0 0 4 7 8 9 9 9 9 11 15 16 17 20 24 24 25 28 31 30 27 26 22 19 19 18 19 19 18 18 19 19 20 24 30 30
43 42 41 40 39 38 37 36 35 34 33 32 31 30 30 29 28 28 27 27 27 26 26 25 25 24 22 21 21 21 20 20 20 19 19 19 19 18 18 17 0 15 14 17 19 19 20 20 16 12 10 9 9 10 11 9 4 0 2 3 1 2 7 8 9 9 9 9 9 11 15 16 19 23 24 24 24 25 28 31 30 27 26 25 24 19 18 18 15 11 12 18 19 23 28 29
41 40 41 41 40 38 37 36 35 34 33 32 31 30 30 29 28 28 27 27 26 26 26 26 25 25 24 24 23 23 20 20 20 19 19 19 19 19 18 17 17 17 16 19 20 20 21 21 20 19 18 17 17 15 12 9 9 9 8 8 5 4 8 9 9 9 9 9 11 14 16 16 20 23 23 24 24 25 26 28 31 30 30 26 20 18 18 14 11 9 11 17 19 21 22 23
40 40 40 40 40 39 38 36 35 34 33 32 31 30 30 29 28 28 27 27 26 26 26 26 25 25 25 25 25 24 22 22 21 21 20 20 20 20 20 19 20 20 21 22 23 23 21 21 22 22 22 22 22 20 18 16 15 13 11 11 10 9 9 9 9 9 9 9 12 15 15 16 20 23 23 24 24 24 25 26 28 30 31 28 21 18 18 12 9 9 11 17 19 19 19 20
41 40 40 40 41 39 38 37 36 34 33 32 31 30 30 29 28 28 27 27 26 26 26 25 25 25 25 25 25 24 24 23 22 22 21 21 21 21 22 22 23 23 24 25 25 26 23 23 24 24 24 23 23 23 23 23 22 18 16 16 14 11 10 9 9 9 9 9 12 15 15 16 19 21 21 21 22 23 24 25 25 29 31 30 25 18 18 12 9 9 11 15 17 18 19 19
41 41 40 40 41 40 38 37 36 34 33 32 31 30 30 29 28 28 27 27 26 26 26 25 25 25 25 25 25 24 24 23 22 21 20 20 20 20 21 22 22 23 24 25 25 26 27 27 28 28 28 25 24 24 24 24 24 23 22 20 16 15 12 10 9 9 9 9 11 14 15 15 16 16 16 16 17 21 24 24 25 25 28 29 25 19 17 12 9 9 10 10 11 14 18 19
42 41 41 41 41 40 39 37 36 35 33 32 31 30 30 29 28 27 27 27 26 26 26 25 25 25 25 25 25 24 24 23 22 21 20 19 19 20 21 22 22 23 24 25 26 26 27 28 28 29 29 29 29 29 28 25 24 24 23 22 22 21 17 12 10 9 9 9 9 11 14 15 16 16 16 16 16 21 24 24 25 25 26 26 26 24 19 12 9 9 10 10 10 11 14 18
46 45 44 43 42 40 39 38 36 35 34 32 31 30 30 29 28 27 27 26 26 26 26 25 25 25 25 25 25 25 24 23 22 21 19 18 19 20 21 22 22 23 24 25 26 27 27 28 29 29 30 30 30 31 30 29 29 26 24 24 23 23 21 19 15 10 9 9 9 10 11 11 11 11 12 16 16 18 21 24 25 25 25 23 20 20 18 12 9 9 10 10 10 13 17 19
48 46 45 44 42 41 39 38 36 35 34 32 31 30 30 29 28 27 27 26 26 26 26 25 25 25 25 25 25 25 25 24 23 21 20 20 20 20 21 22 23 24 24 25 26 27 28 29 29 30 30 31 31 31 31 31 31 29 28 27 24 23 23 22 18 10 9 9 9 9 9 9 9 9 11 15 16 16 19 24 24 22 21 19 17 17 17 15 13 14 14 14 14 16 19 19
48 47 45 44 42 41 39 38 36 35 34 33 31 30 30 29 28 27 27 26 26 26 26 25 25 25 25 25 25 25 25 24 23 22 21 21 21 21 22 22 23 24 25 26 27 28 28 29 30 30 31 31 31 31 32 32 32 32 32 31 27 26 23 21 19 13 13 10 9 9 9 9 9 9 10 14 16 16 18 22 23 18 17 17 17 17 15 16 19 21 21 19 19 19 19 19
48 47 46 44 43 41 40 38 37 35 34 33 32 31 30 29 28 27 27 26 26 26 26 25 25 25 25 25 25 26 25 25 24 23 22 22 21 22 22 23 24 24 25 26 27 28 29 30 30 31 31 32 32 32 32 32 32 32 32 32 32 31 25 20 20 20 20 14 11 10 9 9 9 9 9 10 15 16 16 18 22 18 17 16 16 15 11 14 21 26 26 21 19 19 19 21
48 47 46 44 43 41 40 38 37 35 34 33 32 31 30 29 28 28 27 27 26 26 26 25 25 25 25 25 25 25 25 25 24 24 23 23 22 23 23 24 24 25 26 27 28 29 29 30 31 31 32 32 32 32 32 32 32 32 32 32 32 32 25 21 21 20 20 20 19 17 10 9 9 9 9 10 14 16 16 16 17 16 17 14 10 10 9 14 18 21 27 26 22 19 21 26
48 47 46 44 43 41 40 38 37 35 34 33 32 31 30 29 28 28 27 27 26 26 26 25 25 25 25 25 25 25 25 25 24 24 24 23 23 23 24 24 25 25 26 27 28 29 30 31 31 32 32 33 33 33 33 33 33 32 32 32 32 32 30 29 27 21 20 21 21 18 10 9 9 9 9 9 11 14 16 16 16 16 16 13 9 9 9 11 14 20 27 30 29 26 25 27
48 47 45 44 43 41 40 38 37 35 34 33 32 31 30 29 28 28 27 27 26 26 26 26 25 25 25 25 25 25 25 25 25 24 24 24 24 24 24 25 25 26 27 28 29 29 30 31 32 32 33 33 33 33 33 33 33 33 33 33 33 33 32 32 31 27 26 23 21 18 10 9 9 9 9 9 9 11 14 16 17 16 16 13 9 9 9 9 13 19 23 28 31 30 27 27
48 46 45 44 42 41 39 38 37 35 34 33 32 31 30 29 28 28 27 27 26 26 26 26 25 25 25 25 25 25 25 25 25 25 24 24 24 25 25 25 26 26 27 28 29 30 31 32 32 33 33 33 33 33 33 33 33 33 33 33 33 33 33 33 33 33 32 25 21 19 13 12 10 9 9 9 9 9 12 17 17 16 16 13 9 9 9 9 13 18 19 24 28 30 28 27
47 46 45 43 42 41 39 38 37 35 34 33 32 31 30 29 29 28 27 27 27 26 26 26 26 25 25 25 25 25 25 25 25 25 25 25 25 25 25 26 26 27 28 28 29 30 31 32 32 33 33 34 33 33 33 33 33 33 33 33 33 33 33 33 33 33 33 25 21 21 20 20 14 11 11 11 11 10 12 15 16 16 16 13 9 9 9 9 12 17 18 19 24 29 30 28
47 45 44 43 42 40 39 38 36 35 34 33 32 31 30 29 29 28 28 27 27 26 26 26 26 26 25 25 25 25 25 25 25 25 25 25 25 25 26 26 27 27 28 29 30 30 31 32 33 33 33 34 33 33 33 33 33 33 33 33 33 33 33 33 33 33 33 26 21 21 21 21 20 19 19 19 19 13 10 11 15 16 16 13 9 9 9 9 10 13 17 18 24 28 29 30
46 45 44 43 41 40 39 38 36 35 34 33 32 31 30 30 29 28 28 27 27 27 26 26 26 26 26 26 25 25 25 25 25 25 25 25 26 26 26 27 27 28 28 29 30 31 31 32 33 33 33 33 33 33 33 33 33 34 34 34 34 33 33 33 33 33 33 31 29 27 22 21 21 21 21 21 21 19 14 10 11 11 11 10 9 9 9 9 9 10 13 17 20 24 28 29
45 44 43 42 41 40 39 37 36 35 34 33 32 31 30 30 29 28 28 28 27 27 27 26 26 26 26 26 26 26 26 26 26 26 26 26 26 26 27 27 27 28 29 29 30 31 31 32 33 33 33 33 33 34 34 34 34 34 34 34 34 34 34 34 33 33 33 33 33 31 27 26 26 26 25 21 21 20 18 15 14 9 9 11 14 15 15 11 9 10 10 13 16 20 24 28
45 44 43 42 41 40 38 37 36 35 34 33 32 31 31 30 29 29 28 28 27 27 27 26 26 26 26 26 26 26 26 26 26 26 26 26 26 27 27 27 28 28 29 30 30 31 31 32 33 33 33 33 34 34 34 34 34 34 34 34 34 34 34 34 34 34 33 33 33 33 33 33 33 32 30 24 21 20 20 20 19 14 12 16 20 20 20 16 11 10 10 10 15 18 20 26
44 43 42 41 40 39 38 37 36 35 34 33 32 31 31 30 29 29 28 28 28 27 27 27 27 26 26 26 26 26 26 26 26 26 26 26 27 27 27 28 28 29 29 30 30 31 32 32 33 33 33 34 34 34 34 34 35 35 35 35 35 34 34 34 34 34 34 33 33 33 33 33 33 33 32 31 24 22 21 20 20 20 19 20 20 20 21 21 16 12 11 12 16 19 19 21
43 43 42 41 40 39 38 37 36 35 34 33 32 32 31 30 30 29 29 28 28 27 27 27 27 27 26 26 26 26 26 26 26 26 27 27 27 27 28 28 28 29 29 30 31 31 32 32 33 33 33 34 34 34 35 35 35 35 35 35 35 35 35 34 34 34 34 34 33 33 33 33 33 33 33 32 31 30 26 21 21 21 21 21 21 21 21 21 20 19 19 19 22 24 24 25
37 37 39 41 40 39 38 37 36 35 34 33 32 32 31 30 30 29 29 28 28 28 27 27 27 27 27 27 27 26 26 27 27 27 27 27 27 27 28 28 29 29 30 30 31 31 32 32 33 33 34 34 35 35 35 36 36 36 36 36 35 35 35 35 34 34 34 34 34 33 33 33 33 33 33 33 32 32 31 29 28 28 28 28 28 27 22 21 21 21 21 21 23 25 25 28
35 34 36 38 39 38 37 37 36 35 34 33 32 32 31 30 30 29 29 29 28 -9999 28 27 27 27 27 27 27 27 27 27 27 27 27 27 27 28 28 28 29 29 30 30 31 31 32 32 33 33 34 34 35 35 36 36 36 36 36 36 36 35 35 35 35 34 34 34 34 33 33 33 33 33 33 33 32 32 32 32 32 32 32 32 32 31 27 26 26 26 26 26 27 28 28 29
34 33 33 35 37 38 37 36 36 35 34 33 33 32 31 31 30 30 29 29 28 28 28 28 27 27 27 27 27 27 27 27 27 27 27 28 28 28 28 29 29 30 30 30 31 31 32 33 33 34 34 35 35 36 36 36 37 37 36 36 36 36 35 35 35 34 34 34 34 34 33 33 33 33 33 33 32 32 32 32 32 32 32 32 32 32 32 32 32 32 32 31 31 31 31 30
