gis/40m/soildepth.asc
ncols        256
nrows        286
xllcorner    726766.000000000000
yllcorner    7127230.000000000000
cellsize     40.000000000000
NODATA_value -9999
[rows 192 to 239 of 286, columns 96 to 191 of 256]
32 33 32 32 33 37 37 36 35 35 34 33 33 32 31 31 30 30 29 29 29 28 28 28 28 28 27 27 27 27 27 27 27 27 28 28 28 28 29 29 29 30 30 31 31 32 32 33 33 34 34 35 35 36 36 37 37 37 37 36 36 36 35 35 35 34 34 34 34 34 33 33 33 33 33 33 33 32 32 32 32 32 32 32 32 32 32 32 32 32 32 32 31 31 31 31
28 31 32 32 33 37 37 36 35 34 34 33 33 32 31 31 30 30 30 29 29 29 28 28 28 28 28 28 28 28 28 28 28 28 28 28 28 29 29 29 29 30 30 31 31 32 32 33 33 34 34 35 36 36 36 37 37 37 37 36 36 36 35 35 35 35 34 34 34 34 33 33 33 33 33 33 33 32 32 32 32 32 32 32 32 32 32 32 32 32 32 32 31 31 31 31
31 32 32 31 31 32 32 31 31 30 30 32 33 32 32 31 31 30 30 29 29 29 29 28 28 28 28 28 28 28 28 28 28 28 28 28 29 29 29 29 30 30 30 31 31 32 32 33 33 34 34 35 35 36 36 37 37 37 36 36 36 36 35 35 35 35 34 34 34 34 33 33 33 33 33 33 33 32 32 32 32 32 32 32 32 32 32 32 32 32 32 32 31 31 31 31
33 32 32 31 31 30 30 29 29 28 28 30 30 30 29 29 29 30 30 30 29 29 29 28 27 27 27 27 27 28 28 28 28 28 28 29 29 29 29 30 30 30 31 31 31 32 32 33 33 34 34 35 35 36 36 36 36 36 36 36 36 36 35 35 35 35 34 34 34 34 33 33 33 33 33 33 33 32 32 32 32 32 32 32 32 32 32 32 32 32 32 32 32 31 31 31
35 33 31 31 30 30 30 29 29 28 28 28 27 27 27 26 26 28 29 29 28 28 28 27 26 26 25 25 27 28 28 28 28 28 29 29 29 29 29 30 30 30 31 31 31 32 32 33 33 34 34 35 35 36 36 36 36 36 36 36 36 35 35 35 35 34 34 34 34 34 33 33 33 33 33 33 33 32 32 32 32 32 32 32 32 32 32 32 32 32 32 32 32 31 31 31
39 34 32 32 31 31 30 30 29 28 28 28 27 27 27 26 26 26 26 26 26 26 26 26 26 26 26 26 27 28 29 29 29 29 29 29 29 29 30 30 30 30 31 31 32 32 32 33 33 34 34 35 35 35 36 36 36 36 36 36 35 35 35 35 35 34 34 34 34 34 33 33 33 33 33 33 33 32 32 32 32 32 32 32 32 32 32 32 32 32 32 32 32 31 31 31
39 37 37 36 36 36 35 34 32 28 28 28 27 27 26 23 26 26 26 26 26 26 26 26 26 26 26 26 27 29 29 29 29 29 29 29 29 30 30 30 30 31 31 31 32 32 32 33 33 34 34 34 35 35 35 35 35 36 35 35 35 35 35 35 34 34 34 34 34 34 33 33 33 33 33 33 33 32 32 32 32 32 32 32 32 32 32 32 32 32 32 32 32 31 31 31
31 30 30 33 37 36 36 35 34 33 32 32 31 29 27 25 26 26 26 26 26 26 26 26 26 26 28 28 28 29 29 29 29 29 29 29 29 30 30 30 30 31 31 31 32 32 32 33 33 33 34 34 34 35 35 35 35 35 35 35 35 35 35 34 34 34 34 34 34 33 33 33 33 33 33 33 33 32 32 32 32 32 32 32 32 32 32 32 32 32 32 32 32 32 32 32
27 26 26 28 32 36 36 35 35 34 34 33 33 31 30 29 29 28 28 28 28 28 28 28 28 28 29 29 29 29 29 29 29 29 29 29 30 30 30 30 30 31 31 31 32 32 32 33 33 33 34 34 34 34 35 35 35 35 35 35 35 35 34 34 34 34 34 34 34 33 33 33 33 33 33 33 33 32 32 32 32 32 32 32 32 32 32 32 32 32 32 32 32 32 32 32
23 25 26 26 27 33 35 35 35 34 34 33 33 33 32 32 31 31 31 31 30 30 30 30 30 30 29 29 29 29 29 29 29 29 30 30 30 30 30 30 31 31 31 31 32 32 32 32 33 33 33 34 34 34 34 34 35 35 35 35 34 34 34 34 34 34 34 34 33 33 33 33 33 33 33 33 33 32 32 32 32 32 32 32 32 32 32 32 32 32 32 32 32 32 32 32
16 22 25 26 25 26 32 34 35 34 34 33 33 33 32 32 32 31 31 31 31 30 30 30 30 30 30 30 30 29 29 29 30 30 30 30 30 30 30 30 31 31 31 31 32 32 32 32 33 33 33 33 34 34 34 34 34 34 34 34 34 34 34 34 34 34 34 33 33 33 33 33 33 33 33 33 32 32 32 32 32 32 32 32 32 32 32 32 32 32 32 32 32 32 32 32
14 16 22 25 25 25 26 31 34 34 34 33 33 33 32 32 32 31 31 31 31 30 30 30 30 30 30 30 30 30 30 30 30 30 30 30 30 30 30 30 31 31 31 31 31 31 32 32 33 33 33 33 33 34 34 34 34 34 34 34 34 34 34 34 34 34 33 33 33 33 33 33 33 33 33 33 32 32 32 32 32 32 32 32 32 32 32 32 32 32 32 32 32 32 32 32
14 14 16 21 25 25 25 27 27 29 33 33 33 33 32 32 32 31 31 31 31 31 30 30 30 30 30 30 30 30 30 30 30 30 30 30 30 30 30 31 30 25 23 24 24 24 24 29 32 33 33 33 33 33 34 34 34 34 34 34 34 34 34 34 34 33 33 33 33 33 33 33 33 33 33 32 32 32 32 32 32 32 32 32 32 32 32 32 32 32 32 32 32 32 32 32
14 14 14 17 21 24 25 25 24 25 29 29 28 30 32 32 32 32 31 31 31 31 31 28 25 25 25 25 25 26 29 30 30 30 30 30 30 30 30 29 25 21 20 20 20 20 21 24 27 28 32 33 33 33 33 33 33 34 34 34 34 34 33 33 33 33 33 33 33 33 33 33 33 33 33 32 32 32 32 32 32 32 32 32 32 32 32 32 32 32 32 32 32 32 32 32
14 14 14 14 16 21 22 23 24 24 24 24 24 26 29 29 29 28 28 29 31 31 29 25 20 20 20 20 20 22 26 27 27 27 27 27 27 27 27 26 21 20 20 19 18 20 21 21 21 23 29 32 33 33 33 33 33 33 33 33 33 33 33 33 33 33 33 33 33 33 33 33 33 33 32 32 32 32 32 32 32 32 32 32 32 32 32 32 32 32 32 32 32 32 32 32
14 14 14 14 14 14 15 20 23 23 23 23 23 23 23 23 22 22 22 23 29 29 24 21 20 20 19 20 20 20 20 21 21 21 21 21 21 21 21 20 20 20 19 15 12 18 19 20 21 21 23 29 31 31 31 31 31 31 32 33 33 33 33 33 33 33 33 33 33 33 33 33 33 32 32 32 32 32 32 32 32 32 32 32 32 32 32 32 32 32 32 32 32 32 32 32
14 14 14 14 14 14 14 15 16 16 16 21 23 22 22 22 22 21 21 21 22 22 21 21 20 19 14 17 20 20 20 20 20 20 20 20 20 20 20 20 20 19 14 10 10 11 11 17 21 21 21 22 23 23 23 23 23 23 27 32 33 33 33 33 33 33 33 33 33 33 33 33 32 32 32 32 32 32 32 32 32 32 32 32 32 32 32 32 32 32 32 32 32 32 32 32
14 14 14 14 14 14 14 14 14 14 13 16 16 16 15 15 15 19 22 21 21 21 21 21 19 14 11 12 13 13 13 13 13 13 13 13 13 13 13 13 13 13 10 9 9 9 9 11 16 21 21 21 21 21 21 21 21 21 22 24 25 31 33 33 33 33 33 33 33 33 33 32 32 32 32 32 32 32 32 32 32 32 32 32 32 32 32 32 32 32 32 32 32 32 32 32
14 14 14 14 14 14 14 14 14 13 13 13 13 13 12 12 12 18 22 22 22 21 18 16 15 11 10 10 10 10 10 10 10 10 10 10 10 10 10 10 10 9 9 9 9 9 9 9 12 15 15 15 15 15 15 16 20 21 21 21 22 26 27 29 33 33 33 33 33 32 32 32 32 32 32 32 32 32 32 32 32 32 32 32 32 32 32 34 34 34 34 34 33 32 32 32
14 14 14 14 14 14 14 14 14 13 13 13 13 12 12 12 12 16 19 19 19 19 14 11 11 11 11 11 10 10 10 10 10 10 10 10 10 10 10 10 10 9 9 9 9 9 9 9 9 9 9 9 9 9 9 10 16 18 19 21 21 21 21 24 29 29 29 31 32 32 32 32 32 32 32 32 32 32 32 32 32 32 32 32 32 32 32 35 38 38 38 38 35 33 33 33
14 14 14 14 14 14 14 14 14 13 13 13 13 13 13 12 12 12 12 13 13 12 12 12 12 11 11 11 11 11 11 10 10 10 10 10 10 10 10 10 10 9 9 9 9 9 9 9 9 9 9 9 9 9 9 9 9 10 14 19 19 21 21 21 22 22 22 27 31 32 32 32 32 32 32 32 32 32 32 32 32 32 32 32 32 32 32 35 38 38 38 38 38 38 38 38
14 14 14 14 14 14 14 14 14 14 14 14 13 13 12 9 9 9 10 12 12 12 12 12 12 12 12 11 11 11 11 11 11 11 10 10 10 10 10 10 9 9 9 9 9 9 9 9 9 9 9 9 9 9 9 9 9 9 10 11 12 18 20 20 20 21 21 22 26 31 32 32 32 32 32 32 32 32 32 32 32 32 32 32 32 32 32 35 38 38 38 38 38 38 38 38
14 14 14 14 14 14 14 14 14 14 14 14 14 13 12 8 4 5 10 13 13 13 12 12 12 12 12 12 12 12 12 11 11 11 11 11 11 10 10 10 9 9 9 9 9 9 9 9 9 9 9 9 9 9 9 9 9 9 9 9 9 12 13 13 14 20 21 21 22 24 25 30 32 32 32 32 32 32 32 32 32 32 32 32 32 32 32 35 38 38 38 38 38 38 38 38
14 14 14 14 14 14 14 14 14 14 14 14 14 12 10 7 0 3 9 11 13 13 13 13 13 13 12 12 12 12 12 12 12 12 11 11 11 11 10 10 10 9 9 9 9 9 9 9 9 9 9 9 9 9 9 9 9 9 9 9 9 9 9 9 10 15 20 21 21 21 21 25 26 29 32 32 32 32 32 32 32 32 32 32 32 32 32 34 35 35 38 38 38 38 38 38
14 14 14 14 14 14 14 14 15 14 14 14 13 11 8 4 0 2 8 9 13 13 13 13 13 13 13 13 13 12 12 12 12 12 12 12 12 11 11 11 10 10 10 9 9 9 9 9 9 9 9 9 9 9 9 9 9 9 9 9 9 9 9 9 9 10 16 17 19 20 20 20 20 24 29 29 31 32 32 32 32 32 32 32 32 32 32 32 32 33 36 36 36 37 38 38
15 14 14 14 14 14 14 15 15 15 15 15 11 9 5 0 0 0 3 9 13 13 13 13 13 13 13 13 13 13 13 13 12 12 12 12 12 12 12 11 11 11 10 10 10 10 10 9 9 9 9 9 9 9 9 9 9 9 9 9 9 9 9 9 9 9 9 10 13 18 19 20 21 21 22 23 29 31 32 32 32 32 32 32 32 32 32 32 32 32 32 32 32 34 37 37
15 15 15 14 14 14 15 15 15 15 15 15 12 9 2 0 0 0 4 10 14 5 8 13 13 13 13 13 13 13 13 13 13 13 13 12 12 12 12 12 12 11 11 11 10 10 10 10 10 9 9 9 9 9 9 9 9 9 9 9 9 9 9 9 9 9 9 9 10 11 12 18 20 21 21 21 23 28 32 32 32 32 32 32 32 32 32 32 32 32 32 32 32 32 33 33
15 15 15 15 15 15 15 15 15 16 16 16 12 10 10 10 7 8 10 10 14 7 10 14 14 14 13 13 13 13 13 13 13 13 13 13 12 12 12 12 12 12 12 11 11 11 11 11 9 8 8 8 8 8 9 9 9 9 9 9 7 7 7 7 8 9 9 9 9 9 9 12 13 16 21 21 21 23 25 26 31 32 32 32 32 32 32 32 32 32 32 32 32 32 32 32
15 15 15 15 15 15 15 15 16 16 17 17 15 15 15 14 14 14 13 13 15 15 15 14 14 14 14 14 -9999 13 13 13 13 13 13 13 13 12 12 12 12 12 11 10 10 9 9 9 8 7 7 7 7 7 8 9 9 9 9 8 5 2 3 6 7 7 8 8 8 9 9 9 9 12 17 21 21 21 21 23 27 31 32 32 32 32 32 32 32 32 32 32 32 32 32 32
15 15 15 15 15 15 16 16 16 17 17 18 18 19 20 18 18 18 17 15 15 15 15 15 14 14 13 13 13 13 13 12 13 13 13 13 13 13 13 12 12 12 9 5 4 4 4 2 2 1 0 0 1 5 8 10 10 9 8 7 3 0 0 2 6 5 5 6 7 9 9 9 9 10 12 17 18 20 21 21 22 27 29 29 29 29 29 29 30 32 32 32 32 32 32 32
15 15 15 15 15 16 16 16 17 18 19 19 20 21 20 18 18 19 17 15 15 15 15 14 14 13 10 9 9 9 9 9 12 14 14 13 13 13 13 13 13 12 10 2 0 0 0 2 2 1 0 0 0 1 8 10 11 8 7 2 0 0 0 1 6 2 1 6 7 8 9 9 9 10 10 11 12 16 20 21 22 22 23 23 23 23 23 23 26 30 31 32 32 32 32 32
15 15 15 15 16 16 16 17 18 19 21 22 22 22 21 19 19 19 17 15 15 15 15 14 14 13 10 8 2 0 4 9 12 14 14 14 14 14 14 13 13 13 10 8 6 6 7 -9999 -9999 -9999 0 0 0 2 8 11 11 9 3 0 0 0 0 5 7 6 1 6 7 7 7 7 7 8 9 11 11 12 16 20 21 22 22 22 22 22 22 22 23 23 24 30 32 32 32 32
15 15 15 15 16 16 16 18 19 20 22 23 23 23 23 21 19 19 17 15 15 15 15 14 14 13 10 4 0 0 4 9 12 14 14 14 14 14 14 14 14 14 13 12 11 11 11 11 -9999 -9999 3 4 4 -9999 9 12 12 9 6 0 0 0 0 6 7 7 7 7 7 7 3 1 2 7 8 11 11 11 12 14 15 15 15 15 15 16 21 22 22 22 23 30 32 32 32 32
15 15 15 15 16 16 17 18 20 21 22 23 23 23 24 23 20 19 18 17 15 15 14 14 14 13 10 4 0 0 5 9 12 14 14 14 14 14 14 14 14 14 14 14 14 13 13 13 -9999 -9999 -9999 -9999 -9999 -9999 11 12 10 9 8 1 0 0 0 5 8 9 8 7 4 1 0 0 0 1 8 11 11 11 11 11 12 12 12 12 12 13 16 17 19 22 23 26 30 32 32 32
16 16 15 15 16 17 17 19 20 22 23 23 23 24 24 23 21 20 20 19 17 15 14 14 14 13 10 9 1 0 1 9 11 13 14 14 14 14 14 14 14 14 14 14 14 14 14 14 12 -9999 -9999 -9999 -9999 -9999 -9999 12 9 6 -9999 1 0 0 4 8 9 10 8 6 0 0 0 2 4 4 8 11 11 11 11 11 12 12 12 12 12 12 12 12 16 22 22 22 26 30 32 32
16 16 15 15 16 17 18 18 20 22 23 23 24 24 25 24 22 21 20 21 20 16 14 14 14 14 11 9 5 0 0 4 9 11 13 13 13 13 13 14 14 14 14 14 14 -9999 -9999 -9999 -9999 -9999 -9999 -9999 -9999 -9999 -9999 -9999 -9999 -9999 -9999 -9999 0 6 8 10 11 11 8 4 0 0 1 8 8 8 9 11 11 11 11 11 12 12 12 12 12 12 12 12 16 21 22 22 22 26 31 32
16 15 15 15 16 18 18 19 21 23 23 24 24 25 25 25 25 22 21 21 20 16 15 15 15 15 13 11 7 0 0 1 8 9 10 10 10 10 10 11 14 14 14 14 14 -9999 -9999 -9999 -9999 -9999 -9999 -9999 -9999 -9999 -9999 -9999 -9999 -9999 -9999 -9999 5 8 10 12 12 11 8 0 0 0 3 8 10 11 11 12 12 11 11 12 2 5 12 12 12 12 12 12 13 15 21 22 22 23 26 31
16 15 15 15 15 16 18 19 20 22 24 25 25 25 26 26 26 25 24 22 21 19 16 15 15 14 11 10 3 0 0 0 0 3 5 5 -9999 -9999 -9999 -9999 -9999 -9999 -9999 -9999 -9999 -9999 -9999 -9999 -9999 -9999 -9999 -9999 -9999 -9999 -9999 -9999 -9999 -9999 -9999 -9999 -9999 -9999 12 12 -9999 -9999 9 5 2 0 3 8 10 12 12 12 12 12 12 11 0 4 9 9 9 9 10 10 10 11 15 21 22 22 24 31
15 15 15 15 15 16 18 20 20 21 25 25 26 26 26 26 26 26 25 23 22 22 19 17 15 14 10 8 0 0 0 0 -9999 0 0 0 -9999 -9999 -9999 -9999 -9999 -9999 -9999 -9999 -9999 -9999 -9999 -9999 -9999 -9999 -9999 -9999 -9999 -9999 -9999 -9999 -9999 -9999 -9999 -9999 -9999 -9999 -9999 -9999 -9999 -9999 -9999 9 8 3 4 8 10 12 12 12 12 12 12 12 6 8 8 8 8 7 1 4 8 9 12 16 20 22 24 31
15 15 15 15 15 15 18 19 20 21 24 26 26 26 26 26 26 27 26 25 24 24 22 18 13 13 10 7 0 0 -9999 -9999 -9999 -9999 -9999 -9999 -9999 -9999 -9999 -9999 -9999 -9999 -9999 -9999 -9999 -9999 -9999 -9999 -9999 -9999 -9999 -9999 -9999 -9999 -9999 -9999 -9999 -9999 -9999 -9999 -9999 -9999 -9999 -9999 -9999 -9999 -9999 -9999 -9999 9 9 10 11 12 12 12 11 11 11 11 10 3 3 0 1 1 0 0 5 9 12 12 18 22 24 31
15 15 15 15 15 15 15 18 20 21 22 24 26 26 26 26 26 27 27 26 24 24 22 16 9 8 7 2 0 -9999 -9999 -9999 -9999 -9999 -9999 -9999 -9999 -9999 -9999 -9999 -9999 -9999 -9999 -9999 -9999 -9999 -9999 -9999 -9999 -9999 -9999 -9999 -9999 -9999 -9999 -9999 -9999 -9999 -9999 -9999 -9999 -9999 -9999 -9999 -9999 -9999 -9999 -9999 -9999 13 13 13 13 13 12 12 9 6 6 6 8 4 3 0 0 0 0 0 6 9 12 12 18 22 24 30
15 15 15 15 15 15 15 18 20 21 21 22 25 27 27 27 27 27 27 26 25 22 21 16 9 0 0 -9999 -9999 -9999 -9999 -9999 -9999 -9999 -9999 -9999 -9999 -9999 -9999 -9999 -9999 -9999 -9999 -9999 -9999 -9999 -9999 -9999 -9999 -9999 -9999 -9999 -9999 -9999 -9999 -9999 -9999 -9999 -9999 -9999 -9999 -9999 -9999 -9999 -9999 -9999 -9999 -9999 -9999 -9999 13 13 13 13 13 12 8 0 0 0 0 2 2 0 0 0 0 2 8 9 12 12 18 22 22 23
15 15 15 15 15 15 15 16 18 21 21 21 25 27 27 27 27 27 26 26 25 22 19 14 4 0 -9999 -9999 -9999 -9999 -9999 -9999 -9999 -9999 -9999 -9999 -9999 -9999 -9999 -9999 -9999 -9999 -9999 -9999 -9999 -9999 -9999 -9999 -9999 -9999 -9999 -9999 -9999 -9999 -9999 -9999 -9999 -9999 -9999 -9999 -9999 -9999 -9999 -9999 -9999 -9999 -9999 -9999 -9999 -9999 -9999 13 13 13 13 12 8 0 0 0 0 0 0 0 0 0 4 8 9 11 12 12 18 22 22 22
15 15 15 15 15 15 15 15 16 19 21 22 24 26 27 27 27 26 26 26 25 22 19 16 5 -9999 -9999 -9999 -9999 -9999 -9999 -9999 -9999 -9999 -9999 -9999 -9999 -9999 -9999 -9999 -9999 -9999 -9999 -9999 -9999 -9999 -9999 -9999 -9999 -9999 -9999 -9999 -9999 -9999 -9999 -9999 -9999 -9999 -9999 -9999 -9999 -9999 -9999 -9999 -9999 -9999 -9999 -9999 -9999 -9999 -9999 13 13 13 13 12 8 0 0 0 0 0 0 0 0 3 8 10 11 12 12 12 15 17 18 22
-9999 -9999 15 15 15 15 15 15 15 16 21 23 24 25 27 26 26 26 26 26 25 -9999 19 9 -9999 -9999 -9999 -9999 -9999 -9999 -9999 -9999 -9999 -9999 -9999 -9999 -9999 -9999 -9999 -9999 -9999 -9999 -9999 -9999 -9999 -9999 -9999 -9999 -9999 -9999 -9999 -9999 -9999 -9999 -9999 -9999 -9999 -9999 -9999 -9999 -9999 -9999 -9999 -9999 -9999 -9999 -9999 -9999 -9999 -9999 -9999 13 13 13 13 12 9 7 3 2 2 2 2 2 4 8 10 12 13 13 13 13 13 13 14 19
-9999 -9999 15 15 15 15 15 15 15 16 20 23 23 24 26 25 26 -9999 -9999 -9999 -9999 -9999 -9999 -9999 -9999 -9999 -9999 -9999 -9999 -9999 -9999 -9999 -9999 -9999 -9999 -9999 -9999 -9999 -9999 -9999 -9999 -9999 -9999 -9999 -9999 -9999 -9999 -9999 -9999 -9999 -9999 -9999 -9999 -9999 -9999 -9999 -9999 -9999 -9999 -9999 -9999 -9999 -9999 -9999 -9999 -9999 -9999 -9999 -9999 -9999 -9999 -9999 13 13 13 13 10 9 9 10 10 10 10 10 9 9 12 13 13 13 13 13 13 13 13 14
-9999 -9999 -9999 15 15 15 15 15 15 15 16 20 21 21 22 22 -9999 -9999 -9999 -9999 -9999 -9999 -9999 -9999 -9999 -9999 -9999 -9999 -9999 -9999 -9999 -9999 -9999 -9999 -9999 -9999 -9999 -9999 -9999 -9999 -9999 -9999 -9999 -9999 -9999 -9999 -9999 -9999 -9999 -9999 -9999 -9999 -9999 -9999 -9999 -9999 -9999 -9999 -9999 -9999 -9999 -9999 -9999 -9999 -9999 -9999 -9999 -9999 -9999 -9999 -9999 -9999 14 14 13 13 13 12 12 13 13 12 12 12 12 12 13 13 13 13 13 13 13 13 13 13
-9999 -9999 -9999 -9999 15 15 15 15 15 15 16 20 21 -9999 -9999 -9999 -9999 -9999 -9999 -9999 -9999 -9999 -9999 -9999 -9999 -9999 -9999 -9999 -9999 -9999 -9999 -9999 -9999 -9999 -9999 -9999 -9999 -9999 -9999 -9999 -9999 -9999 -9999 -9999 -9999 -9999 -9999 -9999 -9999 -9999 -9999 -9999 -9999 -9999 -9999 -9999 -9999 -9999 -9999 -9999 -9999 -9999 -9999 -9999 -9999 -9999 -9999 -9999 -9999 -9999 -9999 14 14 14 14 14 13 14 14 14 14 14 14 14 14 13 13 13 13 13 13 13 13 13 13 13
