gis/40m/twi_d8.asc
ncols        256
nrows        286
xllcorner    726766.000000000000
yllcorner    7127230.000000000000
cellsize     40.000000000000
NODATA_value -9999
[rows 57 to 75 of 286, columns 43 to 85 of 256]
-9999 -9999 -9999 -9999 -9999 -9999 -9999 -9999 -9999 -9999 -9999 -9999 -9999 -9999 -9999 -9999 -9999 6.6850433349609375 8.2257366180419921875 6.8309316635131835938 6.4761114120483398438 8.1477098464965820312 5.8070087432861328125 5.70514678955078125 5.0475726127624511719 5.6650686264038085938 4.8247485160827636719 5.3934316635131835938 6.0668020248413085938 6.0720605850219726562 6.5887517929077148438 5.3335218429565429688 5.7977075576782226562 6.3453016281127929688 7.3162479400634765625 6.8863554000854492188 7.6476840972900390625 9.5852098464965820312 14.214557647705078125 8.0635099411010742188 7.692569732666015625 7.125064849853515625 7.0015354156494140625
-9999 -9999 -9999 -9999 -9999 -9999 -9999 -9999 -9999 -9999 -9999 -9999 -9999 -9999 -9999 -9999 -9999 6.7101726531982421875 7.2375965118408203125 6.0300679206848144531 6.0192537307739257812 5.3751225471496582031 8.3337554931640625 5.697113037109375 5.8528375625610351562 6.1187186241149902344 5.7631373405456542969 5.2257475852966308594 5.7768869400024414062 6.1869726181030273438 6.7918152809143066406 4.8842091560363769531 5.435253143310546875 5.7932291030883789062 6.5558218955993652344 5.5967392921447753906 6.2362866401672363281 6.6874675750732421875 6.4331870079040527344 14.441892623901367188 7.4967432022094726562 8.72447967529296875 8.343231201171875
-9999 -9999 -9999 -9999 -9999 -9999 -9999 -9999 -9999 -9999 -9999 -9999 -9999 -9999 -9999 -9999 -9999 -9999 7.4141244888305664062 5.9596352577209472656 5.8569402694702148438 5.9202890396118164062 6.9898900985717773438 9.2804470062255859375 5.8950452804565429688 5.8260283470153808594 6.1748719215393066406 6.6112170219421386719 5.8655676841735839844 6.2049083709716796875 8.2952585220336914062 6.1908702850341796875 6.1867871284484863281 5.8095979690551757812 5.9917407035827636719 4.7979903221130371094 5.5498690605163574219 5.7667469978332519531 7.0813589096069335938 9.3769941329956054688 14.191048622131347656 7.0938844680786132812 6.8280940055847167969
-9999 -9999 -9999 -9999 -9999 -9999 -9999 -9999 -9999 -9999 -9999 -9999 -9999 -9999 -9999 -9999 -9999 -9999 7.6910276412963867188 -9999 -9999 -9999 6.62969970703125 9.4578189849853515625 7.6046590805053710938 6.3773436546325683594 5.8485589027404785156 6.4600119590759277344 6.4235644340515136719 7.3706140518188476562 7.8135533332824707031 7.9186048507690429688 6.9483013153076171875 6.4293212890625 5.9401645660400390625 5.3796219825744628906 5.1270742416381835938 6.5802812576293945312 5.9245734214782714844 7.9481291770935058594 6.347324371337890625 12.071153640747070312 12.708333969116210938
-9999 -9999 -9999 -9999 -9999 -9999 -9999 -9999 -9999 -9999 -9999 -9999 -9999 -9999 -9999 -9999 -9999 -9999 -9999 -9999 -9999 -9999 -9999 9.01262664794921875 8.827877044677734375 7.6204967498779296875 6.9509806632995605469 6.60820770263671875 7.1023263931274414062 6.8525848388671875 7.2320427894592285156 7.7931342124938964844 6.7072272300720214844 6.7760643959045410156 6.7192969322204589844 6.5591449737548828125 6.5485415458679199219 5.51911163330078125 7.2233452796936035156 7.0820341110229492188 5.27086639404296875 6.6710333824157714844 6.85515594482421875
-9999 -9999 -9999 -9999 -9999 -9999 -9999 -9999 -9999 -9999 -9999 -9999 -9999 -9999 -9999 -9999 -9999 -9999 -9999 -9999 -9999 -9999 -9999 7.5767493247985839844 8.6715784072875976562 8.8591051101684570312 7.7737889289855957031 6.550762176513671875 6.4193520545959472656 7.817447662353515625 6.7330684661865234375 6.6420540809631347656 8.0292482376098632812 7.9018793106079101562 7.0419449806213378906 6.2612977027893066406 6.9253373146057128906 7.4338388442993164062 6.6881394386291503906 6.0689959526062011719 6.3108911514282226562 5.1371927261352539062 5.7926545143127441406
-9999 -9999 -9999 -9999 -9999 -9999 -9999 -9999 -9999 -9999 -9999 -9999 -9999 -9999 -9999 -9999 -9999 -9999 -9999 -9999 -9999 -9999 -9999 -9999 9.3354158401489257812 9.0224561691284179688 6.4165415763854980469 7.4958047866821289062 7.0592555999755859375 7.3545737266540527344 8.4456949234008789062 6.7388401031494140625 6.9587769508361816406 8.988468170166015625 9.0015459060668945312 6.6878714561462402344 6.2922334671020507812 6.6577982902526855469 6.3374247550964355469 6.009700775146484375 6.4441461563110351562 5.4698910713195800781 5.999759674072265625
-9999 -9999 -9999 -9999 -9999 -9999 -9999 -9999 -9999 -9999 -9999 -9999 -9999 -9999 -9999 -9999 -9999 -9999 -9999 -9999 -9999 -9999 -9999 -9999 9.4329967498779296875 7.0826730728149414062 8.4682989120483398438 7.2086892127990722656 7.5323319435119628906 -9999 8.7636442184448242188 6.8044648170471191406 7.5089135169982910156 8.8479928970336914062 6.7964229583740234375 8.3424625396728515625 6.3351044654846191406 7.6237850189208984375 6.7221932411193847656 6.7836632728576660156 7.3756403923034667969 6.8373446464538574219 6.0212798118591308594
-9999 -9999 -9999 -9999 -9999 -9999 -9999 -9999 -9999 -9999 -9999 -9999 -9999 -9999 -9999 -9999 -9999 -9999 -9999 -9999 -9999 -9999 -9999 -9999 8.7045640945434570312 8.2946567535400390625 7.7246904373168945312 6.6076846122741699219 -9999 -9999 7.63262939453125 9.5293359756469726562 6.9074153900146484375 8.0545148849487304688 9.7453794479370117188 9.5443115234375 9.6707096099853515625 9.956157684326171875 7.9558401107788085938 7.1422700881958007812 6.3930072784423828125 7.0030565261840820312 7.2321848869323730469
-9999 -9999 -9999 -9999 -9999 -9999 -9999 -9999 -9999 -9999 -9999 -9999 -9999 -9999 -9999 -9999 -9999 -9999 -9999 -9999 -9999 -9999 8.72303009033203125 7.5032281875610351562 8.930999755859375 8.8234310150146484375 7.2524538040161132812 6.5133390426635742188 7.1500415802001953125 8.2316408157348632812 7.9577898979187011719 8.0376949310302734375 10.141991615295410156 9.7480869293212890625 7.141925811767578125 7.3200359344482421875 7.0144138336181640625 6.7158203125 9.6497220993041992188 10.456609725952148438 6.4446916580200195312 7.0975956916809082031 6.9476413726806640625
-9999 -9999 -9999 -9999 -9999 -9999 -9999 -9999 -9999 -9999 -9999 -9999 -9999 -9999 -9999 -9999 -9999 -9999 -9999 -9999 -9999 -9999 9.7167558670043945312 9.1584692001342773438 9.5086851119995117188 9.034214019775390625 7.3972477912902832031 6.76718902587890625 6.9175324440002441406 6.3973445892333984375 6.627185821533203125 8.3903293609619140625 7.2953190803527832031 7.311420440673828125 9.1439609527587890625 7.1356992721557617188 7.5363821983337402344 6.3814454078674316406 6.2824025154113769531 10.295718193054199219 7.0302300453186035156 6.3589596748352050781 6.48072052001953125
-9999 -9999 -9999 -9999 -9999 -9999 -9999 -9999 -9999 -9999 -9999 -9999 -9999 -9999 -9999 -9999 -9999 -9999 -9999 -9999 -9999 -9999 8.8786840438842773438 8.9060268402099609375 11.156361579895019531 7.0834937095642089844 8.0411233901977539062 7.1629014015197753906 7.2586984634399414062 6.0838336944580078125 7.0834808349609375 6.9313573837280273438 8.313686370849609375 7.6107940673828125 7.5307016372680664062 8.9955043792724609375 7.5122342109680175781 8.0861597061157226562 6.351726531982421875 7.5015058517456054688 10.162538528442382812 6.9312958717346191406 7.0212407112121582031
-9999 -9999 -9999 -9999 -9999 -9999 -9999 -9999 -9999 -9999 -9999 -9999 -9999 -9999 -9999 -9999 -9999 -9999 -9999 -9999 -9999 -9999 8.501361846923828125 9.151035308837890625 7.74600982666015625 11.612318038940429688 9.9619045257568359375 6.8878192901611328125 8.1158885955810546875 6.9741253852844238281 7.8166112899780273438 7.8660154342651367188 7.2072329521179199219 8.6002178192138671875 9.270534515380859375 8.4805736541748046875 10.075803756713867188 10.164825439453125 6.7659931182861328125 7.0685830116271972656 8.7069559097290039062 10.603656768798828125 7.9185404777526855469
-9999 -9999 -9999 -9999 -9999 -9999 -9999 -9999 -9999 -9999 -9999 -9999 -9999 -9999 -9999 -9999 -9999 -9999 -9999 -9999 7.7278223037719726562 7.6641020774841308594 6.8747267723083496094 8.428714752197265625 8.9932565689086914062 7.5532503128051757812 12.119471549987792969 13.061952590942382812 7.3435769081115722656 8.655338287353515625 6.7878975868225097656 8.3226156234741210938 7.0655927658081054688 6.7231240272521972656 7.6240887641906738281 10.224213600158691406 7.6891231536865234375 7.621608734130859375 10.218169212341308594 7.5894970893859863281 7.089885711669921875 10.949637413024902344 6.9762864112854003906
-9999 -9999 -9999 -9999 -9999 -9999 -9999 -9999 -9999 -9999 -9999 -9999 -9999 -9999 -9999 -9999 -9999 -9999 -9999 -9999 7.0156598091125488281 6.3843584060668945312 7.2810015678405761719 7.3156638145446777344 8.2363719940185546875 8.7099752426147460938 7.7472925186157226562 8.8985052108764648438 12.0777130126953125 7.136989593505859375 7.2229266166687011719 8.1509952545166015625 7.703922271728515625 6.7543172836303710938 6.7670392990112304688 6.6819014549255371094 9.720836639404296875 8.038417816162109375 6.9994955062866210938 10.706686019897460938 10.722170829772949219 11.649362564086914062 8.1182765960693359375
-9999 -9999 -9999 -9999 -9999 -9999 -9999 -9999 -9999 -9999 -9999 -9999 -9999 -9999 -9999 -9999 -9999 -9999 -9999 -9999 -9999 7.2608113288879394531 6.9023747444152832031 6.7548794746398925781 7.244869232177734375 7.8244957923889160156 8.55791473388671875 7.7404971122741699219 8.9050035476684570312 11.8563079833984375 8.7209606170654296875 6.7740731239318847656 8.1323194503784179688 8.2695302963256835938 6.6437296867370605469 7.4117751121520996094 8.1452655792236328125 10.150029182434082031 8.1951656341552734375 8.9668674468994140625 6.9572520256042480469 11.414322853088378906 8.2289819717407226562
-9999 -9999 -9999 -9999 -9999 -9999 -9999 -9999 -9999 -9999 -9999 -9999 -9999 -9999 -9999 -9999 -9999 -9999 -9999 -9999 8.719638824462890625 7.6223921775817871094 6.8262844085693359375 7.0335507392883300781 6.7401843070983886719 7.5687909126281738281 8.19333648681640625 8.7768878936767578125 7.3432803153991699219 11.706282615661621094 6.9627413749694824219 7.4047331809997558594 8.4244356155395507812 7.104770660400390625 7.9894270896911621094 8.4967594146728515625 6.8390412330627441406 6.9499607086181640625 10.815548896789550781 7.7312564849853515625 7.7946143150329589844 7.5018773078918457031 11.289028167724609375
-9999 -9999 -9999 -9999 -9999 -9999 -9999 -9999 -9999 -9999 -9999 -9999 -9999 -9999 -9999 8.6735324859619140625 8.8661680221557617188 8.0955257415771484375 7.786163330078125 9.3286428451538085938 8.325099945068359375 7.88805389404296875 7.2969746589660644531 6.8308291435241699219 6.2248964309692382812 7.1485795974731445312 7.6716146469116210938 8.9382534027099609375 8.8481378555297851562 11.606771469116210938 7.4113698005676269531 7.5281438827514648438 8.1138916015625 7.6319150924682617188 6.8883538246154785156 6.8300266265869140625 8.91253662109375 9.0158138275146484375 10.31755828857421875 6.9309787750244140625 6.8261499404907226562 7.7934694290161132812 7.2789492607116699219
-9999 -9999 -9999 -9999 -9999 -9999 -9999 -9999 -9999 -9999 -9999 -9999 -9999 -9999 -9999 7.9068579673767089844 7.683319091796875 8.5779104232788085938 8.0046415328979492188 9.0915670394897460938 8.2110652923583984375 7.2282862663269042969 7.7702536582946777344 7.0826649665832519531 7.3018298149108886719 6.1727271080017089844 6.8093791007995605469 7.4489912986755371094 9.27559661865234375 6.9039134979248046875 11.374732017517089844 8.0687818527221679688 8.0809793472290039062 7.5775637626647949219 7.3712472915649414062 7.2867078781127929688 7.3119769096374511719 6.7689881324768066406 10.347708702087402344 6.7434964179992675781 6.6809000968933105469 6.5940265655517578125 8.3720455169677734375
