gis/40m/twi_dinf.asc
ncols        256
nrows        286
xllcorner    726766.000000000000
yllcorner    7127230.000000000000
cellsize     40.000000000000
NODATA_value -9999
[rows 76 to 94 of 286, columns 172 to 214 of 256]
9.6705303192138671875 9.6030826568603515625 10.414481163024902344 8.8652515411376953125 9.028743743896484375 17.449863433837890625 9.6882429122924804688 10.281830787658691406 10.459090232849121094 9.6295614242553710938 10.845697402954101562 11.931258201599121094 11.027583122253417969 10.851926803588867188 10.9170074462890625 11.293180465698242188 11.038632392883300781 11.071326255798339844 11.198961257934570312 11.654252052307128906 10.661147117614746094 10.478947639465332031 10.209672927856445312 9.9751682281494140625 10.036931991577148438 10.412725448608398438 11.62853240966796875 10.932634353637695312 10.166232109069824219 10.872354507446289062 10.75115203857421875 10.399286270141601562 10.762126922607421875 11.018523216247558594 10.233254432678222656 11.677156448364257812 11.826274871826171875 10.353278160095214844 10.414290428161621094 10.979238510131835938 11.253476142883300781 -9999 -9999
10.118852615356445312 9.7077951431274414062 10.446616172790527344 8.9820194244384765625 9.61454010009765625 10.955928802490234375 18.063129425048828125 11.258830070495605469 11.137079238891601562 10.912944793701171875 10.489678382873535156 12.370665550231933594 11.044842720031738281 10.990349769592285156 11.34233856201171875 11.591656684875488281 11.615871429443359375 11.430805206298828125 11.892980575561523438 11.432882308959960938 10.893660545349121094 10.333920478820800781 10.116121292114257812 9.7315826416015625 9.9172544479370117188 11.017992973327636719 11.814928054809570312 10.50927734375 10.556667327880859375 11.461861610412597656 11.078358650207519531 10.223974227905273438 10.777669906616210938 9.9250802993774414062 10.829127311706542969 10.081761360168457031 11.657841682434082031 11.455374717712402344 11.015428543090820312 10.6664581298828125 11.557536125183105469 -9999 -9999
9.4530286788940429688 9.9984731674194335938 9.884891510009765625 9.8847713470458984375 9.6909532546997070312 10.742526054382324219 17.919630050659179688 12.757848739624023438 12.08373260498046875 11.672342300415039062 11.972840309143066406 12.481238365173339844 12.242327690124511719 12.159970283508300781 12.229784011840820312 12.41933441162109375 11.951646804809570312 11.971803665161132812 11.573553085327148438 11.311085700988769531 11.046773910522460938 10.567263603210449219 9.9884786605834960938 9.6681337356567382812 10.332991600036621094 11.7687225341796875 11.029978752136230469 11.092508316040039062 11.342913627624511719 11.462759017944335938 10.985109329223632812 10.777303695678710938 10.433709144592285156 9.9745731353759765625 10.448569297790527344 10.462323188781738281 10.119524002075195312 12.066221237182617188 11.692380905151367188 10.141680717468261719 10.258101463317871094 11.851508140563964844 12.748585700988769531
8.9016885757446289062 9.5305385589599609375 9.2561368942260742188 10.278821945190429688 9.7272653579711914062 9.519832611083984375 11.340510368347167969 18.778438568115234375 9.8435125350952148438 12.20107269287109375 12.990857124328613281 10.371065139770507812 13.343378067016601562 11.961124420166015625 11.4822845458984375 11.963074684143066406 11.870221138000488281 11.461888313293457031 11.631422042846679688 11.482237815856933594 10.956263542175292969 10.81578826904296875 10.178147315979003906 9.7883281707763671875 11.259058952331542969 11.179109573364257812 10.903820991516113281 10.219161033630371094 10.454712867736816406 11.578997611999511719 11.316330909729003906 9.6577119827270507812 10.309825897216796875 10.886501312255859375 10.755626678466796875 10.729460716247558594 10.517056465148925781 11.076883316040039062 12.775801658630371094 9.8541612625122070312 9.7886152267456054688 10.308733940124511719 11.080437660217285156
10.031331062316894531 9.227443695068359375 9.4134807586669921875 10.429636955261230469 12.12496185302734375 11.858563423156738281 11.399782180786132812 11.909091949462890625 17.5679168701171875 9.4706144332885742188 10.317378044128417969 10.51580810546875 10.48360443115234375 13.853219032287597656 12.33863067626953125 11.835305213928222656 11.507314682006835938 11.525279998779296875 11.189908981323242188 10.685669898986816406 10.983492851257324219 11.304813385009765625 11.146525382995605469 11.432651519775390625 10.843361854553222656 10.009364128112792969 9.8588972091674804688 10.174228668212890625 11.238834381103515625 9.325653076171875 10.609564781188964844 10.888239860534667969 10.627623558044433594 11.320984840393066406 10.940748214721679688 11.087180137634277344 10.645763397216796875 10.460534095764160156 11.928354263305664062 12.56197357177734375 10.039300918579101562 10.129647254943847656 10.760035514831542969
10.648740768432617188 9.7832498550415039062 10.281818389892578125 10.925153732299804688 11.1397705078125 10.001760482788085938 9.824558258056640625 11.984767913818359375 18.069295883178710938 9.5147752761840820312 9.8218107223510742188 11.645651817321777344 14.913813591003417969 10.621518135070800781 12.037807464599609375 11.818544387817382812 11.567099571228027344 10.610102653503417969 11.116724967956542969 11.832927703857421875 12.094017982482910156 11.918774604797363281 11.600460052490234375 10.678529739379882812 10.046459197998046875 9.7094411849975585938 10.396894454956054688 11.176108360290527344 9.3835382461547851562 9.8555135726928710938 10.94640350341796875 11.308562278747558594 10.349620819091796875 11.5846405029296875 11.041041374206542969 10.835591316223144531 11.201854705810546875 10.266338348388671875 10.966806411743164062 12.058786392211914062 12.083832740783691406 10.192042350769042969 10.36429595947265625
19.587118148803710938 11.282551765441894531 10.275889396667480469 11.2945404052734375 10.695735931396484375 10.431987762451171875 9.910388946533203125 10.5208740234375 18.216632843017578125 10.88842010498046875 9.9864759445190429688 12.001757621765136719 14.599240303039550781 9.5889635086059570312 10.804727554321289062 11.411228179931640625 10.981955528259277344 11.966361045837402344 12.255754470825195312 12.067324638366699219 11.471325874328613281 11.518938064575195312 10.668153762817382812 10.401300430297851562 10.325540542602539062 10.612697601318359375 10.809490203857421875 9.5023975372314453125 10.041619300842285156 10.94281768798828125 11.630312919616699219 10.696640968322753906 10.678509712219238281 11.338586807250976562 11.241239547729492188 11.068635940551757812 11.286004066467285156 10.352018356323242188 10.499739646911621094 10.97721099853515625 12.035788536071777344 11.886473655700683594 10.397390365600585938
11.334440231323242188 19.436662673950195312 10.673407554626464844 10.203301429748535156 11.17754364013671875 11.392889022827148438 10.106497764587402344 9.4995775222778320312 9.6726016998291015625 19.407121658325195312 10.874974250793457031 15.617406845092773438 10.556226730346679688 10.471082687377929688 11.681181907653808594 12.578907012939453125 12.382184982299804688 11.874358177185058594 11.417057037353515625 11.535337448120117188 11.675230026245117188 11.027134895324707031 10.829960823059082031 10.663125991821289062 10.674846649169921875 10.631779670715332031 9.298328399658203125 9.8994741439819335938 10.536034584045410156 11.720869064331054688 11.069276809692382812 10.310322761535644531 10.404233932495117188 11.007592201232910156 11.065607070922851562 11.493348121643066406 10.44187164306640625 11.139868736267089844 10.052471160888671875 10.684027671813964844 12.387547492980957031 11.548614501953125 11.945055007934570312
10.063279151916503906 12.1875152587890625 18.70372772216796875 10.3302001953125 9.828723907470703125 11.264737129211425781 9.568218231201171875 9.4480371475219726562 9.4707975387573242188 17.43325042724609375 9.6852521896362304688 14.608391761779785156 9.8216142654418945312 14.046604156494140625 14.486966133117675781 13.267167091369628906 11.933396339416503906 11.487961769104003906 11.865484237670898438 11.699896812438964844 11.268610954284667969 11.075957298278808594 10.932234764099121094 10.794512748718261719 10.787744522094726562 9.5162172317504882812 9.8264865875244140625 10.262536048889160156 9.7000226974487304688 12.138601303100585938 10.578611373901367188 9.1763744354248046875 9.8031015396118164062 10.78493499755859375 10.768948554992675781 11.453298568725585938 10.733242034912109375 11.108002662658691406 10.627854347229003906 10.979516029357910156 11.947781562805175781 13.137647628784179688 10.2462158203125
10.425462722778320312 10.522441864013671875 11.769751548767089844 17.78177642822265625 17.813589096069335938 18.16779327392578125 18.153242111206054688 17.784259796142578125 17.51495361328125 18.471784591674804688 12.453207015991210938 15.086536407470703125 13.921213150024414062 9.92659759521484375 10.605466842651367188 10.634595870971679688 11.942768096923828125 11.856739044189453125 11.680330276489257812 11.438426017761230469 11.423028945922851562 11.185843467712402344 10.932209968566894531 10.866797447204589844 9.9925508499145507812 10.384817123413085938 10.224831581115722656 9.3529596328735351562 11.671620368957519531 11.463541984558105469 10.155039787292480469 9.292987823486328125 9.74649810791015625 10.995127677917480469 11.34247589111328125 11.272139549255371094 11.229397773742675781 11.247264862060546875 10.493102073669433594 11.083757400512695312 10.102467536926269531 13.352535247802734375 10.499577522277832031
10.46471405029296875 11.031161308288574219 11.856210708618164062 10.352194786071777344 9.8056612014770507812 9.321598052978515625 9.5556268692016601562 10.873865127563476562 10.761162757873535156 9.559169769287109375 18.609704971313476562 10.285315513610839844 10.563927650451660156 10.506897926330566406 10.404552459716796875 10.848383903503417969 13.136944770812988281 11.742841720581054688 11.65460205078125 11.661352157592773438 11.508907318115234375 11.358994483947753906 11.084416389465332031 10.24210357666015625 10.947989463806152344 10.688103675842285156 9.483104705810546875 11.369188308715820312 11.489939689636230469 9.3479890823364257812 10.609857559204101562 10.181257247924804688 11.072970390319824219 12.12530517578125 10.700442314147949219 9.540691375732421875 11.13568115234375 12.17584991455078125 11.171382904052734375 11.156393051147460938 9.813690185546875 12.946139335632324219 12.669592857360839844
11.090425491333007812 12.011037826538085938 10.83980560302734375 10.848303794860839844 10.266302108764648438 10.040513038635253906 10.804393768310546875 10.388319015502929688 10.74273681640625 9.4503183364868164062 17.8857574462890625 11.593630790710449219 10.713915824890136719 10.566678047180175781 10.418233871459960938 14.002737045288085938 13.026561737060546875 11.48328399658203125 10.406876564025878906 9.9764842987060546875 10.457454681396484375 10.967930793762207031 10.674821853637695312 11.319610595703125 11.383539199829101562 9.7145738601684570312 11.001311302185058594 11.610560417175292969 10.093507766723632812 9.9191637039184570312 11.035974502563476562 11.337888717651367188 11.718522071838378906 11.082905769348144531 10.439171791076660156 9.0918569564819335938 9.6168642044067382812 12.541791915893554688 11.734075546264648438 10.765316963195800781 9.987201690673828125 10.403973579406738281 13.431914329528808594
11.007511138916015625 11.02777862548828125 12.026638031005859375 10.46305084228515625 9.9487810134887695312 10.532027244567871094 10.104138374328613281 11.131719589233398438 12.214191436767578125 10.216113090515136719 10.884167671203613281 19.197116851806640625 10.709258079528808594 10.045798301696777344 10.221064567565917969 14.912946701049804688 12.612415313720703125 10.2651519775390625 9.9795627593994140625 10.30779266357421875 10.772891044616699219 10.471497535705566406 11.389863014221191406 11.764065742492675781 10.669775009155273438 10.927659034729003906 11.6455841064453125 10.679040908813476562 10.367938041687011719 10.782873153686523438 10.629598617553710938 11.359966278076171875 11.791873931884765625 10.600873947143554688 9.1700344085693359375 10.313615798950195312 10.087871551513671875 12.460516929626464844 12.374048233032226562 9.8343629837036132812 9.7251062393188476562 10.139097213745117188 13.405489921569824219
10.073880195617675781 10.382738113403320312 10.953682899475097656 11.974146842956542969 10.332297325134277344 10.664979934692382812 12.108301162719726562 11.383791923522949219 11.470057487487792969 10.215915679931640625 9.5606861114501953125 19.035940170288085938 9.56089019775390625 9.9788675308227539062 13.270590782165527344 13.214835166931152344 11.139990806579589844 10.37542724609375 9.93242645263671875 10.319031715393066406 10.20273590087890625 11.316541671752929688 11.80295562744140625 10.951298713684082031 11.334711074829101562 11.611315727233886719 11.652976036071777344 10.987368583679199219 10.902265548706054688 10.121085166931152344 10.249835968017578125 11.373618125915527344 11.487519264221191406 10.448528289794921875 9.1820774078369140625 10.294278144836425781 10.579874992370605469 13.453218460083007812 11.764250755310058594 9.7028179168701171875 10.186565399169921875 10.112573623657226562 13.442048072814941406
9.5923681259155273438 9.7805814743041992188 10.512844085693359375 11.642022132873535156 12.542611122131347656 12.822942733764648438 13.417090415954589844 13.779040336608886719 11.560126304626464844 9.68898773193359375 9.7070302963256835938 18.526035308837890625 9.7458963394165039062 14.455230712890625 14.205992698669433594 12.537903785705566406 10.185982704162597656 10.47564697265625 10.085820198059082031 10.057003974914550781 10.983671188354492188 12.032155990600585938 11.648672103881835938 11.332926750183105469 11.652503013610839844 12.446886062622070312 12.316870689392089844 11.61821746826171875 10.338380813598632812 9.839427947998046875 10.869731903076171875 10.620348930358886719 11.739367485046386719 10.911898612976074219 9.600231170654296875 10.467431068420410156 10.844600677490234375 13.95621490478515625 10.190610885620117188 9.7968816757202148438 10.372930526733398438 10.234683990478515625 13.360573768615722656
10.0854644775390625 10.138935089111328125 10.796474456787109375 11.371420860290527344 11.899785041809082031 12.556119918823242188 11.60170745849609375 10.528728485107421875 13.812199592590332031 10.909618377685546875 11.769327163696289062 12.372278213500976562 18.72751617431640625 10.432339668273925781 10.405467033386230469 13.029759407043457031 11.397728919982910156 10.403921127319335938 9.97969818115234375 10.421931266784667969 12.345221519470214844 11.616727828979492188 11.563813209533691406 11.449047088623046875 12.510389328002929688 12.667496681213378906 11.381949424743652344 10.710654258728027344 10.376260757446289062 10.604569435119628906 10.85424041748046875 10.972851753234863281 12.051778793334960938 9.6635494232177734375 9.3293695449829101562 10.634348869323730469 10.759898185729980469 13.827066421508789062 9.9240875244140625 10.199129104614257812 10.257052421569824219 10.625745773315429688 12.941479682922363281
9.68817901611328125 10.017453193664550781 10.271056175231933594 10.874497413635253906 11.013744354248046875 11.233028411865234375 12.460205078125 11.611673355102539062 13.397229194641113281 12.7344970703125 9.2837591171264648438 10.397611618041992188 19.743577957153320312 10.105092048645019531 10.352349281311035156 10.26407623291015625 12.710640907287597656 12.038208961486816406 11.449033737182617188 11.906588554382324219 11.772519111633300781 11.558085441589355469 11.57181549072265625 11.942729949951171875 12.088267326354980469 12.245668411254882812 10.992128372192382812 11.119174003601074219 10.765651702880859375 10.990490913391113281 10.837620735168457031 11.6253814697265625 9.8221187591552734375 9.3568782806396484375 8.969097137451171875 10.734155654907226562 11.071284294128417969 13.798738479614257812 10.232086181640625 10.661416053771972656 10.198605537414550781 10.807283401489257812 12.384737014770507812
9.9333639144897460938 9.4655771255493164062 9.9589338302612304688 10.730216026306152344 10.984898567199707031 10.591353416442871094 11.557763099670410156 12.941010475158691406 13.005997657775878906 11.996969223022460938 9.5189123153686523438 9.9697332382202148438 19.773988723754882812 10.436142921447753906 12.089337348937988281 11.97796630859375 13.464629173278808594 12.27056884765625 11.647183418273925781 11.520743370056152344 11.519105911254882812 11.563214302062988281 12.048495292663574219 12.040026664733886719 12.214207649230957031 11.780107498168945312 11.496023178100585938 10.993981361389160156 11.239933967590332031 11.013129234313964844 11.773740768432617188 9.8478755950927734375 9.59320068359375 9.5125780105590820312 9.7216157913208007812 11.079103469848632812 13.97621917724609375 10.207326889038085938 9.769710540771484375 11.3740386962890625 10.668354988098144531 10.502278327941894531 11.74791717529296875
10.220584869384765625 9.9810848236083984375 10.592034339904785156 10.495927810668945312 10.476152420043945312 10.900034904479980469 11.195759773254394531 11.847661018371582031 13.839303970336914062 12.8495941162109375 10.749868392944335938 10.853463172912597656 18.504581451416015625 19.546588897705078125 9.9812860488891601562 13.100910186767578125 14.193462371826171875 12.9714508056640625 11.924126625061035156 11.540533065795898438 10.634222984313964844 12.514195442199707031 12.551049232482910156 12.069593429565429688 12.545511245727539062 12.224834442138671875 11.042184829711914062 11.001065254211425781 10.959856033325195312 12.070292472839355469 11.372506141662597656 9.5924806594848632812 10.017919540405273438 9.8902034759521484375 11.097341537475585938 12.645462989807128906 13.676425933837890625 9.8150396347045898438 10.211878776550292969 11.8547821044921875 11.291974067687988281 10.278874397277832031 13.0680999755859375
