gis/40m/twi_d8.asc
ncols        256
nrows        286
xllcorner    726766.000000000000
yllcorner    7127230.000000000000
cellsize     40.000000000000
NODATA_value -9999
[rows 152 to 170 of 286, columns 129 to 171 of 256]
6.0679693222045898438 6.9853081703186035156 13.878194808959960938 7.1514925956726074219 6.867626190185546875 6.6940445899963378906 6.46915435791015625 10.469026565551757812 8.4865045547485351562 6.62560272216796875 7.9562578201293945312 6.8947806358337402344 8.0752725601196289062 7.1235632896423339844 6.4304261207580566406 7.5884099006652832031 6.20604705810546875 6.2137112617492675781 7.3503293991088867188 11.035389900207519531 6.6198744773864746094 6.4176549911499023438 8.1764078140258789062 9.548061370849609375 10.139034271240234375 10.848748207092285156 11.342416763305664062 12.011841773986816406 8.2558031082153320312 7.703998565673828125 8.7400236129760742188 7.7673840522766113281 9.62967681884765625 14.20264434814453125 13.506403923034667969 14.66595458984375 13.661005973815917969 15.628582000732421875 15.097452163696289062 7.5078496932983398438 7.1013646125793457031 10.086833953857421875 5.6493864059448242188
7.2569861412048339844 6.6728558540344238281 7.5046772956848144531 13.655400276184082031 6.8757944107055664062 6.3194589614868164062 6.4280638694763183594 10.587523460388183594 8.7822141647338867188 6.8744783401489257812 8.8477039337158203125 7.6497592926025390625 8.2457170486450195312 7.6518983840942382812 7.2204389572143554688 6.3264312744140625 7.5510230064392089844 6.9237461090087890625 6.7265429496765136719 11.332248687744140625 7.9010629653930664062 8.241832733154296875 10.087385177612304688 8.2777729034423828125 7.6372857093811035156 7.3775162696838378906 7.5152716636657714844 7.9669060707092285156 12.365530967712402344 7.9613370895385742188 14.284329414367675781 14.945173263549804688 13.967818260192871094 7.9896497726440429688 7.4406208992004394531 8.5230360031127929688 14.804157257080078125 8.6723108291625976562 7.8778853416442871094 8.76910400390625 6.9941639900207519531 10.253483772277832031 5.8487782478332519531
7.1980619430541992188 6.1796860694885253906 6.6067209243774414062 13.48619842529296875 8.0740690231323242188 6.2989029884338378906 6.5474858283996582031 11.069008827209472656 6.9459767341613769531 8.8221292495727539062 8.0500841140747070312 6.7764749526977539062 8.6049623489379882812 6.8610625267028808594 8.0468873977661132812 7.6112909317016601562 7.11103057861328125 8.48798370361328125 9.4324855804443359375 7.8814563751220703125 13.106133460998535156 9.1110601425170898438 8.2474384307861328125 8.4003953933715820312 9.4075250625610351562 7.8873071670532226562 7.5986361503601074219 7.5650730133056640625 7.8583860397338867188 12.000247955322265625 14.341158866882324219 8.3852396011352539062 8.3542308807373046875 8.499416351318359375 7.5842003822326660156 13.331998825073242188 13.415950775146484375 8.1162109375 7.2706637382507324219 8.016025543212890625 6.6097764968872070312 9.84116363525390625 8.8483982086181640625
8.1822881698608398438 6.5161294937133789062 5.976520538330078125 6.8477067947387695312 13.793368339538574219 6.8270273208618164062 10.933823585510253906 9.42241668701171875 9.7131776809692382812 9.6551904678344726562 6.9921736717224121094 7.5427141189575195312 8.741611480712890625 6.7973928451538085938 7.3201990127563476562 8.2156200408935546875 8.102512359619140625 7.1183171272277832031 8.0254306793212890625 12.343831062316894531 9.7820901870727539062 8.1653547286987304688 8.9324674606323242188 7.9202303886413574219 7.4183197021484375 8.0696477890014648438 7.99236297607421875 13.388492584228515625 14.4955291748046875 14.312157630920410156 8.3813457489013671875 7.9821343421936035156 8.29026031494140625 11.821850776672363281 11.241701126098632812 12.86777496337890625 7.737216949462890625 12.436916351318359375 6.9181504249572753906 7.0357732772827148438 6.3618073463439941406 6.5072417259216308594 10.008013725280761719
8.8078832626342773438 6.8774304389953613281 6.9031424522399902344 7.1664152145385742188 8.3901910781860351562 14.042868614196777344 9.2814950942993164062 6.6556386947631835938 7.9871077537536621094 9.8268861770629882812 7.5147490501403808594 8.2747821807861328125 9.0225982666015625 6.7765078544616699219 7.4179468154907226562 7.9480652809143066406 9.4394330978393554688 10.379937171936035156 9.3030405044555664062 7.7722749710083007812 12.998126983642578125 7.68076324462890625 7.3016080856323242188 7.8357133865356445312 7.9136652946472167969 9.6368408203125 14.282970428466796875 8.7834100723266601562 8.76497650146484375 7.7282609939575195312 8.5251064300537109375 9.8156232833862304688 12.085694313049316406 9.4899272918701171875 7.7728686332702636719 12.383695602416992188 7.8423485755920410156 12.584239959716796875 7.6378827095031738281 6.3420586585998535156 6.6296000480651855469 7.1534638404846191406 7.6189846992492675781
10.059189796447753906 9.8115234375 6.5957169532775878906 7.0709972381591796875 8.1949672698974609375 13.420391082763671875 7.1802644729614257812 7.1020379066467285156 7.7996344566345214844 9.97534942626953125 8.2067356109619140625 8.581470489501953125 9.0818471908569335938 7.5117421150207519531 6.86055755615234375 9.045196533203125 8.1895351409912109375 9.3146419525146484375 11.290834426879882812 7.4978985786437988281 12.381011009216308594 8.070331573486328125 7.1942315101623535156 9.0003538131713867188 8.1927089691162109375 14.124035835266113281 12.245443344116210938 7.8051691055297851562 7.4969067573547363281 7.1397151947021484375 9.2157373428344726562 9.3551921844482421875 8.719379425048828125 8.2088937759399414062 8.8578863143920898438 9.9022951126098632812 12.888339042663574219 7.8889384269714355469 11.783814430236816406 7.5476527214050292969 7.142787933349609375 7.2549009323120117188 7.2930936813354492188
9.2052125930786132812 9.7018766403198242188 7.1799821853637695312 7.6195278167724609375 6.8019399642944335938 7.2454319000244140625 15.531880378723144531 7.1630105972290039062 9.3022747039794921875 10.427659034729003906 8.8166551589965820312 7.2864465713500976562 9.8177089691162109375 10.009194374084472656 10.664224624633789062 8.0874185562133789062 8.2956066131591796875 8.5385589599609375 7.7184495925903320312 10.115566253662109375 7.6100459098815917969 13.908359527587890625 13.676766395568847656 14.321956634521484375 12.765455245971679688 8.8266239166259765625 7.5791778564453125 11.301589012145996094 6.6144266128540039062 7.2657842636108398438 6.8959178924560546875 6.3755002021789550781 6.36592864990234375 7.6516876220703125 8.5405550003051757812 10.853366851806640625 13.056273460388183594 8.0863962173461914062 12.0265045166015625 8.0556650161743164062 7.5392012596130371094 7.2822499275207519531 7.2405061721801757812
6.8780179023742675781 8.5536985397338867188 9.42386627197265625 11.22994232177734375 7.2106142044067382812 6.4259629249572753906 14.414864540100097656 6.8815870285034179688 6.9123263359069824219 9.9544620513916015625 11.180289268493652344 10.716530799865722656 10.78267669677734375 11.03385162353515625 11.738067626953125 12.587930679321289062 7.7885622978210449219 7.4721393585205078125 8.6225185394287109375 12.434183120727539062 13.090063095092773438 8.1229314804077148438 10.332113265991210938 6.6236605644226074219 7.0132308006286621094 7.0465974807739257812 7.4599118232727050781 10.342698097229003906 6.1312460899353027344 6.5484395027160644531 6.1559872627258300781 5.3217444419860839844 5.3095288276672363281 6.7639918327331542969 6.9730601310729980469 6.835601806640625 12.596302032470703125 7.9964351654052734375 10.161039352416992188 11.493856430053710938 6.6844077110290527344 6.3911414146423339844 6.6813936233520507812
6.7372756004333496094 7.3533687591552734375 8.8054523468017578125 7.5157170295715332031 9.984771728515625 6.6311960220336914062 7.1520233154296875 13.425664901733398438 7.0692415237426757812 8.4438114166259765625 9.0187540054321289062 8.2856006622314453125 8.0008573532104492188 7.9000711441040039062 8.4464311599731445312 7.9700188636779785156 11.712085723876953125 12.9073638916015625 14.021937370300292969 8.4377317428588867188 9.5419635772705078125 8.8821840286254882812 8.5169363021850585938 8.7374820709228515625 6.1394186019897460938 6.2655053138732910156 6.9126672744750976562 10.323726654052734375 6.8509383201599121094 6.02813720703125 5.9415678977966308594 6.1461887359619140625 5.8405303955078125 6.1219234466552734375 6.3443431854248046875 8.050319671630859375 7.1775159835815429688 12.081212043762207031 7.3649816513061523438 9.5141887664794921875 11.6405181884765625 8.1114988327026367188 7.1838746070861816406
8.5148115158081054688 8.0318231582641601562 7.1743044853210449219 9.892856597900390625 9.5922527313232421875 9.1651630401611328125 9.5695085525512695312 7.6997160911560058594 7.1986169815063476562 7.5537614822387695312 9.0605211257934570312 9.13274383544921875 8.2603549957275390625 9.2493371963500976562 9.8628511428833007812 9.0501718521118164062 9.8510580062866210938 8.0866765975952148438 8.2361326217651367188 8.3376188278198242188 8.2456731796264648438 7.7491221427917480469 7.6497797966003417969 7.0067095756530761719 7.9245543479919433594 6.1133432388305664062 6.0681300163269042969 8.468109130859375 9.6628675460815429688 7.3315477371215820312 6.70606231689453125 6.1068334579467773438 6.9566121101379394531 5.7229523658752441406 6.3501605987548828125 7.1817216873168945312 8.1527433395385742188 12.094305038452148438 9.439876556396484375 9.0623455047607421875 7.0592265129089355469 11.512868881225585938 11.298297882080078125
7.1030497550964355469 8.87802886962890625 8.8038816452026367188 8.3608617782592773438 7.2463541030883789062 8.7061901092529296875 9.0510435104370117188 6.5087437629699707031 7.3085584640502929688 7.4131770133972167969 9.2880764007568359375 8.996623992919921875 8.3641633987426757812 8.4731540679931640625 7.3291172981262207031 7.6538348197937011719 7.1783699989318847656 6.7351408004760742188 6.4833807945251464844 6.6928544044494628906 6.5583472251892089844 6.4100079536437988281 6.5656805038452148438 5.8585648536682128906 6.392436981201171875 6.5217728614807128906 6.0901689529418945312 6.9148511886596679688 7.347980499267578125 9.2908697128295898438 8.7898235321044921875 7.0265493392944335938 7.4105792045593261719 6.2661228179931640625 6.3879055976867675781 6.9025011062622070312 7.3074045181274414062 11.494517326354980469 8.2783155441284179688 9.2314672470092773438 8.6463718414306640625 8.5409593582153320312 7.2949914932250976562
7.1070656776428222656 9.0007648468017578125 8.6957521438598632812 8.545162200927734375 7.62682342529296875 6.9183678627014160156 9.1303930282592773438 8.5822906494140625 6.0664777755737304688 8.13666534423828125 7.9452199935913085938 9.2469205856323242188 8.7777690887451171875 9.2566852569580078125 7.3277783393859863281 7.1232180595397949219 6.3890700340270996094 5.7405562400817871094 5.4337925910949707031 5.9282245635986328125 5.7828078269958496094 5.6752777099609375 6.0495152473449707031 5.0447516441345214844 5.859180450439453125 5.9282541275024414062 5.2046265602111816406 6.2986598014831542969 6.5090961456298828125 6.8518929481506347656 7.9741692543029785156 8.5778360366821289062 7.29972076416015625 7.050838470458984375 6.6975264549255371094 6.4556303024291992188 7.0426654815673828125 10.869538307189941406 7.1561722755432128906 7.7088117599487304688 8.8448162078857421875 8.4782552719116210938 8.2796812057495117188
6.6483349800109863281 7.3399639129638671875 9.72190093994140625 6.9038724899291992188 7.7839651107788085938 6.4902620315551757812 6.8354792594909667969 10.512994766235351562 7.6717386245727539062 6.2047071456909179688 7.5012221336364746094 9.2132310867309570312 9.272792816162109375 7.3376951217651367188 6.8072123527526855469 6.7664961814880371094 7.8298196792602539062 6.7245068550109863281 5.7763400077819824219 5.9220337867736816406 5.7287173271179199219 5.5028748512268066406 5.6169843673706054688 5.9597444534301757812 6.1194610595703125 6.2383646965026855469 5.9550032615661621094 5.5778689384460449219 6.293010711669921875 6.3726134300231933594 7.3015217781066894531 7.32996368408203125 8.1603250503540039062 8.144290924072265625 6.5459513664245605469 6.7081494331359863281 7.5493106842041015625 8.6532869338989257812 11.127462387084960938 7.1588592529296875 6.7239828109741210938 8.6747865676879882812 8.198177337646484375
7.1793332099914550781 6.4826726913452148438 9.6806688308715820312 6.5712537765502929688 7.3711223602294921875 6.5191779136657714844 6.0298309326171875 7.1963286399841308594 9.7617692947387695312 7.1046991348266601562 6.8387732505798339844 9.3788814544677734375 9.4097452163696289062 7.044010162353515625 7.7783832550048828125 7.8653497695922851562 7.5574326515197753906 6.67569732666015625 5.7072992324829101562 5.6919775009155273438 5.686309814453125 5.759098052978515625 5.9862208366394042969 6.1876764297485351562 6.0706167221069335938 6.3741440773010253906 7.1668310165405273438 6.7425742149353027344 6.4027762413024902344 6.1755571365356445312 6.8107266426086425781 6.5712294578552246094 7.6870951652526855469 8.80179595947265625 7.252593994140625 7.806255340576171875 8.3936796188354492188 7.1916394233703613281 8.3444042205810546875 11.131121635437011719 9.023174285888671875 8.6607179641723632812 8.5908355712890625
7.8004894256591796875 6.6352672576904296875 9.8623971939086914062 6.6066098213195800781 7.4666757583618164062 6.1583008766174316406 6.7363901138305664062 7.6069130897521972656 10.313851356506347656 8.391941070556640625 8.9666681289672851562 7.4592499732971191406 9.0830211639404296875 7.5680375099182128906 8.661296844482421875 7.70815277099609375 6.3491797447204589844 6.0791296958923339844 6.4902310371398925781 6.2146859169006347656 6.0100474357604980469 5.939605712890625 5.32602691650390625 6.2094235420227050781 6.4449872970581054688 7.1243219375610351562 6.1742529869079589844 6.6304087638854980469 7.3075594902038574219 6.6963710784912109375 6.3932261466979980469 7.6781601905822753906 8.4014825820922851562 8.1853895187377929688 9.3568735122680664062 9.2136220932006835938 7.1367740631103515625 7.1858882904052734375 6.9769811630249023438 10.329022407531738281 8.6046400070190429688 8.1421327590942382812 8.6169214248657226562
7.0012464523315429688 8.6195898056030273438 10.418543815612792969 6.9918313026428222656 6.3132314682006835938 7.5800323486328125 7.177188873291015625 6.8214597702026367188 10.856114387512207031 6.4622902870178222656 8.3237600326538085938 8.3416194915771484375 9.4977083206176757812 9.5385103225708007812 8.4506063461303710938 7.0590190887451171875 6.9210901260375976562 7.1897006034851074219 5.9060931205749511719 6.8465900421142578125 6.6366930007934570312 6.4575419425964355469 6.7335290908813476562 5.5379858016967773438 6.8774099349975585938 7.2737889289855957031 7.0368103981018066406 6.838344573974609375 6.521305084228515625 6.8438673019409179688 6.6403980255126953125 6.5811142921447753906 7.5282778739929199219 9.7355279922485351562 11.318193435668945312 8.1827716827392578125 7.6114468574523925781 6.3099203109741210938 6.4114656448364257812 10.198487281799316406 8.3815088272094726562 8.6371755599975585938 8.1805448532104492188
7.1060729026794433594 9.32688140869140625 10.837824821472167969 7.7416830062866210938 6.3617205619812011719 8.9586048126220703125 8.9320430755615234375 11.327982902526855469 7.0254015922546386719 7.8890562057495117188 8.216033935546875 8.5720548629760742188 9.7539587020874023438 10.023188591003417969 9.3805055618286132812 6.7603840827941894531 7.5289859771728515625 7.838932037353515625 6.1332545280456542969 7.4944615364074707031 7.8541531562805175781 5.6636357307434082031 7.1314377784729003906 7.1142559051513671875 5.6155171394348144531 7.2754769325256347656 7.4822864532470703125 6.482395172119140625 6.0259947776794433594 6.9858083724975585938 6.7604546546936035156 6.7976751327514648438 7.5819425582885742188 8.712444305419921875 8.986328125 8.8033246994018554688 7.2695207595825195312 7.2401342391967773438 7.7407431602478027344 9.7135744094848632812 8.9911432266235351562 8.4117584228515625 8.7900028228759765625
6.8272390365600585938 11.092679977416992188 7.0994119644165039062 7.6006569862365722656 6.3648419380187988281 10.345623016357421875 7.0643415451049804688 7.2443227767944335938 9.9162807464599609375 8.3951416015625 9.2389440536499023438 7.3565526008605957031 9.8254404067993164062 10.346379280090332031 7.849483489990234375 7.0473875999450683594 8.0292043685913085938 8.2634716033935546875 6.1993994712829589844 7.9282469749450683594 8.3314304351806640625 6.023113250732421875 7.5734586715698242188 7.3775873184204101562 6.21600341796875 7.3566732406616210938 7.49443817138671875 6.9362440109252929688 5.7058176994323730469 7.2563352584838867188 6.1683602333068847656 6.8194756507873535156 7.0282044410705566406 7.5737857818603515625 9.26064300537109375 8.4586191177368164062 7.4025716781616210938 7.5091729164123535156 9.336040496826171875 7.248195648193359375 8.3898181915283203125 8.1928195953369140625 8.4286661148071289062
10.825521469116210938 8.264720916748046875 7.8082418441772460938 7.0543694496154785156 7.3009963035583496094 9.6562376022338867188 6.8091540336608886719 9.5546941757202148438 10.290292739868164062 8.3124628067016601562 9.96019744873046875 8.6583652496337890625 10.254265785217285156 10.745296478271484375 8.4798583984375 7.8617706298828125 6.6306819915771484375 9.0576934814453125 6.2715177536010742188 8.1704044342041015625 8.6957530975341796875 6.3348321914672851562 8.1607141494750976562 7.9193210601806640625 6.9322342872619628906 8.4500265121459960938 7.4292922019958496094 6.4634876251220703125 5.9263858795166015625 7.8039531707763671875 6.800136566162109375 6.5222363471984863281 6.978450775146484375 7.9254317283630371094 7.9614443778991699219 9.2639265060424804688 7.4085721969604492188 7.27079010009765625 8.8604116439819335938 8.7033052444458007812 7.2106995582580566406 7.9505963325500488281 8.37064361572265625
