gis/40m/twi_d8.asc
ncols        256
nrows        286
xllcorner    726766.000000000000
yllcorner    7127230.000000000000
cellsize     40.000000000000
NODATA_value -9999
[rows 19 to 37 of 286, columns 172 to 214 of 256]
9.1606149673461914062 7.5331277847290039062 7.7851920127868652344 7.5463652610778808594 7.9175467491149902344 5.7814230918884277344 5.7646613121032714844 6.2951192855834960938 6.9683122634887695312 8.725811004638671875 16.528106689453125 8.6782741546630859375 14.972220420837402344 13.263401031494140625 12.139542579650878906 11.737021446228027344 11.397684097290039062 5.3477473258972167969 5.5061526298522949219 7.26241302490234375 6.8891572952270507812 6.3216686248779296875 6.1673946380615234375 7.0592832565307617188 6.8489356040954589844 6.0332813262939453125 6.5784792900085449219 7.5646390914916992188 6.5446887016296386719 6.4555535316467285156 -9999 -9999 -9999 -9999 -9999 -9999 -9999 -9999 -9999 -9999 -9999 -9999 -9999
8.3932867050170898438 9.574382781982421875 9.4193716049194335938 8.6429548263549804688 9.3668460845947265625 6.0717778205871582031 7.3623437881469726562 8.2305955886840820312 8.024806976318359375 14.449681282043457031 9.2143678665161132812 15.778570175170898438 6.899112701416015625 7.4647002220153808594 7.0381488800048828125 6.614078521728515625 6.1807613372802734375 11.584688186645507812 7.9962520599365234375 6.7370209693908691406 6.2837491035461425781 5.3681726455688476562 6.9062957763671875 7.7715783119201660156 6.6463422775268554688 6.5293245315551757812 6.4255533218383789062 7.4993996620178222656 6.8572945594787597656 6.3621578216552734375 6.9272150993347167969 -9999 -9999 -9999 -9999 -9999 -9999 -9999 -9999 -9999 -9999 -9999 -9999
6.2735066413879394531 8.7671289443969726562 6.1050252914428710938 5.3217749595642089844 5.6316308975219726562 11.46680450439453125 11.271075248718261719 12.7313079833984375 12.909470558166503906 9.3578081130981445312 8.5544719696044921875 12.180466651916503906 7.2588372230529785156 6.4317641258239746094 6.6003890037536621094 6.4637379646301269531 6.2185983657836914062 5.90680694580078125 11.878499984741210938 9.0907459259033203125 9.0098199844360351562 8.1823787689208984375 7.6825847625732421875 5.637294769287109375 7.7217221260070800781 7.9421129226684570312 8.0694484710693359375 7.5977630615234375 7.3171725273132324219 6.8205227851867675781 6.6121926307678222656 -9999 -9999 -9999 -9999 -9999 -9999 -9999 -9999 -9999 -9999 -9999 -9999
10.07657623291015625 6.9436163902282714844 8.215610504150390625 6.12508392333984375 10.059627532958984375 7.8132052421569824219 6.6462235450744628906 7.8391308784484863281 9.5629863739013671875 8.7489986419677734375 12.4529266357421875 8.54450225830078125 7.1716413497924804688 6.6783661842346191406 5.4590196609497070312 6.1464161872863769531 6.4194540977478027344 5.9900150299072265625 11.893137931823730469 5.9206333160400390625 5.9863963127136230469 8.5402660369873046875 8.2631616592407226562 7.8538088798522949219 5.5889368057250976562 6.1166896820068359375 8.019557952880859375 8.158267974853515625 6.2394900321960449219 6.6521558761596679688 6.4129476547241210938 6.9346709251403808594 -9999 -9999 -9999 -9999 -9999 -9999 -9999 -9999 -9999 -9999 -9999
7.0706357955932617188 9.7378854751586914062 9.7061519622802734375 9.86588287353515625 7.1352634429931640625 6.2737956047058105469 7.5222601890563964844 8.2214374542236328125 9.9443798065185546875 9.1454095840454101562 12.831484794616699219 7.5240626335144042969 6.2988443374633789062 5.5412988662719726562 6.11180877685546875 5.5672588348388671875 5.9916434288024902344 6.2498445510864257812 12.070461273193359375 8.2005357742309570312 8.1408395767211914062 7.8795924186706542969 7.41815948486328125 6.6488223075866699219 6.2657523155212402344 6.1398992538452148438 8.68466949462890625 7.0711088180541992188 7.3343815803527832031 6.5164923667907714844 6.80342864990234375 6.5767827033996582031 -9999 -9999 -9999 -9999 -9999 -9999 -9999 -9999 -9999 -9999 -9999
5.88289642333984375 5.68828582763671875 5.5594158172607421875 6.426998138427734375 6.3185396194458007812 7.5317120552062988281 6.6681036949157714844 6.7445712089538574219 7.8040070533752441406 10.488602638244628906 11.234943389892578125 6.3825087547302246094 7.2269959449768066406 6.8925061225891113281 6.5916228294372558594 6.4479160308837890625 6.3494319915771484375 7.0725812911987304688 7.471805572509765625 12.436245918273925781 8.3529920578002929688 7.9911122322082519531 7.6229910850524902344 6.7853808403015136719 6.297161102294921875 8.4820070266723632812 6.3340020179748535156 8.1547937393188476562 7.3918881416320800781 7.2413835525512695312 6.6897368431091308594 6.4283933639526367188 6.9575796127319335938 -9999 -9999 -9999 -9999 -9999 -9999 -9999 -9999 -9999 -9999
5.9628725051879882812 6.3599829673767089844 5.4139432907104492188 6.4714937210083007812 6.15186309814453125 7.0313429832458496094 6.9399390220642089844 7.2082982063293457031 7.8304958343505859375 7.3406667709350585938 8.48430633544921875 9.762340545654296875 7.0265150070190429688 6.6041135787963867188 6.2161378860473632812 5.7507767677307128906 8.041217803955078125 7.811138153076171875 7.0414099693298339844 12.862588882446289062 10.438068389892578125 6.4216599464416503906 6.4155144691467285156 5.9381575584411621094 8.1919078826904296875 6.5981535911560058594 6.1812543869018554688 8.6911077499389648438 7.7215867042541503906 7.31095123291015625 6.5311498641967773438 6.8912472724914550781 6.6070961952209472656 -9999 -9999 -9999 -9999 -9999 -9999 -9999 -9999 -9999 -9999
6.4730615615844726562 5.5917973518371582031 6.5731883049011230469 7.284999847412109375 8.0828227996826171875 8.539493560791015625 8.608592987060546875 7.6232876777648925781 7.4365849494934082031 8.2726678848266601562 7.4715127944946289062 6.4168243408203125 8.28530120849609375 8.0663003921508789062 7.8876748085021972656 8.04111480712890625 6.9911699295043945312 6.0602703094482421875 7.0244951248168945312 12.265442848205566406 6.8207373619079589844 10.252381324768066406 10.243504524230957031 9.852207183837890625 7.07714080810546875 6.5304989814758300781 8.3428201675415039062 6.176055908203125 8.5103387832641601562 6.2214493751525878906 7.7113409042358398438 6.7410054206848144531 6.4789156913757324219 6.9578180313110351562 -9999 -9999 -9999 -9999 -9999 -9999 -9999 -9999 -9999
7.5136289596557617188 7.9922900199890136719 7.9641742706298828125 8.5411500930786132812 8.9213428497314453125 9.0080804824829101562 10.336572647094726562 7.8137898445129394531 7.3318886756896972656 9.7403812408447265625 8.5315093994140625 7.4232654571533203125 6.3462800979614257812 5.6110553741455078125 6.3776774406433105469 5.8746042251586914062 7.2076373100280761719 6.6112155914306640625 6.3870444297790527344 7.0086512565612792969 12.51993560791015625 6.8166394233703613281 6.8617773056030273438 7.0825071334838867188 9.4314680099487304688 8.8979854583740234375 6.7565202713012695312 8.409336090087890625 6.3724875450134277344 8.1859531402587890625 6.1786923408508300781 7.3042998313903808594 7.0065627098083496094 6.6025853157043457031 -9999 -9999 -9999 -9999 -9999 -9999 -9999 -9999 -9999
8.5846204757690429688 8.6056728363037109375 8.5167407989501953125 6.2686753273010253906 6.3787674903869628906 7.1582560539245605469 10.181262969970703125 10.077233314514160156 7.1661610603332519531 10.0664825439453125 9.7702379226684570312 9.2680606842041015625 8.8090753555297851562 8.504985809326171875 7.9775652885437011719 7.7999124526977539062 7.0387091636657714844 6.6549925804138183594 6.312107086181640625 7.5108828544616699219 8.5956029891967773438 12.704959869384765625 11.311506271362304688 11.792787551879882812 12.033468246459960938 11.134228706359863281 8.7132425308227539062 6.9832949638366699219 6.2060880661010742188 8.919689178466796875 7.8815674781799316406 7.3022174835205078125 6.9039621353149414062 6.6763677597045898438 7.1116209030151367188 -9999 -9999 -9999 -9999 -9999 -9999 -9999 -9999
5.8718199729919433594 6.0309419631958007812 5.9642090797424316406 9.4009218215942382812 9.4424524307250976562 9.5954236984252929688 11.046797752380371094 10.635992050170898438 7.4011487960815429688 10.901375770568847656 7.5315518379211425781 6.8084349632263183594 6.2853875160217285156 7.8158144950866699219 8.0176258087158203125 7.6379480361938476562 7.5648112297058105469 7.4105291366577148438 7.2957124710083007812 7.1179156303405761719 8.0128507614135742188 12.484534263610839844 7.7100405693054199219 7.1700944900512695312 8.7126626968383789062 7.5383362770080566406 10.982858657836914062 7.5900006294250488281 6.3464746475219726562 8.9256076812744140625 7.594524383544921875 7.3561048507690429688 6.7726955413818359375 7.2869815826416015625 7.0338463783264160156 -9999 -9999 -9999 -9999 -9999 -9999 -9999 -9999
6.4030318260192871094 6.7321557998657226562 6.9899234771728515625 6.6112494468688964844 6.4100928306579589844 6.3708615303039550781 7.4817838668823242188 11.91217041015625 6.84267425537109375 10.369788169860839844 5.8775281906127929688 6.1034817695617675781 5.5700707435607910156 6.0081987380981445312 8.0521440505981445312 7.5421309471130371094 7.3879156112670898438 7.3331928253173828125 6.9244732856750488281 6.6174879074096679688 7.612010955810546875 12.85375213623046875 7.8225054740905761719 7.1210036277770996094 12.703185081481933594 8.5650920867919921875 7.7893228530883789062 11.172381401062011719 11.059244155883789062 6.6273159980773925781 8.6431369781494140625 7.2099275588989257812 7.3685584068298339844 7.0342125892639160156 6.8445940017700195312 7.3781595230102539062 -9999 -9999 -9999 -9999 -9999 -9999 -9999
8.2957468032836914062 9.142467498779296875 6.5035772323608398438 7.1833863258361816406 6.3926606178283691406 6.222095489501953125 6.4550533294677734375 11.083475112915039062 6.4788608551025390625 10.398630142211914062 8.5210065841674804688 7.81443023681640625 7.9535012245178222656 8.3839826583862304688 8.5594739913940429688 7.8990702629089355469 7.6562533378601074219 7.7312302589416503906 7.5200266838073730469 7.0397162437438964844 7.5533494949340820312 7.9262847900390625 12.511090278625488281 12.292899131774902344 7.3088679313659667969 12.7222442626953125 8.0638360977172851562 7.5005803108215332031 8.0322523117065429688 11.4080963134765625 6.7051339149475097656 7.5363097190856933594 7.2510824203491210938 6.8133664131164550781 7.2158293724060058594 6.9153928756713867188 -9999 -9999 -9999 -9999 -9999 -9999 -9999
7.8060712814331054688 8.6130342483520507812 10.224478721618652344 9.9449319839477539062 9.74515533447265625 9.94969940185546875 6.6519880294799804688 8.1490869522094726562 11.361492156982421875 12.498488426208496094 7.370471954345703125 6.7373061180114746094 6.0901312828063964844 6.06603240966796875 6.4491300582885742188 6.97412109375 6.2410740852355957031 7.1331124305725097656 6.3854460716247558594 7.3447918891906738281 6.3053121566772460938 6.863574981689453125 9.258388519287109375 8.69355010986328125 8.75138092041015625 8.5165424346923828125 13.269871711730957031 8.5991907119750976562 7.4418663978576660156 9.7174806594848632812 11.41046905517578125 8.9187822341918945312 7.3552198410034179688 7.4021553993225097656 6.9356517791748046875 6.734958648681640625 7.1383447647094726562 -9999 -9999 -9999 -9999 -9999 -9999
6.497005462646484375 7.8970770835876464844 7.1207437515258789062 6.3559679985046386719 6.844760894775390625 6.3793721199035644531 10.76825714111328125 12.329549789428710938 6.6759557723999023438 12.841405868530273438 6.0869207382202148438 5.1757764816284179688 6.2611188888549804688 6.0356612205505371094 6.6138620376586914062 11.933531761169433594 11.740228652954101562 6.7976121902465820312 10.0402069091796875 9.7550830841064453125 8.5086774826049804688 8.3964023590087890625 8.8905696868896484375 8.544391632080078125 8.1676025390625 7.4487023353576660156 8.4521703720092773438 14.256508827209472656 7.961544036865234375 8.2958889007568359375 8.9628858566284179688 9.9860982894897460938 8.4965505599975585938 7.5804209709167480469 6.8023500442504882812 7.1338748931884765625 6.9514570236206054688 -9999 -9999 -9999 -9999 -9999 -9999
9.839763641357421875 6.7218303680419921875 7.2333288192749023438 7.2359719276428222656 7.580539703369140625 8.3222417831420898438 8.6896886825561523438 7.9314241409301757812 8.3480882644653320312 13.58902740478515625 6.5251007080078125 6.0316858291625976562 5.5474567413330078125 6.4280500411987304688 11.684271812438964844 7.94649505615234375 7.2059149742126464844 11.827616691589355469 11.369329452514648438 11.136392593383789062 9.2496137619018554688 8.60422515869140625 7.37316131591796875 7.0237207412719726562 7.0848827362060546875 7.6058125495910644531 7.9107804298400878906 13.336510658264160156 9.5152120590209960938 7.8452997207641601562 8.4398899078369140625 8.282772064208984375 9.012847900390625 8.7102460861206054688 7.7795553207397460938 6.9971628189086914062 6.7753109931945800781 7.1402420997619628906 -9999 -9999 -9999 -9999 -9999
6.0090017318725585938 10.222621917724609375 7.2097830772399902344 7.0245304107666015625 6.4370985031127929688 7.6125926971435546875 8.2831964492797851562 9.0684328079223632812 6.3615794181823730469 12.263225555419921875 6.2928299903869628906 5.3975648880004882812 10.967805862426757812 10.926935195922851562 5.7437691688537597656 5.9281415939331054688 5.9173703193664550781 6.8017029762268066406 10.427762031555175781 6.2724123001098632812 11.223589897155761719 8.409740447998046875 8.3119382858276367188 8.4288549423217773438 8.27846527099609375 8.1962194442749023438 8.0505809783935546875 8.111133575439453125 13.724428176879882812 8.1189775466918945312 8.0944614410400390625 8.7189111709594726562 7.5115423202514648438 8.9788331985473632812 8.7476444244384765625 7.1100392341613769531 7.2493882179260253906 6.9622297286987304688 7.3902711868286132812 -9999 -9999 -9999 -9999
6.43503570556640625 10.042484283447265625 7.8388614654541015625 8.6777744293212890625 7.6375441551208496094 6.188213348388671875 7.8658666610717773438 7.2254271507263183594 6.3457956314086914062 11.532267570495605469 5.9194502830505371094 10.81911468505859375 6.9595961570739746094 6.7347574234008789062 6.5288052558898925781 6.3798933029174804688 6.0751190185546875 6.5098295211791992188 10.91709136962890625 6.8589649200439453125 7.1810908317565917969 11.739004135131835938 6.9795970916748046875 6.9016480445861816406 7.0511865615844726562 7.2093691825866699219 7.3913717269897460938 8.2141618728637695312 8.708263397216796875 13.095776557922363281 14.039777755737304688 13.865309715270996094 12.844591140747070312 7.5754904747009277344 7.3752703666687011719 8.1181898117065429688 7.0706305503845214844 7.3088350296020507812 7.0527439117431640625 -9999 -9999 -9999 -9999
6.4319186210632324219 10.900232315063476562 6.5989336967468261719 8.5681629180908203125 7.213420867919921875 6.4427013397216796875 6.4638509750366210938 8.0207204818725585938 6.2576718330383300781 6.56539154052734375 12.615914344787597656 8.0799875259399414062 7.3784914016723632812 7.207225799560546875 7.1441855430603027344 7.1552767753601074219 7.2310070991516113281 6.501598358154296875 7.0308866500854492188 11.359815597534179688 7.4787807464599609375 7.9639239311218261719 11.819498062133789062 11.632162094116210938 11.601835250854492188 11.731631278991699219 7.7254266738891601562 7.4870080947875976562 7.2136473655700683594 8.29549407958984375 8.3938541412353515625 7.3336496353149414062 10.828022003173828125 12.212602615356445312 12.638006210327148438 12.578995704650878906 10.873548507690429688 7.4921145439147949219 7.3777728080749511719 7.877071380615234375 -9999 -9999 -9999
