gis/40m/twi_dinf.asc
ncols        256
nrows        286
xllcorner    726766.000000000000
yllcorner    7127230.000000000000
cellsize     40.000000000000
NODATA_value -9999
[rows 95 to 113 of 286, columns 0 to 42 of 256]
-9999 -9999 -9999 -9999 -9999 -9999 -9999 -9999 -9999 -9999 -9999 -9999 -9999 -9999 -9999 -9999 -9999 -9999 11.0308074951171875 10.175515174865722656 10.006937026977539062 9.9130392074584960938 10.053271293640136719 9.7051525115966796875 9.7040109634399414062 10.101716041564941406 10.299149513244628906 10.449382781982421875 10.241321563720703125 9.9516277313232421875 9.9013853073120117188 9.5383176803588867188 10.007670402526855469 9.7134532928466796875 9.2283763885498046875 9.2578039169311523438 9.2476787567138671875 9.6567783355712890625 9.81970977783203125 10.833468437194824219 16.967863082885742188 12.702481269836425781 10.965686798095703125
-9999 -9999 -9999 -9999 -9999 -9999 -9999 -9999 -9999 -9999 -9999 -9999 -9999 -9999 -9999 -9999 -9999 -9999 9.894123077392578125 9.5475854873657226562 9.43582916259765625 9.4315547943115234375 9.8425445556640625 9.6685781478881835938 9.8968296051025390625 9.9074649810791015625 9.8610067367553710938 9.7081317901611328125 10.178371429443359375 10.950258255004882812 11.414066314697265625 11.984187126159667969 10.245911598205566406 9.5060110092163085938 8.9700841903686523438 8.47978973388671875 8.6589746475219726562 8.8888731002807617188 10.215732574462890625 10.141504287719726562 10.912749290466308594 17.385221481323242188 11.55341339111328125
-9999 -9999 -9999 -9999 -9999 -9999 -9999 -9999 -9999 -9999 -9999 -9999 -9999 -9999 -9999 -9999 -9999 -9999 -9999 9.141735076904296875 9.3686990737915039062 9.6641950607299804688 9.7884969711303710938 10.170826911926269531 10.050972938537597656 9.8282794952392578125 9.9644155502319335938 10.363103866577148438 10.489771842956542969 11.720845222473144531 12.546786308288574219 10.255872726440429688 9.8866643905639648438 9.786380767822265625 9.7640810012817382812 9.0302419662475585938 9.0809278488159179688 10.348207473754882812 9.6852569580078125 9.5839071273803710938 10.473614692687988281 11.689352989196777344 17.760395050048828125
-9999 -9999 -9999 -9999 -9999 -9999 -9999 -9999 -9999 -9999 -9999 -9999 -9999 -9999 -9999 9.3087329864501953125 9.220561981201171875 9.5306949615478515625 9.747772216796875 9.3635263442993164062 9.6428594589233398438 10.269895553588867188 10.042901039123535156 10.851889610290527344 11.117892265319824219 10.624825477600097656 10.909267425537109375 11.771833419799804688 12.580271720886230469 12.958644866943359375 13.616201400756835938 14.357975959777832031 12.050458908081054688 10.636564254760742188 10.278794288635253906 10.511315345764160156 10.470953941345214844 9.8280897140502929688 9.790149688720703125 10.214514732360839844 10.639040946960449219 10.840772628784179688 11.853312492370605469
-9999 -9999 -9999 -9999 -9999 -9999 -9999 -9999 -9999 -9999 -9999 11.696725845336914062 11.549920082092285156 11.308060646057128906 10.589351654052734375 9.351123809814453125 9.2149181365966796875 9.691181182861328125 9.5288591384887695312 9.8234348297119140625 9.6800594329833984375 9.9935846328735351562 10.458482742309570312 10.832288742065429688 11.314653396606445312 11.533138275146484375 11.370398521423339844 11.550829887390136719 11.194643020629882812 10.334929466247558594 10.724680900573730469 11.329565048217773438 13.943555831909179688 12.939218521118164062 10.671716690063476562 10.025995254516601562 9.1255922317504882812 9.7139673233032226562 10.176851272583007812 9.99225616455078125 9.486148834228515625 9.8720703125 10.410080909729003906
-9999 -9999 -9999 -9999 -9999 -9999 -9999 -9999 -9999 -9999 -9999 11.935953140258789062 11.182759284973144531 10.625539779663085938 12.179544448852539062 10.656397819519042969 9.933910369873046875 9.6321430206298828125 9.4033670425415039062 9.4172697067260742188 10.198285102844238281 9.911365509033203125 10.36991119384765625 11.360246658325195312 11.974239349365234375 11.382189750671386719 11.329537391662597656 10.940610885620117188 10.994053840637207031 10.68323516845703125 10.498087882995605469 10.365466117858886719 11.1000213623046875 13.4893646240234375 12.232851028442382812 10.051463127136230469 9.5707340240478515625 10.104104042053222656 9.8850297927856445312 9.37287139892578125 9.875885009765625 9.6199445724487304688 9.7854938507080078125
-9999 -9999 -9999 -9999 -9999 -9999 -9999 10.346588134765625 10.768451690673828125 -9999 -9999 9.920734405517578125 10.777480125427246094 11.6669769287109375 10.790526390075683594 12.430562973022460938 10.203274726867675781 9.54183197021484375 9.3695802688598632812 10.395043373107910156 10.556582450866699219 10.741846084594726562 10.441889762878417969 10.938875198364257812 10.843701362609863281 10.774601936340332031 10.612738609313964844 10.927248954772949219 11.416497230529785156 11.693648338317871094 10.834143638610839844 10.661015510559082031 10.195532798767089844 11.31166839599609375 13.583865165710449219 11.323475837707519531 9.9763689041137695312 9.6518878936767578125 9.8065328598022460938 9.9643049240112304688 10.091650962829589844 10.128022193908691406 9.361019134521484375
-9999 -9999 -9999 -9999 -9999 -9999 10.033077239990234375 10.446722984313964844 10.408254623413085938 9.4547147750854492188 -9999 9.3919849395751953125 9.5194292068481445312 11.772073745727539062 12.818277359008789062 13.336240768432617188 13.118010520935058594 10.352184295654296875 10.259084701538085938 9.083553314208984375 10.797380447387695312 11.605306625366210938 10.935353279113769531 11.098184585571289062 10.359299659729003906 10.305054664611816406 10.115162849426269531 9.7905111312866210938 10.066754341125488281 11.221598625183105469 12.167036056518554688 11.469134330749511719 10.652350425720214844 10.126565933227539062 12.018902778625488281 13.2673492431640625 10.252535820007324219 9.7724590301513671875 9.9755163192749023438 10.109110832214355469 10.839031219482421875 9.105899810791015625 9.0653858184814453125
-9999 -9999 -9999 -9999 -9999 -9999 10.53601837158203125 9.988590240478515625 10.608921051025390625 9.9727792739868164062 9.1217212677001953125 11.540711402893066406 9.1420259475708007812 9.8565692901611328125 10.108584403991699219 10.532629013061523438 14.283365249633789062 10.658886909484863281 9.9742097854614257812 9.9080171585083007812 8.6081104278564453125 10.093374252319335938 10.866197586059570312 10.618253707885742188 10.867147445678710938 10.67572021484375 10.486509323120117188 9.6799221038818359375 9.9113092422485351562 10.370091438293457031 11.362741470336914062 12.604505538940429688 13.311135292053222656 13.436899185180664062 13.550789833068847656 14.111341476440429688 10.527722358703613281 9.7766828536987304688 9.7217054367065429688 10.313609123229980469 10.312671661376953125 9.0546941757202148438 9.0278272628784179688
-9999 -9999 -9999 -9999 -9999 10.749828338623046875 10.222071647644042969 11.009835243225097656 10.335841178894042969 10.8513946533203125 9.4279832839965820312 8.8480005264282226562 9.9533710479736328125 9.4861268997192382812 9.6300678253173828125 10.052748680114746094 10.202109336853027344 13.473782539367675781 10.147291183471679688 9.1150693893432617188 9.0564985275268554688 8.6265087127685546875 10.066586494445800781 10.106325149536132812 11.492074012756347656 11.505613327026367188 11.516531944274902344 9.916248321533203125 9.8755779266357421875 10.897462844848632812 11.674054145812988281 12.269450187683105469 12.306468009948730469 12.192105293273925781 12.2876739501953125 14.003628730773925781 15.486035346984863281 10.63492584228515625 10.200601577758789062 10.314594268798828125 10.856775283813476562 10.11908721923828125 9.9155874252319335938
-9999 -9999 -9999 -9999 -9999 10.051230430603027344 10.428701400756835938 10.888230323791503906 10.799852371215820312 11.643337249755859375 10.067246437072753906 9.2251377105712890625 8.7993707656860351562 9.3034048080444335938 9.57462310791015625 9.3374843597412109375 10.387210845947265625 13.890194892883300781 11.203622817993164062 9.431911468505859375 8.7451028823852539062 9.2182168960571289062 8.4879627227783203125 9.7680454254150390625 11.793914794921875 9.8992290496826171875 11.759732246398925781 11.354328155517578125 11.478851318359375 11.256893157958984375 10.847546577453613281 10.612189292907714844 10.962107658386230469 11.344649314880371094 11.367870330810546875 10.996526718139648438 11.237565040588378906 15.134014129638671875 10.160321235656738281 9.9642305374145507812 10.474306106567382812 11.480588912963867188 11.526171684265136719
-9999 -9999 -9999 -9999 -9999 9.4652862548828125 9.5884246826171875 10.749708175659179688 11.026041030883789062 10.82721710205078125 11.793748855590820312 9.8374223709106445312 9.2755136489868164062 9.1371612548828125 9.72303009033203125 9.5674648284912109375 10.200344085693359375 10.549073219299316406 14.482106208801269531 9.2807531356811523438 9.6441488265991210938 9.230747222900390625 9.0444440841674804688 9.43218231201171875 11.068848609924316406 9.0388584136962890625 9.855792999267578125 10.129763603210449219 9.8678741455078125 9.7998256683349609375 9.8606433868408203125 9.6134128570556640625 9.838939666748046875 10.332114219665527344 10.153528213500976562 9.897312164306640625 10.26717376708984375 10.634491920471191406 14.726634979248046875 9.581745147705078125 9.8936624526977539062 10.472384452819824219 13.089978218078613281
-9999 -9999 -9999 -9999 -9999 9.964023590087890625 9.8422183990478515625 10.847025871276855469 10.900584220886230469 11.148360252380371094 12.127298355102539062 11.155172348022460938 10.133130073547363281 9.2225313186645507812 10.074225425720214844 9.6446590423583984375 10.372442245483398438 10.988411903381347656 15.092617034912109375 10.892037391662597656 10.187482833862304688 9.9473924636840820312 9.8274164199829101562 10.39536285400390625 10.111077308654785156 9.335742950439453125 8.65279388427734375 9.0173587799072265625 9.6629657745361328125 10.083449363708496094 9.4616193771362304688 9.8604764938354492188 9.8908395767211914062 10.423445701599121094 10.775551795959472656 10.142284393310546875 9.9850454330444335938 10.160068511962890625 10.848077774047851562 14.221616744995117188 14.08203887939453125 14.529440879821777344 14.123220443725585938
-9999 -9999 -9999 -9999 -9999 10.748316764831542969 10.307401657104492188 10.993203163146972656 11.545844078063964844 11.125392913818359375 12.170557022094726562 11.255564689636230469 10.600574493408203125 10.16036224365234375 8.9083280563354492188 9.924957275390625 9.772708892822265625 10.334019660949707031 14.588524818420410156 11.672824859619140625 10.995865821838378906 10.690289497375488281 10.79015350341796875 10.595800399780273438 9.7347898483276367188 9.3494625091552734375 9.1944952011108398438 8.570423126220703125 9.0589008331298828125 10.484029769897460938 10.392697334289550781 10.5059051513671875 10.556549072265625 10.598065376281738281 10.887387275695800781 11.096269607543945312 9.9775133132934570312 9.9557790756225585938 10.019982337951660156 11.1349639892578125 12.471273422241210938 9.9006977081298828125 9.5841550827026367188
-9999 -9999 -9999 -9999 -9999 10.961539268493652344 9.9697246551513671875 10.593813896179199219 12.084973335266113281 11.634319305419921875 12.164280891418457031 11.517892837524414062 11.050909042358398438 10.414358139038085938 9.7986669540405273438 9.6816921234130859375 9.5253896713256835938 9.7593278884887695312 10.113047599792480469 14.265778541564941406 11.168089866638183594 10.671948432922363281 11.450558662414550781 10.886980056762695312 9.9656543731689453125 9.7180395126342773438 9.3781890869140625 9.291412353515625 9.0405864715576171875 10.455132484436035156 10.697132110595703125 9.5766658782958984375 12.152915000915527344 9.4615726470947265625 10.426174163818359375 11.363224029541015625 11.853379249572753906 11.983521461486816406 11.1689300537109375 11.107430458068847656 10.122829437255859375 10.2917938232421875 10.046610832214355469
-9999 -9999 -9999 -9999 10.237420082092285156 11.386264801025390625 10.638324737548828125 12.033986091613769531 9.5098209381103515625 11.229444503784179688 12.630635261535644531 10.946791648864746094 11.72623443603515625 10.729120254516601562 10.435894966125488281 9.5862035751342773438 9.8928174972534179688 9.7515096664428710938 9.7193384170532226562 14.3276214599609375 11.421013832092285156 10.980429649353027344 11.508969306945800781 11.401667594909667969 10.557340621948242188 9.9942865371704101562 9.74137115478515625 9.6819410324096679688 10.082439422607421875 9.559650421142578125 10.391057014465332031 9.389888763427734375 8.9422702789306640625 9.2917261123657226562 9.206378936767578125 9.4888563156127929688 9.8185529708862304688 11.208047866821289062 12.87616729736328125 12.97893524169921875 11.458295822143554688 10.444471359252929688 10.244069099426269531
-9999 -9999 -9999 -9999 -9999 11.788687705993652344 12.026851654052734375 11.700003623962402344 9.3421382904052734375 9.492889404296875 12.28708648681640625 11.956503868103027344 12.21197509765625 11.664087295532226562 11.446857452392578125 10.087886810302734375 9.7301759719848632812 9.3405656814575195312 9.7212419509887695312 12.62408447265625 14.228854179382324219 11.548938751220703125 11.071605682373046875 11.782040596008300781 11.280466079711914062 10.748900413513183594 10.025468826293945312 10.323561668395996094 10.161098480224609375 10.491533279418945312 9.9455471038818359375 9.2368183135986328125 9.3693647384643554688 9.0335788726806640625 9.091823577880859375 10.003424644470214844 10.33162689208984375 10.867480278015136719 9.8389863967895507812 11.271392822265625 13.337102890014648438 12.366290092468261719 12.089837074279785156
-9999 -9999 -9999 -9999 -9999 9.85196685791015625 12.216259002685546875 13.017203330993652344 9.905170440673828125 10.159804344177246094 12.214048385620117188 11.95941162109375 13.487481117248535156 10.480549812316894531 13.099492073059082031 10.318751335144042969 9.5216684341430664062 9.2426939010620117188 9.7074861526489257812 9.3168745040893554688 14.299890518188476562 11.660420417785644531 10.302255630493164062 11.099115371704101562 12.297679901123046875 11.335206985473632812 10.856828689575195312 10.203116416931152344 10.898314476013183594 10.716174125671386719 9.6346673965454101562 9.7134351730346679688 9.7096395492553710938 8.9506778717041015625 9.2767934799194335938 10.827254295349121094 10.861804008483886719 10.137108802795410156 9.5468835830688476562 9.949581146240234375 11.426156044006347656 12.420559883117675781 9.5226716995239257812
-9999 -9999 -9999 -9999 -9999 10.155782699584960938 11.084161758422851562 13.463376998901367188 10.163331031799316406 10.188586235046386719 12.547118186950683594 12.214705467224121094 12.806859016418457031 9.7378025054931640625 12.828294754028320312 10.703665733337402344 10.016343116760253906 9.5867490768432617188 9.64971160888671875 9.566593170166015625 14.092710494995117188 12.645107269287109375 10.801598548889160156 10.6769561767578125 11.612298011779785156 12.383882522583007812 10.828859329223632812 10.468593597412109375 11.503197669982910156 10.961831092834472656 10.035016059875488281 10.206851959228515625 9.8026447296142578125 9.3712854385375976562 9.6892719268798828125 10.460296630859375 9.5405359268188476562 10.2404937744140625 10.361605644226074219 10.323175430297851562 10.445542335510253906 11.441083908081054688 12.631712913513183594
