gis/40m/twi_dinf.asc
ncols        256
nrows        286
xllcorner    726766.000000000000
yllcorner    7127230.000000000000
cellsize     40.000000000000
NODATA_value -9999
[rows 19 to 37 of 286, columns 172 to 214 of 256]
12.27458953857421875 12.230650901794433594 12.184148788452148438 11.743697166442871094 11.699377059936523438 10.468153953552246094 9.453540802001953125 9.9839982986450195312 10.657191276550292969 12.377701759338378906 20.150041580200195312 12.367154121398925781 18.556070327758789062 16.843427658081054688 15.718576431274414062 15.083932876586914062 14.559584617614746094 9.4433727264404296875 9.3006677627563476562 10.744150161743164062 10.765299797058105469 10.253174781799316406 10.251665115356445312 10.759884834289550781 10.266955375671386719 10.006683349609375 10.267358779907226562 11.253518104553222656 10.347198486328125 10.144433021545410156 -9999 -9999 -9999 -9999 -9999 -9999 -9999 -9999 -9999 -9999 -9999 -9999 -9999
12.516368865966796875 12.464635848999023438 12.601986885070800781 11.452006340026855469 12.787604331970214844 9.7606573104858398438 11.313260078430175781 11.938874244689941406 12.158741950988769531 17.972040176391601562 12.903246879577636719 19.427038192749023438 10.751695632934570312 10.981019020080566406 10.941440582275390625 10.304571151733398438 13.905406951904296875 14.79944610595703125 12.001084327697753906 11.374562263488769531 10.162846565246582031 9.9587507247924804688 10.665594100952148438 11.138268470764160156 10.319067001342773438 10.078362464904785156 10.114432334899902344 11.15206146240234375 10.794867515563964844 10.306415557861328125 10.616094589233398438 -9999 -9999 -9999 -9999 -9999 -9999 -9999 -9999 -9999 -9999 -9999 -9999
11.049664497375488281 12.693653106689453125 9.7939043045043945312 11.115071296691894531 10.246962547302246094 15.147318840026855469 14.943490028381347656 16.233011245727539062 16.421609878540039062 13.046688079833984375 12.243351936340332031 16.153390884399414062 11.270441055297851562 10.387552261352539062 10.389226913452148438 10.092881202697753906 9.9814510345458984375 14.44828033447265625 14.914998054504394531 12.421164512634277344 12.351414680480957031 11.359986305236816406 10.892950057983398438 10.2957763671875 11.107201576232910156 11.261499404907226562 11.538103103637695312 11.697795867919921875 10.964002609252929688 10.393774032592773438 10.301072120666503906 -9999 -9999 -9999 -9999 -9999 -9999 -9999 -9999 -9999 -9999 -9999 -9999
13.727702140808105469 12.398386955261230469 12.122717857360839844 10.679915428161621094 13.850468635559082031 11.230610847473144531 11.100430488586425781 14.01224517822265625 13.251865386962890625 12.437877655029296875 16.441493988037109375 12.422276496887207031 10.754718780517578125 10.276958465576171875 9.7598590850830078125 9.787158966064453125 10.15425872802734375 9.6788949966430664062 15.471395492553710938 11.086618423461914062 11.227403640747070312 12.225951194763183594 11.688751220703125 11.333872795104980469 10.016554832458496094 10.550351142883300781 12.165601730346679688 11.601688385009765625 10.41294097900390625 10.304079055786132812 10.101827621459960938 10.6235504150390625 -9999 -9999 -9999 -9999 -9999 -9999 -9999 -9999 -9999 -9999 -9999
10.633768081665039062 13.161982536315917969 13.355978012084960938 13.529715538024902344 10.754327774047851562 9.9626750946044921875 11.086289405822753906 11.377765655517578125 14.737053871154785156 12.83428955078125 16.830354690551757812 11.093829154968261719 10.449967384338378906 9.768115997314453125 10.005046844482421875 9.6540079116821289062 9.680522918701171875 9.938724517822265625 15.634995460510253906 12.01860809326171875 12.036535263061523438 11.869242668151855469 11.6963348388671875 10.564232826232910156 10.220502853393554688 9.864715576171875 12.412847518920898438 11.031342506408691406 10.616069793701171875 10.694431304931640625 10.492308616638183594 10.265662193298339844 -9999 -9999 -9999 -9999 -9999 -9999 -9999 -9999 -9999 -9999 -9999
9.5717754364013671875 9.3771648406982421875 9.5295114517211914062 10.009237289428710938 10.007419586181640625 11.02693939208984375 10.356983184814453125 10.831271171569824219 11.401294708251953125 14.979007720947265625 14.881628990173339844 10.806334495544433594 10.11510467529296875 10.01654052734375 9.836406707763671875 9.85665130615234375 10.038311958312988281 10.761461257934570312 11.160685539245605469 15.999919891357421875 11.838553428649902344 11.943735122680664062 11.631954193115234375 10.863372802734375 10.883138656616210938 12.206674575805664062 10.645801544189453125 11.720762252807617188 11.053422927856445312 11.220892906188964844 10.361584663391113281 10.15048980712890625 10.646459579467773438 -9999 -9999 -9999 -9999 -9999 -9999 -9999 -9999 -9999 -9999
9.651752471923828125 9.7631483078002929688 9.348827362060546875 10.21485137939453125 9.8407430648803710938 10.732354164123535156 10.628818511962890625 10.897177696228027344 11.181921958923339844 11.618581771850585938 12.127512931823730469 13.368460655212402344 11.027016639709472656 10.805600166320800781 9.876678466796875 9.4396562576293945312 11.65264892578125 11.219578742980957031 10.730289459228515625 16.20871734619140625 14.857470512390136719 11.178676605224609375 11.614264488220214844 11.587134361267089844 11.660982131958007812 10.64623260498046875 11.027461051940917969 11.948177337646484375 11.491407394409179688 10.967959403991699219 10.624524116516113281 10.531034469604492188 10.387472152709960938 -9999 -9999 -9999 -9999 -9999 -9999 -9999 -9999 -9999 -9999
9.9224843978881835938 9.6841707229614257812 10.143362045288085938 10.760525703430175781 11.388525962829589844 11.679723739624023438 12.206980705261230469 11.497144699096679688 11.125464439392089844 11.767268180847167969 11.160391807556152344 11.346612930297851562 11.945790290832519531 11.662903785705566406 11.6582183837890625 11.763316154479980469 10.999265670776367188 10.353130340576171875 10.44757843017578125 15.592230796813964844 11.036059379577636719 14.629791259765625 14.64598846435546875 13.717413902282714844 10.920429229736328125 10.956881523132324219 11.647817611694335938 9.8649349212646484375 12.286625862121582031 10.726050376892089844 11.275126457214355469 10.417943000793457031 10.280726432800292969 10.646697998046875 -9999 -9999 -9999 -9999 -9999 -9999 -9999 -9999 -9999
11.259992599487304688 11.5673370361328125 11.813759803771972656 12.423130035400390625 12.657849311828613281 12.843926429748535156 13.817613601684570312 12.381195068359375 11.609612464904785156 13.727021217346191406 13.181466102600097656 12.500001907348632812 11.305578231811523438 9.524745941162109375 9.8860197067260742188 9.7116641998291015625 10.776366233825683594 10.126927375793457031 10.075923919677734375 10.697530746459960938 15.842406272888183594 10.88642120361328125 10.550656318664550781 14.157501220703125 14.302938461303710938 12.439245223999023438 10.989701271057128906 12.177218437194824219 10.58126068115234375 11.786953926086425781 10.530051231384277344 10.756259918212890625 10.643137931823730469 10.388518333435058594 -9999 -9999 -9999 -9999 -9999 -9999 -9999 -9999 -9999
12.255684852600097656 12.170001983642578125 11.878342628479003906 9.9575548171997070312 11.533057212829589844 12.028148651123046875 14.041958808898925781 13.160721778869628906 11.56462860107421875 14.741840362548828125 12.933459281921386719 12.343026161193847656 11.937267303466796875 12.143017768859863281 11.934522628784179688 11.570645332336425781 10.763788223266601562 10.583954811096191406 10.281252861022949219 11.199762344360351562 15.121760368347167969 15.818023681640625 14.122030258178710938 14.77024078369140625 15.041120529174804688 14.805087089538574219 12.343651771545410156 10.965534210205078125 9.8949670791625976562 12.336122512817382812 11.064239501953125 11.07161712646484375 10.989246368408203125 10.455504417419433594 10.800499916076660156 -9999 -9999 -9999 -9999 -9999 -9999 -9999 -9999
11.005711555480957031 10.845071792602539062 10.564457893371582031 12.984134674072265625 13.030719757080078125 13.230157852172851562 14.937949180603027344 13.385050773620605469 11.090027809143066406 14.569592475891113281 11.85076904296875 11.237595558166503906 11.455743789672851562 11.194855690002441406 11.429418563842773438 11.269948005676269531 11.093182563781738281 10.844462394714355469 10.727141380310058594 10.806795120239257812 11.701730728149414062 15.957014083862304688 12.897597312927246094 10.858973503112792969 12.356554031372070312 11.227215766906738281 14.647902488708496094 11.950428962707519531 11.484334945678710938 12.184449195861816406 11.478449821472167969 10.962082862854003906 10.964501380920410156 10.962854385375976562 10.773555755615234375 -9999 -9999 -9999 -9999 -9999 -9999 -9999 -9999
10.176156044006347656 11.380267143249511719 10.938571929931640625 10.300128936767578125 10.098972320556640625 10.094185829162597656 10.981454849243164062 15.574068069458007812 10.531554222106933594 14.085659027099609375 10.481784820556640625 10.1511077880859375 10.1561126708984375 11.578392982482910156 11.552382469177246094 10.839045524597167969 11.018683433532714844 10.930855751037597656 10.650876998901367188 10.436769485473632812 11.300889968872070312 15.312360763549804688 15.208465576171875 14.810238838195800781 16.140680313110351562 12.295688629150390625 11.47820281982421875 14.796381950378417969 14.242758750915527344 10.316195487976074219 12.288166999816894531 11.260460853576660156 10.987195014953613281 10.776638984680175781 10.533473968505859375 11.06703948974609375 -9999 -9999 -9999 -9999 -9999 -9999 -9999
11.668323516845703125 12.673926353454589844 10.973086357116699219 10.938765525817871094 10.081540107727050781 9.9109745025634765625 10.143932342529296875 14.751996994018554688 10.167740821838378906 13.525355339050292969 12.993955612182617188 11.124348640441894531 11.093660354614257812 11.428143501281738281 12.057848930358886719 11.299815177917480469 11.061179161071777344 11.118479728698730469 11.056223869323730469 10.783643722534179688 11.02457427978515625 11.615163803100585938 14.95444488525390625 15.161925315856933594 10.997747421264648438 16.153440475463867188 11.752715110778808594 11.189459800720214844 14.015698432922363281 15.089630126953125 11.726591110229492188 11.415791511535644531 10.831220626831054688 10.657092094421386719 10.9047088623046875 10.604272842407226562 -9999 -9999 -9999 -9999 -9999 -9999 -9999
11.785223007202148438 12.686601638793945312 13.905300140380859375 13.661984443664550781 13.487001419067382812 13.6727294921875 10.517579078674316406 12.043975830078125 15.053072929382324219 15.899140357971191406 10.708681106567382812 10.226825714111328125 9.960231781005859375 10.157774925231933594 10.138010025024414062 11.0787353515625 10.570910453796386719 11.39292144775390625 10.746374130249023438 10.828357696533203125 10.324354171752929688 13.322293281555175781 15.19228363037109375 14.778188705444335938 15.010254859924316406 15.041279792785644531 17.046197891235351562 12.288069725036621094 11.130745887756347656 13.406360626220703125 15.030618667602539062 12.362802505493164062 11.086836814880371094 10.999184608459472656 10.834483146667480469 10.423837661743164062 10.827223777770996094 -9999 -9999 -9999 -9999 -9999 -9999
10.185884475708007812 11.35665130615234375 10.80962371826171875 10.044847488403320312 10.483639717102050781 10.684358596801757812 14.400880813598632812 16.039175033569335938 10.364835739135742188 16.528856277465820312 10.086094856262207031 9.592327117919921875 10.020818710327148438 10.013390541076660156 10.30274200439453125 15.639455795288085938 15.302858352661132812 10.8036346435546875 15.150745391845703125 14.747571945190429688 13.735333442687988281 13.940552711486816406 12.320438385009765625 12.016172409057617188 11.652174949645996094 11.137581825256347656 12.115891456604003906 18.030263900756835938 11.650423049926757812 11.984768867492675781 12.651764869689941406 13.60756683349609375 11.86396026611328125 11.051276206970214844 10.864592552185058594 10.86658477783203125 10.698686599731445312 -9999 -9999 -9999 -9999 -9999 -9999
13.56014251708984375 10.410710334777832031 10.922208786010742188 10.823459625244140625 11.179087638854980469 11.804574012756347656 12.616690635681152344 12.6768798828125 11.9676361083984375 17.274255752563476562 10.143707275390625 9.6292362213134765625 9.23633575439453125 9.9336729049682617188 15.523084640502929688 13.670745849609375 13.9796905517578125 15.665731430053710938 14.269803047180175781 14.3017730712890625 14.336449623107910156 12.047771453857421875 11.615293502807617188 11.223140716552734375 11.532435417175292969 11.294692039489746094 11.599659919738769531 17.112504959106445312 13.246632575988769531 11.5341796875 12.128769874572753906 11.971651077270507812 12.745527267456054688 12.263677597045898438 11.308106422424316406 10.946136474609375 10.464190483093261719 10.829121589660644531 -9999 -9999 -9999 -9999 -9999
9.6978807449340820312 13.930540084838867188 10.898662567138671875 10.889748573303222656 10.125978469848632812 11.396234512329101562 11.833986282348632812 12.675943374633789062 10.396251678466796875 15.950108528137207031 9.9279565811157226562 9.2473421096801757812 14.206090927124023438 14.764662742614746094 9.7244005203247070312 9.6170206069946289062 9.9795122146606445312 11.4453277587890625 14.07183074951171875 9.961292266845703125 14.80138397216796875 11.5068511962890625 11.431298255920410156 11.832693099975585938 11.69771575927734375 11.885099411010742188 11.739460945129394531 11.800012588500976562 17.501596450805664062 11.807857513427734375 11.783341407775878906 12.407790184020996094 11.200421333312988281 12.819912910461425781 12.388486862182617188 11.039799690246582031 10.953052520751953125 10.768339157104492188 11.079150199890136719 -9999 -9999 -9999 -9999
9.7971048355102539062 13.774018287658691406 11.422696113586425781 12.318323135375976562 11.390784263610839844 9.8770933151245117188 11.540706634521484375 10.914306640625 10.034674644470214844 15.219354629516601562 9.8545904159545898438 14.059839248657226562 13.862043380737304688 10.203393936157226562 10.003689765930175781 10.028400421142578125 9.7639980316162109375 10.198709487915039062 14.608494758605957031 10.54784393310546875 10.869970321655273438 15.310425758361816406 10.710665702819824219 10.590527534484863281 10.740065574645996094 11.111691474914550781 11.080250740051269531 11.903041839599609375 12.305662155151367188 16.876604080200195312 17.813436508178710938 17.629693984985351562 16.528821945190429688 11.264369964599609375 11.579632759094238281 11.593542098999023438 11.017415046691894531 11.025808334350585938 10.823720932006835938 -9999 -9999 -9999 -9999
10.504487991333007812 14.589375495910644531 10.287813186645507812 12.25704193115234375 10.902299880981445312 10.131581306457519531 10.152729988098144531 11.709599494934082031 9.9465513229370117188 10.234871864318847656 16.372804641723632812 14.002462387084960938 10.9323883056640625 10.78462982177734375 10.814214706420898438 10.898720741271972656 10.843326568603515625 10.190477371215820312 10.719765663146972656 15.051297187805175781 11.167659759521484375 12.30381011962890625 15.360136032104492188 15.189374923706054688 15.15856170654296875 15.268239021301269531 12.537130355834960938 11.175887107849121094 11.02973175048828125 12.007322311401367188 12.536532402038574219 12.085492134094238281 14.835321426391601562 15.906678199768066406 16.306264877319335938 16.14423370361328125 14.5095977783203125 11.393021583557128906 11.168862342834472656 11.565950393676757812 -9999 -9999 -9999
