gis/40m/twi_dinf.asc
ncols        256
nrows        286
xllcorner    726766.000000000000
yllcorner    7127230.000000000000
cellsize     40.000000000000
NODATA_value -9999
[rows 95 to 113 of 286, columns 86 to 128 of 256]
14.93811798095703125 14.030604362487792969 12.563184738159179688 13.58245849609375 13.664333343505859375 18.132642745971679688 12.250036239624023438 11.981973648071289062 17.142255783081054688 11.500436782836914062 13.086754798889160156 12.146496772766113281 16.103361129760742188 15.415766716003417969 15.468466758728027344 12.707553863525390625 11.42769622802734375 13.282561302185058594 12.917537689208984375 12.431215286254882812 13.361805915832519531 13.365709304809570312 10.781853675842285156 11.385004043579101562 10.601604461669921875 10.802069664001464844 12.263822555541992188 11.492028236389160156 10.751810073852539062 10.983210563659667969 12.2754058837890625 13.366343498229980469 10.974733352661132812 9.8118114471435546875 10.299885749816894531 11.175801277160644531 18.655406951904296875 10.776983261108398438 10.93578338623046875 12.433314323425292969 12.050214767456054688 13.148633003234863281 12.986650466918945312
12.963421821594238281 14.239127159118652344 15.587613105773925781 14.284257888793945312 13.183300971984863281 11.872052192687988281 17.535284042358398438 17.686101913452148438 11.897649765014648438 11.946379661560058594 11.7674407958984375 15.352192878723144531 11.925752639770507812 10.76731109619140625 10.75722503662109375 12.16197967529296875 12.563553810119628906 12.738050460815429688 13.812079429626464844 13.606042861938476562 13.116986274719238281 13.347355842590332031 13.03521728515625 11.673675537109375 10.194976806640625 10.63580322265625 11.439548492431640625 10.261855125427246094 10.535814285278320312 11.411197662353515625 10.877170562744140625 11.401063919067382812 12.265086174011230469 10.695036888122558594 9.7464780807495117188 10.460288047790527344 18.494785308837890625 10.795996665954589844 11.097214698791503906 10.695818901062011719 14.132582664489746094 13.764933586120605469 12.951268196105957031
12.769777297973632812 10.833715438842773438 11.514916419982910156 11.033373832702636719 10.852339744567871094 11.13440704345703125 13.234335899353027344 11.214379310607910156 16.686510086059570312 10.859789848327636719 11.165126800537109375 14.474745750427246094 12.487880706787109375 11.101621627807617188 10.704250335693359375 11.448482513427734375 11.6129302978515625 13.3073577880859375 14.178257942199707031 14.36013031005859375 13.585480690002441406 13.625073432922363281 14.16191864013671875 11.616745948791503906 9.6808986663818359375 9.6926565170288085938 10.7044830322265625 10.31417083740234375 10.2855224609375 10.959277153015136719 10.94522857666015625 11.362540245056152344 12.854757308959960938 10.857601165771484375 9.6623868942260742188 10.588263511657714844 17.657901763916015625 14.662906646728515625 14.838977813720703125 15.463815689086914062 13.841792106628417969 12.67813873291015625 12.683956146240234375
14.590358734130859375 10.667104721069335938 10.129312515258789062 9.8220767974853515625 9.9309663772583007812 10.38079833984375 10.140177726745605469 15.870287895202636719 11.101457595825195312 9.8733119964599609375 9.9729852676391601562 10.345659255981445312 11.729134559631347656 10.703516006469726562 10.498341560363769531 10.724912643432617188 10.749027252197265625 11.840367317199707031 13.469777107238769531 14.085859298706054688 13.483870506286621094 13.332666397094726562 13.683885574340820312 11.216343879699707031 9.6068105697631835938 10.106518745422363281 10.543264389038085938 10.9246368408203125 9.9814329147338867188 9.8393926620483398438 10.83111572265625 11.00959014892578125 13.531442642211914062 11.589539527893066406 11.506717681884765625 9.7992620468139648438 10.663336753845214844 20.378223419189453125 11.274498939514160156 11.695282936096191406 12.335664749145507812 12.099126815795898438 12.510141372680664062
13.635471343994140625 11.233572959899902344 10.671364784240722656 10.848366737365722656 9.7642230987548828125 10.216237068176269531 11.557406425476074219 10.35521697998046875 9.766872406005859375 9.1536083221435546875 9.21146392822265625 10.100064277648925781 10.382672309875488281 10.086517333984375 10.085918426513671875 10.410251617431640625 10.139235496520996094 10.813207626342773438 11.848466873168945312 13.054829597473144531 13.868666648864746094 15.167077064514160156 12.260558128356933594 11.207398414611816406 10.370234489440917969 10.061243057250976562 10.351317405700683594 10.920566558837890625 10.163273811340332031 10.593751907348632812 10.191915512084960938 10.369540214538574219 13.014296531677246094 12.146999359130859375 10.983430862426757812 9.8924093246459960938 10.685055732727050781 18.099855422973632812 11.813222885131835938 12.989213943481445312 13.126651763916015625 12.724620819091796875 12.652005195617675781
12.724395751953125 10.565113067626953125 9.7670040130615234375 10.152347564697265625 10.48699951171875 10.156010627746582031 10.950764656066894531 12.043485641479492188 10.138020515441894531 9.4942445755004882812 10.009815216064453125 10.160795211791992188 9.7548055648803710938 9.6992092132568359375 10.278491020202636719 10.470551490783691406 10.291150093078613281 10.169384956359863281 10.321295738220214844 10.072622299194335938 12.818421363830566406 16.320896148681640625 13.837839126586914062 10.740029335021972656 10.379032135009765625 10.5834197998046875 10.093802452087402344 11.081583976745605469 11.028714179992675781 10.777683258056640625 10.706617355346679688 10.825753211975097656 11.499502182006835938 13.455405235290527344 10.302298545837402344 10.367268562316894531 10.583530426025390625 11.001025199890136719 20.73851776123046875 13.586222648620605469 13.390839576721191406 12.920572280883789062 12.806385040283203125
10.123875617980957031 11.619365692138671875 10.180155754089355469 10.155121803283691406 10.410350799560546875 10.657238006591796875 10.142872810363769531 12.643438339233398438 10.079996109008789062 9.4921503067016601562 9.6479434967041015625 11.733160972595214844 10.270557403564453125 8.9781589508056640625 10.802193641662597656 10.958470344543457031 10.098229408264160156 10.101282119750976562 9.817562103271484375 10.071501731872558594 10.688358306884765625 12.698320388793945312 14.956997871398925781 15.345792770385742188 11.533562660217285156 9.901271820068359375 9.7754268646240234375 10.0843658447265625 11.268874168395996094 10.209582328796386719 10.403957366943359375 10.428057670593261719 10.984326362609863281 13.693694114685058594 10.942233085632324219 10.361108779907226562 10.127138137817382812 11.290303230285644531 19.349491119384765625 13.073333740234375 13.770159721374511719 13.087078094482421875 12.506917953491210938
11.763606071472167969 10.556200981140136719 11.644445419311523438 11.18796539306640625 11.248841285705566406 11.230540275573730469 10.668087959289550781 10.455568313598632812 12.518672943115234375 10.770630836486816406 9.433589935302734375 9.9047555923461914062 11.102935791015625 8.9731321334838867188 10.747434616088867188 10.546532630920410156 10.598445892333984375 10.225473403930664062 9.5436573028564453125 9.7560901641845703125 11.077464103698730469 10.318838119506835938 10.446524620056152344 10.226494789123535156 11.576669692993164062 10.332302093505859375 9.6449632644653320312 10.259915351867675781 10.824710845947265625 10.893259048461914062 10.999972343444824219 10.807950019836425781 10.910147666931152344 11.922733306884765625 14.345613479614257812 11.303999900817871094 10.780269622802734375 10.646986961364746094 19.183872222900390625 13.466486930847167969 14.385986328125 13.374347686767578125 12.697731971740722656
10.459508895874023438 11.5281829833984375 10.93045806884765625 10.84173583984375 11.574646949768066406 11.086151123046875 10.505887031555175781 10.745862007141113281 10.480485916137695312 13.295733451843261719 10.986291885375976562 9.5500431060791015625 10.948830604553222656 9.4426412582397460938 8.7939634323120117188 9.6634006500244140625 10.827172279357910156 10.377222061157226562 10.461246490478515625 9.8581953048706054688 11.093069076538085938 10.832996368408203125 10.283101081848144531 9.3095369338989257812 10.236895561218261719 12.106524467468261719 10.440968513488769531 9.4568843841552734375 10.473079681396484375 11.037798881530761719 11.517085075378417969 11.296804428100585938 11.206058502197265625 11.961237907409667969 13.180045127868652344 15.740316390991210938 12.116982460021972656 10.578014373779296875 19.221456527709960938 13.934763908386230469 12.702709197998046875 12.952096939086914062 12.777924537658691406
11.435411453247070312 10.691708564758300781 10.607003211975097656 10.943506240844726562 10.518693923950195312 11.015554428100585938 10.930711746215820312 10.795831680297851562 10.878946304321289062 11.159358024597167969 13.65331268310546875 10.43054962158203125 11.084331512451171875 9.8984651565551757812 9.2916965484619140625 9.1178731918334960938 9.5900325775146484375 10.304071426391601562 10.427459716796875 10.956295967102050781 12.107573509216308594 11.298836708068847656 10.163249015808105469 9.3639545440673828125 9.6221075057983398438 11.565458297729492188 12.933302879333496094 9.9808530807495117188 10.483209609985351562 10.997912406921386719 10.973939895629882812 12.220389366149902344 12.255620956420898438 11.638330459594726562 11.410886764526367188 11.394029617309570312 15.456002235412597656 15.581360816955566406 18.34552764892578125 13.933220863342285156 12.406396865844726562 13.451394081115722656 13.269362449645996094
12.152129173278808594 11.872709274291992188 11.185271263122558594 10.783867835998535156 10.395936012268066406 10.39694976806640625 11.355961799621582031 10.702808380126953125 10.337896347045898438 10.401925086975097656 10.969445228576660156 13.946974754333496094 10.112736701965332031 11.077983856201171875 9.2738885879516601562 9.3557958602905273438 10.275486946105957031 10.443464279174804688 10.920760154724121094 10.817499160766601562 11.746759414672851562 12.333266258239746094 10.018030166625976562 10.530277252197265625 10.373753547668457031 9.3540802001953125 12.129502296447753906 13.450255393981933594 9.7323999404907226562 11.087560653686523438 11.0075836181640625 11.148860931396484375 11.804774284362792969 10.831882476806640625 11.4975433349609375 12.155646324157714844 11.447644233703613281 12.150957107543945312 11.903514862060546875 14.451570510864257812 13.928908348083496094 13.284050941467285156 12.915009498596191406
12.32039642333984375 12.1536102294921875 12.231064796447753906 11.976923942565917969 11.03106689453125 10.931222915649414062 10.098941802978515625 9.8602342605590820312 9.9952802658081054688 9.816181182861328125 10.268039703369140625 11.335245132446289062 13.868518829345703125 11.873201370239257812 9.8283109664916992188 9.4143342971801757812 9.4307851791381835938 10.754574775695800781 10.492897987365722656 11.018679618835449219 11.347329139709472656 12.091913223266601562 11.978429794311523438 11.378405570983886719 9.87798309326171875 10.035027503967285156 10.701062202453613281 13.498682975769042969 9.8546009063720703125 10.91928863525390625 11.092029571533203125 11.062195777893066406 11.351490974426269531 11.660961151123046875 12.114510536193847656 13.207015037536621094 13.161826133728027344 11.732600212097167969 11.073275566101074219 15.887308120727539062 14.513852119445800781 13.475976943969726562 12.501375198364257812
11.341558456420898438 9.452167510986328125 9.6972332000732421875 10.051936149597167969 10.677645683288574219 11.358391761779785156 10.855998992919921875 10.088032722473144531 10.2790069580078125 10.197686195373535156 9.977733612060546875 10.278652191162109375 13.859157562255859375 12.251171112060546875 11.07762908935546875 9.2599201202392578125 9.2786626815795898438 10.475754737854003906 10.694887161254882812 10.267477989196777344 10.771681785583496094 12.286278724670410156 12.275029182434082031 13.006860733032226562 10.248700141906738281 10.424068450927734375 11.028719902038574219 15.467101097106933594 10.298043251037597656 10.068328857421875 10.050419807434082031 10.91241455078125 11.334445953369140625 12.186738967895507812 12.479163169860839844 12.244024276733398438 15.067311286926269531 12.897216796875 11.052032470703125 13.279425621032714844 12.5436248779296875 11.470593452453613281 13.080541610717773438
9.70688629150390625 9.1275234222412109375 9.3967142105102539062 10.160951614379882812 12.281641960144042969 10.889723777770996094 11.900970458984375 12.492526054382324219 11.944888114929199219 10.397158622741699219 10.6624908447265625 10.121246337890625 10.582617759704589844 14.038190841674804688 12.677985191345214844 10.421849250793457031 9.6902208328247070312 9.65160369873046875 10.114350318908691406 10.316462516784667969 10.509068489074707031 10.887566566467285156 11.382022857666015625 13.080263137817382812 11.520524978637695312 10.046593666076660156 10.640128135681152344 11.26859283447265625 14.037525177001953125 10.012242317199707031 -9999 10.532855033874511719 11.041796684265136719 11.752710342407226562 13.614125251770019531 10.629512786865234375 11.572646141052246094 11.778780937194824219 12.77751922607421875 11.766776084899902344 10.326649665832519531 12.303728103637695312 12.7320404052734375
12.435077667236328125 9.9224634170532226562 9.5811319351196289062 9.795989990234375 9.6044521331787109375 10.348856925964355469 10.716470718383789062 12.533000946044921875 12.728488922119140625 12.701138496398925781 11.04886627197265625 11.557840347290039062 11.177032470703125 10.936090469360351562 14.477709770202636719 13.142683982849121094 9.8726644515991210938 9.5151128768920898438 9.6254930496215820312 10.524423599243164062 10.298790931701660156 10.659275054931640625 11.0318756103515625 13.116819381713867188 10.061316490173339844 10.805407524108886719 10.079701423645019531 10.272503852844238281 14.037746429443359375 10.647083282470703125 9.9017581939697265625 10.488031387329101562 10.984902381896972656 11.816050529479980469 11.960460662841796875 13.990591049194335938 13.332827568054199219 14.230072975158691406 14.7475128173828125 10.806759834289550781 10.104958534240722656 12.254096031188964844 12.520434379577636719
18.33406829833984375 16.83856201171875 10.373678207397460938 9.6558742523193359375 9.4817218780517578125 10.202940940856933594 9.9582357406616210938 9.6126804351806640625 10.130125999450683594 10.395451545715332031 12.497883796691894531 13.593732833862304688 11.957308769226074219 11.569432258605957031 10.043793678283691406 15.077652931213378906 10.494319915771484375 9.2982349395751953125 9.5613756179809570312 10.33100128173828125 10.28122711181640625 11.410017013549804688 11.937216758728027344 11.641837120056152344 13.557396888732910156 11.101598739624023438 10.585381507873535156 10.373461723327636719 11.035631179809570312 13.683753013610839844 9.8018217086791992188 10.206583023071289062 10.593838691711425781 11.740835189819335938 -9999 -9999 13.385573387145996094 10.457385063171386719 13.999446868896484375 10.647719383239746094 10.136057853698730469 11.835017204284667969 13.733677864074707031
10.522779464721679688 12.056462287902832031 17.448513031005859375 10.619816780090332031 10.090974807739257812 10.042881965637207031 9.8078947067260742188 9.6995458602905273438 9.4527101516723632812 9.4609889984130859375 10.293560981750488281 10.719312667846679688 13.257740020751953125 13.362093925476074219 10.077711105346679688 10.399756431579589844 14.2401885986328125 9.8493528366088867188 9.6720829010009765625 9.7262401580810546875 11.5110321044921875 11.095854759216308594 11.234017372131347656 11.856043815612792969 13.709932327270507812 11.32038116455078125 10.973509788513183594 10.375372886657714844 9.9960803985595703125 14.1317138671875 9.8643369674682617188 10.849556922912597656 10.336691856384277344 10.932944297790527344 12.76683807373046875 14.84201812744140625 12.057519912719726562 10.487851142883300781 13.383213043212890625 10.699981689453125 10.164164543151855469 11.530240058898925781 13.921566963195800781
9.8648939132690429688 10.274885177612304688 10.676513671875 17.362762451171875 10.776488304138183594 9.3737621307373046875 9.2783260345458984375 9.3360757827758789062 9.7046995162963867188 9.6233568191528320312 10.026712417602539062 10.585833549499511719 9.5501317977905273438 10.255410194396972656 13.632609367370605469 10.213603019714355469 15.084853172302246094 10.350648880004882812 9.5732421875 9.2383852005004882812 9.9267225265502929688 11.149582862854003906 10.353969573974609375 10.319033622741699219 11.788945198059082031 13.880547523498535156 10.190317153930664062 10.266805648803710938 10.99072265625 14.135972976684570312 13.252903938293457031 10.286771774291992188 10.769285202026367188 11.637918472290039062 12.203355789184570312 13.602101325988769531 11.285637855529785156 9.976654052734375 13.284855842590332031 11.849272727966308594 10.168061256408691406 10.798563003540039062 14.254183769226074219
9.4612073898315429688 9.2310314178466796875 10.464244842529296875 11.90118408203125 16.603021621704101562 9.695018768310546875 9.010784149169921875 9.5706033706665039062 9.6305389404296875 9.6137800216674804688 9.7604122161865234375 10.046433448791503906 10.802281379699707031 10.679062843322753906 12.267125129699707031 13.4481048583984375 10.9517059326171875 14.591225624084472656 10.07910919189453125 9.5249414443969726562 9.6381168365478515625 10.26386260986328125 9.8768930435180664062 10.229004859924316406 10.375658035278320312 13.892488479614257812 10.563191413879394531 10.850103378295898438 10.145841598510742188 10.944765090942382812 15.104025840759277344 10.654031753540039062 10.267746925354003906 12.002394676208496094 12.322130203247070312 12.225235939025878906 13.503305435180664062 10.778284072875976562 11.084201812744140625 14.245424270629882812 10.791902542114257812 10.37631988525390625 13.882117271423339844
