gis/40m/twi_d8.asc
ncols        256
nrows        286
xllcorner    726766.000000000000
yllcorner    7127230.000000000000
cellsize     40.000000000000
NODATA_value -9999
[rows 95 to 113 of 286, columns 129 to 171 of 256]
8.0393047332763671875 7.519977569580078125 7.0442490577697753906 6.477153778076171875 5.583850860595703125 6.3135976791381835938 6.1078810691833496094 8.3843717575073242188 8.058502197265625 8.1380405426025390625 8.2528924942016601562 8.4245786666870117188 8.3690977096557617188 8.7988176345825195312 8.8913068771362304688 8.408458709716796875 6.87068939208984375 6.2440443038940429688 7.4909181594848632812 6.7854619026184082031 8.2547273635864257812 8.2397470474243164062 10.361410140991210938 8.0958232879638671875 7.1643362045288085938 6.7508134841918945312 6.8830327987670898438 6.34813690185546875 5.7859845161437988281 6.6513161659240722656 7.2065067291259765625 9.2339868545532226562 6.8510713577270507812 6.3629398345947265625 6.012798309326171875 6.7013731002807617188 7.0952739715576171875 7.2467589378356933594 7.3621063232421875 5.8199086189270019531 6.4736166000366210938 10.975852012634277344 11.096831321716308594
8.9978456497192382812 8.6155567169189453125 8.3676939010620117188 8.18656158447265625 8.3002653121948242188 7.7732872962951660156 8.0471553802490234375 7.1342005729675292969 7.037036895751953125 7.0146975517272949219 7.8980784416198730469 7.71497344970703125 8.5428571701049804688 7.6196045875549316406 8.1203374862670898438 8.1279125213623046875 6.9023923873901367188 7.9209127426147460938 6.2699713706970214844 7.3944754600524902344 7.0512413978576660156 7.1211094856262207031 7.2683081626892089844 8.0398502349853515625 9.9793157577514648438 8.1523351669311523438 6.9568653106689453125 6.2132620811462402344 6.0311951637268066406 5.6893906593322753906 6.3454771041870117188 8.4344491958618164062 6.7632174491882324219 5.8796172142028808594 5.9911279678344726562 5.7929964065551757812 6.3264956474304199219 5.997371673583984375 5.6542100906372070312 5.2984528541564941406 6.468051910400390625 5.1859807968139648438 8.1697912216186523438
8.3353595733642578125 7.8249568939208984375 7.5166869163513183594 7.2852430343627929688 7.0030579566955566406 6.6320366859436035156 6.4344677925109863281 6.4900383949279785156 7.8905029296875 7.2956719398498535156 8.8413190841674804688 7.9760689735412597656 8.2025346755981445312 8.0607862472534179688 7.1427178382873535156 8.3398218154907226562 7.4325380325317382812 7.0170431137084960938 7.4311919212341308594 6.5723271369934082031 7.2416410446166992188 7.3336153030395507812 6.8995141983032226562 6.6617860794067382812 7.6136074066162109375 10.42366790771484375 10.312645912170410156 7.3362002372741699219 5.9067988395690917969 5.8043828010559082031 5.196956634521484375 5.2703218460083007812 7.7702822685241699219 5.2558350563049316406 6.1266460418701171875 5.8167443275451660156 6.1476130485534667969 5.9418120384216308594 5.465419769287109375 4.827404022216796875 5.3976411819458007812 7.3183355331420898438 5.0494074821472167969
8.4308366775512695312 7.8489603996276855469 7.4508562088012695312 7.2991437911987304688 7.0610713958740234375 6.6479935646057128906 6.4613323211669921875 6.5716123580932617188 8.6075506210327148438 8.0562429428100585938 7.8943920135498046875 8.3596477508544921875 9.010486602783203125 8.2145824432373046875 6.9781551361083984375 8.6046915054321289062 7.5785479545593261719 6.8795285224914550781 7.53515625 7.8102998733520507812 8.5969991683959960938 7.6454730033874511719 7.1932568550109863281 7.0648941993713378906 9.6885232925415039062 9.6910905838012695312 6.8466672897338867188 10.981627464294433594 10.014302253723144531 6.4692616462707519531 5.9350519180297851562 5.9111986160278320312 7.7826905250549316406 5.8511013984680175781 6.3357443809509277344 6.1920413970947265625 5.8556733131408691406 5.8119969367980957031 5.6727209091186523438 5.2536325454711914062 5.140369415283203125 7.47821044921875 6.4596509933471679688
9.360240936279296875 8.8418903350830078125 8.5029201507568359375 8.453540802001953125 8.4974918365478515625 8.3384695053100585938 8.446163177490234375 9.3576231002807617188 8.3298130035400390625 8.3521976470947265625 9.481601715087890625 7.3316202163696289062 9.6072168350219726562 8.372821807861328125 7.5498633384704589844 6.8712377548217773438 9.0473947525024414062 7.2616252899169921875 7.404804229736328125 7.85288238525390625 8.4039411544799804688 9.5104589462280273438 9.982059478759765625 10.580843925476074219 7.3383960723876953125 6.9852013587951660156 5.9894137382507324219 8.2283391952514648438 6.6374492645263671875 12.263760566711425781 11.564828872680664062 7.3276844024658203125 5.9665975570678710938 8.4244976043701171875 7.1733870506286621094 5.4063425064086914062 6.4496393203735351562 5.8712835311889648438 6.853191375732421875 7.3657536506652832031 7.7713594436645507812 6.6951646804809570312 5.9452395439147949219
8.5370769500732421875 7.9436693191528320312 7.5184607505798339844 7.3380522727966308594 7.2900066375732421875 7.0232210159301757812 6.9259333610534667969 7.2092709541320800781 7.3467774391174316406 7.0041508674621582031 7.5904102325439453125 7.0625252723693847656 9.3728504180908203125 6.9370026588439941406 8.7839221954345703125 6.7486891746520996094 9.0122890472412109375 7.5976238250732421875 7.0031452178955078125 7.0524897575378417969 7.37957763671875 8.4344463348388671875 9.0805530548095703125 7.8902807235717773438 6.1168961524963378906 5.9990034103393554688 6.4248061180114746094 7.503696441650390625 8.8219165802001953125 5.9180665016174316406 6.6486020088195800781 10.709506034851074219 11.147194862365722656 11.401965141296386719 8.16049957275390625 6.8266353607177734375 5.8605008125305175781 6.1783566474914550781 6.1993632316589355469 6.8468222618103027344 6.6990041732788085938 7.2337489128112792969 6.5056395530700683594
8.3946313858032226562 7.7657103538513183594 7.3198308944702148438 7.0870699882507324219 6.9582967758178710938 6.7476248741149902344 6.5339016914367675781 6.3907012939453125 6.7702322006225585938 7.5318841934204101562 7.3695192337036132812 7.2355942726135253906 7.3316583633422851562 9.4115934371948242188 8.9892416000366210938 7.4537301063537597656 8.9458093643188476562 7.6973295211791992188 6.6746335029602050781 7.5764784812927246094 7.5009002685546875 7.5310263633728027344 7.6839857101440429688 7.2194108963012695312 6.4202632904052734375 6.2584271430969238281 6.6810393333435058594 6.4520649909973144531 8.6792497634887695312 5.7002329826354980469 6.1996974945068359375 7.3838682174682617188 5.7646241188049316406 6.1619954109191894531 12.716246604919433594 8.1533298492431640625 6.0219879150390625 6.7480835914611816406 5.9622435569763183594 5.9335837364196777344 6.105503082275390625 5.9848170280456542969 5.7440266609191894531
8.294452667236328125 7.6044945716857910156 7.1101007461547851562 6.8057775497436523438 6.5948948860168457031 6.3940401077270507812 5.8746981620788574219 6.2444148063659667969 6.5160427093505859375 7.0461287498474121094 6.6594510078430175781 7.4086890220642089844 7.7551779747009277344 7.8782973289489746094 9.3530950546264648438 9.1610536575317382812 6.5934543609619140625 9.1452474594116210938 7.1672406196594238281 6.6003322601318359375 8.5135936737060546875 8.650844573974609375 7.8755779266357421875 6.8791637420654296875 6.6949977874755859375 6.9025578498840332031 6.5370392799377441406 6.8418016433715820312 8.6937885284423828125 5.9111223220825195312 5.5857553482055664062 6.1981472969055175781 5.6016750335693359375 6.5723843574523925781 8.4528703689575195312 12.9351654052734375 6.6753587722778320312 7.4471812248229980469 6.0298004150390625 6.680084228515625 7.0572333335876464844 5.8532176017761230469 6.3480410575866699219
8.5696811676025390625 7.978992462158203125 7.5255861282348632812 7.4175920486450195312 7.2775659561157226562 7.2349867820739746094 7.2262721061706542969 6.6496958732604980469 6.8145856857299804688 6.6763973236083984375 6.7879462242126464844 7.0221462249755859375 8.3093652725219726562 8.0001230239868164062 9.5550594329833984375 9.1908121109008789062 6.5614271163940429688 9.2754259109497070312 7.6253571510314941406 7.3550314903259277344 8.6886777877807617188 8.6786975860595703125 7.63166046142578125 7.0302519798278808594 6.9301543235778808594 6.9904990196228027344 7.1736326217651367188 8.025920867919921875 6.8290081024169921875 6.8566913604736328125 5.5739812850952148438 6.0035829544067382812 6.97367095947265625 7.5192413330078125 6.0737361907958984375 11.776154518127441406 7.6462006568908691406 7.6453919410705566406 8.10686492919921875 6.8204121589660644531 7.0940012931823730469 7.4461188316345214844 6.6325511932373046875
9.1495847702026367188 8.6688365936279296875 8.2559175491333007812 8.4633722305297851562 8.2845430374145507812 8.4429111480712890625 8.316680908203125 8.2777757644653320312 6.9623994827270507812 7.2220058441162109375 7.0949792861938476562 6.7262220382690429688 7.465549468994140625 8.6815004348754882812 8.2662639617919921875 9.6220941543579101562 9.3668565750122070312 6.6724257469177246094 9.7301263809204101562 8.8982591629028320312 6.7465300559997558594 9.1732378005981445312 6.1703777313232421875 6.7600183486938476562 6.759426116943359375 6.3280534744262695312 7.4767045974731445312 6.6239151954650878906 6.1015429496765136719 6.1714529991149902344 5.4382238388061523438 5.8656263351440429688 5.8314471244812011719 7.084774017333984375 7.7582645416259765625 6.0517296791076660156 12.178133964538574219 6.9785671234130859375 7.0988292694091796875 8.1296949386596679688 6.9989986419677734375 8.0141849517822265625 6.051387786865234375
7.1057057380676269531 6.2509236335754394531 8.0879793167114257812 6.7369790077209472656 6.2533416748046875 5.8603348731994628906 8.2628173828125 7.5612263679504394531 7.3147754669189453125 7.744503021240234375 7.3785481452941894531 6.5261812210083007812 6.6307225227355957031 7.0291867256164550781 8.6094846725463867188 8.3446369171142578125 9.6136884689331054688 9.5569467544555664062 9.8709316253662109375 9.0509653091430664062 7.310756683349609375 9.12577056884765625 7.3697218894958496094 6.7615361213684082031 6.4626522064208984375 6.0392622947692871094 6.3865447044372558594 5.9518151283264160156 5.4367241859436035156 5.644016265869140625 5.63922119140625 5.2667202949523925781 5.8810591697692871094 6.0537056922912597656 5.9995937347412109375 6.5562806129455566406 11.385672569274902344 6.7996468544006347656 6.5654706954956054688 6.6246080398559570312 8.211765289306640625 7.4053034782409667969 8.4133329391479492188
6.9661798477172851562 7.4517436027526855469 7.9717278480529785156 6.053318023681640625 5.1460947990417480469 5.4994573593139648438 6.3885374069213867188 8.7302293777465820312 9.0518159866333007812 6.6996665000915527344 8.0095052719116210938 7.4010024070739746094 7.0178427696228027344 6.3883423805236816406 7.6342692375183105469 9.175933837890625 10.006112098693847656 9.717304229736328125 9.9020776748657226562 9.1723432540893554688 7.7007555961608886719 9.1970777511596679688 8.5246820449829101562 7.1684393882751464844 6.7534499168395996094 6.4523720741271972656 6.129993438720703125 5.5916028022766113281 6.0180873870849609375 6.3517236709594726562 6.570789337158203125 5.5607705116271972656 5.4904851913452148438 5.6547632217407226562 5.3436822891235351562 5.8802642822265625 6.7843937873840332031 11.585242271423339844 6.5808815956115722656 6.2139286994934082031 6.7226123809814453125 8.6504106521606445312 8.1209192276000976562
8.0366306304931640625 8.2430868148803710938 8.5119190216064453125 7.0041022300720214844 6.3276162147521972656 5.9353957176208496094 5.9526352882385253906 6.7494249343872070312 6.8408675193786621094 6.6899652481079101562 8.1936168670654296875 7.3518691062927246094 7.053630828857421875 6.4717760086059570312 7.1638674736022949219 6.3603153228759765625 10.577880859375 6.8552136421203613281 9.7590847015380859375 10.122063636779785156 9.5290746688842773438 9.126857757568359375 7.5171694755554199219 6.7497587203979492188 6.2705969810485839844 5.8568062782287597656 5.3623948097229003906 6.3417849540710449219 6.012203216552734375 6.287689208984375 5.6394166946411132812 6.5488524436950683594 5.7738642692565917969 5.94158172607421875 5.5858645439147949219 5.9044861793518066406 6.5210442543029785156 7.4796977043151855469 11.802174568176269531 6.5783782005310058594 5.7983326911926269531 6.3809337615966796875 8.9698963165283203125
8.850849151611328125 9.2277851104736328125 7.6214313507080078125 6.9120321273803710938 6.2990398406982421875 5.6925578117370605469 6.0946841239929199219 6.6881685256958007812 6.3701634407043457031 6.3369736671447753906 8.42913055419921875 7.8261637687683105469 7.6769466400146484375 6.8407649993896484375 6.2084679603576660156 7.422130584716796875 10.4180145263671875 6.6043758392333984375 7.2793602943420410156 10.490787506103515625 9.451030731201171875 9.3853578567504882812 5.7644395828247070312 6.3162565231323242188 5.9400577545166015625 5.0877346992492675781 5.3106808662414550781 5.6281857490539550781 6.2756018638610839844 6.1384387016296386719 6.0556197166442871094 7.1403207778930664062 7.8415055274963378906 7.9463376998901367188 6.4142370223999023438 6.5273494720458984375 6.7825846672058105469 7.3949360847473144531 11.78711700439453125 6.6670908927917480469 6.1704735755920410156 6.422901153564453125 6.805988311767578125
10.348090171813964844 9.2369432449340820312 7.9854574203491210938 7.4645256996154785156 6.8416390419006347656 6.3782019615173339844 6.4862761497497558594 6.3751325607299804688 6.1441984176635742188 6.4801716804504394531 7.2915644645690917969 9.1263017654418945312 7.8166666030883789062 7.0659923553466796875 6.5619950294494628906 7.0840973854064941406 10.209218978881835938 7.2049098014831542969 7.5820970535278320312 6.5134191513061523438 11.035732269287109375 6.3407521247863769531 7.2815823554992675781 5.2064967155456542969 5.2266860008239746094 5.9688024520874023438 5.7891316413879394531 5.3350520133972167969 5.7492761611938476562 6.155628204345703125 7.1556382179260253906 7.9303646087646484375 8.5522556304931640625 7.1470551490783691406 8.8318634033203125 8.1330814361572265625 8.0481700897216796875 8.0636949539184570312 9.0046072006225585938 11.830433845520019531 6.3684797286987304688 6.0538167953491210938 6.3528189659118652344
9.7784509658813476562 6.8462309837341308594 8.2087774276733398438 7.8603606224060058594 7.4259099960327148438 6.9079828262329101562 6.5488634109497070312 6.2859401702880859375 5.905368804931640625 7.0309138298034667969 6.5795950889587402344 7.6066727638244628906 9.3636293411254882812 7.6417136192321777344 6.7548809051513671875 6.8583674430847167969 7.344203948974609375 10.395542144775390625 7.8448977470397949219 6.4860625267028808594 11.100216865539550781 7.0376157760620117188 7.9039888381958007812 5.9132819175720214844 6.2970662117004394531 5.2597837448120117188 6.3809022903442382812 5.9347238540649414062 5.8544225692749023438 6.8504962921142578125 5.8500876426696777344 6.4592480659484863281 6.2622318267822265625 8.6036376953125 8.2888965606689453125 7.0399932861328125 5.772125244140625 6.2818965911865234375 5.6180462837219238281 7.8408703804016113281 11.694387435913085938 6.3162455558776855469 6.5408787727355957031
7.6667017936706542969 8.8296346664428710938 8.1661777496337890625 7.8935794830322265625 7.7470836639404296875 7.2166414260864257812 6.6805877685546875 6.2724447250366210938 6.8252115249633789062 6.0477113723754882812 7.1604280471801757812 6.4946041107177734375 9.5154323577880859375 6.3319683074951171875 7.89098358154296875 6.5718684196472167969 7.4783315658569335938 10.367206573486328125 8.0477075576782226562 6.5161929130554199219 11.239343643188476562 7.6384339332580566406 8.2843494415283203125 6.7282118797302246094 5.9474387168884277344 5.2984919548034667969 7.2403230667114257812 5.8256621360778808594 6.6210455894470214844 6.4150109291076660156 5.8924632072448730469 6.5024380683898925781 6.96990966796875 6.7691240310668945312 8.7746934890747070312 6.7028560638427734375 6.0441999435424804688 6.6368837356567382812 6.7766923904418945312 6.9740653038024902344 8.4459896087646484375 11.671347618103027344 11.254040718078613281
9.1001415252685546875 8.7611865997314453125 6.1671471595764160156 6.0926480293273925781 7.96076202392578125 7.6372857093811035156 6.9701657295227050781 7.0873122215270996094 6.3914213180541992188 6.9407591819763183594 6.2523865699768066406 6.4492940902709960938 7.099567413330078125 9.5256404876708984375 7.1359567642211914062 8.4754924774169921875 6.7977619171142578125 10.326112747192382812 8.0316257476806640625 7.0841898918151855469 6.5621838569641113281 11.257509231567382812 8.7552919387817382812 7.6136965751647949219 6.112148284912109375 7.4110097885131835938 6.5385122299194335938 7.206268310546875 6.7213010787963867188 5.6988401412963867188 5.9269251823425292969 5.5827693939208984375 7.3408055305480957031 8.1281566619873046875 7.2781782150268554688 9.2059469223022460938 7.171863555908203125 6.2750415802001953125 6.6204376220703125 5.7579970359802246094 6.6704115867614746094 8.6429929733276367188 5.9518723487854003906
8.85216522216796875 7.3437571525573730469 6.802730560302734375 7.7981810569763183594 6.3937120437622070312 8.8328304290771484375 7.9693841934204101562 7.1831545829772949219 7.2307791709899902344 6.4949169158935546875 6.0420737266540527344 6.4085536003112792969 7.0416712760925292969 7.3708276748657226562 9.4433012008666992188 8.4321203231811523438 6.5335612297058105469 10.594679832458496094 8.2140674591064453125 7.428195953369140625 7.1807456016540527344 6.5806760787963867188 11.297269821166992188 6.0029401779174804688 7.9479794502258300781 6.8646001815795898438 7.5122556686401367188 7.2367529869079589844 6.1138858795166015625 5.4561252593994140625 5.6996641159057617188 6.528472900390625 5.9225034713745117188 6.0072636604309082031 8.2999601364135742188 7.5503220558166503906 9.0173101425170898438 6.2912034988403320312 6.9337916374206542969 5.8963637351989746094 6.5778875350952148438 7.1220068931579589844 8.7919673919677734375
