gis/160m/canopy_fraction.asc
ncols        64
nrows        71
xllcorner    726726.000000000000
yllcorner    7127190.000000000000
cellsize     160.000000000000
NODATA_value -9999
[rows 22 to 43 of 71, columns 0 to 47 of 64]
-9999 -9999 -9999 -9999 0.12775991857051849365 0.42422237992286682129 0.22015507519245147705 0.052540816366672515869 0.34522703289985656738 0.39913135766983032227 0.44332858920097351074 0.4072646796703338623 0.59056520462036132812 0.60798549652099609375 0.58543980121612548828 0.58027994632720947266 0.6103032231330871582 0.57040083408355712891 0.43426382541656494141 0.58474028110504150391 0.58702045679092407227 0.56577968597412109375 0.54751127958297729492 0.55611455440521240234 0.53249210119247436523 0.56748753786087036133 0.58595806360244750977 0.63420850038528442383 0.6717351078987121582 0.63571262359619140625 0.55418741703033447266 0.37500932812690734863 0.33675929903984069824 0.66304212808609008789 0.66867506504058837891 0.61378961801528930664 0.63562589883804321289 0.61360645294189453125 0.55240815877914428711 0.56539130210876464844 0.60734283924102783203 0.52501183748245239258 0.62757831811904907227 0.51246839761734008789 0.47872713208198547363 0.51003175973892211914 0.54512691497802734375 0.56747138500213623047
-9999 -9999 -9999 -9999 -9999 0.42972105741500854492 0.054645609110593795776 0.026929123327136039734 0.50204473733901977539 0.28042438626289367676 0.35824036598205566406 0.48669853806495666504 0.60061824321746826172 0.60630661249160766602 0.57750761508941650391 0.58885365724563598633 0.63665068149566650391 0.59807759523391723633 0.59395784139633178711 0.69539916515350341797 0.50474750995635986328 0.3137874603271484375 0.17656716704368591309 0.17452880740165710449 0.23114059865474700928 0.41925758123397827148 0.2191950678825378418 0.59309613704681396484 0.65377092361450195312 -9999 0.65419602394104003906 0.49887847900390625 0.41995599865913391113 0.61336207389831542969 0.71252846717834472656 0.66440623998641967773 0.62884503602981567383 0.42735970020294189453 0.52271008491516113281 0.57641988992691040039 0.58513242006301879883 0.6108773350715637207 0.57273179292678833008 0.62906593084335327148 0.6477184295654296875 0.58650314807891845703 0.57769817113876342773 0.61191672086715698242
-9999 -9999 -9999 0.15921597182750701904 0.20667783915996551514 0.42792391777038574219 0.0031579581554979085922 0.40247353911399841309 0.53755646944046020508 0.55575191974639892578 0.38371542096138000488 0.39771679043769836426 0.573650360107421875 0.59660440683364868164 0.57155138254165649414 0.5772406458854675293 0.63527506589889526367 0.49788036942481994629 0.55823826789855957031 0.66094726324081420898 0.6138483881950378418 0.34328758716583251953 0.46949005126953125 0.41418504714965820312 0.6044737696647644043 -9999 0.11068408191204071045 0.30537661910057067871 -9999 -9999 -9999 0.57043564319610595703 0.47244724631309509277 0.44850432872772216797 0.72982144355773925781 0.67419904470443725586 0.294170379638671875 0.36507332324981689453 0.23287434875965118408 0.30390182137489318848 0.52193689346313476562 0.5805390477180480957 0.47412037849426269531 0.44544017314910888672 0.36885982751846313477 0.53374236822128295898 0.63408374786376953125 0.68537336587905883789
-9999 -9999 0.56206184625625610352 0.34142976999282836914 0.36359310150146484375 0.37123334407806396484 0.039674732834100723267 0.50106739997863769531 0.52637296915054321289 0.50170785188674926758 0.5436331629753112793 0.53831052780151367188 0.58214849233627319336 0.53404563665390014648 0.41972321271896362305 0.56244814395904541016 0.57356965541839599609 0.47650265693664550781 0.42030343413352966309 0.58776241540908813477 0.67018753290176391602 0.61710584163665771484 0.61308962106704711914 0.65922582149505615234 0.71663242578506469727 0.73745787143707275391 -9999 0.66086101531982421875 0.69527733325958251953 -9999 -9999 0.60080993175506591797 0.4688015282154083252 0.41820603609085083008 0.73617136478424072266 0.69949048757553100586 0.61210238933563232422 0.49987041950225830078 0.19997380673885345459 0.19816902279853820801 0.20572046935558319092 0.51550382375717163086 0.46035975217819213867 0.31034424901008605957 0.39419806003570556641 0.53051358461380004883 0.67956817150115966797 0.71696335077285766602
-9999 0.60320436954498291016 0.50496214628219604492 0.43706947565078735352 0.45375192165374755859 0.46892246603965759277 0.17963387072086334229 0.40149348974227905273 0.55770331621170043945 0.46492135524749755859 0.53198087215423583984 0.51939666271209716797 0.44196462631225585938 0.46738129854202270508 0.50583040714263916016 0.56704390048980712891 0.57699507474899291992 0.5103695988655090332 0.36045545339584350586 0.42392906546592712402 0.47104108333587646484 0.48869940638542175293 0.67293393611907958984 0.64255613088607788086 0.66643995046615600586 0.71861207485198974609 0.73170697689056396484 0.71792721748352050781 0.72278159856796264648 -9999 -9999 0.5776996612548828125 0.59212863445281982422 0.74690264463424682617 0.72934097051620483398 0.69335395097732543945 0.73019886016845703125 0.75232511758804321289 0.58961522579193115234 0.31675064563751220703 0.18229873478412628174 0.31192725896835327148 0.38668265938758850098 0.19726392626762390137 0.13737753033638000488 0.36548182368278503418 0.66757589578628540039 0.72174382209777832031
-9999 -9999 0.22045217454433441162 0.3715985417366027832 0.62479937076568603516 0.40965807437896728516 0.29276072978973388672 0.58614832162857055664 0.4921950995922088623 0.22523662447929382324 0.47809258103370666504 0.5602448582649230957 0.45584514737129211426 0.47853687405586242676 0.56850653886795043945 0.52657234668731689453 0.51084220409393310547 0.46387720108032226562 0.44217339158058166504 0.4985446631908416748 0.49402511119842529297 0.62556785345077514648 0.67438006401062011719 0.65647298097610473633 0.61562496423721313477 0.70795482397079467773 0.70618599653244018555 0.74865227937698364258 0.75517106056213378906 -9999 0.31217476725578308105 0.46119761466979980469 0.58460009098052978516 0.68479895591735839844 0.72819000482559204102 0.75081086158752441406 0.74260944128036499023 0.73903864622116088867 0.56652104854583740234 0.55560898780822753906 0.49414068460464477539 0.27263686060905456543 0.35080763697624206543 0.15042665600776672363 0.13546629250049591064 0.37666651606559753418 0.63826870918273925781 0.67570632696151733398
-9999 0.088634677231311798096 0.40325066447257995605 0.49033749103546142578 0.65275752544403076172 0.61333489418029785156 0.49202933907508850098 0.71657824516296386719 0.67238986492156982422 0.43846085667610168457 0.36304876208305358887 0.17756089568138122559 0.080078780651092529297 0.3758163750171661377 0.47536861896514892578 0.66984081268310546875 0.55716121196746826172 0.43028581142425537109 0.42451459169387817383 0.49199584126472473145 0.50551146268844604492 0.70054918527603149414 0.73125517368316650391 0.70696073770523071289 0.67922794818878173828 0.69335138797760009766 0.70470643043518066406 0.74264156818389892578 0.73580127954483032227 -9999 0.62187862396240234375 0.63134753704071044922 0.66688668727874755859 0.69076615571975708008 0.72765552997589111328 0.74222671985626220703 0.74985009431838989258 0.76110041141510009766 0.65252184867858886719 0.58095759153366088867 0.55852544307708740234 0.53150647878646850586 0.15206894278526306152 0.072819873690605163574 0.26299610733985900879 0.62127214670181274414 0.42815062403678894043 0.48319789767265319824
-9999 0.32701456546783447266 0.56646579504013061523 0.59213602542877197266 0.69990402460098266602 0.58072084188461303711 0.542987823486328125 0.70165944099426269531 0.71947783231735229492 0.69683951139450073242 0.60218852758407592773 0.45263460278511047363 0.1832729727029800415 0.31909635663032531738 0.43375468254089355469 0.34000822901725769043 0.59337878227233886719 0.50176090002059936523 0.50441437959671020508 0.48111107945442199707 0.33795526623725891113 0.76028764247894287109 0.71077805757522583008 0.74380958080291748047 0.67131620645523071289 0.64922791719436645508 0.70503485202789306641 0.75120168924331665039 0.70272141695022583008 -9999 0.65685641765594482422 0.61920034885406494141 0.67451310157775878906 0.74320185184478759766 0.54597151279449462891 0.52908062934875488281 0.75621473789215087891 0.76332587003707885742 0.67759102582931518555 0.56938689947128295898 0.47417125105857849121 0.39523139595985412598 0.046562083065509796143 0.4003047943115234375 0.54500883817672729492 0.60988861322402954102 0.43957498669624328613 0.23204474151134490967
0.49010011553764343262 0.47801440954208374023 0.24298246204853057861 0.49719354510307312012 0.65343469381332397461 0.53467965126037597656 0.50487911701202392578 0.65294653177261352539 0.67808771133422851562 0.63336414098739624023 0.64099305868148803711 0.66017448902130126953 0.58487302064895629883 0.23567363619804382324 0.34424203634262084961 0.019435534253716468811 0.20422144234180450439 0.55678880214691162109 0.51018738746643066406 0.52973562479019165039 0.67262989282608032227 0.73880821466445922852 0.71179223060607910156 0.70302927494049072266 0.73203718662261962891 0.67093604803085327148 0.51298540830612182617 0.71271491050720214844 0.72580260038375854492 0.71620661020278930664 0.68334817886352539062 0.65141510963439941406 0.62949848175048828125 0.73647540807723999023 0.32895791530609130859 0.61508011817932128906 0.66286838054656982422 0.76176035404205322266 0.73572003841400146484 0.6035086512565612793 0.5980472564697265625 0.54838919639587402344 0.24023813009262084961 0.51509577035903930664 0.51666927337646484375 0.57251018285751342773 0.36253300309181213379 0.35022529959678649902
-9999 0.53322023153305053711 0.52148193120956420898 0.58571207523345947266 0.65953248739242553711 0.63154232501983642578 0.62475413084030151367 0.64703583717346191406 0.66036295890808105469 0.38148728013038635254 0.29942825436592102051 0.17748187482357025146 0.50189185142517089844 0.4726702570915222168 0.11090213805437088013 0.1104704737663269043 0.14047530293464660645 0.52492654323577880859 0.49749127030372619629 0.56199222803115844727 0.67729479074478149414 0.74012732505798339844 0.70643138885498046875 0.74345725774765014648 0.74815565347671508789 0.64669716358184814453 0.2979297637939453125 0.62144118547439575195 0.72338002920150756836 0.71597898006439208984 0.6982339024543762207 0.67891710996627807617 0.58990234136581420898 0.66973859071731567383 0.70268917083740234375 0.72772437334060668945 0.63913732767105102539 0.66932135820388793945 0.75162947177886962891 0.71355968713760375977 0.69789361953735351562 0.51448667049407958984 0.53663098812103271484 0.58307224512100219727 0.58861821889877319336 0.55518615245819091797 0.25975358486175537109 0.31688249111175537109
-9999 -9999 0.60036611557006835938 0.53173965215682983398 0.51656538248062133789 0.67611294984817504883 0.38744908571243286133 0.47315618395805358887 0.53237104415893554688 0.38311243057250976562 0.18409268558025360107 0.1504141688346862793 0.16131392121315002441 0.058189354836940765381 0.027160264551639556885 0.19979561865329742432 0.37179902195930480957 0.57152903079986572266 0.59336453676223754883 0.6404603123664855957 0.61424654722213745117 0.73923581838607788086 0.74048703908920288086 0.72071593999862670898 0.66700285673141479492 0.66168677806854248047 0.62588649988174438477 0.58204621076583862305 0.64084511995315551758 0.67832463979721069336 0.61143779754638671875 0.68927580118179321289 0.6071828007698059082 0.58426064252853393555 0.62498039007186889648 0.66399151086807250977 0.59508717060089111328 0.65692001581192016602 0.75042593479156494141 0.6813767552375793457 0.68983209133148193359 0.37337294220924377441 0.46073165535926818848 0.59545308351516723633 0.5521475672721862793 0.61053872108459472656 0.24411179125308990479 0.40258821845054626465
-9999 -9999 0.66701024770736694336 0.55340290069580078125 0.13297602534294128418 0.52936166524887084961 0.2557913661003112793 0.21121187508106231689 0.45984360575675964355 0.44979104399681091309 0.54222542047500610352 0.44973653554916381836 0.099377423524856567383 0.02543079666793346405 0.10256586223840713501 0.40813729166984558105 0.56855815649032592773 0.6614519953727722168 0.65749430656433105469 0.67176580429077148438 0.69958907365798950195 0.7536996006965637207 0.7089226841926574707 0.66588842868804931641 0.75370502471923828125 0.71296930313110351562 0.6445744633674621582 0.63274484872817993164 0.61164897680282592773 0.62368410825729370117 0.62797224521636962891 0.69751662015914916992 0.67894089221954345703 0.59918689727783203125 0.60586750507354736328 0.65518850088119506836 0.68919706344604492188 0.66832232475280761719 0.69408953189849853516 0.64358305931091308594 0.6344776153564453125 0.49360215663909912109 0.4774131476879119873 0.50846523046493530273 0.61436676979064941406 0.61315906047821044922 0.10140135884284973145 0.40992030501365661621
-9999 -9999 -9999 0.5718014836311340332 -9999 -9999 0.55657160282135009766 0.36610463261604309082 0.42250367999076843262 0.37851217389106750488 0.32969307899475097656 0.44368910789489746094 0.19252954423427581787 0.20004126429557800293 0.33702549338340759277 0.43400019407272338867 0.48022046685218811035 0.53182005882263183594 0.38612890243530273438 0.24473217129707336426 0.62948006391525268555 0.75930589437484741211 0.75196844339370727539 0.76202154159545898438 0.74240571260452270508 0.71491616964340209961 0.69325166940689086914 0.66317480802536010742 0.62742012739181518555 0.54616814851760864258 0.64788794517517089844 0.66212934255599975586 0.72971689701080322266 0.61946856975555419922 0.61834311485290527344 0.67003428936004638672 0.73317492008209228516 0.72897511720657348633 0.69432556629180908203 0.69447338581085205078 0.5805187225341796875 0.34312197566032409668 0.6236521601676940918 0.53169846534729003906 0.51437544822692871094 0.4070809781551361084 0.10819634795188903809 0.46180564165115356445
-9999 -9999 -9999 -9999 -9999 -9999 -9999 -9999 -9999 0.35127884149551391602 0.22408157587051391602 0.37298938632011413574 0.52725553512573242188 0.29144361615180969238 0.39065521955490112305 0.46634456515312194824 0.30568355321884155273 0.43495997786521911621 0.38832300901412963867 0.29039308428764343262 0.71454989910125732422 0.75152277946472167969 0.74193203449249267578 0.73376977443695068359 0.74660289287567138672 0.70442789793014526367 0.57530152797698974609 0.70318365097045898438 0.62471818923950195312 0.59074014425277709961 0.56190180778503417969 0.62096887826919555664 0.57030135393142700195 0.63199955224990844727 0.65377897024154663086 0.65365189313888549805 0.63592821359634399414 0.72182482481002807617 0.65198254585266113281 0.67214351892471313477 0.585872650146484375 0.43915340304374694824 0.40993618965148925781 0.13343037664890289307 0.056958138942718505859 0 0 0.2836284637451171875
-9999 -9999 -9999 -9999 -9999 -9999 -9999 -9999 -9999 0.50698453187942504883 0.20130696892738342285 0.25845694541931152344 0.38396489620208740234 0.4533106386661529541 0.55418336391448974609 0.32354715466499328613 0.15405625104904174805 0.63644939661026000977 0.37665081024169921875 0.15201731026172637939 0.43579012155532836914 0.74476552009582519531 0.75552880764007568359 0.723873138427734375 0.74118125438690185547 0.69689404964447021484 0.59899812936782836914 0.6526152491569519043 0.61134409904479980469 0.59141951799392700195 0.6315218806266784668 0.49128770828247070312 0.48800161480903625488 0.6207917332649230957 0.60823380947113037109 0.59469586610794067383 0.62231224775314331055 0.66304355859756469727 0.63071495294570922852 0.5632330775260925293 0.58012855052947998047 0.37987640500068664551 0.065836817026138305664 0.2126728445291519165 0.091074898838996887207 0.019373694434762001038 0.19610539078712463379 0.55537945032119750977
-9999 -9999 -9999 -9999 -9999 -9999 -9999 -9999 -9999 0.54878866672515869141 0.3667660057544708252 0.36853805184364318848 0.32209867238998413086 0.5574881434440612793 0.51132410764694213867 0.37396103143692016602 0.45814359188079833984 0.52566152811050415039 0.11619892716407775879 0.15858292579650878906 0.23158445954322814941 0.75177359580993652344 0.57870471477508544922 0.42249417304992675781 0.74885249137878417969 0.72811526060104370117 0.66952371597290039062 0.7019087672233581543 0.59457761049270629883 0.57937318086624145508 0.6076507568359375 0.55195385217666625977 0.64122146368026733398 0.63124346733093261719 0.5963408350944519043 0.63741350173950195312 0.61682850122451782227 0.54058569669723510742 0.39796301722526550293 0.19939292967319488525 0.18971660733222961426 0.00024703927920199930668 0.17601494491100311279 0.51684600114822387695 0.55609327554702758789 0.47625187039375305176 0.37475579977035522461 0.46859306097030639648
-9999 -9999 -9999 -9999 -9999 -9999 -9999 -9999 -9999 0.57303661108016967773 0.52475559711456298828 0.53148782253265380859 0.66555553674697875977 0.57810586690902709961 0.47031691670417785645 0.4193941652774810791 0.49822738766670227051 0.63589060306549072266 0.61638760566711425781 0.34069412946701049805 0.37461245059967041016 0.72442048788070678711 0.16850872337818145752 0.027381153777241706848 0.37228134274482727051 0.65021359920501708984 0.71642309427261352539 0.71400344371795654297 0.62394958734512329102 0.57583713531494140625 0.59252297878265380859 0.56646406650543212891 0.62447780370712280273 0.63935708999633789062 0.55953705310821533203 0.70036745071411132812 0.43454208970069885254 0.050510145723819732666 0.049266878515481948853 0.2516256868839263916 0.45747902989387512207 0.10026577115058898926 0.4462242424488067627 0.44680261611938476562 0.55457913875579833984 0.23501825332641601562 0.1872132420539855957 0.47969642281532287598
-9999 -9999 -9999 -9999 -9999 -9999 -9999 -9999 -9999 -9999 0.49683782458305358887 0.47922846674919128418 0.61664664745330810547 0.46279826760292053223 0.38828489184379577637 0.38394820690155029297 0.47786954045295715332 0.55093705654144287109 0.65821051597595214844 0.47375404834747314453 0.2959982752799987793 0.050553947687149047852 0.141019478440284729 0.043065156787633895874 0.0043842163868248462677 0.25840073823928833008 0.29302495718002319336 0.44720858335494995117 0.53504157066345214844 0.60093647241592407227 0.62380445003509521484 0.62910264730453491211 0.63522469997406005859 0.62713867425918579102 0.63264840841293334961 0.58068633079528808594 0.44493702054023742676 0.14008107781410217285 0.3684387505054473877 0.11267721652984619141 0.35190704464912414551 0.24479033052921295166 0.44706517457962036133 0.30958467721939086914 0.26690027117729187012 0.016145898029208183289 0.23339147865772247314 0.35416397452354431152
-9999 -9999 -9999 -9999 -9999 -9999 -9999 -9999 -9999 -9999 -9999 -9999 0.60023522377014160156 0.49662551283836364746 0.32641834020614624023 0.24134531617164611816 0.36048340797424316406 0.6020825505256652832 0.6315670013427734375 0.5799019932746887207 0.34432524442672729492 0.31318977475166320801 0.3274580538272857666 0.34601438045501708984 0.073439076542854309082 0.50294673442840576172 0.5166098475456237793 0.4294084012508392334 0.38336145877838134766 0.57639455795288085938 0.6414629817008972168 0.63134658336639404297 0.63157385587692260742 0.63398468494415283203 0.538177490234375 0.55649906396865844727 0.67380672693252563477 0.64371585845947265625 0.63454699516296386719 0.5346304774284362793 0.58237367868423461914 0.40764692425727844238 0.40179747343063354492 0.4214623570442199707 0.14546547830104827881 0 0.18525597453117370605 0.51542329788208007812
-9999 -9999 -9999 -9999 -9999 -9999 -9999 -9999 -9999 -9999 -9999 -9999 -9999 -9999 -9999 -9999 -9999 0.65324664115905761719 0.47416740655899047852 0.5257167816162109375 0.47725224494934082031 0.084261432290077209473 0.54565817117691040039 0.68714612722396850586 0.43420881032943725586 0.56141775846481323242 0.5732600092887878418 0.59910506010055541992 0.60040992498397827148 0.58954739570617675781 0.3716507256031036377 0.54744690656661987305 0.6258042454719543457 0.602405548095703125 0.18857818841934204102 0.12321145087480545044 0.30362480878829956055 0.65680652856826782227 0.69123530387878417969 0.68008834123611450195 0.66573411226272583008 0.66535508632659912109 0.58641576766967773438 0.60313582420349121094 0.13255457580089569092 0.09821434319019317627 0.461940765380859375 0.55719667673110961914
-9999 -9999 -9999 -9999 -9999 -9999 -9999 -9999 -9999 -9999 -9999 -9999 -9999 -9999 -9999 -9999 -9999 -9999 -9999 -9999 0.54964524507522583008 0.64115554094314575195 0.6640027165412902832 0.53579789400100708008 0.50033432245254516602 0.61213320493698120117 0.60783052444458007812 0.65086901187896728516 0.63385421037673950195 0.63752526044845581055 0.51792436838150024414 0.50059139728546142578 0.53817582130432128906 0.50502377748489379883 0.45557180047035217285 0.011595243588089942932 0.23018656671047210693 0.15079458057880401611 0.59139412641525268555 0.73554450273513793945 0.68799650669097900391 0.67795199155807495117 0.69036281108856201172 0.64520841836929321289 0.53092092275619506836 0.46078658103942871094 0.42404904961585998535 0.45832353830337524414
-9999 -9999 -9999 -9999 -9999 -9999 -9999 -9999 -9999 -9999 -9999 -9999 -9999 -9999 -9999 -9999 -9999 -9999 -9999 -9999 -9999 -9999 0.6535752415657043457 0.64218449592590332031 0.60573869943618774414 0.61798071861267089844 0.67412924766540527344 0.67525756359100341797 0.64989775419235229492 0.56057852506637573242 0.49580085277557373047 0.42288178205490112305 0.5334135890007019043 0.62380391359329223633 0.65022337436676025391 0.66579073667526245117 0.55552178621292114258 0.5646915435791015625 0.42049166560173034668 0.53496217727661132812 0.74806618690490722656 0.73533272743225097656 0.69443881511688232422 0.59484899044036865234 0.55283826589584350586 0.57943081855773925781 0.38399103283882141113 0.43202367424964904785
