gis/160m/canopy_height.asc
ncols        64
nrows        71
xllcorner    726726.000000000000
yllcorner    7127190.000000000000
cellsize     160.000000000000
NODATA_value -9999
[rows 22 to 43 of 71, columns 0 to 48 of 64]
-9999 -9999 -9999 -9999 6.7008194923400878906 11.322075843811035156 6.725597381591796875 4.0826439857482910156 9.9306001663208007812 8.6860513687133789062 10.175342559814453125 8.8498582839965820312 12.476278305053710938 12.554488182067871094 15.4990386962890625 16.679195404052734375 14.62706756591796875 13.401865959167480469 8.9067583084106445312 7.6310453414916992188 10.592938423156738281 10.486674308776855469 11.046420097351074219 11.734833717346191406 13.534874916076660156 10.939496040344238281 12.165450096130371094 14.649206161499023438 18.76517486572265625 18.1662750244140625 12.710330009460449219 10.201856613159179688 11.786957740783691406 17.93204498291015625 15.380887985229492188 16.148221969604492188 15.291026115417480469 14.828807830810546875 10.963248252868652344 10.875876426696777344 13.04221343994140625 12.648274421691894531 11.491098403930664062 11.69504547119140625 12.1602783203125 12.180455207824707031 16.409505844116210938 15.638957977294921875 14.274641990661621094
-9999 -9999 -9999 -9999 -9999 9.2510042190551757812 2.3400781154632568359 1.8562844991683959961 12.099828720092773438 8.6644067764282226562 8.1204986572265625 14.031842231750488281 16.633453369140625 15.591256141662597656 16.7256622314453125 16.809520721435546875 16.668340682983398438 13.025609016418457031 5.9462981224060058594 4.5028071403503417969 11.036841392517089844 9.5719709396362304688 7.9082312583923339844 3.4649567604064941406 4.3352332115173339844 11.151236534118652344 11.094812393188476562 17.013444900512695312 15.981863021850585938 -9999 15.393434524536132812 15.948835372924804688 11.652942657470703125 16.214811325073242188 15.246565818786621094 15.650362968444824219 15.080857276916503906 10.698224067687988281 10.583376884460449219 11.197935104370117188 11.556250572204589844 15.194682121276855469 13.95076751708984375 15.613950729370117188 14.854828834533691406 14.650685310363769531 13.975607872009277344 12.804508209228515625 18.25206756591796875
-9999 -9999 -9999 6.6630334854125976562 10.060439109802246094 12.836795806884765625 1.4792116880416870117 8.5477228164672851562 9.8834991455078125 12.817963600158691406 12.227041244506835938 11.889328956604003906 16.746835708618164062 16.556735992431640625 14.770579338073730469 15.900090217590332031 13.286863327026367188 11.040279388427734375 10.939442634582519531 7.7943377494812011719 9.4380550384521484375 12.528475761413574219 9.467559814453125 7.677577972412109375 8.7537736892700195312 -9999 7.6561608314514160156 11.337056159973144531 -9999 -9999 -9999 12.510680198669433594 11.492741584777832031 10.731203079223632812 15.113718032836914062 15.731972694396972656 11.59406280517578125 8.7203235626220703125 8.8932123184204101562 10.771241188049316406 12.518591880798339844 13.589955329895019531 11.407594680786132812 11.452358245849609375 11.109560966491699219 13.741070747375488281 11.742341995239257812 5.0842471122741699219 12.857573509216308594
-9999 -9999 10.84047698974609375 8.8084306716918945312 11.738109588623046875 11.81970977783203125 1.4364937543869018555 11.200819015502929688 10.485499382019042969 11.119632720947265625 12.22002410888671875 12.066122055053710938 15.791963577270507812 13.978395462036132812 12.732173919677734375 13.855130195617675781 14.274644851684570312 10.164800643920898438 9.8479661941528320312 10.889310836791992188 9.7444467544555664062 14.377308845520019531 13.506325721740722656 15.79909515380859375 17.8140869140625 16.53136444091796875 -9999 15.84949493408203125 18.978679656982421875 -9999 -9999 13.127991676330566406 11.825808525085449219 11.311932563781738281 17.406633377075195312 15.282258033752441406 12.627379417419433594 10.058209419250488281 6.2138166427612304688 6.5991296768188476562 8.1623868942260742188 11.255512237548828125 9.2682209014892578125 8.9129123687744140625 10.40355682373046875 13.193614006042480469 4.8016338348388671875 6.6259584426879882812 2.7927465438842773438
-9999 14.304449081420898438 13.271608352661132812 10.958662033081054688 12.378383636474609375 13.899933815002441406 8.1924877166748046875 10.385852813720703125 11.946516036987304688 10.587950706481933594 11.419676780700683594 11.779915809631347656 9.7503652572631835938 14.074200630187988281 9.809070587158203125 13.039989471435546875 12.18141937255859375 9.9199314117431640625 10.580999374389648438 10.574872970581054688 11.150996208190917969 11.925948143005371094 15.457471847534179688 15.549281120300292969 15.923239707946777344 16.940488815307617188 18.501811981201171875 17.356336593627929688 17.738758087158203125 -9999 -9999 13.446806907653808594 13.380311012268066406 19.487987518310546875 17.899637222290039062 14.932065010070800781 17.28497314453125 18.939832687377929688 13.51764678955078125 7.9035515785217285156 7.9331068992614746094 9.1276845932006835938 8.5479278564453125 6.8468294143676757812 5.9882006645202636719 11.661470413208007812 2.4713590145111083984 7.9228363037109375 10.443146705627441406
-9999 -9999 8.2662744522094726562 8.3584909439086914062 14.572001457214355469 9.9445247650146484375 7.4105243682861328125 16.895433425903320312 10.204686164855957031 5.5301833152770996094 9.4005527496337890625 10.717368125915527344 9.9241485595703125 11.085895538330078125 16.014146804809570312 12.006704330444335938 10.44295501708984375 10.949480056762695312 10.975736618041992188 10.9000244140625 12.697909355163574219 15.445585250854492188 16.814167022705078125 14.095387458801269531 13.566267013549804688 17.619960784912109375 19.1201019287109375 18.403493881225585938 18.030603408813476562 -9999 12.623912811279296875 11.871347427368164062 13.085860252380371094 19.860507965087890625 20.688953399658203125 15.416135787963867188 18.069700241088867188 18.809505462646484375 10.358974456787109375 9.5284900665283203125 9.152042388916015625 8.0201854705810546875 9.242336273193359375 6.4723448753356933594 6.5201253890991210938 11.46221160888671875 10.931392669677734375 9.203662872314453125 14.993185997009277344
-9999 3.6148135662078857422 7.5203881263732910156 10.281354904174804688 16.234483718872070312 16.586347579956054688 13.319611549377441406 22.112096786499023438 19.494663238525390625 6.0712652206420898438 7.8179273605346679688 5.587192535400390625 5.2622728347778320312 9.8684606552124023438 14.706562042236328125 18.724729537963867188 11.117483139038085938 9.8460235595703125 10.386095046997070312 13.010813713073730469 13.275008201599121094 15.133268356323242188 15.177279472351074219 17.055799484252929688 17.305995941162109375 18.119256973266601562 18.774017333984375 18.564420700073242188 18.826642990112304688 -9999 16.1491851806640625 16.334524154663085938 14.957872390747070312 18.342321395874023438 19.30281829833984375 18.804487228393554688 17.090662002563476562 20.608615875244140625 14.247264862060546875 10.35602569580078125 11.063347816467285156 11.488875389099121094 6.4499831199645996094 4.5619359016418457031 8.7666988372802734375 17.342691421508789062 14.432549476623535156 13.560959815979003906 16.343263626098632812
-9999 9.0137338638305664062 13.937013626098632812 14.348567008972167969 17.968273162841796875 15.04080963134765625 14.485592842102050781 21.5934600830078125 21.759243011474609375 20.080030441284179688 17.080564498901367188 15.594831466674804688 4.98517608642578125 9.339199066162109375 9.1789121627807617188 15.797625541687011719 17.917501449584960938 11.399745941162109375 11.59792327880859375 11.939241409301757812 10.832732200622558594 17.212583541870117188 18.103010177612304688 17.372081756591796875 17.887159347534179688 18.481500625610351562 17.981962203979492188 18.52362823486328125 18.754110336303710938 -9999 17.103975296020507812 18.402164459228515625 18.386651992797851562 19.191162109375 18.596860885620117188 18.436246871948242188 21.293735504150390625 22.417432785034179688 18.882282257080078125 11.8204803466796875 11.9139556884765625 12.068811416625976562 4.469547271728515625 9.9721193313598632812 13.014754295349121094 15.424678802490234375 10.655598640441894531 9.2600927352905273438 15.225985527038574219
6.1243405342102050781 9.0842199325561523438 10.164258003234863281 13.924008369445800781 18.219799041748046875 13.490764617919921875 14.019104957580566406 18.897932052612304688 21.328908920288085938 19.991313934326171875 19.957477569580078125 17.264539718627929688 14.952851295471191406 6.3868551254272460938 9.95423126220703125 5.2572951316833496094 10.525372505187988281 11.852196693420410156 12.900277137756347656 12.313588142395019531 17.402294158935546875 18.57170867919921875 16.09702301025390625 16.515741348266601562 16.939867019653320312 18.630615234375 16.06877899169921875 19.013792037963867188 19.740428924560546875 20.317005157470703125 18.65514373779296875 17.537994384765625 18.471956253051757812 18.968362808227539062 9.346660614013671875 15.942071914672851562 16.335203170776367188 20.133455276489257812 21.78836822509765625 13.854029655456542969 14.01912689208984375 16.41724395751953125 8.4277315139770507812 12.559835433959960938 11.504620552062988281 11.496483802795410156 13.187183380126953125 11.209743499755859375 9.9679708480834960938
-9999 9.9412622451782226562 12.480267524719238281 14.734503746032714844 15.274510383605957031 15.446672439575195312 16.55498504638671875 17.114788055419921875 20.019525527954101562 13.989525794982910156 14.964719772338867188 11.723017692565917969 16.543819427490234375 13.702220916748046875 8.7913808822631835938 5.0373129844665527344 8.0326032638549804688 11.004841804504394531 12.371953010559082031 13.238596916198730469 16.097341537475585938 19.299058914184570312 16.452100753784179688 18.9155120849609375 17.462350845336914062 16.973796844482421875 11.001717567443847656 17.371690750122070312 19.827013015747070312 20.774776458740234375 19.610010147094726562 19.538341522216796875 17.229747772216796875 19.234405517578125 17.509845733642578125 16.10172271728515625 13.303476333618164062 17.245409011840820312 23.629041671752929688 20.102460861206054688 16.625146865844726562 14.857702255249023438 14.925940513610839844 13.566898345947265625 14.239930152893066406 10.654297828674316406 9.2927350997924804688 9.6660070419311523438 10.508662223815917969
-9999 -9999 12.8637542724609375 12.120659828186035156 8.2640438079833984375 7.7559528350830078125 6.1947159767150878906 13.302596092224121094 10.800658226013183594 8.6995553970336914062 9.069103240966796875 6.831279754638671875 9.748928070068359375 5.3888726234436035156 3.9125814437866210938 7.8099236488342285156 8.6808567047119140625 11.228377342224121094 14.027939796447753906 16.933441162109375 13.347708702087402344 17.497369766235351562 19.515226364135742188 19.372711181640625 17.210941314697265625 14.866115570068359375 15.982542037963867188 15.499486923217773438 16.890195846557617188 18.203123092651367188 17.111879348754882812 20.496532440185546875 17.819507598876953125 16.15198516845703125 17.45867919921875 16.143795013427734375 12.702988624572753906 15.8867034912109375 21.400529861450195312 18.511182785034179688 21.090562820434570312 12.613221168518066406 12.5342254638671875 16.326137542724609375 13.185465812683105469 16.319789886474609375 9.5955104827880859375 13.30074310302734375 8.6235561370849609375
-9999 -9999 6.6669464111328125 11.411287307739257812 2.9719152450561523438 14.583280563354492188 11.063057899475097656 8.2066850662231445312 8.8688249588012695312 12.66059112548828125 14.970500946044921875 12.945629119873046875 6.8098368644714355469 3.5318574905395507812 4.9260039329528808594 10.452855110168457031 13.036206245422363281 17.69147491455078125 17.21004486083984375 18.602451324462890625 16.26480865478515625 17.563547134399414062 18.47925567626953125 16.049114227294921875 18.90879058837890625 17.067605972290039062 17.746978759765625 15.034016609191894531 13.60909271240234375 14.928509712219238281 15.964242935180664062 19.083393096923828125 19.582706451416015625 16.373752593994140625 16.201005935668945312 17.938459396362304688 15.263308525085449219 17.050594329833984375 19.801816940307617188 17.054376602172851562 18.1876678466796875 14.038056373596191406 12.756196022033691406 15.14134979248046875 17.953927993774414062 18.131282806396484375 5.3459792137145996094 11.855981826782226562 11.052632331848144531
-9999 -9999 -9999 13.103047370910644531 -9999 -9999 11.826804161071777344 9.4916629791259765625 11.35074615478515625 13.589556694030761719 10.518727302551269531 13.302625656127929688 8.8681592941284179688 7.9131464958190917969 8.9986658096313476562 11.793826103210449219 14.063844680786132812 13.230185508728027344 11.026246070861816406 9.04583740234375 17.731542587280273438 19.223569869995117188 19.686794281005859375 20.566892623901367188 19.930120468139648438 20.033138275146484375 19.644777297973632812 16.436475753784179688 15.402645111083984375 12.155133247375488281 17.547170639038085938 18.039846420288085938 19.680755615234375 17.477029800415039062 16.700836181640625 17.71320343017578125 18.463418960571289062 17.498027801513671875 19.17122650146484375 18.130483627319335938 16.940362930297851562 9.5908069610595703125 16.107593536376953125 14.846358299255371094 16.685108184814453125 13.890890121459960938 5.6449084281921386719 14.332263946533203125 13.80411529541015625
-9999 -9999 -9999 -9999 -9999 -9999 -9999 -9999 -9999 8.4930677413940429688 8.4693737030029296875 11.053333282470703125 14.336408615112304688 8.4796552658081054688 8.9220914840698242188 13.131459236145019531 8.9796428680419921875 9.078586578369140625 10.638859748840332031 9.022930145263671875 19.689311981201171875 18.602870941162109375 18.934938430786132812 19.901775360107421875 19.085969924926757812 18.289957046508789062 15.024188041687011719 18.0929412841796875 15.553680419921875 14.400765419006347656 12.604100227355957031 15.000420570373535156 14.496463775634765625 15.962390899658203125 18.371616363525390625 18.384952545166015625 18.099683761596679688 18.256525039672851562 17.3359527587890625 19.10301971435546875 16.448587417602539062 8.4722509384155273438 11.193889617919921875 6.5989499092102050781 4.6580843925476074219 3.1405932903289794922 0.71016693115234375 11.641154289245605469 9.1619119644165039062
-9999 -9999 -9999 -9999 -9999 -9999 -9999 -9999 -9999 9.405727386474609375 7.6035656929016113281 9.2029743194580078125 12.361051559448242188 11.437506675720214844 13.335126876831054688 12.184625625610351562 8.3026704788208007812 16.660236358642578125 12.606817245483398438 6.0294971466064453125 13.097266197204589844 19.892429351806640625 20.295469284057617188 19.15274810791015625 20.524082183837890625 20.253519058227539062 13.725398063659667969 17.587947845458984375 16.759220123291015625 15.653382301330566406 16.761760711669921875 9.9266862869262695312 9.9718141555786132812 13.715114593505859375 15.255397796630859375 18.479707717895507812 18.345874786376953125 18.77889251708984375 15.641401290893554688 16.23918914794921875 15.108921051025390625 11.607239723205566406 3.8022515773773193359 5.5981831550598144531 5.2810544967651367188 0.7603619694709777832 3.8137037754058837891 15.033356666564941406 15.964346885681152344
-9999 -9999 -9999 -9999 -9999 -9999 -9999 -9999 -9999 13.188662528991699219 8.5659074783325195312 11.05055999755859375 8.5744962692260742188 14.458138465881347656 11.649112701416015625 11.620213508605957031 13.474110603332519531 15.6988067626953125 6.7009835243225097656 8.5397386550903320312 9.1179742813110351562 20.292001724243164062 21.548395156860351562 19.218736648559570312 21.096698760986328125 22.482522964477539062 21.342437744140625 19.604488372802734375 17.877256393432617188 16.904781341552734375 17.688556671142578125 15.281640052795410156 15.829742431640625 16.238525390625 13.866575241088867188 17.672794342041015625 17.063589096069335938 14.293668746948242188 7.3396425247192382812 10.675809860229492188 9.7967052459716796875 0.59619361162185668945 5.2256979942321777344 13.376008033752441406 13.624360084533691406 14.544450759887695312 13.364638328552246094 12.043978691101074219 14.309225082397460938
-9999 -9999 -9999 -9999 -9999 -9999 -9999 -9999 -9999 15.601831436157226562 12.7216339111328125 14.467640876770019531 16.673540115356445312 13.328449249267578125 12.527194023132324219 8.2631692886352539062 12.66397857666015625 18.15506744384765625 17.053281784057617188 7.0206875801086425781 12.26953125 19.143568038940429688 9.9983854293823242188 5.4372587203979492188 15.705216407775878906 19.817762374877929688 20.101642608642578125 21.3165740966796875 16.630794525146484375 15.991284370422363281 18.752218246459960938 15.798023223876953125 16.743982315063476562 16.262075424194335938 13.224259376525878906 17.871120452880859375 12.6379241943359375 8.8964910507202148438 8.6770172119140625 10.311397552490234375 10.086977958679199219 5.253330230712890625 7.8503856658935546875 11.185331344604492188 12.536043167114257812 9.2098979949951171875 7.8278169631958007812 12.979876518249511719 12.1054534912109375
-9999 -9999 -9999 -9999 -9999 -9999 -9999 -9999 -9999 -9999 16.813243865966796875 14.9522247314453125 13.470159530639648438 12.269151687622070312 10.119449615478515625 12.220961570739746094 13.960118293762207031 15.454019546508789062 19.41666412353515625 13.467603683471679688 13.085600852966308594 4.0608935356140136719 4.7617235183715820312 2.4657218456268310547 2.5109460353851318359 11.542889595031738281 11.599640846252441406 12.613821983337402344 16.559823989868164062 17.715559005737304688 19.910688400268554688 19.734432220458984375 20.140680313110351562 15.7088623046875 15.258575439453125 12.65821075439453125 9.2335615158081054688 5.9357967376708984375 10.039862632751464844 5.7342863082885742188 8.9387865066528320312 11.399627685546875 8.05516815185546875 8.9887876510620117188 8.018901824951171875 3.0851969718933105469 9.8943462371826171875 10.010128974914550781 7.9335255622863769531
-9999 -9999 -9999 -9999 -9999 -9999 -9999 -9999 -9999 -9999 -9999 -9999 15.137882232666015625 12.837950706481933594 8.3813714981079101562 6.6133832931518554688 12.289386749267578125 18.561000823974609375 21.275848388671875 17.200468063354492188 13.712049484252929688 11.040646553039550781 12.1778106689453125 12.394211769104003906 5.2451939582824707031 13.391810417175292969 13.670116424560546875 7.857410430908203125 8.333255767822265625 15.263378143310546875 18.767030715942382812 20.979074478149414062 18.658029556274414062 16.04592132568359375 16.090572357177734375 15.926939964294433594 15.068266868591308594 15.497684478759765625 16.76584625244140625 12.855820655822753906 16.075277328491210938 11.784562110900878906 11.450688362121582031 9.73537445068359375 8.4785432815551757812 4.3460154533386230469 10.143269538879394531 11.997574806213378906 12.065143585205078125
-9999 -9999 -9999 -9999 -9999 -9999 -9999 -9999 -9999 -9999 -9999 -9999 -9999 -9999 -9999 -9999 -9999 16.257549285888671875 14.419989585876464844 17.50148773193359375 15.471160888671875 5.1488814353942871094 12.697052955627441406 16.947858810424804688 13.750500679016113281 15.160433769226074219 12.669844627380371094 14.725472450256347656 14.876432418823242188 13.548336029052734375 9.9861507415771484375 17.00390625 17.584398269653320312 16.3920440673828125 7.4909043312072753906 8.0309505462646484375 13.317267417907714844 21.877429962158203125 20.4840850830078125 19.3735198974609375 17.265211105346679688 16.846149444580078125 13.703295707702636719 15.084398269653320312 8.3929777145385742188 3.4491302967071533203 9.8464193344116210938 13.315276145935058594 12.221666336059570312
-9999 -9999 -9999 -9999 -9999 -9999 -9999 -9999 -9999 -9999 -9999 -9999 -9999 -9999 -9999 -9999 -9999 -9999 -9999 -9999 14.716359138488769531 14.133832931518554688 14.5338134765625 12.450376510620117188 10.615535736083984375 15.157001495361328125 13.753202438354492188 15.4243011474609375 15.8187103271484375 15.670257568359375 11.558539390563964844 9.9992313385009765625 12.482275962829589844 14.829631805419921875 11.401207923889160156 0.054532431066036224365 5.0929541587829589844 6.2907648086547851562 16.089303970336914062 20.451755523681640625 19.115636825561523438 18.303823471069335938 17.768171310424804688 16.622163772583007812 13.820367813110351562 11.75078582763671875 8.472301483154296875 11.892163276672363281 13.264081954956054688
-9999 -9999 -9999 -9999 -9999 -9999 -9999 -9999 -9999 -9999 -9999 -9999 -9999 -9999 -9999 -9999 -9999 -9999 -9999 -9999 -9999 -9999 16.316167831420898438 15.284472465515136719 15.066934585571289062 14.570656776428222656 16.344556808471679688 16.70417022705078125 15.807981491088867188 14.539951324462890625 13.494901657104492188 9.1906719207763671875 12.353954315185546875 15.681652069091796875 16.353986740112304688 15.643441200256347656 14.744969367980957031 14.539836883544921875 12.972680091857910156 14.269877433776855469 21.9667816162109375 19.260633468627929688 19.19982147216796875 12.880145072937011719 12.093536376953125 12.564838409423828125 8.0846462249755859375 8.2993955612182617188 13.964522361755371094
