gis/160m/canopy_height.asc
ncols        64
nrows        71
xllcorner    726726.000000000000
yllcorner    7127190.000000000000
cellsize     160.000000000000
NODATA_value -9999
[rows 0 to 21 of 71, columns 0 to 48 of 64]
-9999.0 -9999 -9999 -9999 -9999 -9999 -9999 -9999 -9999 -9999 -9999 -9999 -9999 -9999 -9999 -9999 -9999 -9999 -9999 -9999 -9999 -9999 -9999 -9999 -9999 -9999 -9999 -9999 -9999 -9999 -9999 -9999 6.3055477142333984375 4.4458775520324707031 13.84877777099609375 14.0479736328125 15.680791854858398438 -9999 -9999 -9999 -9999 -9999 -9999 -9999 -9999 -9999 -9999 -9999 -9999
-9999 -9999 -9999 -9999 -9999 -9999 -9999 -9999 -9999 -9999 -9999 -9999 -9999 -9999 -9999 -9999 -9999 -9999 -9999 -9999 -9999 -9999 -9999 -9999 -9999 -9999 -9999 -9999 7.13838958740234375 7.2926821708679199219 9.3642740249633789062 5.5074625015258789062 5.6492452621459960938 7.4055657386779785156 7.7688884735107421875 13.620975494384765625 12.950432777404785156 -9999 -9999 -9999 -9999 -9999 -9999 -9999 -9999 -9999 -9999 -9999 -9999
-9999 -9999 -9999 -9999 -9999 -9999 -9999 -9999 -9999 -9999 -9999 -9999 -9999 -9999 -9999 -9999 -9999 -9999 -9999 -9999 -9999 -9999 -9999 -9999 -9999 -9999 11.828276634216308594 16.674373626708984375 8.599712371826171875 7.2553200721740722656 5.8093266487121582031 3.8729455471038818359 7.0659627914428710938 12.112974166870117188 7.0779352188110351562 6.9550123214721679688 13.097945213317871094 13.779198646545410156 7.4597439765930175781 -9999 5.9794244766235351562 10.760776519775390625 16.050960540771484375 11.376047134399414062 6.831180572509765625 -9999 -9999 -9999 -9999
-9999 -9999 -9999 -9999 -9999 -9999 -9999 -9999 -9999 -9999 -9999 -9999 -9999 -9999 -9999 -9999 -9999 -9999 -9999 -9999 -9999 -9999 -9999 -9999 -9999 -9999 -9999 7.8951578140258789062 5.5314722061157226562 8.61019134521484375 8.8276700973510742188 7.6656384468078613281 6.5126881599426269531 8.4631948471069335938 11.287505149841308594 5.8980221748352050781 9.8436365127563476562 13.3118133544921875 9.96402740478515625 4.8225994110107421875 4.7160778045654296875 8.351619720458984375 14.53131866455078125 11.017477989196777344 5.8503127098083496094 7.2579684257507324219 8.2541131973266601562 10.089429855346679688 10.835026741027832031
-9999 -9999 -9999 -9999 -9999 -9999 -9999 -9999 -9999 -9999 -9999 -9999 -9999 -9999 -9999 -9999 -9999 -9999 -9999 -9999 18.563535690307617188 -9999 -9999 4.1815218925476074219 4.6177077293395996094 10.631651878356933594 4.9415636062622070312 4.64113616943359375 6.2784214019775390625 5.7434797286987304688 9.2142333984375 9.145114898681640625 9.073398590087890625 11.50909423828125 12.594987869262695312 13.96208953857421875 13.775574684143066406 15.440523147583007812 8.405483245849609375 4.7324433326721191406 10.576459884643554688 17.626825332641601562 15.75916290283203125 10.610067367553710938 7.3594980239868164062 2.5432367324829101562 6.7492642402648925781 10.212149620056152344 9.7153987884521484375
-9999 -9999 -9999 -9999 -9999 -9999 -9999 -9999 -9999 -9999 -9999 -9999 -9999 -9999 -9999 -9999 -9999 -9999 7.9238829612731933594 11.683623313903808594 13.020588874816894531 16.779209136962890625 11.383887290954589844 14.924475669860839844 14.088734626770019531 14.398222923278808594 8.9160747528076171875 5.3312692642211914062 6.2109141349792480469 11.434167861938476562 14.613895416259765625 16.791784286499023438 3.1263911724090576172 7.1044454574584960938 12.395583152770996094 11.74127960205078125 13.383006095886230469 16.144155502319335938 15.951930046081542969 5.1302266120910644531 7.4920144081115722656 6.9496121406555175781 10.875994682312011719 10.771576881408691406 6.8948259353637695312 0.76911729574203491211 10.875080108642578125 12.905200004577636719 10.145708084106445312
-9999 -9999 -9999 -9999 -9999 -9999 -9999 -9999 -9999 -9999 -9999 -9999 -9999 -9999 -9999 -9999 -9999 -9999 15.976743698120117188 16.346601486206054688 12.750530242919921875 7.2810654640197753906 8.9730167388916015625 2.9385638236999511719 10.050716400146484375 9.7833080291748046875 14.284809112548828125 7.6154642105102539062 10.364034652709960938 15.502028465270996094 13.600090980529785156 14.145437240600585938 12.804193496704101562 10.851528167724609375 8.413135528564453125 12.494040489196777344 12.666179656982421875 10.373565673828125 14.797085762023925781 9.6567869186401367188 8.5923662185668945312 5.3814182281494140625 7.0750589370727539062 6.1828527450561523438 7.2729558944702148438 6.9249815940856933594 8.00936126708984375 5.56317901611328125 6.7472281455993652344
-9999 -9999 -9999 -9999 -9999 -9999 -9999 -9999 -9999 -9999 -9999 -9999 -9999 -9999 -9999 -9999 -9999 9.1531324386596679688 14.828985214233398438 16.996171951293945312 16.987260818481445312 8.898555755615234375 7.0806927680969238281 4.8675837516784667969 8.3452014923095703125 9.7290658950805664062 15.597320556640625 7.5944461822509765625 13.029055595397949219 15.196470260620117188 12.494912147521972656 17.322778701782226562 15.966370582580566406 14.223146438598632812 5.910327911376953125 5.5569500923156738281 10.326580047607421875 10.221309661865234375 16.626432418823242188 14.023203849792480469 16.108160018920898438 12.767995834350585938 10.065685272216796875 6.3345398902893066406 6.9636855125427246094 8.1812896728515625 6.1373167037963867188 4.5317697525024414062 5.0336198806762695312
-9999 -9999 -9999 -9999 -9999 -9999 -9999 -9999 -9999 -9999 -9999 -9999 -9999 -9999 -9999 5.4669275283813476562 6.0737104415893554688 4.7382326126098632812 9.2009487152099609375 14.096348762512207031 17.704095840454101562 11.164280891418457031 4.011150360107421875 5.5453200340270996094 8.8886890411376953125 13.65219879150390625 13.190182685852050781 13.18500518798828125 15.650202751159667969 7.5283598899841308594 3.9211084842681884766 10.06560516357421875 17.662279129028320312 15.708477973937988281 8.6784811019897460938 2.5863873958587646484 9.0646715164184570312 4.3863978385925292969 15.470503807067871094 14.807050704956054688 14.053992271423339844 10.684229850769042969 8.3883943557739257812 8.7468671798706054688 9.1241626739501953125 8.254726409912109375 6.9768114089965820312 5.2200274467468261719 3.7993495464324951172
-9999 -9999 -9999 -9999 -9999 -9999 -9999 -9999 -9999 -9999 -9999 -9999 -9999 -9999 16.5223541259765625 18.137744903564453125 7.4295568466186523438 4.1015915870666503906 9.1381406784057617188 13.53778839111328125 15.613738059997558594 14.539883613586425781 7.1142325401306152344 5.3367943763732910156 9.835693359375 12.069515228271484375 15.000828742980957031 11.6163330078125 4.9549565315246582031 6.16002655029296875 7.0848445892333984375 5.4731011390686035156 13.998392105102539062 18.416486740112304688 16.451292037963867188 8.1901216506958007812 3.6440594196319580078 4.5547132492065429688 12.96263885498046875 15.547677993774414062 14.067952156066894531 7.80934906005859375 8.0694036483764648438 8.8470172882080078125 6.5578155517578125 9.4747838973999023438 5.4367403984069824219 4.3722820281982421875 1.324795842170715332
-9999 -9999 -9999 -9999 -9999 -9999 -9999 -9999 -9999 -9999 -9999 -9999 -9999 -9999 11.673494338989257812 14.383276939392089844 8.2773237228393554688 5.9866847991943359375 11.523421287536621094 11.260395050048828125 13.337627410888671875 8.9967498779296875 5.652095794677734375 5.6798605918884277344 3.4012844562530517578 7.3978824615478515625 4.2206845283508300781 9.9122629165649414062 12.365496635437011719 6.2734675407409667969 6.6475467681884765625 13.652862548828125 12.659430503845214844 10.914937973022460938 9.488452911376953125 11.436370849609375 9.3329868316650390625 0.75407165288925170898 6.2897124290466308594 11.202234268188476562 11.176317214965820312 7.6141834259033203125 7.9155750274658203125 8.0433759689331054688 8.8511190414428710938 11.180344581604003906 5.2947564125061035156 10.178556442260742188 4.4629764556884765625
-9999 -9999 -9999 -9999 -9999 -9999 -9999 -9999 -9999 -9999 -9999 -9999 -9999 -9999 10.023174285888671875 7.7585239410400390625 8.2104082107543945312 7.6903738975524902344 12.866649627685546875 15.436647415161132812 10.537692070007324219 6.8916978836059570312 10.716177940368652344 11.186305046081542969 6.5067820549011230469 9.5262813568115234375 6.72464752197265625 2.0147697925567626953 9.1105890274047851562 9.9920320510864257812 4.9660544395446777344 10.204495429992675781 14.37116241455078125 18.716878890991210938 18.2260894775390625 15.672371864318847656 12.893517494201660156 13.165296554565429688 3.5532987117767333984 7.0388860702514648438 3.2314748764038085938 3.0766997337341308594 5.5703592300415039062 1.8692728281021118164 6.3513822555541992188 7.2531785964965820312 6.0871443748474121094 14.179426193237304688 8.3291635513305664062
-9999 -9999 -9999 -9999 -9999 -9999 -9999 -9999 -9999 -9999 -9999 -9999 -9999 -9999 -9999 13.17502593994140625 10.602751731872558594 9.9876737594604492188 9.1609544754028320312 16.792413711547851562 11.706193923950195312 10.880544662475585938 12.91363525390625 9.0403766632080078125 11.16201019287109375 4.6799306869506835938 4.3641681671142578125 7.0473451614379882812 10.142322540283203125 14.639349937438964844 11.48934173583984375 14.905238151550292969 15.404269218444824219 15.824291229248046875 14.037186622619628906 11.738276481628417969 13.816778182983398438 17.875324249267578125 15.592871665954589844 16.761749267578125 8.2195978164672851562 3.3107202053070068359 5.6043620109558105469 3.2135407924652099609 8.2139692306518554688 6.4456839561462402344 6.8108716011047363281 13.759282112121582031 11.339467048645019531
-9999 -9999 -9999 -9999 -9999 -9999 -9999 -9999 -9999 -9999 -9999 -9999 -9999 -9999 -9999 11.559937477111816406 12.02994537353515625 11.164319992065429688 10.0366668701171875 11.870631217956542969 14.237463951110839844 7.3254551887512207031 6.91309356689453125 14.857378959655761719 17.698390960693359375 16.300416946411132812 16.528690338134765625 16.637126922607421875 17.827362060546875 16.638072967529296875 8.2629404067993164062 14.89046478271484375 15.591485023498535156 14.800997734069824219 12.863901138305664062 3.9025132656097412109 5.4652557373046875 7.94412994384765625 16.49025726318359375 18.188848495483398438 12.918416023254394531 6.3626322746276855469 3.3809292316436767578 2.7665526866912841797 13.975939750671386719 13.8977813720703125 7.6550517082214355469 7.7222971916198730469 6.8877072334289550781
-9999 -9999 -9999 -9999 -9999 -9999 -9999 -9999 -9999 -9999 -9999 -9999 -9999 -9999 -9999 -9999 -9999 14.897005081176757812 15.979404449462890625 13.792394638061523438 8.6630706787109375 11.833741188049316406 2.3000640869140625 13.151804924011230469 15.063671112060546875 16.8952789306640625 18.07651519775390625 16.952047348022460938 15.253351211547851562 17.523792266845703125 12.079931259155273438 14.893250465393066406 14.962158203125 15.641544342041015625 7.9635457992553710938 2.6848340034484863281 2.9587788581848144531 7.2468318939208984375 13.822948455810546875 6.2950863838195800781 10.221360206604003906 6.5791749954223632812 5.3310723304748535156 6.9840655326843261719 13.824221611022949219 15.542080879211425781 13.702424049377441406 5.9457197189331054688 2.0485219955444335938
-9999 -9999 -9999 -9999 -9999 18.083028793334960938 -9999 -9999 -9999 -9999 -9999 -9999 -9999 -9999 -9999 -9999 -9999 13.100923538208007812 9.5669307708740234375 7.8470044136047363281 15.69817352294921875 14.4445953369140625 8.0035028457641601562 7.5748829841613769531 17.031690597534179688 16.188854217529296875 17.460401535034179688 18.339563369750976562 12.529359817504882812 17.068569183349609375 16.509511947631835938 12.638018608093261719 13.960369110107421875 14.138612747192382812 9.7075262069702148438 8.8804492950439453125 2.3423979282379150391 5.0092778205871582031 9.7554044723510742188 9.028575897216796875 9.1033868789672851562 9.6033573150634765625 7.5454230308532714844 13.748959541320800781 12.364970207214355469 12.023871421813964844 10.718515396118164062 4.5631003379821777344 6.1105256080627441406
-9999 -9999 -9999 8.4713764190673828125 19.433687210083007812 18.029087066650390625 16.328144073486328125 -9999 -9999 -9999 -9999 -9999 -9999 -9999 -9999 -9999 10.944164276123046875 13.39870452880859375 4.4825696945190429688 9.5176563262939453125 10.635618209838867188 7.5285520553588867188 6.6071743965148925781 8.0014524459838867188 10.332209587097167969 7.3371095657348632812 15.447045326232910156 18.204774856567382812 13.504817008972167969 12.676965713500976562 15.912386894226074219 15.110405921936035156 11.264112472534179688 10.953542709350585938 10.5767669677734375 8.5941371917724609375 8.4261083602905273438 8.156787872314453125 10.389719963073730469 8.5909070968627929688 8.7753839492797851562 13.716574668884277344 14.11124420166015625 13.758708000183105469 12.878813743591308594 12.478841781616210938 5.6695985794067382812 1.9877151250839233398 3.5699546337127685547
-9999 -9999 -9999 -9999 7.6952190399169921875 17.460733413696289062 15.464682579040527344 -9999 -9999 -9999 -9999 -9999 -9999 -9999 -9999 -9999 14.656569480895996094 9.0011234283447265625 13.024404525756835938 12.613922119140625 14.789709091186523438 10.282401084899902344 8.5777788162231445312 9.935482025146484375 11.293542861938476562 11.806969642639160156 11.757711410522460938 15.820394515991210938 14.63726806640625 11.930432319641113281 14.42962646484375 16.544618606567382812 13.189863204956054688 9.7060079574584960938 11.109570503234863281 9.03539276123046875 9.7190122604370117188 9.1875209808349609375 8.347522735595703125 7.6979303359985351562 8.8184156417846679688 11.281152725219726562 12.94678497314453125 13.276167869567871094 7.9966740608215332031 9.2245044708251953125 12.764639854431152344 10.528341293334960938 4.9156298637390136719
-9999 -9999 -9999 -9999 2.5515804290771484375 7.765716552734375 13.318948745727539062 15.408528327941894531 13.97119903564453125 -9999 -9999 -9999 -9999 -9999 11.749538421630859375 7.6842064857482910156 7.1199088096618652344 7.5683684349060058594 11.537389755249023438 15.005831718444824219 7.7762789726257324219 13.423203468322753906 10.894637107849121094 12.632762908935546875 13.682490348815917969 13.325913429260253906 7.8560094833374023438 12.484485626220703125 17.292593002319335938 15.338171005249023438 14.008048057556152344 14.830577850341796875 16.426525115966796875 13.10500335693359375 14.75431060791015625 9.5011281967163085938 10.674287796020507812 10.984187126159667969 10.51490020751953125 8.494106292724609375 9.903362274169921875 7.3356871604919433594 11.502793312072753906 9.7329120635986328125 8.4114160537719726562 6.7361497879028320312 10.600474357604980469 11.39662933349609375 9.3164224624633789062
-9999 -9999 -9999 6.1135854721069335938 6.0488953590393066406 7.61237335205078125 10.365565299987792969 15.067577362060546875 13.391304969787597656 12.916928291320800781 15.119732856750488281 17.2684173583984375 11.865396499633789062 -9999 11.377926826477050781 8.9712238311767578125 10.570811271667480469 5.1911082267761230469 9.5729160308837890625 6.4609341621398925781 6.7488260269165039062 15.339848518371582031 12.804521560668945312 9.41291046142578125 14.575093269348144531 13.437937736511230469 12.876307487487792969 10.824543952941894531 15.904719352722167969 11.331952095031738281 12.306606292724609375 18.46537017822265625 18.918087005615234375 17.57530975341796875 16.509883880615234375 10.475405693054199219 10.9789886474609375 8.7154369354248046875 8.8576202392578125 12.564382553100585938 11.874381065368652344 13.027472496032714844 11.460735321044921875 6.978931427001953125 10.862024307250976562 2.7000849246978759766 9.3291406631469726562 11.868741989135742188 12.556382179260253906
-9999 -9999 2.7527709007263183594 4.5112538337707519531 3.2652068138122558594 8.037563323974609375 9.0404958724975585938 12.785657882690429688 9.0930242538452148438 10.366802215576171875 12.436675071716308594 13.452169418334960938 12.179683685302734375 15.943766593933105469 16.267810821533203125 12.287296295166015625 12.357526779174804688 9.8937177658081054688 9.8105640411376953125 6.9134507179260253906 13.465639114379882812 13.991701126098632812 4.9631285667419433594 3.5466339588165283203 8.4761190414428710938 6.5671515464782714844 8.6656408309936523438 13.734879493713378906 13.649618148803710938 8.2882528305053710938 13.914960861206054688 17.550535202026367188 15.500041007995605469 14.697271347045898438 16.578329086303710938 12.085650444030761719 12.298004150390625 16.3270416259765625 14.659519195556640625 11.159815788269042969 9.8922557830810546875 10.504262924194335938 11.196442604064941406 8.3217020034790039062 8.3099193572998046875 8.557643890380859375 5.0250964164733886719 6.3231081962585449219 13.460742950439453125
-9999 -9999 -9999 6.2936043739318847656 14.298539161682128906 17.343519210815429688 6.777088165283203125 10.069815635681152344 7.9409098625183105469 7.1527953147888183594 9.2533426284790039062 10.570187568664550781 11.39565277099609375 9.7133808135986328125 15.207571983337402344 14.820651054382324219 14.164594650268554688 15.7299957275390625 10.912272453308105469 11.077032089233398438 13.243784904479980469 10.973216056823730469 8.3221435546875 7.6114716529846191406 5.3846540451049804688 10.078295707702636719 7.3736629486083984375 6.8159031867980957031 14.121042251586914062 10.298017501831054688 8.5109415054321289062 14.618250846862792969 12.476159095764160156 15.084380149841308594 17.513944625854492188 17.470979690551757812 18.153074264526367188 17.717121124267578125 11.317009925842285156 11.288811683654785156 9.6422510147094726562 9.3697643280029296875 10.847695350646972656 9.399524688720703125 8.6318101882934570312 13.193021774291992188 15.591694831848144531 9.6090688705444335938 10.615047454833984375
