gis/160m/canopy_fraction.asc
ncols        64
nrows        71
xllcorner    726726.000000000000
yllcorner    7127190.000000000000
cellsize     160.000000000000
NODATA_value -9999
[rows 0 to 21 of 71, columns 0 to 47 of 64]
-9999.0 -9999 -9999 -9999 -9999 -9999 -9999 -9999 -9999 -9999 -9999 -9999 -9999 -9999 -9999 -9999 -9999 -9999 -9999 -9999 -9999 -9999 -9999 -9999 -9999 -9999 -9999 -9999 -9999 -9999 -9999 -9999 0.5136597752571105957 0.5784962773323059082 0.55000871419906616211 0.57460922002792358398 0.55905663967132568359 -9999 -9999 -9999 -9999 -9999 -9999 -9999 -9999 -9999 -9999 -9999
-9999 -9999 -9999 -9999 -9999 -9999 -9999 -9999 -9999 -9999 -9999 -9999 -9999 -9999 -9999 -9999 -9999 -9999 -9999 -9999 -9999 -9999 -9999 -9999 -9999 -9999 -9999 -9999 0.087983600795269012451 0.23585258424282073975 0.31003230810165405273 0.29831901192665100098 0.2051137387752532959 0.57962781190872192383 0.52508151531219482422 0.55143707990646362305 0.55274909734725952148 -9999 -9999 -9999 -9999 -9999 -9999 -9999 -9999 -9999 -9999 -9999
-9999 -9999 -9999 -9999 -9999 -9999 -9999 -9999 -9999 -9999 -9999 -9999 -9999 -9999 -9999 -9999 -9999 -9999 -9999 -9999 -9999 -9999 -9999 -9999 -9999 -9999 0.25101843476295471191 0.54368472099304199219 0.52405661344528198242 0.13492384552955627441 0.16958327591419219971 0.029812753200531005859 0.0049652373418211936951 0.34430447220802307129 0.61448931694030761719 0.64627128839492797852 0.58860296010971069336 0.42845246195793151855 0.033907402306795120239 -9999 0.089348040521144866943 0.30853626132011413574 0.59138703346252441406 0.43385303020477294922 0.20086406171321868896 -9999 -9999 -9999
-9999 -9999 -9999 -9999 -9999 -9999 -9999 -9999 -9999 -9999 -9999 -9999 -9999 -9999 -9999 -9999 -9999 -9999 -9999 -9999 -9999 -9999 -9999 -9999 -9999 -9999 -9999 0.11751989275217056274 0.074108958244323730469 0.21507264673709869385 0.39605230093002319336 0.21435399353504180908 0.069284796714782714844 0.18799710273742675781 0.56603354215621948242 0.58558416366577148438 0.59143942594528198242 0.56787633895874023438 0.26139530539512634277 0.046901479363441467285 0.032425999641418457031 0.29035681486129760742 0.60174965858459472656 0.39708462357521057129 0.062342926859855651855 0.12554785609245300293 0.28503251075744628906 0.47174605727195739746
-9999 -9999 -9999 -9999 -9999 -9999 -9999 -9999 -9999 -9999 -9999 -9999 -9999 -9999 -9999 -9999 -9999 -9999 -9999 -9999 0.6110928654670715332 -9999 -9999 0.13543839752674102783 0.10415320843458175659 0.27134031057357788086 0.10776235908269882202 0.2817986607551574707 0.20871551334857940674 0.41361591219902038574 0.34001114964485168457 0.30935680866241455078 0.11514711380004882812 0.16040821373462677002 0.5128307342529296875 0.5404141545295715332 0.58422702550888061523 0.59167265892028808594 0.40425276756286621094 0.090830028057098388672 0.31259584426879882812 0.6264412999153137207 0.59553736448287963867 0.22654379904270172119 0.093195579946041107178 0.078241899609565734863 0.18671397864818572998 0.41976478695869445801
-9999 -9999 -9999 -9999 -9999 -9999 -9999 -9999 -9999 -9999 -9999 -9999 -9999 -9999 -9999 -9999 -9999 -9999 0.22204799950122833252 0.33822131156921386719 0.33899340033531188965 0.59565854072570800781 0.4266414642333984375 0.50594419240951538086 0.54831343889236450195 0.58188223838806152344 0.097417943179607391357 0.19079564511775970459 0.17599779367446899414 0.28877550363540649414 0.44562235474586486816 0.68082213401794433594 0.20892404019832611084 0.16045512259006500244 0.54862254858016967773 0.55349141359329223633 0.60243576765060424805 0.58768993616104125977 0.60976731777191162109 0.34550753235816955566 0.17537431418895721436 0.18875497579574584961 0.30898657441139221191 0.20073750615119934082 0.086685441434383392334 0.012465672567486763 0.36602514982223510742 0.38250023126602172852
-9999 -9999 -9999 -9999 -9999 -9999 -9999 -9999 -9999 -9999 -9999 -9999 -9999 -9999 -9999 -9999 -9999 -9999 0.61468076705932617188 0.62649130821228027344 0.40006026625633239746 0.56535238027572631836 0.31778913736343383789 0.024976572021842002869 0.28257769346237182617 0.16566517949104309082 0.37673518061637878418 0.17885440587997436523 0.27948862314224243164 0.63489496707916259766 0.49733912944793701172 0.4265498816967010498 0.42952635884284973145 0.4173730313777923584 0.1586558222770690918 0.47061339020729064941 0.5337772369384765625 0.56595683097839355469 0.54511725902557373047 0.45688715577125549316 0.17014454305171966553 0.067194811999797821045 0.093146286904811859131 0.07998456805944442749 0.073465920984745025635 0.08670470118522644043 0.16760364174842834473 0.045245796442031860352
-9999 -9999 -9999 -9999 -9999 -9999 -9999 -9999 -9999 -9999 -9999 -9999 -9999 -9999 -9999 -9999 -9999 0.21822008490562438965 0.62222391366958618164 0.61207610368728637695 0.5860989689826965332 0.40857452154159545898 0.25576722621917724609 0.23045507073402404785 0.30107086896896362305 0.13038145005702972412 0.52068156003952026367 0.11128488928079605103 0.48342686891555786133 0.49101367592811584473 0.37993550300598144531 0.6294345855712890625 0.63173264265060424805 0.56589376926422119141 0.081811413168907165527 0.1461305767297744751 0.17673844099044799805 0.52071034908294677734 0.61283034086227416992 0.58985656499862670898 0.5999495387077331543 0.40696391463279724121 0.23718403279781341553 0.084514997899532318115 0.02553562261164188385 0.068412512540817260742 0.047042962163686752319 0.024933276697993278503
-9999 -9999 -9999 -9999 -9999 -9999 -9999 -9999 -9999 -9999 -9999 -9999 -9999 -9999 -9999 0.72345769405364990234 0.53225368261337280273 0.07020734250545501709 0.2402683943510055542 0.46926981210708618164 0.61604338884353637695 0.29627677798271179199 0.48019561171531677246 0.43359300494194030762 0.23866257071495056152 0.52278470993041992188 0.41174870729446411133 0.4118728339672088623 0.61312055587768554688 0.092122510075569152832 0.013574729673564434052 0.28853854537010192871 0.58463436365127563477 0.61964553594589233398 0.28402587771415710449 0.0018482521409168839455 0.13921572268009185791 0.48577985167503356934 0.61391407251358032227 0.60626256465911865234 0.55516338348388671875 0.49396675825119018555 0.38488167524337768555 0.24705450236797332764 0.14455164968967437744 0.22444398701190948486 0.052508190274238586426 0.25201711058616638184
-9999 -9999 -9999 -9999 -9999 -9999 -9999 -9999 -9999 -9999 -9999 -9999 -9999 -9999 0.64205747842788696289 0.69742667675018310547 0.71710407733917236328 0.61050003767013549805 0.12415663152933120728 0.40900063514709472656 0.57385373115539550781 0.52919405698776245117 0.064934268593788146973 0.26282343268394470215 0.47071748971939086914 0.63025248050689697266 0.61507314443588256836 0.37656363844871520996 0.12050951272249221802 0.11881051212549209595 0.10993414372205734253 0.010861669667065143585 0.37029549479484558105 0.65245443582534790039 0.53522932529449462891 0.15195995569229125977 0.0065090893767774105072 0.057091873139142990112 0.55710101127624511719 0.63434505462646484375 0.5389207005500793457 0.43807134032249450684 0.43964597582817077637 0.45747128129005432129 0.16829374432563781738 0.24681390821933746338 0.015168583951890468597 0.29117688536643981934
-9999 -9999 -9999 -9999 -9999 -9999 -9999 -9999 -9999 -9999 -9999 -9999 -9999 -9999 0.40146738290786743164 0.59101504087448120117 0.57068747282028198242 0.4957103431224822998 0.59739440679550170898 0.21025772392749786377 0.55032962560653686523 0.29606077075004577637 0.034982029348611831665 0.039711732417345046997 0 0.41769427061080932617 0.64244669675827026367 0.6202754974365234375 0.45920640230178833008 0.14803007245063781738 0.11618210375308990479 0.39504632353782653809 0.43456003069877624512 0.32507520914077758789 0.19737701117992401123 0.31277936697006225586 0.16660414636135101318 0 0.14065775275230407715 0.39417007565498352051 0.3909511864185333252 0.33800733089447021484 0.36860606074333190918 0.38280180096626281738 0.45018717646598815918 0.28673192858695983887 0.031957454979419708252 0.36281403899192810059
-9999 -9999 -9999 -9999 -9999 -9999 -9999 -9999 -9999 -9999 -9999 -9999 -9999 -9999 0.34714457392692565918 0.25095644593238830566 0.43858769536018371582 0.31918025016784667969 0.54403966665267944336 0.54200464487075805664 0.3095455169677734375 0.050941031426191329956 0.31992712616920471191 0.25987669825553894043 0.12006189674139022827 0.28428447246551513672 0.43903711438179016113 0.6441357731819152832 0.66022562980651855469 0.20287060737609863281 0.27903890609741210938 0.26408857107162475586 0.51816207170486450195 0.65629750490188598633 0.66505837440490722656 0.52070671319961547852 0.34049758315086364746 0.3291499018669128418 0.017698869109153747559 0.11806003749370574951 0.10057788342237472534 0.13914006948471069336 0.19577355682849884033 0.0578401908278465271 0.18333245813846588135 0.1519489288330078125 0.10854431986808776855 0.5702794194221496582
-9999 -9999 -9999 -9999 -9999 -9999 -9999 -9999 -9999 -9999 -9999 -9999 -9999 -9999 -9999 0.51557725667953491211 0.48782968521118164062 0.48129442334175109863 0.45335483551025390625 0.68254965543746948242 0.18717679381370544434 0.24493761360645294189 0.3570467531681060791 0.21889708936214447021 0.32217380404472351074 0.18852208554744720459 0.027293737977743148804 0.36262264847755432129 0.60129684209823608398 0.46061873435974121094 0.46587741374969482422 0.6525542140007019043 0.67669689655303955078 0.70225828886032104492 0.41767156124114990234 0.42035767436027526855 0.42775228619575500488 0.59029048681259155273 0.55391222238540649414 0.56989991664886474609 0.3231957554817199707 0.1184425652027130127 0.17367991805076599121 0.049229085445404052734 0.14743919670581817627 0.07211338728666305542 0.10605589300394058228 0.46403604745864868164
-9999 -9999 -9999 -9999 -9999 -9999 -9999 -9999 -9999 -9999 -9999 -9999 -9999 -9999 -9999 0.51431804895401000977 0.5165430903434753418 0.31259638071060180664 0.32802632451057434082 0.27251267433166503906 0.56676113605499267578 0.20934346318244934082 0.064871497452259063721 0.5062993168830871582 0.55288547277450561523 0.56849628686904907227 0.5640589594841003418 0.56034398078918457031 0.56823259592056274414 0.54051637649536132812 0.30089130997657775879 0.6394297480583190918 0.6726245880126953125 0.62261807918548583984 0.45248258113861083984 0.043748665601015090942 0.078225620090961456299 0.16757963597774505615 0.56490767002105712891 0.63840067386627197266 0.4444192349910736084 0.21688504517078399658 0.082661919295787811279 0.016245214268565177917 0.43440866470336914062 0.43387022614479064941 0.20297774672508239746 0.31931129097938537598
-9999 -9999 -9999 -9999 -9999 -9999 -9999 -9999 -9999 -9999 -9999 -9999 -9999 -9999 -9999 -9999 -9999 0.59479439258575439453 0.57635384798049926758 0.37519484758377075195 0.14956384897232055664 0.42579188942909240723 0.0069839651696383953094 0.43974417448043823242 0.5071290135383605957 0.60342192649841308594 0.59714978933334350586 0.4649283289909362793 0.42716911435127258301 0.58217328786849975586 0.38632854819297790527 0.57777452468872070312 0.64293336868286132812 0.64519965648651123047 0.34395828843116760254 0.11015443503856658936 0.017970507964491844177 0.10282724350690841675 0.38609927892684936523 0.069540761411190032959 0.46716192364692687988 0.1324946284294128418 0.17599184811115264893 0.29512396454811096191 0.56693446636199951172 0.6210358738899230957 0.61371999979019165039 0.66787481307983398438
-9999 -9999 -9999 -9999 -9999 0.5763238072395324707 -9999 -9999 -9999 -9999 -9999 -9999 -9999 -9999 -9999 -9999 -9999 0.4615923464298248291 0.55397784709930419922 0.35323435068130493164 0.59500426054000854492 0.45896226167678833008 0.14964851737022399902 0.2250280231237411499 0.49832639098167419434 0.59272795915603637695 0.5787709355354309082 0.5219478607177734375 0.19298598170280456543 0.53914397954940795898 0.63065981864929199219 0.48158735036849975586 0.65969079732894897461 0.60395109653472900391 0.56962388753890991211 0.43000403046607971191 0.041464347392320632935 0.078777544200420379639 0.20555268228054046631 0.2566490471363067627 0.56009578704833984375 0.24878540635108947754 0.13304021954536437988 0.47365069389343261719 0.54905897378921508789 0.57390308380126953125 0.71147328615188598633 0.72342520952224731445
-9999 -9999 -9999 0.13980914652347564697 0.63567364215850830078 0.59604144096374511719 0.57164174318313598633 -9999 -9999 -9999 -9999 -9999 -9999 -9999 -9999 -9999 0.25351029634475708008 0.41587021946907043457 0.27391955256462097168 0.43865498900413513184 0.4923877716064453125 0.1317170262336730957 0.11613936722278594971 0.13324555754661560059 0.27997812628746032715 0.10342161357402801514 0.52015197277069091797 0.60237008333206176758 0.38543140888214111328 0.34978458285331726074 0.59580504894256591797 0.505962371826171875 0.35844892263412475586 0.52638953924179077148 0.55429172515869140625 0.56261724233627319336 0.31408280134201049805 0.18096408247947692871 0.48518979549407958984 0.47313714027404785156 0.32643985748291015625 0.53936147689819335938 0.52251720428466796875 0.49272561073303222656 0.52505308389663696289 0.54558902978897094727 0.68748104572296142578 0.74141031503677368164
-9999 -9999 -9999 -9999 0.12382580339908599854 0.53862869739532470703 0.56711840629577636719 -9999 -9999 -9999 -9999 -9999 -9999 -9999 -9999 -9999 0.46512967348098754883 0.064568303525447845459 0.34310781955718994141 0.47200515866279602051 0.58545666933059692383 0.415470123291015625 0.20090766251087188721 0.2982635796070098877 0.38714504241943359375 0.30490434169769287109 0.31380203366279602051 0.60036289691925048828 0.449314117431640625 0.23170635104179382324 0.35969278216361999512 0.62088561058044433594 0.35414016246795654297 0.33606159687042236328 0.56729227304458618164 0.57779020071029663086 0.52558141946792602539 0.4720796048641204834 0.48795402050018310547 0.47175005078315734863 0.54140305519104003906 0.50303566455841064453 0.59751236438751220703 0.56563991308212280273 0.48363324999809265137 0.43181645870208740234 0.54061901569366455078 0.57418924570083618164
-9999 -9999 -9999 -9999 0.059590905904769897461 0.1601075977087020874 0.55761611461639404297 0.58231985569000244141 0.62340486049652099609 -9999 -9999 -9999 -9999 -9999 0.56575936079025268555 0.20118205249309539795 0.18593411147594451904 0.23990914225578308105 0.32661047577857971191 0.64382123947143554688 0.6602160334587097168 0.60440242290496826172 0.22798974812030792236 0.41856834292411804199 0.42718803882598876953 0.40666401386260986328 0.63599479198455810547 0.64207625389099121094 0.66370016336441040039 0.42404854297637939453 0.44189286231994628906 0.62650442123413085938 0.62351244688034057617 0.47314321994781494141 0.54802799224853515625 0.48102200031280517578 0.53172147274017333984 0.56875628232955932617 0.49958583712577819824 0.33824953436851501465 0.39050173759460449219 0.320590972900390625 0.4942175745964050293 0.42402306199073791504 0.34653675556182861328 0.32225185632705688477 0.49209707975387573242 0.5439847111701965332
-9999 -9999 -9999 0.10741033405065536499 0.088196285068988800049 0.1387440115213394165 0.37689125537872314453 0.52212673425674438477 0.55053633451461791992 0.56889337301254272461 0.59148657321929931641 0.58905166387557983398 0.42439898848533630371 -9999 0.38063108921051025391 0.23269326984882354736 0.27586424350738525391 0.12066688388586044312 0.59607774019241333008 0.67776238918304443359 0.67156207561492919922 0.53479051589965820312 0.30914947390556335449 0.13932758569717407227 0.52183896303176879883 0.51825213432312011719 0.59258061647415161133 0.64427685737609863281 0.59831595420837402344 0.31203985214233398438 0.19448228180408477783 0.63341504335403442383 0.64411336183547973633 0.64100021123886108398 0.61536955833435058594 0.18978998064994812012 0.32618656754493713379 0.44730359315872192383 0.41690912842750549316 0.53520762920379638672 0.54105776548385620117 0.56132668256759643555 0.56672763824462890625 0.40773320198059082031 0.36874419450759887695 0.26161605119705200195 0.38082405924797058105 0.51886582374572753906
-9999 -9999 0.65292507410049438477 0.32172873616218566895 0 0.3048426508903503418 0.44737011194229125977 0.45581927895545959473 0.33530190587043762207 0.37128093838691711426 0.51086050271987915039 0.56808364391326904297 0.54709064960479736328 0.56376236677169799805 0.57855552434921264648 0.39800703525543212891 0.44409921765327453613 0.20556302368640899658 0.45362451672554016113 0.62560904026031494141 0.633968353271484375 0.60048454999923706055 0.096380956470966339111 0 0.29475894570350646973 0.55177128314971923828 0.57314914464950561523 0.58613926172256469727 0.52922779321670532227 0.44327872991561889648 0.50059258937835693359 0.60356217622756958008 0.58523058891296386719 0.6247990727424621582 0.64381074905395507812 0.29546239972114562988 0.35876804590225219727 0.59520882368087768555 0.60379654169082641602 0.52088963985443115234 0.52878034114837646484 0.54806333780288696289 0.46535834670066833496 0.3414071202278137207 0.20644234120845794678 0.42610946297645568848 0.3047504425048828125 0.3322136998176574707
-9999 -9999 -9999 0.32216975092887878418 0.35539096593856811523 0.48601248860359191895 0.11782322824001312256 0.39879581332206726074 0.30086934566497802734 0.34898546338081359863 0.3952299952507019043 0.56195843219757080078 0.60912013053894042969 0.6221930384635925293 0.58837836980819702148 0.59106183052062988281 0.58986300230026245117 0.50189727544784545898 0.2472178339958190918 0.59029376506805419922 0.60010051727294921875 0.50742119550704956055 0.28959232568740844727 0.21117629110813140869 0.18083195388317108154 0.53258758783340454102 0.56619232892990112305 0.53466129302978515625 0.55577367544174194336 0.48419031500816345215 0.3729095458984375 0.5251553654670715332 0.50432741641998291016 0.59824234247207641602 0.64495372772216796875 0.63757503032684326172 0.67335188388824462891 0.64380890130996704102 0.51290100812911987305 0.53486841917037963867 0.33012238144874572754 0.45539882779121398926 0.55722695589065551758 0.35405531525611877441 0.35490646958351135254 0.51711457967758178711 0.50917124748229980469 0.40112763643264770508
