gis/160m/channels_depth.asc
ncols        64
nrows        71
xllcorner    726726.000000000000
yllcorner    7127190.000000000000
cellsize     160.000000000000
NODATA_value -9999
[rows 26 to 51 of 71, columns 0 to 58 of 64]
-9999 -9999 -9999 -9999 -2.245635986328125 -11.40185546875 -9999 -9999 -7.856231689453125 -4.6494140625 -8.36773681640625 -15 -9.1490631103515625 -14.594329833984375 -9999 -9999 -9999 -4.7373046875 -5.581573486328125 -10.6876220703125 -8.111297607421875 -4.346466064453125 -13.831085205078125 -9999 -5.211944580078125 -10.426483154296875 -9999 -7.80999755859375 -8.3555908203125 -9999 -9999 -4.73211669921875 -1.5902252197265625 -9.336212158203125 -9999 -9999 -7.03302001953125 -5.5888671875 -15 -9999 -9999 -12.334503173828125 -3.7635498046875 -8.5458984375 -2.3369140625 -9.142425537109375 -7.7037200927734375 -5.7149505615234375 -8.6762847900390625 -9999 0 -1.2027435302734375 -2.35589599609375 -8.376953125 -7.99176025390625 -3.582366943359375 -5.9171142578125 -9999 -9999
-9999 -9999 -8.976593017578125 -10.1672821044921875 -9999 -10.72540283203125 -9999 -9999 -9999 -9999 -9.53143310546875 -10.825439453125 -14.1800079345703125 -7.0234222412109375 -9999 -9999 -3.06549072265625 -5.93670654296875 -5.07208251953125 -0.577056884765625 -9.18182373046875 -9999 -8.64678955078125 -15 -8.281219482421875 -5.6865081787109375 -12.875518798828125 -5.75042724609375 -6.397125244140625 -9999 -2.718902587890625 -5.608062744140625 -6.8603363037109375 0 -8.111572265625 -9999 -3.263275146484375 -5.734710693359375 -8.743560791015625 -9999 -9999 -9999 -7.617950439453125 -12.070648193359375 -8.943359375 -9.363250732421875 -4.670440673828125 -4.13824462890625 -6.419952392578125 0 -6.9802093505859375 -6.2973480224609375 -2.289337158203125 -2.451019287109375 -3.6528167724609375 -6.125762939453125 -7.418304443359375 -4.749481201171875 -15
-9999 -15 -9999 -14.0334014892578125 0 -8.61322021484375 -4.0735626220703125 -7.4651031494140625 -9999 -9999 -2.7755126953125 -9999 -15 -6.84722900390625 -9999 -9999 -9999 -6.012725830078125 -5.22479248046875 -10.068450927734375 -11.267669677734375 -9999 -9999 -10.9465484619140625 -14.4168701171875 -7.465301513671875 -7.683807373046875 -9999 -5.97784423828125 -9999 -3.6390838623046875 -2.1065521240234375 -6.9061737060546875 -10.5370025634765625 -6.2340850830078125 -9999 -8.3536224365234375 -6.934173583984375 -8.8479461669921875 -9999 -9999 -9999 -9999 -0.516204833984375 -9999 -4.9207916259765625 -7.354736328125 -5.0324249267578125 -7.2115325927734375 -5.8603668212890625 -9.7091827392578125 -5.40057373046875 -2.782623291015625 -2.33038330078125 -3.10906982421875 -9.0191802978515625 -3.460205078125 -2.239410400390625 -4.580596923828125
-9999 -6.1609344482421875 -10.726287841796875 -12.79595947265625 -9.8932037353515625 -12.7463836669921875 0 -14.2900848388671875 -12.0833587646484375 -12.281982421875 -9999 -9999 -9999 -12.7055206298828125 -6.3236083984375 -9999 -9999 0 -12.27337646484375 -9999 -9.68988037109375 -9999 -9999 -15 -10.8335418701171875 -9999 0 -8.464324951171875 -5.483306884765625 -9999 -5.83734130859375 -4.6695098876953125 -6.27490234375 -6.7610321044921875 -12.450653076171875 -6.824005126953125 -3.9969635009765625 -8.9018707275390625 -7.7757415771484375 -7.4845123291015625 -9999 -12.4798126220703125 -9999 -4.5031280517578125 -9999 -7.2574005126953125 -6.3998870849609375 -4.5033111572265625 -5.893341064453125 -12.7262115478515625 -10.0243072509765625 -3.604766845703125 -3.4322509765625 -2.821746826171875 -15 -7.29339599609375 -6.305816650390625 -1.442352294921875 -3.565460205078125
-9999 -2.6678314208984375 -3.1142730712890625 -4.9181365966796875 -8.405303955078125 -4.3050079345703125 -9.521881103515625 -3.126708984375 -9.3893280029296875 -7.8728790283203125 -14.390594482421875 -9999 -9999 -7.8475799560546875 -12.4472198486328125 -15 -9999 -9999 -15 -6.015167236328125 -7.2083740234375 -9999 -9999 -9999 -15 -4.6811065673828125 -1.2714385986328125 -4.117919921875 -6.9029541015625 -4.9926605224609375 -5.4577789306640625 -5.300811767578125 -2.3884124755859375 -4.543701171875 -6.2470550537109375 -8.715057373046875 -6.705780029296875 -5.23046875 -6.4717864990234375 -6.9121246337890625 -4.983642578125 -7.4644012451171875 -9999 -2.2770843505859375 -4.411285400390625 -9999 -6.7232513427734375 -6.772064208984375 -6.70831298828125 -13.7092742919921875 -8.0840606689453125 -6.70013427734375 -1.4233551025390625 -9999 -3.6425933837890625 -6.1662750244140625 -3.61578369140625 -2.737945556640625 -0.471649169921875
-9999 -9999 -1.1748809814453125 -3.6568450927734375 -3.920013427734375 -9999 -5.2326812744140625 -3.6390838623046875 -4.667236328125 -4.8220977783203125 -9.23309326171875 -14.81591796875 -9999 -9999 -0.483184814453125 -6.3989715576171875 -9999 -9999 -4.990966796875 -15 -9999 -9999 -9999 -9999 -9999 -3.19696044921875 -1.8504638671875 -3.44842529296875 -6.8030853271484375 -5.74053955078125 -2.6344146728515625 -5.1573944091796875 -4.6421661376953125 -1.1566162109375 -6.3604888916015625 -7.107269287109375 -9999 -6.7481536865234375 -6.79803466796875 -3.76190185546875 -5.4028778076171875 -6.904632568359375 -9.0281524658203125 -9999 -5.0003509521484375 -9999 -6.0128173828125 -9.6514129638671875 -8.55401611328125 -13.1720428466796875 -15 -5.8953399658203125 -4.1772003173828125 -3.99407958984375 -9999 -7.8855133056640625 -5.499725341796875 -11.54522705078125 -12.817291259765625
-9999 -9999 -4.597900390625 -0.586181640625 -3.211181640625 -2.127899169921875 -1.102447509765625 -1.081878662109375 -1.0836029052734375 -1.2918701171875 -3.7051849365234375 -6.0388031005859375 -9999 -9999 -8.76007080078125 -3.5032958984375 -9999 -7.6028900146484375 -8.207275390625 -9999 -9999 -9999 -12.0749969482421875 -4.517120361328125 -9999 -5.305816650390625 -3.228729248046875 -3.493988037109375 -9999 -4.9093780517578125 -2.818389892578125 -5.4178924560546875 -5.62261962890625 -5.5078277587890625 -5.900726318359375 -3.7464599609375 -6.6519775390625 -7.0954742431640625 -5.1968994140625 -3.9669647216796875 -4.388275146484375 -8.9689178466796875 -4.887359619140625 -4.081878662109375 -13.7326812744140625 -11.3920745849609375 -4.8179779052734375 -7.2371978759765625 -4.9731903076171875 -8.6839141845703125 -15 -0.2651214599609375 -9999 -4.278839111328125 -9.138946533203125 -9999 -3.636260986328125 -6.978759765625 -3.29437255859375
-9999 -9999 -9999 -4.847442626953125 -0.29827880859375 -3.3001708984375 -1.3966827392578125 -1.662933349609375 -1.876434326171875 -2.1358489990234375 -1.765838623046875 -2.8697662353515625 -4.9480438232421875 -6.3709564208984375 -3.77783203125 -9.293853759765625 -13.451446533203125 -5.0796356201171875 -9999 -9999 -9999 -9.585968017578125 -6.081939697265625 -0.59161376953125 -9999 -7.1224365234375 -2.99859619140625 -4.1118621826171875 -2.98260498046875 -7.77587890625 -7.9614410400390625 -9999 -4.9061279296875 -6.5820770263671875 -2.098297119140625 -6.2552947998046875 -6.156341552734375 -0.2769622802734375 -3.241912841796875 -5.6724700927734375 0 -5.1826324462890625 -4.2019195556640625 -6.1153106689453125 -3.621490478515625 -9999 -2.52447509765625 -5.6216278076171875 -7.3652801513671875 -8.025543212890625 -13.9759368896484375 -9999 -4.9117889404296875 -5.44775390625 -9.963592529296875 -12.116790771484375 -3.8868408203125 -3.26202392578125 -2.225677490234375
-9999 -9999 -9999 -9999 -9999 -9999 -1.32147216796875 -2.8298492431640625 -5.52587890625 -3.030609130859375 -2.0389404296875 -2.5045318603515625 -4.308868408203125 -9999 -0.765777587890625 -5.990753173828125 -13.8708953857421875 -9999 -9999 -9999 -7.208587646484375 -1.5127410888671875 -0.7752532958984375 -6.1593170166015625 -9999 -6.19873046875 -3.4549102783203125 -6.3830413818359375 -3.9057769775390625 -2.150848388671875 -8.3003082275390625 -9999 -3.2311859130859375 -4.7199859619140625 -9.57891845703125 -8.0348052978515625 -5.8263092041015625 -4.92547607421875 -9999 -2.9970245361328125 -2.62188720703125 -9999 -4.1743621826171875 -6.5374603271484375 -7.7020263671875 -4.2773895263671875 -3.8916168212890625 -12.0136566162109375 -9.4146270751953125 -5.8751220703125 -6.2084808349609375 -15 -13.959869384765625 -5.018585205078125 -10.89739990234375 -5.729156494140625 -9999 -2.77130126953125 -3.51312255859375
-9999 -9999 -9999 -9999 -9999 -9999 -9999 -9999 -9999 -6.810943603515625 -4.1279144287109375 -3.7435150146484375 -3.5774078369140625 -9999 -9999 -4.849761962890625 -4.870758056640625 -13.2104339599609375 -9999 -7.4984893798828125 -2.00079345703125 -2.8297882080078125 -8.3082122802734375 -5.6464385986328125 -2.7459869384765625 -8.1430816650390625 -1.9052886962890625 -4.2162933349609375 -4.416839599609375 -2.8404541015625 -1.589080810546875 -4.9523162841796875 -5.0196533203125 -4.639923095703125 -7.8217620849609375 -2.928497314453125 -9999 -6.034759521484375 -4.6749267578125 -3.965728759765625 -6.4621124267578125 -3.5354156494140625 -3.509124755859375 -2.194793701171875 -3.76666259765625 -0.2603759765625 -9999 -12.0165557861328125 -12.059417724609375 -12.5547027587890625 -9999 -1.6333770751953125 -7.6266326904296875 -15 -15 0 -4.891021728515625 -0.672332763671875 -8.141815185546875
-9999 -9999 -9999 -9999 -9999 -9999 -9999 -9999 -9999 -9999 -9999 -0.892730712890625 -5.50750732421875 -4.4036102294921875 -5.1851654052734375 -5.4345550537109375 -5.7896881103515625 -6.49481201171875 -8.0857391357421875 -7.832061767578125 -9999 -6.826873779296875 -9.7868194580078125 -15 -7.787139892578125 0 -9999 -6.3729095458984375 -5.206268310546875 -9999 -5.3489532470703125 -9999 -4.6533203125 -9999 -2.9223175048828125 -3.3677215576171875 -7.0789031982421875 -9999 -6.1922454833984375 -2.0749664306640625 -2.0869598388671875 -2.0433807373046875 -1.5514068603515625 -5.323028564453125 -6.552581787109375 -5.12420654296875 -9999 -8.9716033935546875 -8.4254302978515625 -10.2076416015625 -4.4640655517578125 -3.922027587890625 -8.3235321044921875 -15 -15 -8.9532470703125 -6.624664306640625 -8.6181640625 -11.657440185546875
-9999 -9999 -9999 -9999 -9999 -9999 -9999 -9999 -9999 -9999 -0.891357421875 -1.3549652099609375 -1.049346923828125 -9999 -9999 -8.646636962890625 -6.3681182861328125 -8.1401824951171875 -3.8100128173828125 -3.8267822265625 -3.9228057861328125 -7.5912322998046875 -8.2278900146484375 -9.8072967529296875 -1.9380950927734375 -9999 -9999 -1.7060546875 -10.3639984130859375 -9999 -9999 -2.264862060546875 -7.9344024658203125 -4.969268798828125 -4.5245819091796875 -3.9829254150390625 -7.457763671875 -2.677703857421875 -1.8505401611328125 -1.8586883544921875 -1.3081817626953125 -1.2319793701171875 -2.4150848388671875 -12.0688323974609375 -9999 -7.83929443359375 -7.7547149658203125 -11.020111083984375 -8.615203857421875 -7.6001434326171875 -3.554962158203125 -10.4207000732421875 -6.177276611328125 -15 -9.1394805908203125 -9999 -9999 -9999 -9999
-9999 -9999 -9999 -9999 -9999 -9999 -9999 -9999 -9999 -1.9231414794921875 -2.2760162353515625 -2.79541015625 -3.811431884765625 -9999 -0.498565673828125 -9999 -9.861572265625 -7.7919464111328125 -7.8925933837890625 -2.879547119140625 -2.5595703125 -3.5888214111328125 -4.03045654296875 -4.0047454833984375 -2.0768585205078125 -3.8455047607421875 -5.246368408203125 -5.28851318359375 -10.9393310546875 -5.48590087890625 -9999 -9999 -3.2434234619140625 -5.1680145263671875 -4.9288330078125 -2.4398956298828125 -1.7465362548828125 -1.8728485107421875 -1.4563140869140625 -1.6140594482421875 -1.6491851806640625 -1.476287841796875 -4.7513885498046875 -5.82537841796875 -11.5544891357421875 -8.1482086181640625 -3.2804107666015625 -9999 -9.2640380859375 -9.137054443359375 -3.4328460693359375 -8.6524505615234375 -6.3399200439453125 -15 -12.0018310546875 -9999 -9999 -9999 -9999
-9999 -9999 -9999 -9999 -9999 -9999 -9999 -9999 -9999 -9999 -9999 -9999 -1.7308197021484375 -2.2566375732421875 -3.1365203857421875 -9999 -9999 -9999 -10.8272705078125 -8.0604095458984375 -3.4175872802734375 -3.848785400390625 -3.06201171875 -1.4600372314453125 -1.36309814453125 -1.3107452392578125 -1.397918701171875 -1.344879150390625 -2.2111663818359375 -5.8209991455078125 -7.75848388671875 -9999 -9999 -3.1124420166015625 -4.2959747314453125 -1.07220458984375 -1.5786590576171875 -2.00701904296875 -5.8692474365234375 -5.2643280029296875 -13.480072021484375 -3.480133056640625 -2.6824798583984375 -3.2241058349609375 -4.4355926513671875 -6.998077392578125 -9.2068939208984375 -9.83697509765625 -6.7763214111328125 -14.510284423828125 -8.17352294921875 -7.7235107421875 -12.386932373046875 -11.6039886474609375 -15 -9999 -9999 -9999 -9999
-9999 -9999 -9999 -9999 -9999 -9999 -9999 -9999 -9999 -9999 -9999 -9999 -9999 -9999 -1.71160888671875 -1.587493896484375 -1.538116455078125 -1.1759185791015625 -2.44549560546875 -6.1341552734375 -3.1867523193359375 -2.435882568359375 -9999 -1.3196868896484375 -2.1014404296875 -9999 -0.821685791015625 -1.561279296875 -1.8065948486328125 -2.2285308837890625 -5.5336151123046875 -9999 -9999 -3.379791259765625 -5.057891845703125 -3.281280517578125 -6.14300537109375 -9999 -9999 -9999 -9999 -8.3367919921875 -3.6102752685546875 -9999 -4.5244903564453125 -4.7201995849609375 -9.6459808349609375 -8.1046295166015625 -10.2518463134765625 -9999 -7.6325531005859375 -15 -15 -12.8431549072265625 -9999 -9999 -9999 -9999 -9999
-9999 -9999 -9999 -9999 -9999 -9999 -9999 -9999 -9999 -9999 -9999 -9999 -9999 -9999 -9999 -9999 -9999 -0.6132659912109375 -0.940216064453125 -4.68035888671875 -2.977752685546875 -2.70928955078125 -3.1897430419921875 -3.8953704833984375 -4.55108642578125 -9999 -9999 -9999 -1.648895263671875 -0.856842041015625 -2.9781341552734375 -3.08685302734375 -5.7935791015625 -5.8265228271484375 -3.0409698486328125 -1.94268798828125 -4.7840423583984375 -7.396575927734375 -9999 -9999 -9999 -9999 -9999 -9999 -0.4476165771484375 -2.0145721435546875 -0.2538604736328125 -9999 -15 -8.888916015625 -9.95184326171875 -2.7588958740234375 -15 -3.5411224365234375 -9999 -9999 -9999 -9999 -9999
-9999 -9999 -9999 -9999 -9999 -9999 -9999 -9999 -9999 -9999 -9999 -9999 -9999 -9999 -9999 -9999 -9999 -9999 -9999 -9999 -9999 -9999 -2.733856201171875 -4.5901641845703125 -6.354766845703125 -7.6795654296875 -0.6993865966796875 -0.95330810546875 -9999 -9999 -2.3112335205078125 -1.8041229248046875 -5.076995849609375 -5.0955657958984375 -0.7291412353515625 -5.738739013671875 -9.9210357666015625 -10.399139404296875 -8.017608642578125 -9999 -9999 -9999 -9999 -9999 -1.6697845458984375 -1.879974365234375 -4.9530181884765625 -9999 -9999 -7.024932861328125 -15 -6.07086181640625 -15 0 -9999 -9999 -9999 -9999 -9999
-9999 -9999 -9999 -9999 -9999 -9999 -9999 -9999 -9999 -9999 -9999 -9999 -9999 -9999 -9999 -9999 -9999 -9999 -9999 -9999 -9999 -9999 -9999 -9999 -9999 -8.0772705078125 -9999 -9999 -9999 -9999 -9999 -9999 -2.1789093017578125 -7.695709228515625 -6.7758026123046875 -7.5685272216796875 -8.892852783203125 -8.4011688232421875 -12.377105712890625 -7.5933990478515625 -9999 -6.6530303955078125 -9999 -1.771514892578125 -3.1686553955078125 -9999 -5.707733154296875 -2.8524169921875 -9999 -8.7429656982421875 -9999 -8.1670989990234375 -15 0 -2.58984375 -9999 -9999 -9999 -9999
-9999 -9999 -9999 -9999 -9999 -9999 -9999 -9999 -9999 -9999 -9999 -9999 -9999 -9999 -9999 -9999 -9999 -9999 -9999 -9999 -9999 -9999 -9999 -9999 -2.0195770263671875 -9.698394775390625 -9.9643707275390625 -9999 -9999 -9999 -9999 -1.5669403076171875 -1.1049957275390625 -0.5111541748046875 -0.8518524169921875 -9999 -9999 -9999 -10.71771240234375 -14.87884521484375 -12.9171905517578125 -10.21063232421875 -9999 -9999 -4.965087890625 -9999 -6.3046112060546875 -4.79083251953125 -9999 -15 -13.46435546875 -12.2529449462890625 -15 -15 -7.9489898681640625 -9999 -9999 -9999 -9999
-9999 -9999 -9999 -9999 -9999 -9999 -9999 -9999 -9999 -9999 -9999 -9999 -9999 -9999 -9999 -9999 -9999 -9999 -9999 -9999 -9999 -4.3491363525390625 -9999 -9999 -9999 -9999 -11.3877410888671875 -9999 -9999 -1.6379547119140625 -1.11053466796875 -0.9734344482421875 -9999 -9999 -0.20587158203125 -0.58795166015625 -9999 -9999 -9999 -15 -12.13323974609375 -10.3651123046875 -12.554901123046875 -9999 -12.155609130859375 -2.4436187744140625 0 -7.6149749755859375 -2.0132598876953125 -9999 -7.3797149658203125 -12.224853515625 -9999 -9999 -6.58953857421875 -6.6207427978515625 -6.891204833984375 -9999 -9999
-9999 -9999 -9999 -9999 -9999 -9999 -9999 -9999 -9999 -9999 -9999 -9999 -9999 -9999 -9999 -9999 -9999 -9999 -9999 -9999 -9999 -8.140533447265625 -9.573760986328125 -5.2896270751953125 -8.9847869873046875 -8.679718017578125 -11.7777252197265625 -9999 -9999 -2.5188751220703125 -0.776336669921875 -1.4818572998046875 -0.6890106201171875 -9999 -0.95184326171875 -0.2002410888671875 -1.3950347900390625 -1.3809356689453125 -1.078369140625 -1.002716064453125 -9999 -9999 -13.6742095947265625 -10.5110931396484375 -11.2361907958984375 -9999 -9.62109375 -6.310577392578125 -9999 -9999 -9999 -8.6187286376953125 -9999 -9999 -9999 -4.25103759765625 -2.980499267578125 -7.827606201171875 -9.167266845703125
-9999 -9999 -9999 -9999 -9999 -9999 -9999 -9999 -9999 -9999 -9999 -9999 -9999 -9999 -9999 -9999 -10.70135498046875 -6.5233917236328125 -12.989593505859375 -15 -9.4001312255859375 -7.424407958984375 -1.6429443359375 -4.919769287109375 -13.029876708984375 -6.947052001953125 -8.780670166015625 -7.776214599609375 -10.6964569091796875 -11.583404541015625 -9.6933746337890625 -15 -15 -15 0 -9999 -0.0257110595703125 -1.257476806640625 -1.006622314453125 -1.2976837158203125 -1.3144073486328125 -0.8537750244140625 -9999 -15 -12.6346893310546875 -9999 -13.7715301513671875 -9.232818603515625 -9999 -9999 -9999 -14.71856689453125 -9999 -9999 -9999 -9999 -9999 -5.521942138671875 -0.646148681640625
-9999 -9999 -9999 -9999 -9999 -9999 -9999 -9999 -9999 -9999 -9999 -9999 -9999 -9999 -9999 -9999 -9999 -9999 -9999 -9999 -9999 -15 0 -9.7944183349609375 -12.5009002685546875 -12.516754150390625 -10.4291534423828125 -15 -15 -15 -15 -7.9827423095703125 -12.558319091796875 -14.160797119140625 -10.585174560546875 -15 -9999 -1.4011077880859375 -1.578826904296875 -9999 -2.9223175048828125 -11.341064453125 -1.0290069580078125 -15 -14.7701873779296875 -15 -14.76959228515625 -14.51104736328125 -14.55908203125 -9999 -9999 -15 -15 -9.3421173095703125 0 -15 -9999 -9999 -9999
-9999 -9999 -9999 -9999 -9999 -9999 -9999 -9999 -9999 -9999 -9999 -9999 -9999 -9999 -9999 -9999 -9999 -2.406982421875 -2.321441650390625 -2.4386444091796875 -5.218505859375 -4.7020111083984375 -3.2844085693359375 -5.806854248046875 -0.34844970703125 -12.36956787109375 -13.758819580078125 -10.321929931640625 -7.0233001708984375 -9.4486541748046875 -13.2935028076171875 -14.934722900390625 -9999 -9999 -1.6195068359375 -12.07879638671875 -14.285919189453125 -15 0 -13.7054595947265625 -13.43682861328125 -12.086761474609375 -9999 -1.635772705078125 -15 -15 -9999 -15 -15 -15 -13.9674530029296875 -13.3931884765625 -15 -9.2597808837890625 -9.9622650146484375 -15 -9999 -9999 -9999
-9999 -9999 -9999 -9999 -9999 -9999 -9999 -9999 -9999 -9999 -9999 -9999 -9999 -9999 -9999 -9999 -9999 -5.526031494140625 -2.5858306884765625 -0.9311370849609375 -5.0437774658203125 -5.63629150390625 -5.51629638671875 -2.245635986328125 -10.345306396484375 -10.9613800048828125 -1.2305908203125 -1.6761932373046875 -5.494354248046875 -6.35076904296875 -15 -2.6600341796875 -9999 -9999 -9999 -14.1777496337890625 -14.2859344482421875 -15 -15 -15 -8.432952880859375 -15 -14.00128173828125 -12.7407989501953125 -0.338897705078125 -9999 -9999 -9999 -15 -14.60003662109375 -9999 -10.355377197265625 -9.403839111328125 -4.69769287109375 -6.4953460693359375 -15 -9999 -9999 -9999
-9999 -9999 -9999 -9999 -9999 -9999 -9999 -9999 -9999 -9999 -9999 -9999 -9999 -9999 -9999 -9999 -9999 -9999 -9999 -10.589691162109375 -9999 -9999 -9999 -7.157623291015625 -9.5702667236328125 -9.778350830078125 -2.514984130859375 -4.35595703125 -7.72821044921875 -5.6407470703125 -3.7486114501953125 -10.035736083984375 -9999 -9999 -5.5240631103515625 -14.0245513916015625 -15 0 -15 -7.4809722900390625 -4.6483306884765625 -1.6238250732421875 -9999 -15 -13.389251708984375 -1.8689117431640625 -8.59674072265625 -8.8106231689453125 -15 -15 -9999 -7.209136962890625 -1.946258544921875 -13.3821868896484375 -14.96697998046875 0 -9999 -9999 -9999
