gis/160m/channels_distance.asc
ncols        64
nrows        71
xllcorner    726726.000000000000
yllcorner    7127190.000000000000
cellsize     160.000000000000
NODATA_value -9999
[rows 24 to 47 of 71, columns 0 to 54 of 64]
-9999 -9999 -9999 -9999 94.879180908203125 -9999 -9999 80.57675933837890625 29.170444488525390625 -9999 106.03649139404296875 32.88565826416015625 38.90206146240234375 33.636867523193359375 48.98908233642578125 65.26367950439453125 -9999 -9999 -9999 35.720371246337890625 24.628599166870117188 78.1182708740234375 -9999 43.494556427001953125 77.273193359375 -9999 -9999 28.640384674072265625 -9999 74.45798492431640625 27.438577651977539062 17.577836990356445312 23.917688369750976562 94.03026580810546875 -9999 47.15464019775390625 40.30342864990234375 29.848848342895507812 44.23871612548828125 56.366001129150390625 24.416471481323242188 47.547054290771484375 -9999 -9999 -9999 26.08963775634765625 31.050815582275390625 -9999 17.768117904663085938 25.940343856811523438 23.089212417602539062 40.336238861083984375 32.059574127197265625 57.5117034912109375 19.66326141357421875
-9999 -9999 -9999 -9999 39.493587493896484375 -9999 -9999 -9999 25.438745498657226562 32.0087890625 -9999 25.341833114624023438 18.673669815063476562 46.807193756103515625 76.6087799072265625 89.888580322265625 -9999 -9999 37.020511627197265625 30.257852554321289062 25.935449600219726562 31.580371856689453125 85.05236053466796875 -9999 33.71486663818359375 -9999 72.049957275390625 60.6808319091796875 35.979877471923828125 -9999 33.123966217041015625 17.918992996215820312 28.33986663818359375 -9999 -9999 62.2021331787109375 16.912462234497070312 14.603008270263671875 77.65700531005859375 -9999 -9999 38.3007354736328125 -9999 -9999 -9999 31.956754684448242188 41.978199005126953125 38.150310516357421875 28.310277938842773438 24.600133895874023438 21.815898895263671875 17.3958740234375 17.757923126220703125 35.24077606201171875 13.120795249938964844
-9999 -9999 -9999 -9999 64.6060791015625 78.36717987060546875 -9999 -9999 40.62027740478515625 67.98797607421875 50.3451690673828125 49.276477813720703125 28.384138107299804688 64.63190460205078125 -9999 -9999 -9999 43.519908905029296875 24.602893829345703125 51.3147735595703125 37.0947265625 25.0628509521484375 76.2187347412109375 -9999 76.8738861083984375 34.38818359375 -9999 38.460269927978515625 47.00434112548828125 65.028167724609375 28.490392684936523438 21.699190139770507812 30.378673553466796875 45.45383453369140625 -9999 -9999 39.6994781494140625 14.028878211975097656 61.152896881103515625 -9999 -9999 96.5540313720703125 37.472705841064453125 39.370037078857421875 68.87896728515625 42.256870269775390625 35.722667694091796875 31.384857177734375 50.510833740234375 -9999 60.69504547119140625 18.414493560791015625 22.719545364379882812 47.559879302978515625 12.558676719665527344
-9999 80.6986083984375 55.9292144775390625 29.952672958374023438 -9999 37.088527679443359375 -9999 -9999 -9999 -9999 75.49990081787109375 31.855207443237304688 30.175794601440429688 43.7802581787109375 -9999 -9999 42.858371734619140625 24.845977783203125 15.855868339538574219 52.76104736328125 34.49969482421875 -9999 39.6275482177734375 98.86608123779296875 99.1108856201171875 24.343570709228515625 61.663665771484375 71.3101806640625 30.142629623413085938 31.580823898315429688 24.864007949829101562 30.579442977905273438 21.96517181396484375 33.395061492919921875 81.34381866455078125 -9999 75.00164794921875 16.111822128295898438 34.001697540283203125 -9999 -9999 -9999 57.8457794189453125 37.7064971923828125 23.965311050415039062 16.850740432739257812 15.54177093505859375 24.123418807983398438 78.68614959716796875 80.68714141845703125 45.836841583251953125 15.022522926330566406 13.570252418518066406 13.063232421875 14.618506431579589844
65.1510467529296875 41.294891357421875 -9999 23.25807952880859375 88.1938629150390625 60.66887664794921875 24.801965713500976562 36.31337738037109375 -9999 -9999 64.48984527587890625 -9999 92.839141845703125 19.479173660278320312 -9999 -9999 -9999 26.54772186279296875 25.073732376098632812 64.99442291259765625 46.255687713623046875 -9999 -9999 36.86327362060546875 94.46772003173828125 54.9919586181640625 29.433109283447265625 -9999 34.213649749755859375 13.955658912658691406 40.66530609130859375 45.684856414794921875 19.113225936889648438 41.898258209228515625 35.183258056640625 -9999 47.786975860595703125 32.357097625732421875 18.066402435302734375 -9999 -9999 -9999 -9999 75.99288177490234375 -9999 24.302927017211914062 19.840475082397460938 18.529964447021484375 52.985523223876953125 68.656494140625 11.783091545104980469 30.54376983642578125 23.039165496826171875 12.57253265380859375 11.813347816467285156
50.2922821044921875 10.613930702209472656 18.823923110961914062 16.545991897583007812 44.712635040283203125 36.3048248291015625 44.4500274658203125 31.009674072265625 14.066066741943359375 45.272022247314453125 -9999 -9999 -9999 26.82773590087890625 50.702785491943359375 -9999 -9999 101.7599029541015625 20.372287750244140625 -9999 40.795318603515625 -9999 -9999 45.172191619873046875 35.924957275390625 -9999 56.451324462890625 40.1646575927734375 15.616388320922851562 21.680088043212890625 20.983648300170898438 38.2738494873046875 27.847896575927734375 30.999847412109375 47.142787933349609375 64.08350372314453125 45.7740936279296875 14.965764999389648438 14.674253463745117188 59.965694427490234375 -9999 63.720195770263671875 -9999 39.370143890380859375 -9999 51.49393463134765625 24.151018142700195312 22.023838043212890625 30.731618881225585938 17.599720001220703125 35.75278472900390625 21.868600845336914062 51.10364532470703125 46.9029388427734375 10.761259078979492188
-9999 31.921262741088867188 24.482730865478515625 22.72821807861328125 55.173069000244140625 60.4287109375 20.777873992919921875 42.1958465576171875 9.3400821685791015625 16.613157272338867188 56.18195343017578125 -9999 -9999 80.71775054931640625 21.977994918823242188 82.3782958984375 -9999 -9999 44.35335540771484375 23.72315216064453125 36.003204345703125 -9999 -9999 -9999 79.43906402587890625 50.084980010986328125 34.6337890625 30.461278915405273438 16.328748703002929688 20.4579620361328125 22.259737014770507812 29.784032821655273438 24.909284591674804688 17.624067306518554688 22.828886032104492188 19.795623779296875 33.757228851318359375 14.741405487060546875 10.568566322326660156 16.276998519897460938 46.526031494140625 27.3313446044921875 -9999 63.52630615234375 60.919414520263671875 -9999 58.88884735107421875 21.86583709716796875 20.700700759887695312 24.7236480712890625 36.186916351318359375 49.865264892578125 48.486484527587890625 -9999 30.765718460083007812
-9999 -9999 31.13927459716796875 58.774555206298828125 27.895742416381835938 -9999 35.79082489013671875 23.843030929565429688 20.812646865844726562 30.388589859008789062 12.809844970703125 87.245361328125 -9999 -9999 31.721570968627929688 32.297290802001953125 -9999 -9999 45.97006988525390625 74.91626739501953125 -9999 -9999 -9999 -9999 -9999 27.263364791870117188 31.847589492797851562 24.21245574951171875 26.303979873657226562 38.157245635986328125 35.317684173583984375 16.05919647216796875 29.06018829345703125 70.54920196533203125 16.73183441162109375 15.618794441223144531 -9999 31.9521331787109375 10.538231849670410156 26.97534942626953125 11.7864227294921875 22.6512298583984375 38.229045867919921875 -9999 39.43381500244140625 -9999 52.54599761962890625 14.704438209533691406 20.31159210205078125 30.248956680297851562 37.670871734619140625 29.138010025024414062 30.206554412841796875 26.298036575317382812 -9999
-9999 -9999 72.1302642822265625 32.80947113037109375 68.70111083984375 20.978061676025390625 7.9607257843017578125 7.740413665771484375 30.86142730712890625 18.22186279296875 20.44150543212890625 33.06896209716796875 -9999 -9999 44.46230316162109375 34.454486846923828125 -9999 58.224090576171875 30.233781814575195312 -9999 -9999 -9999 91.33417510986328125 73.19863128662109375 -9999 28.839069366455078125 33.083187103271484375 33.04010772705078125 -9999 34.187656402587890625 42.815265655517578125 20.927927017211914062 12.427289962768554688 37.975498199462890625 50.425846099853515625 15.253914833068847656 26.7052001953125 14.015538215637207031 28.00128936767578125 21.7987213134765625 37.200054168701171875 24.444574356079101562 20.680446624755859375 35.817974090576171875 48.91786956787109375 37.4730987548828125 25.256685256958007812 18.652492523193359375 22.496143341064453125 21.44858551025390625 75.692108154296875 57.622104644775390625 -9999 19.495838165283203125 66.42993927001953125
-9999 -9999 -9999 60.96712493896484375 42.690914154052734375 25.318258285522460938 15.66071319580078125 9.569927215576171875 17.42275238037109375 7.4719295501708984375 25.13489532470703125 13.287158012390136719 24.279985427856445312 39.342510223388671875 26.4734954833984375 35.17826080322265625 37.543590545654296875 82.16436767578125 -9999 -9999 -9999 87.51177978515625 30.981952667236328125 60.534679412841796875 -9999 36.36090850830078125 23.67342376708984375 43.23401641845703125 40.785854339599609375 31.96497344970703125 55.047576904296875 -9999 15.914624214172363281 24.957422256469726562 18.158559799194335938 23.901485443115234375 19.498605728149414062 35.9835052490234375 19.986604690551757812 43.223064422607421875 76.3885498046875 45.928936004638671875 19.274593353271484375 58.627559661865234375 48.317501068115234375 -9999 25.866296768188476562 27.020183563232421875 26.21440887451171875 19.04753875732421875 67.81807708740234375 -9999 22.563093185424804688 11.599628448486328125 31.082803726196289062
-9999 -9999 -9999 -9999 90.54209136962890625 71.99369049072265625 53.490478515625 40.5448455810546875 36.2518463134765625 14.819651603698730469 13.714414596557617188 13.198206901550292969 30.614170074462890625 -9999 90.7115020751953125 20.100469589233398438 62.773799896240234375 -9999 -9999 -9999 35.42806243896484375 56.517333984375 62.796417236328125 55.0362548828125 -9999 83.501739501953125 17.244665145874023438 28.079904556274414062 29.876678466796875 49.24736785888671875 31.689706802368164062 -9999 41.350337982177734375 19.383514404296875 34.764453887939453125 40.20503997802734375 43.540561676025390625 33.0953521728515625 -9999 42.973079681396484375 68.35935211181640625 -9999 55.640872955322265625 48.947246551513671875 49.1135406494140625 29.178018569946289062 29.88336944580078125 38.44550323486328125 26.528043746948242188 42.75150299072265625 28.132259368896484375 65.0896148681640625 14.605874061584472656 14.689386367797851562 26.647871017456054688
-9999 -9999 -9999 -9999 -9999 -9999 -9999 -9999 -9999 85.88219451904296875 41.846591949462890625 14.51319122314453125 25.737094879150390625 -9999 -9999 29.383569717407226562 23.14055633544921875 89.5151214599609375 -9999 53.076427459716796875 86.6476898193359375 90.6992950439453125 57.513080596923828125 20.329509735107421875 76.6756439208984375 88.34012603759765625 38.7034149169921875 45.00691986083984375 31.662631988525390625 26.192104339599609375 55.010875701904296875 41.42115020751953125 26.71576690673828125 26.127056121826171875 51.9580535888671875 39.173404693603515625 -9999 77.5016021728515625 21.772480010986328125 53.272762298583984375 39.4074554443359375 25.7078857421875 27.953527450561523438 19.958019256591796875 20.842905044555664062 71.599273681640625 -9999 80.4707183837890625 36.764926910400390625 29.5414581298828125 -9999 36.02671051025390625 15.049628257751464844 14.029870033264160156 22.00238800048828125
-9999 -9999 -9999 -9999 -9999 -9999 -9999 -9999 -9999 -9999 -9999 20.38274383544921875 32.121990203857421875 40.6235198974609375 32.893077850341796875 24.906564712524414062 22.375965118408203125 29.592149734497070312 64.29270172119140625 47.192413330078125 -9999 40.2933349609375 32.7874908447265625 25.778034210205078125 28.758335113525390625 46.9288787841796875 -9999 57.16040802001953125 42.431537628173828125 -9999 37.66480255126953125 -9999 23.9123382568359375 -9999 34.784900665283203125 39.139705657958984375 55.052837371826171875 -9999 60.65882110595703125 14.618261337280273438 14.711369514465332031 13.065166473388671875 11.039992332458496094 34.810626983642578125 52.621662139892578125 48.488979339599609375 -9999 35.830646514892578125 25.332937240600585938 67.02642059326171875 78.34232330322265625 63.17052459716796875 19.37722015380859375 20.625011444091796875 24.769533157348632812
-9999 -9999 -9999 -9999 -9999 -9999 -9999 -9999 -9999 -9999 78.53429412841796875 22.94034576416015625 25.80651092529296875 -9999 -9999 89.27135467529296875 27.186689376831054688 48.90505218505859375 33.663150787353515625 25.528942108154296875 48.266986846923828125 33.05751800537109375 17.79299163818359375 10.394968032836914062 54.2305908203125 -9999 -9999 55.62258148193359375 36.932758331298828125 -9999 -9999 42.67707061767578125 33.368267059326171875 42.05414581298828125 54.548336029052734375 35.55567169189453125 69.90718841552734375 24.543813705444335938 27.451751708984375 19.927194595336914062 13.673899650573730469 7.7914018630981445312 10.243828773498535156 56.987140655517578125 -9999 46.40691375732421875 33.78356170654296875 31.067058563232421875 18.172849655151367188 49.623516082763671875 59.238193511962890625 33.006427764892578125 23.439432144165039062 40.795318603515625 39.09503173828125
-9999 -9999 -9999 -9999 -9999 -9999 -9999 -9999 -9999 81.31180572509765625 23.776355743408203125 26.424896240234375 54.25360107421875 -9999 80.26505279541015625 -9999 85.4739227294921875 36.48992919921875 23.838603973388671875 23.250743865966796875 25.63250732421875 21.347326278686523438 11.947428703308105469 14.768683433532714844 17.735660552978515625 18.846105575561523438 26.176052093505859375 27.657381057739257812 32.74001312255859375 60.83673858642578125 -9999 -9999 56.0960845947265625 25.199613571166992188 38.8802642822265625 35.770366668701171875 35.63100433349609375 27.315374374389648438 21.842458724975585938 12.5825653076171875 17.568149566650390625 13.636709213256835938 41.416706085205078125 32.1695404052734375 69.31410980224609375 45.599689483642578125 29.727220535278320312 -9999 30.799085617065429688 28.60520172119140625 33.99860382080078125 28.467149734497070312 20.095304489135742188 25.98868560791015625 53.017520904541015625
-9999 -9999 -9999 -9999 -9999 -9999 -9999 -9999 -9999 -9999 -9999 -9999 72.1554107666015625 28.252454757690429688 49.53208160400390625 -9999 -9999 -9999 81.2032928466796875 18.063770294189453125 13.293730735778808594 16.307668685913085938 33.52997589111328125 12.156207084655761719 23.843069076538085938 9.3001861572265625 15.267427444458007812 18.334871292114257812 35.954975128173828125 50.087245941162109375 82.9039154052734375 -9999 -9999 42.8258514404296875 22.485414505004882812 16.794832229614257812 15.122197151184082031 11.207033157348632812 37.732242584228515625 48.73532867431640625 90.577239990234375 17.581125259399414062 13.57328033447265625 37.867855072021484375 29.349550247192382812 30.428277969360351562 22.230058670043945312 22.678434371948242188 25.601179122924804688 57.2872467041015625 24.966617584228515625 29.639142990112304688 29.18866729736328125 22.565114974975585938 61.934970855712890625
-9999 -9999 -9999 -9999 -9999 -9999 -9999 -9999 -9999 -9999 -9999 -9999 -9999 -9999 71.6775665283203125 45.7929229736328125 33.8162994384765625 51.3816375732421875 52.170818328857421875 19.614427566528320312 33.5178680419921875 27.081951141357421875 -9999 57.03295135498046875 12.27001190185546875 -9999 60.580196380615234375 19.2662811279296875 22.741319656372070312 21.561635971069335938 66.69872283935546875 -9999 -9999 64.11809539794921875 25.128816604614257812 17.196445465087890625 58.722011566162109375 -9999 -9999 -9999 -9999 81.53155517578125 23.995397567749023438 -9999 25.104120254516601562 41.169757843017578125 38.842967987060546875 36.46834564208984375 25.876224517822265625 -9999 31.362606048583984375 22.739841461181640625 37.282718658447265625 32.3839111328125 -9999
-9999 -9999 -9999 -9999 -9999 -9999 -9999 -9999 -9999 -9999 -9999 -9999 -9999 -9999 -9999 -9999 -9999 29.826686859130859375 35.335906982421875 25.148660659790039062 29.131399154663085938 23.159837722778320312 29.844226837158203125 57.577747344970703125 23.4851226806640625 -9999 -9999 -9999 67.0520477294921875 29.998273849487304688 24.342975616455078125 34.878536224365234375 43.7376708984375 37.92092132568359375 15.744398117065429688 29.805690765380859375 41.96269989013671875 43.988773345947265625 -9999 -9999 -9999 -9999 -9999 -9999 53.99010467529296875 24.015989303588867188 71.4929046630859375 -9999 75.5383453369140625 41.452335357666015625 43.761600494384765625 75.435272216796875 56.80252838134765625 39.9543609619140625 -9999
-9999 -9999 -9999 -9999 -9999 -9999 -9999 -9999 -9999 -9999 -9999 -9999 -9999 -9999 -9999 -9999 -9999 -9999 -9999 -9999 -9999 -9999 52.299106597900390625 65.008270263671875 45.16103363037109375 32.868350982666015625 41.68463134765625 47.64756011962890625 -9999 -9999 72.94659423828125 29.845029830932617188 18.337720870971679688 16.505218505859375 41.147369384765625 34.9603424072265625 41.81392669677734375 28.016139984130859375 37.343414306640625 -9999 -9999 -9999 -9999 -9999 67.83356475830078125 56.000186920166015625 41.257518768310546875 -9999 -9999 30.819211959838867188 93.89777374267578125 63.969608306884765625 66.38845062255859375 44.003688812255859375 -9999
-9999 -9999 -9999 -9999 -9999 -9999 -9999 -9999 -9999 -9999 -9999 -9999 -9999 -9999 -9999 -9999 -9999 -9999 -9999 -9999 -9999 -9999 -9999 -9999 -9999 41.626262664794921875 -9999 -9999 -9999 -9999 -9999 -9999 28.106884002685546875 47.0301055908203125 22.197801589965820312 34.30846405029296875 48.58011627197265625 30.501667022705078125 36.72737884521484375 84.8219146728515625 -9999 47.712093353271484375 -9999 54.5229339599609375 32.428173065185546875 -9999 41.646820068359375 80.89876556396484375 -9999 53.259449005126953125 -9999 42.8513641357421875 59.828830718994140625 93.3074798583984375 78.76148223876953125
-9999 -9999 -9999 -9999 -9999 -9999 -9999 -9999 -9999 -9999 -9999 -9999 -9999 -9999 -9999 -9999 -9999 -9999 -9999 -9999 -9999 -9999 -9999 -9999 89.99309539794921875 34.617412567138671875 40.060333251953125 -9999 -9999 -9999 -9999 46.413509368896484375 45.131099700927734375 34.664745330810546875 50.7889251708984375 -9999 -9999 -9999 26.728153228759765625 46.664760589599609375 45.230251312255859375 40.456470489501953125 -9999 -9999 21.984128952026367188 -9999 49.01506805419921875 27.93306732177734375 -9999 91.267486572265625 54.810577392578125 29.032629013061523438 35.064044952392578125 51.449962615966796875 37.470027923583984375
-9999 -9999 -9999 -9999 -9999 -9999 -9999 -9999 -9999 -9999 -9999 -9999 -9999 -9999 -9999 -9999 -9999 -9999 -9999 -9999 -9999 57.73223876953125 -9999 -9999 -9999 -9999 47.56293487548828125 -9999 -9999 40.442951202392578125 20.8122406005859375 31.674068450927734375 -9999 -9999 53.854461669921875 44.810054779052734375 -9999 -9999 -9999 36.925567626953125 45.039051055908203125 31.112056732177734375 84.79694366455078125 -9999 34.813411712646484375 48.080669403076171875 38.844013214111328125 40.933681488037109375 42.84661102294921875 -9999 36.2485198974609375 29.328416824340820312 -9999 -9999 50.92609405517578125
-9999 -9999 -9999 -9999 -9999 -9999 -9999 -9999 -9999 -9999 -9999 -9999 -9999 -9999 -9999 -9999 -9999 -9999 -9999 -9999 -9999 100.2267608642578125 47.16747283935546875 36.5784149169921875 33.004192352294921875 35.83258819580078125 42.248851776123046875 -9999 -9999 61.73342132568359375 50.226543426513671875 64.4124755859375 31.568202972412109375 -9999 62.1773681640625 79.57874298095703125 36.5997314453125 64.16417694091796875 43.09474945068359375 30.341888427734375 -9999 -9999 54.98290252685546875 33.24216461181640625 46.180454254150390625 -9999 36.0216064453125 51.747379302978515625 -9999 -9999 -9999 33.881160736083984375 -9999 -9999 -9999
-9999 -9999 -9999 -9999 -9999 -9999 -9999 -9999 -9999 -9999 -9999 -9999 -9999 -9999 -9999 -9999 30.335058212280273438 43.703571319580078125 38.128726959228515625 37.7070770263671875 36.537158966064453125 49.671794891357421875 63.50702667236328125 60.534847259521484375 46.807891845703125 28.565584182739257812 34.611660003662109375 32.56127166748046875 49.011566162109375 25.838357925415039062 55.198673248291015625 89.526824951171875 38.38228607177734375 41.778568267822265625 72.729644775390625 -9999 93.8440399169921875 39.317806243896484375 26.901643753051757812 25.388734817504882812 60.465564727783203125 35.764102935791015625 -9999 80.44649505615234375 56.78160858154296875 -9999 24.681854248046875 29.2774658203125 -9999 -9999 -9999 52.684329986572265625 -9999 -9999 -9999
