gis/160m/channels_area.asc
ncols        64
nrows        71
xllcorner    726726.000000000000
yllcorner    7127190.000000000000
cellsize     160.000000000000
NODATA_value -9999
[rows 23 to 45 of 71, columns 0 to 51 of 64]
-9999 -9999 -9999 -9999 -9999 -9999 -9999 0.0017635091207921504974 0.0030334428884088993073 -9999 0.020713238045573234558 0.018263639882206916809 -9999 0.014108888804912567139 -9999 0.0035998460371047258377 0.0026693872641772031784 0.005354716908186674118 0.038117438554763793945 0.00099798955488950014114 0.047517281025648117065 -9999 -9999 0.029837291687726974487 0.014121765270829200745 -9999 -9999 -9999 0.0050191567279398441315 0.0092359110713005065918 0.028505248948931694031 0.034344442188739776611 0.010393841192126274109 0.00092136859893798828125 -9999 -9999 0.0064639966003596782684 0.024412255734205245972 0.017164219170808792114 0.022747356444597244263 -9999 -9999 0.0033084538299590349197 0.015088834799826145172 0.013956219889223575592 0.037244223058223724365 0.017440728843212127686 0.0019791964441537857056 0.047156911343336105347 0.0035863884259015321732 0.00033684930531308054924 0.0025018472224473953247
-9999 -9999 -9999 -9999 0.00035373133141547441483 -9999 -9999 0.00067117961589246988297 0.0093917772173881530762 -9999 0.00063569878693670034409 0.027710072696208953857 0.015668768435716629028 0.004751951899379491806 0.016290998086333274841 0.0047406526282429695129 -9999 -9999 -9999 0.018413342535495758057 0.022823020815849304199 0.0025036619044840335846 -9999 0.013929622247815132141 0.0025206506252288818359 -9999 -9999 0.024790739640593528748 -9999 0.0032726153731346130371 0.018431132659316062927 0.033076964318752288818 0.016706189140677452087 0.00010545379336690530181 -9999 0.0080135697498917579651 0.011096426285803318024 0.016242051497101783752 0.012301342561841011047 0.01803598552942276001 0.033798180520534515381 0.025016248226165771484 -9999 -9999 -9999 0.038939841091632843018 0.019465008750557899475 -9999 0.037727095186710357666 0.02285100892186164856 0.01311049237847328186 0.016919760033488273621
-9999 -9999 -9999 -9999 0.015147031284868717194 -9999 -9999 -9999 0.024755297228693962097 0.025320844724774360657 -9999 0.035511508584022521973 0.03577103838324546814 0.015110888518393039703 0.006165722385048866272 0.0012058769352734088898 -9999 -9999 0.0058518154546618461609 0.0095293400809168815613 0.028668913990259170532 0.019123710691928863525 0.0014038070803508162498 -9999 0.021409749984741210938 -9999 0.0043314304202795028687 0.0013097550254315137863 0.016217611730098724365 -9999 0.018875153735280036926 0.045778498053550720215 0.017321545630693435669 -9999 -9999 0.0040879342705011367798 0.038755606859922409058 0.021302932873368263245 0.0038362175691872835159 -9999 -9999 0.01818547956645488739 -9999 -9999 -9999 0.031175773590803146362 0.023307366296648979187 0.015899838879704475403 0.023365244269371032715 0.027767870575189590454 0.027983147650957107544 0.035108681768178939819
-9999 -9999 -9999 -9999 0.0075293178670108318329 0.0065305070020258426666 -9999 -9999 0.0047265202738344669342 0.0012515573762357234955 0.01362404506653547287 0.0045962473377585411072 0.024836983531713485718 0.01115725003182888031 -9999 -9999 -9999 0.0040186373516917228699 0.013238327577710151672 0.0050095631740987300873 0.021771727129817008972 0.027694309130311012268 0.002624256303533911705 -9999 0.0035864841192960739136 0.017579050734639167786 -9999 0.0098594557493925094604 0.013245829381048679352 0.0020718285813927650452 0.0090577304363250732422 0.031124992296099662781 0.018614895641803741455 0.0098044900223612785339 -9999 -9999 0.022802880033850669861 0.04387310519814491272 0.019734645262360572815 -9999 -9999 0.0023564132861793041229 0.02220128476619720459 0.012226624414324760437 0.0065582655370235443115 0.0091801285743713378906 0.018342025578022003174 0.015412438660860061646 0.0079343281686305999756 -9999 0.00028384284814819693565 0.017215870320796966553
-9999 0.0023040198720991611481 0.0089757125824689865112 0.01752477698028087616 -9999 0.016508469358086585999 -9999 -9999 -9999 -9999 0.0013067383551970124245 0.015947168692946434021 0.021398274227976799011 0.019553961232304573059 -9999 -9999 0.016161395236849784851 0.020030189305543899536 0.041761111468076705933 0.0030764800030738115311 0.0072189504280686378479 -9999 0.018573898822069168091 0.0011869735317304730415 0.0012236530892550945282 0.023759553208947181702 0.0076265363022685050964 0.0054587856866419315338 0.015374707058072090149 0.024743065237998962402 0.01752557605504989624 0.018379673361778259277 0.023888289928436279297 0.010999425314366817474 0.0047006472013890743256 -9999 0.0087373126298189163208 0.038407474756240844727 0.027494261041283607483 -9999 -9999 -9999 0.0097384843975305557251 0.013098000548779964447 0.022599382326006889343 0.034887734800577163696 0.043581627309322357178 0.031062167137861251831 0.0036832923069596290588 0.0026880265213549137115 0.0025859684683382511139 0.053446695208549499512
0.0048366477712988853455 0.015856135636568069458 -9999 0.030120313167572021484 0.00041050481377169489861 0.014053367078304290771 0.017504746094346046448 0.012359701097011566162 -9999 -9999 0.0027708180714398622513 -9999 0.0010060145286843180656 0.028595805168151855469 -9999 -9999 -9999 0.024131495505571365356 0.034772634506225585938 0.0036942504812031984329 0.0079227313399314880371 -9999 -9999 0.017051452770829200745 0.0020718290470540523529 0.012626380659639835358 0.025829749181866645813 -9999 0.020402755588293075562 0.051449723541736602783 0.0038065123371779918671 0.0091221155598759651184 0.034291587769985198975 0.0044380989857017993927 0.011779773980379104614 -9999 0.0074056847952306270599 0.020329328253865242004 0.034872446209192276001 -9999 -9999 -9999 -9999 0.00018960991292260587215 -9999 0.016912836581468582153 0.036602009087800979614 0.034393414855003356934 0.0055318330414593219757 0.0059827924706041812897 0.06593246757984161377 0.021064488217234611511
0.0064513767138123512268 0.060323301702737808228 0.036739915609359741211 0.047606226056814193726 0.0082718702033162117004 0.031054189428687095642 0.00030597631121054291725 0.020251186564564704895 0.027519159018993377686 0.0038722688332200050354 -9999 -9999 -9999 0.020548647269606590271 0.014886029064655303955 -9999 -9999 0.00030624523060396313667 0.027865447103977203369 -9999 0.015479459427297115326 -9999 -9999 0.0099677061662077903748 0.019719554111361503601 -9999 0.0023265944328159093857 0.015376622788608074188 0.054660093039274215698 0.026342893019318580627 0.01538380701094865799 0.014868836849927902222 0.01920756511390209198 0.018532594665884971619 0.0046614781022071838379 0.0081687271595001220703 0.011496194638311862946 0.036222320050001144409 0.052007004618644714355 0.0027019071858376264572 -9999 0.005270263180136680603 -9999 0.0064377887174487113953 -9999 0.017041211947798728943 0.039525300264358520508 0.015561546199023723602 0.02498544938862323761 0.036039818078279495239 0.008823916316032409668 0.012234022840857505798
-9999 0.030911162495613098145 0.033460568636655807495 0.027334358543157577515 0.00021899852436035871506 0.01277395244687795639 0.046927712857723236084 0.016519019380211830139 0.086042739450931549072 0.033386446535587310791 0.0083647705614566802979 -9999 -9999 0.0027501273434609174728 0.037056062370538711548 0.0013451920822262763977 -9999 -9999 0.01692371070384979248 0.03357706218957901001 0.018456084653735160828 -9999 -9999 -9999 0.0057759527117013931274 0.010411624796688556671 0.0084173996001482009888 0.019616747274994850159 0.038375567644834518433 0.033469572663307189941 0.030445573851466178894 0.018035678192973136902 0.023415436968207359314 0.034650072455406188965 0.014625834301114082336 0.038473259657621383667 0.0044390051625669002533 0.045334164053201675415 0.05655576661229133606 0.018778400495648384094 0.0044636456295847892761 0.038059495389461517334 -9999 0.0045120851136744022369 0.0040939250029623508453 -9999 0.025611322373151779175 0.02501925639808177948 0.031718380749225616455 0.021812181919813156128 0.0042622517794370651245 0.0032536655198782682419
-9999 -9999 0.031789671629667282104 0.005161644425243139267 0.027487704530358314514 -9999 0.017253043130040168762 0.03119301237165927887 0.035385672003030776978 0.0065353359095752239227 0.044182356446981430054 0.00034524142392911016941 -9999 -9999 0.0066298698075115680695 0.023921653628349304199 -9999 -9999 0.019780427217483520508 0.0034032845869660377502 -9999 -9999 -9999 -9999 -9999 0.03406610339879989624 0.016638280823826789856 0.017573172226548194885 0.020315738394856452942 0.018835552036762237549 0.0068799722939729690552 0.044904507696628570557 0.034321051090955734253 0.00031749490881338715553 0.042371131479740142822 0.020198507234454154968 -9999 0.029519580304622650146 0.055741544812917709351 0.01984643004834651947 0.048872198909521102905 0.023109547793865203857 0.013555833138525485992 -9999 0.01525804959237575531 -9999 0.023604368790984153748 0.050651028752326965332 0.035525079816579818726 0.015276965685188770294 0.028150688856840133667 0.031143760308623313904
-9999 -9999 0.0042785354889929294586 0.016116715967655181885 0.0029758594464510679245 0.027436885982751846313 0.072189062833786010742 0.078364714980125427246 0.0072030830197036266327 0.033995851874351501465 0.027784204110503196716 0.026034805923700332642 -9999 -9999 0.0081374794244766235352 0.028791263699531555176 -9999 0.011262116022408008575 0.022528385743498802185 -9999 -9999 -9999 0.001439114217646420002 0.0032149094622582197189 -9999 0.017741462215781211853 0.022287188097834587097 0.010464267805218696594 -9999 0.021942259743809700012 0.0065072383731603622437 0.032505042850971221924 0.056350421160459518433 0.011617111042141914368 0.012074194848537445068 0.047644123435020446777 0.017500443384051322937 0.054850097745656967163 0.018342794850468635559 0.033584181219339370728 0.0083243371918797492981 0.03234723210334777832 0.026840958744287490845 0.0090700397267937660217 0.010879844427108764648 0.014068813063204288483 0.037077251821756362915 0.038733594119548797607 0.024437498301267623901 0.03520946204662322998 0.0036775104235857725143 0.011361872777342796326
-9999 -9999 -9999 0.0071456478908658027649 0.008713136427104473114 0.013451639562845230103 0.040390606969594955444 0.067938737571239471436 0.039159335196018218994 0.083560854196548461914 0.018473612144589424133 0.050209704786539077759 0.036477569490671157837 0.019623070955276489258 0.018849356099963188171 0.017851142212748527527 0.016868861392140388489 0.0048194425180554389954 -9999 -9999 -9999 0.00076808611629530787468 0.010242960415780544281 0.004393620416522026062 -9999 0.026530621573328971863 0.040629807859659194946 0.0088794287294149398804 0.006513529457151889801 0.019483700394630432129 0.012473260052502155304 -9999 0.049789059907197952271 0.019411792978644371033 0.020043229684233665466 0.023340141400694847107 0.040518425405025482178 0.022507810965180397034 0.018749628216028213501 0.019298277795314788818 0.0020997328683733940125 0.0063806055113673210144 0.038289833813905715942 0.0083557944744825363159 0.0041201789863407611847 -9999 0.01370523497462272644 0.03219544142484664917 0.026484174653887748718 0.034555364400148391724 0.0089005753397941589355 -9999
-9999 -9999 -9999 -9999 0.0002459641254972666502 0.0036167716607451438904 0.0040763877332210540771 0.0061462097801268100739 0.0083921430632472038269 0.072348974645137786865 0.053675103932619094849 0.050574965775012969971 0.0095887361094355583191 -9999 0.0014954864745959639549 0.03708093985915184021 0.006519460584968328476 -9999 -9999 -9999 0.0088839503005146980286 0.0048585250042378902435 0.0041049700230360031128 0.01204099506139755249 -9999 0.00050295348046347498894 0.045118194073438644409 0.02827062457799911499 0.0069003677926957607269 0.0032918781507760286331 0.020396776497364044189 -9999 0.02363068796694278717 0.020113725215196609497 0.0074607650749385356903 0.02183238789439201355 0.016969474032521247864 0.024540640413761138916 -9999 0.016344076022505760193 0.0059110578149557113647 -9999 0.0093288971111178398132 0.022267835214734077454 0.0095774084329605102539 0.01575798913836479187 0.01261587534099817276 0.01610530167818069458 0.018497927114367485046 0.0085330428555607795715 0.019071049988269805908 0.0016498689074069261551
-9999 -9999 -9999 -9999 -9999 -9999 -9999 -9999 -9999 0.0015808572061359882355 0.007504907902330160141 0.046438254415988922119 0.023457594215869903564 -9999 -9999 0.022245958447456359863 0.022858608514070510864 0.0013086120598018169403 -9999 0.01761677861213684082 0.0022329282946884632111 0.00016800653247628360987 0.0074481745250523090363 0.030721049755811691284 0.0042782616801559925079 0.0010117347119376063347 0.0064018559642136096954 0.020735299214720726013 0.017456270754337310791 0.013203859329223632812 0.0035374497529119253159 0.020154573023319244385 0.031108152121305465698 0.019665569067001342773 0.0065252552740275859833 0.0074973050504922866821 -9999 0.005585182923823595047 0.025619508698582649231 0.0030455687083303928375 0.016281921416521072388 0.023201005533337593079 0.024231867864727973938 0.035399544984102249146 0.038391347974538803101 0.0040088854730129241943 -9999 0.00031749549088999629021 0.01816009916365146637 0.017332104966044425964 -9999 0.012499237433075904846
-9999 -9999 -9999 -9999 -9999 -9999 -9999 -9999 -9999 -9999 -9999 0.012686120346188545227 0.014627937227487564087 0.019449334591627120972 0.019381467252969741821 0.033917177468538284302 0.027044765651226043701 0.029126893728971481323 0.0043411459773778915405 0.014098873361945152283 -9999 0.014307331293821334839 0.022219510748982429504 0.024758636951446533203 0.026924440637230873108 0.0061490600928664207458 -9999 0.0045165647752583026886 0.014343624934554100037 -9999 0.0087690493091940879822 -9999 0.032551802694797515869 -9999 0.007464410737156867981 0.010244697332382202148 0.0059450240805745124817 -9999 0.0078809941187500953674 0.041066817939281463623 0.043446492403745651245 0.050185035914182662964 0.056485377252101898193 0.043504592031240463257 0.014490834437310695648 0.014271185733377933502 -9999 0.013923165388405323029 0.021567350253462791443 0.0052816802635788917542 0.0017367334803566336632 0.01336485985666513443
-9999 -9999 -9999 -9999 -9999 -9999 -9999 -9999 -9999 -9999 0.0024016378447413444519 0.014288650825619697571 0.0086390739306807518005 -9999 -9999 0.002756025874987244606 0.025090558454394340515 0.0076997615396976470947 0.018237262964248657227 0.032347097992897033691 0.0021710626315325498581 0.016327731311321258545 0.039749503135681152344 0.056717701256275177002 0.0013315695105120539665 -9999 -9999 0.011310516856610774994 0.018954865634441375732 -9999 -9999 0.0077371653169393539429 0.013575481250882148743 0.014381443150341510773 0.0026886572595685720444 0.0130235329270362854 0.0026283985935151576996 0.029443653300404548645 0.021787237375974655151 0.034002013504505157471 0.048385012894868850708 0.078257456421852111816 0.070351570844650268555 0.01973656192421913147 -9999 0.0076467199251055717468 0.015784122049808502197 0.017813479527831077576 0.034931246191263198853 0.0051942090503871440887 0.011268765665590763092 0.026798989623785018921
-9999 -9999 -9999 -9999 -9999 -9999 -9999 -9999 -9999 0.0016634853091090917587 0.026917813345789909363 0.027655122801661491394 0.0069033186882734298706 -9999 0.0042511573992669582367 -9999 0.0047803656198084354401 0.021249599754810333252 0.027669066563248634338 0.04137144237756729126 0.017185738310217857361 0.041696678847074508667 0.063676699995994567871 0.047073755413293838501 0.045303069055080413818 0.042457882314920425415 0.02937601134181022644 0.028301944956183433533 0.018571762368083000183 0.0019407155923545360565 -9999 -9999 0.0056447344832122325897 0.023965606465935707092 0.01313212420791387558 0.028381468728184700012 0.014752165414392948151 0.025391040369868278503 0.049672853201627731323 0.052482727915048599243 0.034828327596187591553 0.05446328967809677124 0.022827707231044769287 0.01113960612565279007 0.0054256911389529705048 0.0066730994731187820435 0.006319653242826461792 -9999 0.023454105481505393982 0.028056535869836807251 0.016787877306342124939 0.019799383357167243958
-9999 -9999 -9999 -9999 -9999 -9999 -9999 -9999 -9999 -9999 -9999 -9999 0.0078619113191962242126 0.027579795569181442261 0.014368452131748199463 -9999 -9999 -9999 0.0023724050261080265045 0.042779792100191116333 0.056200895458459854126 0.047909084707498550415 0.025836857035756111145 0.063341148197650909424 0.028711564838886260986 0.077124141156673431396 0.043660253286361694336 0.037798054516315460205 0.017709413543343544006 0.015649687498807907104 0.0029391804710030555725 -9999 -9999 0.0083421263843774795532 0.037315409630537033081 0.043551903218030929565 0.054416432976722717285 0.067819587886333465576 0.027109518647193908691 0.011193770915269851685 0.00038421474164351820946 0.045006953179836273193 0.054883632808923721313 0.015155855566263198853 0.024596843868494033813 0.0078600868582725524902 0.022202463820576667786 0.028440847992897033691 0.025942835956811904907 0.0018279077485203742981 0.03189258277416229248 0.019412463530898094177
-9999 -9999 -9999 -9999 -9999 -9999 -9999 -9999 -9999 -9999 -9999 -9999 -9999 -9999 0.007358692120760679245 0.017069721594452857971 0.020529093220829963684 0.013711117208003997803 0.019566301256418228149 0.033286232501268386841 0.021917847916483879089 0.035064417868852615356 -9999 0.0092148110270500183105 0.054841887205839157104 -9999 0.008820924907922744751 0.052365232259035110474 0.037111502140760421753 0.050201818346977233887 0.0019592347089201211929 -9999 -9999 0.0039275530725717544556 0.020838977769017219543 0.025044823065400123596 0.0022969972342252731323 -9999 -9999 -9999 -9999 0.0035864850506186485291 0.037665091454982757568 -9999 0.023502256721258163452 0.005647668149322271347 0.0077397469431161880493 0.006500265561044216156 0.025019461289048194885 -9999 0.026514243334531784058 0.025603594258427619934
-9999 -9999 -9999 -9999 -9999 -9999 -9999 -9999 -9999 -9999 -9999 -9999 -9999 -9999 -9999 -9999 -9999 0.022717930376529693604 0.027037996798753738403 0.033581271767616271973 0.034656573086977005005 0.04125379025936126709 0.029810005798935890198 0.0079604722559452056885 0.025625303387641906738 -9999 -9999 -9999 0.0073138470761477947235 0.014346757903695106506 0.033748418092727661133 0.033846136182546615601 0.018944654613733291626 0.014267413876950740814 0.030003374442458152771 0.0080665331333875656128 0.003032168140634894371 0.0077165984548628330231 -9999 -9999 -9999 -9999 -9999 -9999 0.0031478025484830141068 0.012847559526562690735 0.0013966801343485713005 -9999 0.005643215961754322052 0.010168671607971191406 0.01654772832989692688 0.0005900965188629925251
-9999 -9999 -9999 -9999 -9999 -9999 -9999 -9999 -9999 -9999 -9999 -9999 -9999 -9999 -9999 -9999 -9999 -9999 -9999 -9999 -9999 -9999 0.0072577064856886863708 0.011504857800900936127 0.019154520705342292786 0.022147960960865020752 0.017069721594452857971 0.017292339354753494263 -9999 -9999 0.0059683555737137794495 0.014740514568984508514 0.036326847970485687256 0.051073733717203140259 0.0058234883472323417664 0.014231235720217227936 0.0058516669087111949921 0.0063563389703631401062 0.017166053876280784607 -9999 -9999 -9999 -9999 -9999 0.0030024626757949590683 0.0018130482640117406845 0.0066511058248579502106 -9999 -9999 0.023263469338417053223 0.0014679706655442714691 0.0093328133225440979004
-9999 -9999 -9999 -9999 -9999 -9999 -9999 -9999 -9999 -9999 -9999 -9999 -9999 -9999 -9999 -9999 -9999 -9999 -9999 -9999 -9999 -9999 -9999 -9999 -9999 0.014512083493173122406 -9999 -9999 -9999 -9999 -9999 -9999 0.016257159411907196045 0.017398083582520484924 0.034336548298597335815 0.014750413596630096436 0.020290136337280273438 0.026096343994140625 0.014270904473960399628 0.00035373124410398304462 -9999 0.010947303846478462219 -9999 0.0045285476371645927429 0.016863390803337097168 -9999 0.0065482910722494125366 0.0021272245794534683228 -9999 0.014279823750257492065 -9999 0.013529010117053985596
-9999 -9999 -9999 -9999 -9999 -9999 -9999 -9999 -9999 -9999 -9999 -9999 -9999 -9999 -9999 -9999 -9999 -9999 -9999 -9999 -9999 -9999 -9999 -9999 0.00072043383261188864708 0.019029304385185241699 0.015470639802515506744 -9999 -9999 -9999 -9999 0.010659029707312583923 0.013735068030655384064 0.014224494807422161102 0.0086503187194466590881 -9999 -9999 -9999 0.02542592957615852356 0.0077479560859501361847 0.011789369396865367889 0.013965044170618057251 -9999 -9999 0.034282360225915908813 -9999 0.017057845368981361389 0.025100775063037872314 -9999 0.0015385788865387439728 0.01298076193779706955 0.024116514250636100769
-9999 -9999 -9999 -9999 -9999 -9999 -9999 -9999 -9999 -9999 -9999 -9999 -9999 -9999 -9999 -9999 -9999 -9999 -9999 -9999 -9999 0.0068210554309189319611 -9999 -9999 -9999 -9999 0.015587035566568374634 -9999 -9999 0.013645133934915065765 0.037363775074481964111 0.026443101465702056885 -9999 -9999 0.0090666897594928741455 0.010885559022426605225 -9999 -9999 -9999 0.016081120818853378296 0.017253335565328598022 0.022733371704816818237 0.0045595676638185977936 -9999 0.025448443368077278137 0.0049436483532190322876 0.0051026712171733379364 0.019834490492939949036 0.0061621768400073051453 -9999 0.01949539966881275177 0.02818568795919418335
