gis/160m/channels_length.asc
ncols        64
nrows        71
xllcorner    726726.000000000000
yllcorner    7127190.000000000000
cellsize     160.000000000000
NODATA_value -9999
[rows 25 to 49 of 71, columns 0 to 55 of 64]
-9999 -9999 -9999 -9999 193.8820037841796875 -9999 -9999 -9999 316.8677978515625 324.1068115234375 -9999 454.547332763671875 457.869293212890625 193.41937255859375 78.9212493896484375 30.870450973510742188 -9999 -9999 149.8064727783203125 243.95111083984375 366.96209716796875 244.7834930419921875 35.93746185302734375 -9999 274.0447998046875 -9999 110.884613037109375 16.764863967895507812 207.585418701171875 -9999 241.601959228515625 585.96478271484375 443.431549072265625 -9999 -9999 104.65111541748046875 496.071746826171875 545.3551025390625 49.10358428955078125 -9999 -9999 232.774139404296875 -9999 -9999 -9999 399.049896240234375 298.33428955078125 203.5179443359375 299.07513427734375 355.428741455078125 358.184295654296875 449.391143798828125 473.973114013671875 144.6376953125 681.306640625 646.388427734375
-9999 -9999 -9999 -9999 96.37526702880859375 83.59049224853515625 -9999 -9999 120.99892425537109375 16.019933700561523438 174.3877716064453125 58.831966400146484375 317.91339111328125 142.81280517578125 -9999 -9999 -9999 102.87711334228515625 338.90118408203125 128.24481201171875 278.6781005859375 354.487152099609375 33.590480804443359375 -9999 45.9069976806640625 225.0118408203125 -9999 252.402069091796875 169.5466156005859375 26.519407272338867188 231.877899169921875 398.39990234375 476.541351318359375 250.9949493408203125 -9999 -9999 291.876861572265625 561.57574462890625 252.60345458984375 -9999 -9999 30.162090301513671875 284.17645263671875 156.50079345703125 83.94580078125 235.01129150390625 234.777923583984375 197.2792205810546875 101.5594024658203125 -9999 7.2663769721984863281 440.726287841796875 498.095245361328125 125.24587249755859375 828.64251708984375 900.90020751953125
-9999 29.491455078125 114.88912200927734375 224.317138671875 -9999 211.30841064453125 -9999 -9999 -9999 -9999 33.452503204345703125 204.123748779296875 273.897918701171875 250.2906951904296875 -9999 -9999 206.8658599853515625 256.38641357421875 534.542236328125 78.7578887939453125 184.8051300048828125 -9999 237.74591064453125 15.193261146545410156 15.662758827209472656 304.122283935546875 97.61966705322265625 69.87245941162109375 196.7962493896484375 316.71124267578125 448.654754638671875 235.25982666015625 305.770111083984375 281.585296630859375 120.33657073974609375 -9999 111.8376007080078125 491.61566162109375 351.926544189453125 -9999 -9999 -9999 124.6526031494140625 167.6544036865234375 289.2720947265625 446.56298828125 557.8448486328125 397.595733642578125 47.14614105224609375 68.8134765625 66.2007904052734375 684.11767578125 679.64044189453125 683.6202392578125 571.11273193359375 207.6180267333984375
123.81818389892578125 202.9585418701171875 -9999 385.540008544921875 10.508923530578613281 179.8831024169921875 448.121490478515625 316.408355712890625 -9999 -9999 70.93294525146484375 -9999 25.753973007202148438 366.02630615234375 -9999 -9999 -9999 308.883148193359375 445.0897216796875 94.57281494140625 101.41095733642578125 -9999 -9999 218.25860595703125 26.519411087036132812 161.61767578125 330.62078857421875 -9999 261.1552734375 658.55645751953125 97.44671630859375 116.7630767822265625 438.93231201171875 113.61533355712890625 301.562225341796875 -9999 94.79276275634765625 260.21539306640625 446.3673095703125 -9999 -9999 -9999 -9999 4.8540139198303222656 -9999 216.4842987060546875 468.505706787109375 440.235687255859375 141.61492919921875 76.579742431640625 843.935546875 269.625457763671875 304.4830322265625 709.23162841796875 831.89691162109375 174.6435089111328125
165.155242919921875 772.13824462890625 470.270904541015625 609.35968017578125 211.7598876953125 397.493621826171875 7.8329935073852539062 259.215179443359375 704.490478515625 99.1300811767578125 -9999 -9999 -9999 263.022674560546875 190.541168212890625 -9999 -9999 7.839878082275390625 356.677734375 -9999 198.1370849609375 -9999 -9999 127.586639404296875 252.4102935791015625 -9999 29.780408859252929688 196.820770263671875 699.649169921875 337.18902587890625 393.825469970703125 190.32110595703125 245.856842041015625 237.2172088623046875 119.33383941650390625 104.5597076416015625 147.1512908935546875 463.64569091796875 665.68963623046875 69.1688232421875 -9999 67.4593658447265625 -9999 164.8073883056640625 -9999 218.12750244140625 505.923828125 199.1877899169921875 319.813751220703125 461.3096923828125 225.8922576904296875 313.19097900390625 73.61705780029296875 262.513641357421875 767.6640625 720.2935791015625
-9999 395.662872314453125 428.295257568359375 349.879791259765625 5.6063623428344726562 163.506591796875 600.67474365234375 211.443450927734375 1101.3470458984375 427.34649658203125 214.13812255859375 -9999 -9999 70.40325927734375 474.317596435546875 17.218458175659179688 -9999 -9999 216.623504638671875 429.786376953125 236.237884521484375 -9999 -9999 -9999 73.93219757080078125 133.268798828125 215.4854278564453125 251.0943603515625 491.207275390625 428.4105224609375 389.703338623046875 230.856689453125 299.71759033203125 443.52093505859375 374.421356201171875 492.457733154296875 113.63852691650390625 580.27728271484375 723.913818359375 480.72705078125 114.26932525634765625 487.161529541015625 -9999 115.5093841552734375 104.80448150634765625 -9999 327.824920654296875 320.246490478515625 405.995269775390625 279.1959228515625 109.1136474609375 83.2938385009765625 84.6309814453125 -9999 291.50140380859375 510.296844482421875
-9999 -9999 406.90777587890625 66.0690460205078125 351.842620849609375 -9999 220.8389434814453125 399.27056884765625 452.93658447265625 167.304595947265625 565.5341796875 8.8381805419921875 -9999 -9999 169.72467041015625 306.197174072265625 -9999 -9999 253.1894683837890625 43.562042236328125 -9999 -9999 -9999 -9999 -9999 436.046142578125 212.970001220703125 449.87322998046875 260.04144287109375 241.095062255859375 176.127288818359375 574.7777099609375 439.3094482421875 4.0639348030090332031 542.3504638671875 517.081787109375 -9999 377.850616455078125 713.49176025390625 254.0343017578125 625.56414794921875 295.802215576171875 173.5146636962890625 -9999 195.30303955078125 -9999 302.13592529296875 648.33319091796875 454.72100830078125 195.545166015625 360.328826904296875 398.64013671875 252.3664093017578125 321.27130126953125 -9999 157.157958984375
-9999 -9999 109.53050994873046875 412.587921142578125 38.090999603271484375 351.192138671875 924.01995849609375 1003.068359375 184.39892578125 435.146881103515625 355.6378173828125 333.245513916015625 -9999 -9999 208.3194732666015625 368.528167724609375 -9999 144.15509033203125 288.36334228515625 -9999 -9999 -9999 36.8413238525390625 82.3016815185546875 -9999 227.0907135009765625 285.2760009765625 267.88525390625 -9999 280.860931396484375 166.585296630859375 416.064544677734375 721.285400390625 297.398040771484375 154.5496978759765625 609.84478759765625 224.00567626953125 702.08123779296875 234.78778076171875 429.87750244140625 213.10302734375 414.044586181640625 343.56427001953125 232.193023681640625 139.2620086669921875 180.080810546875 474.58880615234375 495.790008544921875 312.79998779296875 450.681121826171875 94.14426422119140625 145.431976318359375 -9999 528.39617919921875 197.1722259521484375 -9999
-9999 -9999 -9999 182.9285888671875 223.0562896728515625 344.361968994140625 516.999755859375 869.6158447265625 501.239501953125 1069.5789794921875 236.4622344970703125 642.6842041015625 466.912872314453125 251.1753082275390625 482.54351806640625 228.49462890625 215.921417236328125 61.68886566162109375 -9999 -9999 -9999 19.663003921508789062 262.21978759765625 112.4766845703125 -9999 339.591949462890625 520.0615234375 113.6566925048828125 166.7463531494140625 249.3913726806640625 159.6577301025390625 -9999 637.29998779296875 248.470947265625 513.106689453125 298.753814697265625 518.6358642578125 288.0999755859375 479.990478515625 247.0179595947265625 53.753162384033203125 81.6717529296875 490.10986328125 106.95417022705078125 105.47658538818359375 -9999 350.85400390625 412.101654052734375 338.9974365234375 442.308685302734375 113.9273681640625 -9999 467.1697998046875 804.3907470703125 257.688873291015625 92.89110565185546875
-9999 -9999 -9999 -9999 6.2966814041137695312 92.58935546875 104.35552215576171875 157.3429718017578125 214.8388671875 926.06689453125 687.04132080078125 647.35955810546875 245.4716339111328125 -9999 38.284454345703125 474.636016845703125 83.4490966796875 -9999 -9999 -9999 227.4291229248046875 124.37824249267578125 105.08722686767578125 154.1247406005859375 -9999 12.875609397888183594 577.51287841796875 361.863983154296875 176.6494140625 84.2720794677734375 261.0787353515625 -9999 302.472808837890625 514.911376953125 190.9955902099609375 279.454559326171875 217.2092742919921875 314.120208740234375 -9999 209.20416259765625 75.66153717041015625 -9999 119.409881591796875 285.028289794921875 122.59082794189453125 403.404541015625 322.966400146484375 206.147857666015625 236.773468017578125 109.2229461669921875 244.10943603515625 42.236644744873046875 712.0950927734375 478.914306640625 283.257080078125 176.4510040283203125
-9999 -9999 -9999 -9999 -9999 -9999 -9999 -9999 -9999 40.469944000244140625 192.125640869140625 594.40966796875 300.2572021484375 -9999 -9999 284.748260498046875 585.18035888671875 33.500469207763671875 -9999 225.4947662353515625 28.58148193359375 2.1504836082458496094 95.33663177490234375 393.22943115234375 54.761749267578125 25.900409698486328125 163.88751220703125 265.411834716796875 223.440277099609375 338.018798828125 90.5587158203125 257.978546142578125 398.184356689453125 251.7192840576171875 167.046539306640625 191.9310150146484375 -9999 71.4903411865234375 327.929718017578125 38.983280181884765625 208.408599853515625 296.972869873046875 310.16790771484375 453.11419677734375 491.40924072265625 102.62746429443359375 -9999 4.0639424324035644531 232.4492645263671875 221.8509368896484375 -9999 159.990234375 527.16351318359375 627.4478759765625 276.6512451171875 109.89644622802734375
-9999 -9999 -9999 -9999 -9999 -9999 -9999 -9999 -9999 -9999 -9999 324.764678955078125 187.2375946044921875 248.95147705078125 248.0827789306640625 434.139862060546875 346.173004150390625 372.824249267578125 111.133331298828125 180.465576171875 -9999 183.1338348388671875 284.40972900390625 316.910552978515625 344.632843017578125 157.4159393310546875 -9999 57.812030792236328125 183.5984039306640625 -9999 224.4876556396484375 -9999 416.6630859375 -9999 191.0889129638671875 262.264251708984375 76.09630584716796875 -9999 100.8767242431640625 525.6552734375 556.1151123046875 642.36846923828125 723.0128173828125 556.8587646484375 185.4826812744140625 182.671173095703125 -9999 178.216522216796875 276.06207275390625 67.60550689697265625 44.460376739501953125 171.0702056884765625 407.334716796875 417.274810791015625 267.32672119140625 145.0175628662109375
-9999 -9999 -9999 -9999 -9999 -9999 -9999 -9999 -9999 -9999 30.740964889526367188 365.789459228515625 221.1602935791015625 -9999 -9999 35.277130126953125 321.159149169921875 98.55694580078125 233.4369659423828125 414.042877197265625 27.789600372314453125 208.9949493408203125 508.79364013671875 725.986572265625 34.0881805419921875 -9999 -9999 144.7746124267578125 242.6222686767578125 -9999 -9999 198.0714263916015625 173.7661590576171875 184.0824737548828125 34.414813995361328125 333.402435302734375 33.64350128173828125 376.878753662109375 278.87664794921875 435.22576904296875 619.32818603515625 1001.6954345703125 900.50006103515625 252.62799072265625 -9999 97.87801361083984375 202.036773681640625 228.0125274658203125 447.11993408203125 66.48587799072265625 144.240203857421875 343.027069091796875 359.13037109375 191.9886322021484375 213.5885009765625 -9999
-9999 -9999 -9999 -9999 -9999 -9999 -9999 -9999 -9999 21.292612075805664062 344.548004150390625 353.985565185546875 88.36248016357421875 -9999 54.414813995361328125 -9999 61.188678741455078125 271.994873046875 354.1640625 529.554443359375 219.977447509765625 533.71746826171875 815.061767578125 602.5440673828125 579.8792724609375 543.46087646484375 376.012939453125 362.264892578125 237.71856689453125 24.841159820556640625 -9999 -9999 144.5052032470703125 306.759765625 168.0911865234375 363.282806396484375 188.8277130126953125 325.00531005859375 635.8125 671.7789306640625 445.802581787109375 697.130126953125 292.19464111328125 285.173919677734375 138.8976898193359375 170.8313446044921875 161.7831268310546875 -9999 300.212554931640625 359.1236572265625 214.88482666015625 253.432098388671875 435.907379150390625 377.685028076171875 45.5504302978515625 -9999
-9999 -9999 -9999 -9999 -9999 -9999 -9999 -9999 -9999 -9999 -9999 -9999 100.63246917724609375 353.021392822265625 183.9161834716796875 -9999 -9999 -9999 30.36678314208984375 547.58135986328125 719.3714599609375 613.23626708984375 330.711761474609375 810.76666259765625 367.508026123046875 987.18902587890625 558.85125732421875 483.815093994140625 226.6804962158203125 200.316009521484375 37.621509552001953125 -9999 -9999 213.5584259033203125 477.637237548828125 557.46435546875 696.53033447265625 868.09075927734375 347.0018310546875 143.2802734375 9.8358974456787109375 576.0889892578125 702.510498046875 193.9949493408203125 314.839599609375 201.218231201171875 284.1915283203125 364.0428466796875 332.06829833984375 23.397218704223632812 408.225067138671875 248.479522705078125 189.4578704833984375 326.447845458984375 154.30694580078125 -9999
-9999 -9999 -9999 -9999 -9999 -9999 -9999 -9999 -9999 -9999 -9999 -9999 -9999 -9999 94.19126129150390625 218.492431640625 262.77239990234375 175.5023040771484375 250.4486541748046875 426.06378173828125 280.5484619140625 448.824554443359375 -9999 235.8991546630859375 701.97613525390625 -9999 225.8156890869140625 670.27496337890625 475.0272216796875 642.583251953125 25.078203201293945312 -9999 -9999 50.272678375244140625 266.738922119140625 641.1474609375 58.803127288818359375 -9999 -9999 -9999 -9999 45.907009124755859375 482.113189697265625 -9999 300.828887939453125 144.5803070068359375 99.06876373291015625 166.40679931640625 320.249114990234375 -9999 339.38232421875 327.72601318359375 170.5833282470703125 241.382965087890625 -9999 -9999
-9999 -9999 -9999 -9999 -9999 -9999 -9999 -9999 -9999 -9999 -9999 -9999 -9999 -9999 -9999 -9999 -9999 290.789520263671875 346.08636474609375 429.84027099609375 443.604156494140625 528.04852294921875 381.568084716796875 101.89404296875 328.003875732421875 -9999 -9999 -9999 187.2344818115234375 367.277008056640625 431.979766845703125 433.23052978515625 242.4915771484375 182.622894287109375 384.043182373046875 206.5032501220703125 77.623504638671875 197.544921875 -9999 -9999 -9999 -9999 -9999 -9999 80.58374786376953125 328.89752197265625 35.75501251220703125 -9999 72.23316192626953125 130.15899658203125 211.8109283447265625 15.106471061706542969 77.34374237060546875 164.42041015625 -9999 -9999
-9999 -9999 -9999 -9999 -9999 -9999 -9999 -9999 -9999 -9999 -9999 -9999 -9999 -9999 -9999 -9999 -9999 -9999 -9999 -9999 -9999 -9999 92.89864349365234375 147.262176513671875 245.1778717041015625 283.493896484375 218.492431640625 221.3419342041015625 -9999 -9999 152.7899017333984375 377.357177734375 464.983642578125 653.7437744140625 149.081298828125 182.159820556640625 74.901336669921875 162.7222747802734375 219.7254791259765625 -9999 -9999 -9999 -9999 -9999 76.86304473876953125 46.414035797119140625 170.268310546875 -9999 -9999 297.77239990234375 18.7900238037109375 119.4600067138671875 95.00322723388671875 170.6616363525390625 -9999 -9999
-9999 -9999 -9999 -9999 -9999 -9999 -9999 -9999 -9999 -9999 -9999 -9999 -9999 -9999 -9999 -9999 -9999 -9999 -9999 -9999 -9999 -9999 -9999 -9999 -9999 185.754669189453125 -9999 -9999 -9999 -9999 -9999 -9999 416.183258056640625 222.6954803466796875 439.5078125 188.8052978515625 259.7137451171875 334.033203125 182.667572021484375 4.5277600288391113281 -9999 140.12548828125 -9999 115.93082427978515625 215.8513946533203125 -9999 167.6362457275390625 54.456951141357421875 -9999 182.78173828125 -9999 173.17132568359375 89.02523040771484375 9.2494020462036132812 2.6877636909484863281 -9999
-9999 -9999 -9999 -9999 -9999 -9999 -9999 -9999 -9999 -9999 -9999 -9999 -9999 -9999 -9999 -9999 -9999 -9999 -9999 -9999 -9999 -9999 -9999 -9999 9.2215528488159179688 243.5750885009765625 198.0241851806640625 -9999 -9999 -9999 -9999 272.87115478515625 351.61773681640625 364.147064208984375 110.72408294677734375 -9999 -9999 -9999 325.451904296875 99.17383575439453125 150.9039306640625 178.7525634765625 -9999 -9999 438.814208984375 -9999 218.340423583984375 321.2899169921875 -9999 19.69380950927734375 166.15374755859375 308.691375732421875 306.5145263671875 190.6653900146484375 238.746002197265625 -9999
-9999 -9999 -9999 -9999 -9999 -9999 -9999 -9999 -9999 -9999 -9999 -9999 -9999 -9999 -9999 -9999 -9999 -9999 -9999 -9999 -9999 87.30950927734375 -9999 -9999 -9999 -9999 199.5140533447265625 -9999 -9999 174.65771484375 478.256317138671875 338.471710205078125 -9999 -9999 232.1072540283203125 278.670318603515625 -9999 -9999 -9999 205.838348388671875 220.8426971435546875 290.987152099609375 58.362468719482421875 -9999 325.740081787109375 126.55739593505859375 130.628387451171875 253.8814849853515625 157.7517242431640625 -9999 249.5411224365234375 360.77679443359375 -9999 -9999 175.8038330078125 168.393035888671875
-9999 -9999 -9999 -9999 -9999 -9999 -9999 -9999 -9999 -9999 -9999 -9999 -9999 -9999 -9999 -9999 -9999 -9999 -9999 -9999 -9999 9.693790435791015625 194.5782928466796875 188.4116058349609375 344.31024169921875 203.8238067626953125 175.741973876953125 -9999 -9999 177.24407958984375 209.1834716796875 124.029693603515625 309.670867919921875 -9999 82.81203460693359375 110.28228759765625 350.731536865234375 71.6479644775390625 189.188201904296875 231.421356201171875 -9999 -9999 137.70355224609375 318.489471435546875 149.500701904296875 -9999 179.2676239013671875 185.7106781005859375 -9999 -9999 -9999 246.000335693359375 -9999 -9999 -9999 114.659576416015625
-9999 -9999 -9999 -9999 -9999 -9999 -9999 -9999 -9999 -9999 -9999 -9999 -9999 -9999 -9999 -9999 268.213409423828125 178.639617919921875 189.852813720703125 180.7106781005859375 185.4826812744140625 234.8509674072265625 181.340545654296875 192.42010498046875 108.2093505859375 452.96710205078125 308.537200927734375 483.817718505859375 188.2769775390625 341.873992919921875 326.405670166015625 26.519407272338867188 252.723297119140625 210.326263427734375 26.606019973754882812 -9999 34.98868560791015625 314.37823486328125 408.5250244140625 464.755706787109375 314.25616455078125 251.90155029296875 -9999 18.948888778686523438 180.8243255615234375 -9999 387.970733642578125 221.5326995849609375 -9999 -9999 -9999 173.17132568359375 -9999 -9999 -9999 -9999
-9999 -9999 -9999 -9999 -9999 -9999 -9999 -9999 -9999 -9999 -9999 -9999 -9999 -9999 -9999 -9999 -9999 -9999 -9999 -9999 -9999 236.7529449462890625 102.114776611328125 374.905181884765625 184.71142578125 53.284271240234375 357.01812744140625 183.2103118896484375 307.345550537109375 261.186187744140625 207.2452850341796875 347.9166259765625 206.7240447998046875 383.186279296875 477.147186279296875 223.208038330078125 -9999 16.292629241943359375 221.7275543212890625 -9999 309.510528564453125 476.172149658203125 348.808624267578125 163.188140869140625 110.35306549072265625 121.75907135009765625 211.54937744140625 282.794891357421875 175.9833526611328125 -9999 -9999 193.08917236328125 169.1900482177734375 42.812030792236328125 118.9318084716796875 76.43001556396484375
-9999 -9999 -9999 -9999 -9999 -9999 -9999 -9999 -9999 -9999 -9999 -9999 -9999 -9999 -9999 -9999 -9999 56.565296173095703125 226.421356201171875 195.208160400390625 302.267730712890625 485.62353515625 375.758331298828125 163.5155792236328125 139.16766357421875 198.91693115234375 186.9146728515625 429.803955078125 150.5143585205078125 226.418121337890625 66.10025787353515625 148.7336578369140625 -9999 -9999 35.43476104736328125 275.290679931640625 226.256072998046875 169.546356201171875 61.490345001220703125 292.979461669921875 287.923431396484375 361.922943115234375 -9999 172.5767059326171875 220.7378082275390625 94.66228485107421875 -9999 159.385040283203125 311.3184814453125 129.529144287109375 253.7669525146484375 282.945220947265625 307.368408203125 277.199798583984375 349.15301513671875 211.2171173095703125
