gis/160m/flow_accumulation_dinf.asc
ncols        64
nrows        71
xllcorner    726726.000000000000
yllcorner    7127190.000000000000
cellsize     160.000000000000
NODATA_value -9999
[rows 0 to 26 of 71, columns 0 to 59 of 64]
-9999.0 -9999 -9999 -9999 -9999 -9999 -9999 -9999 -9999 -9999 -9999 -9999 -9999 -9999 -9999 -9999 -9999 -9999 -9999 -9999 -9999 -9999 -9999 -9999 -9999 -9999 -9999 -9999 -9999 -9999 -9999 -9999 407.398345947265625 308.603118896484375 293.990875244140625 230.42547607421875 160 -9999 -9999 -9999 -9999 -9999 -9999 -9999 -9999 -9999 -9999 -9999 -9999 -9999 -9999 -9999 -9999 -9999 -9999 -9999 -9999 -9999 -9999 -9999
-9999 -9999 -9999 -9999 -9999 -9999 -9999 -9999 -9999 -9999 -9999 -9999 -9999 -9999 -9999 -9999 -9999 -9999 -9999 -9999 -9999 -9999 -9999 -9999 -9999 -9999 -9999 -9999 198.8712921142578125 399.94232177734375 559.94232177734375 243.6285400390625 628.60308837890625 405.2813720703125 497.77862548828125 346.275634765625 160 -9999 -9999 -9999 -9999 -9999 -9999 -9999 -9999 -9999 -9999 -9999 -9999 -9999 -9999 -9999 -9999 -9999 -9999 -9999 -9999 -9999 -9999 -9999
-9999 -9999 -9999 -9999 -9999 -9999 -9999 -9999 -9999 -9999 -9999 -9999 -9999 -9999 -9999 -9999 -9999 -9999 -9999 -9999 -9999 -9999 -9999 -9999 -9999 -9999 160 320 575.13861083984375 803.04351806640625 160 785.06817626953125 403.6285400390625 1952.9986572265625 361.229095458984375 389.97088623046875 255.0484619140625 160 160 -9999 160 160 160 169.30462646484375 236.1344146728515625 -9999 -9999 -9999 -9999 -9999 -9999 -9999 -9999 -9999 -9999 -9999 -9999 -9999 -9999 -9999
-9999 -9999 -9999 -9999 -9999 -9999 -9999 -9999 -9999 -9999 -9999 -9999 -9999 -9999 -9999 -9999 -9999 -9999 -9999 -9999 -9999 -9999 -9999 -9999 -9999 -9999 -9999 160 185.9901123046875 270.998046875 1400.83642578125 1572.08203125 3550.770263671875 507.018890380859375 750.22882080078125 397.739776611328125 224.9515380859375 160 320 160 320 165.27203369140625 314.72796630859375 310.69537353515625 267.80633544921875 396.1343994140625 1006.862060546875 634.2684326171875 318.511383056640625 160 -9999 -9999 -9999 -9999 -9999 -9999 -9999 -9999 -9999 -9999
-9999 -9999 -9999 -9999 -9999 -9999 -9999 -9999 -9999 -9999 -9999 -9999 -9999 -9999 -9999 -9999 -9999 -9999 -9999 -9999 175.118896484375 -9999 -9999 160 160 160 160 160 160 446.01611328125 440.05218505859375 160 13011.13671875 1331.3499755859375 261.18438720703125 235.5881805419921875 271.309661865234375 370.589935302734375 318.100372314453125 495.335235595703125 304.664764404296875 160 325.27203369140625 793.34381103515625 1608.6292724609375 2903.77294921875 1340.934326171875 1301.2169189453125 305.382080078125 171.4929962158203125 160 -9999 -9999 -9999 -9999 -9999 -9999 -9999 -9999 -9999
-9999 -9999 -9999 -9999 -9999 -9999 -9999 -9999 -9999 -9999 -9999 -9999 -9999 -9999 -9999 -9999 -9999 -9999 160 160 304.881103515625 974.990478515625 160 1437.839599609375 234.240020751953125 160 1334.895263671875 160 160 160 6743.63720703125 7909.45361328125 418.38909912109375 14940.8427734375 263.55181884765625 292.036376953125 968.0570068359375 199.3054656982421875 609.08087158203125 1564.6207275390625 743.692138671875 204.502197265625 160 210.043853759765625 278.623992919921875 5317.50048828125 402.036590576171875 235.4103546142578125 991.59185791015625 345.99822998046875 160 160 -9999 -9999 -9999 -9999 -9999 -9999 -9999 -9999
-9999 -9999 -9999 -9999 -9999 -9999 -9999 -9999 -9999 -9999 -9999 -9999 -9999 -9999 -9999 -9999 -9999 -9999 320 160 160 215.1840362548828125 575.79156494140625 661.1002197265625 160 534.89532470703125 160 4769.74072265625 4932.23388671875 6011.1279296875 845.30267333984375 160 160 320 15725.90625 1399.083740234375 160 2711.943115234375 1942.8621826171875 218.241363525390625 160 160 160 276.61236572265625 160 5860.6650390625 441.965576171875 380.9029541015625 296.31329345703125 594.307373046875 320 160 -9999 -9999 -9999 -9999 -9999 -9999 -9999 -9999
-9999 -9999 -9999 -9999 -9999 -9999 -9999 -9999 -9999 -9999 -9999 -9999 -9999 -9999 -9999 -9999 -9999 334.89971923828125 490.4322509765625 203.89007568359375 160 415.79156494140625 160 302.77618408203125 724.284423828125 1502.6322021484375 2435.000732421875 2667.681396484375 160 1223.7647705078125 160 160 160 160 442.80816650390625 17828.92578125 3088.222900390625 160 160 160 160 160 248.682708740234375 845.289794921875 1005.29510498046875 7630.95556640625 2385.325439453125 3872.05224609375 2934.4580078125 2374.6728515625 2063.314697265625 233.4995574951171875 160 -9999 -9999 -9999 -9999 -9999 -9999 -9999
-9999 -9999 -9999 -9999 -9999 -9999 -9999 -9999 -9999 -9999 -9999 -9999 -9999 -9999 -9999 160 160 410.7779541015625 1569.446533203125 223.4678497314453125 160 209.2179412841796875 369.21795654296875 460.08837890625 599.00311279296875 669.642333984375 160 305.064239501953125 327.709259033203125 327.226470947265625 309.260833740234375 170.7391815185546875 160 160 176.6893768310546875 2478.539306640625 23893.876953125 160 640 160 160 320 231.317291259765625 236.547943115234375 160 12160.40234375 2174.632080078125 398.044586181640625 904.2239990234375 934.84259033203125 474.823211669921875 1583.3145751953125 244.540252685546875 -9999 -9999 -9999 -9999 -9999 -9999 -9999
-9999 -9999 -9999 -9999 -9999 -9999 -9999 -9999 -9999 -9999 -9999 -9999 -9999 -9999 320 160 160 160 365.400726318359375 2305.932861328125 160 160 160 270.0653076171875 386.985321044921875 160 160 160 160 160 160 160 1289.5135498046875 1578.5128173828125 1987.7828369140625 489.663665771484375 280.307373046875 25397.603515625 160 257.949127197265625 222.050872802734375 427.082427978515625 212.9175567626953125 547.0350341796875 219.9311065673828125 12450.7001953125 744.85906982421875 502.395172119140625 345.2132568359375 337.366912841796875 565.246337890625 457.158172607421875 710.709228515625 -9999 -9999 -9999 -9999 -9999 -9999 -9999
-9999 -9999 -9999 -9999 -9999 -9999 -9999 -9999 -9999 -9999 -9999 -9999 -9999 -9999 160 640 160 160 241.6848297119140625 414.067108154296875 2823.311279296875 164.9498748779296875 160 160 160 241.64752197265625 238.35247802734375 160 160 320 641.21417236328125 326.747039794921875 312.038787841796875 160 267.9136962890625 324.08197021484375 339.65283203125 358.41278076171875 26211.95703125 720.24310302734375 160 160 587.08245849609375 402.06903076171875 734.50048828125 14407.3916015625 308.421722412109375 160 160 311.17681884765625 431.34698486328125 325.505279541015625 496.261505126953125 -9999 -9999 -9999 -9999 -9999 -9999 -9999
-9999 -9999 -9999 -9999 -9999 -9999 -9999 -9999 -9999 -9999 -9999 -9999 -9999 -9999 160 883.3111572265625 509.88812255859375 160 160 160 3573.402587890625 374.991180419921875 211.606231689453125 160 613.86517333984375 2080 852.6629638671875 222.833953857421875 160 160 160 160 160 160 160 160 160 255.2328033447265625 345.644317626953125 27985.955078125 160 192.5698089599609375 160 725.51385498046875 16475.537109375 976.0269775390625 858.90924072265625 324.55950927734375 160 160 381.339630126953125 382.950927734375 -9999 -9999 -9999 -9999 -9999 -9999 -9999 -9999
-9999 -9999 -9999 -9999 -9999 -9999 -9999 -9999 -9999 -9999 -9999 -9999 -9999 -9999 -9999 206.8007049560546875 1864.1109619140625 2570.062744140625 2851.401611328125 3095.968505859375 160 4182.50341796875 364.3907470703125 160 160 160 160 160 160 402.717803955078125 817.5020751953125 160 160 320 470.767181396484375 160 160 224.7671966552734375 257.2945556640625 160 623.19122314453125 160 352.56982421875 1034.3306884765625 17593.095703125 403.61785888671875 736.05389404296875 790.2935791015625 515.70941162109375 195.7094268798828125 284.29058837890625 160 -9999 -9999 -9999 -9999 -9999 -9999 -9999 -9999
-9999 -9999 -9999 -9999 -9999 -9999 -9999 -9999 -9999 -9999 -9999 -9999 -9999 -9999 -9999 160 160 170.06787109375 396.16839599609375 707.3809814453125 4569.79443359375 4800 9644.1103515625 250.5699920654296875 215.33831787109375 160 160 545.896240234375 160 237.2822113037109375 1280 320 160 1059.617919921875 169.2328033447265625 160 160 314.841461181640625 474.5263671875 634.5263671875 331.335113525390625 900.35821533203125 534.63275146484375 19607.18359375 209.596893310546875 161.789642333984375 160 200.8563690185546875 160 160 160 -9999 -9999 -9999 -9999 -9999 -9999 -9999 -9999 -9999
-9999 -9999 -9999 -9999 -9999 -9999 -9999 -9999 -9999 -9999 -9999 -9999 -9999 -9999 -9999 -9999 -9999 160 160 160 480 424.317230224609375 747.72296142578125 10935.337890625 264.66168212890625 160 160 254.103759765625 1070.336181640625 160 160 2010.3970947265625 445.7249755859375 1145.722412109375 160 160 160 308.840087890625 517.2119140625 473.230072021484375 160 521.9580078125 1264.4365234375 21297.455078125 265.89178466796875 160 239.2220611572265625 322.12213134765625 246.0508575439453125 160 -9999 -9999 -9999 -9999 -9999 -9999 -9999 -9999 -9999 -9999
-9999 -9999 -9999 -9999 -9999 160 -9999 -9999 -9999 -9999 -9999 -9999 -9999 -9999 -9999 -9999 -9999 160 160 320 160 160 160 320 11776.4697265625 303.256378173828125 160 160 369.23236083984375 1435.759033203125 160 168.15216064453125 3218.34423828125 798.58837890625 320 160 160 176.3184814453125 288.26171875 652.2435302734375 1285.4736328125 1458.7005615234375 1749.2637939453125 23050.341796875 516.46893310546875 603.48736572265625 629.49530029296875 564.9962158203125 736.903564453125 640 423.901397705078125 -9999 -9999 -9999 -9999 -9999 -9999 -9999 -9999 -9999
-9999 -9999 -9999 160 302.958251953125 177.0417633056640625 160 -9999 -9999 -9999 -9999 -9999 -9999 -9999 -9999 -9999 160 480.384246826171875 160 160 160 160 160 160 400.273773193359375 12672.6494140625 13106.7265625 160 198.5625762939453125 529.9765625 2285.700439453125 160 3769.604248046875 980.58941650390625 554.30560302734375 218.93798828125 280.285064697265625 160 160 160 160 160 291.666961669921875 24174.9296875 461.12664794921875 666.33770751953125 556.36962890625 667.31219482421875 349.095458984375 160 320 -9999 -9999 -9999 -9999 -9999 -9999 -9999 -9999 -9999
-9999 -9999 -9999 -9999 322.93450927734375 699.09686279296875 257.9686279296875 -9999 -9999 -9999 -9999 -9999 -9999 -9999 -9999 -9999 160 319.615753173828125 800.38421630859375 165.790435791015625 315.279052734375 369.63519287109375 640 160 160 208.3928680419921875 333.273834228515625 13447.818359375 281.868896484375 488.409637451171875 2445.735595703125 160 276.277740478515625 4821.455078125 848.52093505859375 474.196319580078125 309.130950927734375 160 800 160 216.6053924560546875 263.394622802734375 160 160 25003.5859375 2335.72119140625 1034.132568359375 494.372833251953125 308.64764404296875 192.5030364990234375 160 160 -9999 -9999 -9999 -9999 -9999 -9999 -9999 -9999
-9999 -9999 -9999 -9999 275.560943603515625 1188.9239501953125 295.515106201171875 160 160 -9999 -9999 -9999 -9999 -9999 160 160 160 160 824.24835205078125 761.3756103515625 378.55157470703125 421.44842529296875 160 800 160 160 320 409.456207275390625 13805.1875 265.854705810546875 3099.963623046875 160 160 5728.15185546875 536.52392578125 795.87298583984375 1575.3243408203125 160 17759.99609375 19039.994140625 19472.232421875 20319.986328125 20640 160 272.472198486328125 27844.912109375 569.28118896484375 549.9345703125 445.466766357421875 287.496978759765625 160 160 160 -9999 -9999 -9999 -9999 -9999 -9999 -9999
-9999 -9999 -9999 425.902862548828125 1466.8382568359375 2762.06201171875 3891.09814453125 349.339691162109375 259.149169921875 285.528045654296875 160 160 160 -9999 172.01531982421875 329.787353515625 352.519287109375 265.67803955078125 174.376007080078125 1813.94921875 263.944427490234375 625.5084228515625 537.84600830078125 199.911224365234375 1040.031982421875 1280 878.983642578125 1342.4334716796875 15530.853515625 160 3656.725341796875 160 320 5175.77294921875 11709.875 12816.9560546875 13701.3759765625 17280 160 160 160 320 320 20800 160 28581.658203125 857.953369140625 631.03961181640625 506.418731689453125 320 160 267.5687255859375 220.4549560546875 311.976318359375 160 -9999 -9999 -9999 -9999 -9999
-9999 -9999 160 359.50177001953125 514.53839111328125 478.244842529296875 434.902130126953125 5339.9423828125 6044.66455078125 252.0698699951171875 160 777.15606689453125 297.156036376953125 160 160 492.01531982421875 1711.4730224609375 160 160 1484.51318359375 875.1654052734375 557.14154052734375 1362.8585205078125 160 160 160 881.016357421875 1054.0662841796875 1240.5703125 16007.0732421875 183.2745361328125 3953.697998046875 5015.77294921875 514.617431640625 229.609649658203125 339.697296142578125 697.01409912109375 160 1683.28857421875 160 160 160 160 21997.638671875 22158.697265625 51286.765625 1043.0015869140625 763.6949462890625 472.83837890625 320 299.80279541015625 287.76593017578125 297.645751953125 407.653839111328125 307.131683349609375 320 -9999 -9999 -9999 -9999
-9999 -9999 -9999 259.87939453125 241.462646484375 395.720916748046875 323.487060546875 378.58642578125 624.0308837890625 7200 939.738037109375 160 182.8439483642578125 196.4969329833984375 160 160 208.52703857421875 2050.447021484375 224.1679229736328125 200.321441650390625 2589.58447265625 716.60992431640625 1537.9239501953125 465.466033935546875 160 160 160 226.2256622314453125 411.07781982421875 17524.34765625 160 273.272979736328125 711.42559814453125 265.14312744140625 160 225.389801025390625 491.32159423828125 936.9495849609375 266.33905029296875 160 160 480 398.697906494140625 160 160 293.674652099609375 54043.07421875 524.67584228515625 294.578582763671875 425.6082763671875 402.609588623046875 239.3508758544921875 636.83758544921875 388.462005615234375 215.459869384765625 731.67181396484375 -9999 -9999 -9999 -9999
-9999 -9999 -9999 -9999 181.3420562744140625 298.657928466796875 267.923614501953125 212.076385498046875 320 320 8733.3896484375 342.843963623046875 365.175262451171875 283.5030517578125 160 160 447.073028564453125 851.83929443359375 2501.224609375 224.1096038818359375 2880 667.0869140625 1776.1424560546875 1876.430419921875 327.952362060546875 243.0626983642578125 160 160 257.498138427734375 555.65191650390625 17974.44140625 160 315.478607177734375 214.85687255859375 160 160 160 640 213.6609649658203125 160 160 160 635.3975830078125 344.55670166015625 367.381378173828125 357.204010009765625 54964.84375 663.59820556640625 500.46441650390625 581.2918701171875 404.202880859375 221.609588623046875 796.83758544921875 294.32806396484375 1521.265625 160 160 -9999 -9999 -9999
-9999 -9999 -9999 -9999 -9999 160 160 160 160 375.247100830078125 3319.3349609375 7001.505859375 434.824737548828125 320 160 160 192.926971435546875 393.545806884765625 2367.116455078125 1860.2030029296875 3082.787841796875 160 160 4480 685.48095703125 160 477.358612060546875 162.641387939453125 160 -9999 18660.44921875 457.40447998046875 441.276702880859375 311.837066650390625 160 160 160 160 320 160 160 160 245.9045257568359375 1053.1180419921875 1473.9207763671875 1383.1199951171875 57045.6640625 278.71783447265625 1063.5206298828125 809.523193359375 366.95831298828125 448.2974853515625 1246.208984375 1681.265625 160 160 320 -9999 -9999 -9999
-9999 -9999 -9999 160 160 160 160 160 215.247100830078125 160 244.625030517578125 4915.99365234375 11795.296875 160 640 160 160 160 339.7130126953125 4579.3505859375 3710.6162109375 160 160 160 160 -9999 160 960 -9999 -9999 -9999 1170.8994140625 430.646331787109375 296.914886474609375 160 178.459991455078125 351.469635009765625 270.070343017578125 160 240.0302734375 753.62945556640625 323.78192138671875 160 160 160 683.35137939453125 57205.73046875 655.5257568359375 1372.56591796875 295.90484619140625 403.762664794921875 2496.728515625 1709.6658935546875 266.22064208984375 213.77935791015625 640 -9999 -9999 -9999 -9999
-9999 -9999 160 160 960 320 160 160 264.752899169921875 299.292999267578125 394.24951171875 753.5711669921875 11955.63671875 201.49542236328125 160 160 160 160 190.179718017578125 285.63726806640625 8801.0048828125 537.3331298828125 160 160 365.512969970703125 160 -9999 160 214.3553314208984375 -9999 -9999 1979.5513916015625 568.07696533203125 351.248046875 160 160 664.56610107421875 472.530426025390625 160 160 160 988.9642333984375 1110.7454833984375 336.4989013671875 222.150787353515625 59198.55859375 226.500152587890625 2121.591552734375 2796.009033203125 4364.17236328125 4204.1611328125 983.68109130859375 386.366363525390625 164.1464691162109375 607.226318359375 591.05633544921875 160 -9999 -9999 -9999
-9999 170.3891448974609375 327.79608154296875 1261.8148193359375 160 259.6329345703125 376.5294189453125 163.837646484375 160 285.45989990234375 327.502227783203125 292.83489990234375 13165.2314453125 551.86572265625 160 160 160 320 160 224.395843505859375 394.781005859375 10240 160 160 463.918914794921875 656.0810546875 160 160 265.6446533203125 -9999 -9999 160 279.678497314453125 247.077239990234375 160 160 590.56622314453125 1169.4337158203125 175.5249481201171875 160 160 287.25384521484375 778.07269287109375 1716.5911865234375 1226.175537109375 542.8018798828125 59813.10546875 5294.08740234375 2086.294189453125 160 160 180.807037353515625 641.10723876953125 322.494964599609375 1117.80712890625 489.033966064453125 160 -9999 -9999 -9999
