gis/160m/flow_accumulation_dinf.asc
ncols        64
nrows        71
xllcorner    726726.000000000000
yllcorner    7127190.000000000000
cellsize     160.000000000000
NODATA_value -9999
[rows 27 to 53 of 71, columns 0 to 59 of 64]
-9999 -9999 620.09442138671875 1534.8922119140625 292.175445556640625 414.94610595703125 522.193603515625 404.869049072265625 210.829254150390625 160 277.957672119140625 160 345.85223388671875 14447.9912109375 473.084747314453125 320 160 160 542.97381591796875 160 256.69818115234375 196.51641845703125 10880 160 160 1495.3165283203125 264.68341064453125 160 330.96099853515625 -9999 160 413.96466064453125 531.9525146484375 254.80303955078125 160 200.9685516357421875 279.03143310546875 1955.3121337890625 444.6878662109375 160 160 160 191.18182373046875 494.94366455078125 1575.7960205078125 2231.673828125 32971.73046875 35807.046875 377.596221923828125 205.054656982421875 160 12976.55859375 11826.328125 954.44805908203125 1251.2442626953125 200.2967987060546875 160 160 160 160
-9999 780.09442138671875 188.5811920166015625 1686.6737060546875 491.35015869140625 672.74822998046875 526.89666748046875 581.763671875 434.045196533203125 515.80450439453125 160 160 232.974700927734375 14997.8583984375 458.87591552734375 320 160 160 257.02618408203125 749.05615234375 160 160 247.610931396484375 11605.123046875 160 160 1920 160 309.03900146484375 -9999 160 194.162841796875 1267.7174072265625 298.119720458984375 160 276.503143310546875 523.49688720703125 1806.280517578125 913.71954345703125 344.691497802734375 295.308502197265625 320 160 331.96624755859375 495.877655029296875 161.510589599609375 68131.578125 2611.099609375 347.331146240234375 274.945343017578125 13323.6396484375 192.9845123291015625 168.316497802734375 10591.8701171875 10279.5869140625 160 800 160 480 160
-9999 160 264.1060791015625 2896.4375 209.843017578125 921.3328857421875 548.468994140625 669.79095458984375 765.11676025390625 736.70562744140625 160 160 247.025299072265625 15658.296875 989.22784423828125 331.6434326171875 320 160 160 709.8707275390625 730.1292724609375 160 232.389068603515625 394.87744140625 12359.017578125 295.778778076171875 1910.7490234375 489.251007080078125 160 640 160 160 1371.9332275390625 815.8408203125 287.37664794921875 393.77752685546875 651.07171630859375 1234.662109375 1805.337890625 512.0618896484375 447.938079833984375 480 160 160 262.81085205078125 467.363525390625 321.510589599609375 4951.16748046875 12287.408203125 13755.6884765625 452.91912841796875 287.0155029296875 160 160 5956.36279296875 4659.36669921875 3680 160 160 2240
160 342.481048583984375 593.10821533203125 3056.447998046875 160 202.0254364013671875 2459.5927734375 160 1160.2030029296875 755.3837890625 345.236663818359375 200.9988861083984375 160 160 16942.73828125 578.39886474609375 314.637176513671875 165.362823486328125 210.24395751953125 2189.756103515625 723.07757568359375 160 160 160 305.20379638671875 13120 160 2720 160 160 160 320 777.4742431640625 1730.2998046875 224.6162567138671875 1587.609619140625 160 160 1394.662109375 561.91925048828125 652.27752685546875 770.45111083984375 255.35205078125 160 217.18914794921875 331.125885009765625 1358.7103271484375 17347.6953125 1983.5098876953125 340.870574951171875 160 160 184.4832763671875 160 2672.7216796875 1157.1898193359375 160 3520 3087.209228515625 411.297027587890625
-9999 160 482.268218994140625 1280 4013.325927734375 160 160 2891.9150390625 1207.880859375 219.2815399169921875 1683.1031494140625 280.76531982421875 199.23468017578125 160 230.9472198486328125 18236.216796875 414.79791259765625 196.0469970703125 2525.565185546875 160 160 160 160 160 320 480 13440 160 594.67822265625 436.78515625 248.536651611328125 480 160 937.4742431640625 4016.24951171875 160 160 239.831207275390625 240.168792724609375 721.91925048828125 522.4202880859375 1226.476318359375 556.57940673828125 172.604736328125 160 160 241.289703369140625 199.8234710693359375 17766.001953125 160 1402.0743408203125 676.02099609375 417.59112548828125 251.578521728515625 160 3121.856201171875 213.32861328125 160 160 160
-9999 -9999 160 195.401092529296875 1265.6173095703125 5766.85107421875 6140.08837890625 9728.6005859375 972.38018798828125 2062.384765625 160 286.4862060546875 325.092254638671875 227.6562347412109375 160 19123.6640625 373.77020263671875 160 3003.952880859375 160 160 160.521331787109375 429.796783447265625 209.6819000244140625 160 160 14400 160 160 1358.3348388671875 304.3477783203125 666.2384033203125 397.950469970703125 160 783.75042724609375 4336.24951171875 188.185546875 706.2322998046875 225.5821380615234375 160 881.91925048828125 939.24652099609375 1755.8839111328125 407.25360107421875 175.6966552734375 160 310.778411865234375 772.38519287109375 2020.428955078125 1689.51025390625 160 246.0533905029296875 289.504119873046875 294.391265869140625 238.8267669677734375 160 2931.682861328125 160 160 800
-9999 -9999 160 287.077911376953125 337.50494384765625 296.50482177734375 509.78125 735.787353515625 11696.392578125 2191.298095703125 290.937652587890625 286.5601806640625 1032.674560546875 160 160 19544.49609375 1019.6444091796875 3260.526611328125 160 160 282.546966552734375 318.101898193359375 571.06732177734375 428.283843994140625 160 474.8714599609375 160 160 160 313.128570556640625 1822.6826171875 160 1299.8768310546875 244.312042236328125 160 5525.9052734375 262.280120849609375 866.2322998046875 345.534515380859375 360.047637939453125 413.127838134765625 788.79144287109375 3167.89990234375 551.5899658203125 242.9817352294921875 160 314.852203369140625 3057.582275390625 160 192.5641632080078125 160 412.5726318359375 313.3883056640625 586.96319580078125 355.391204833984375 160 202.7398834228515625 2462.271484375 1248.135009765625 258.804290771484375
-9999 -9999 -9999 160 -9999 -9999 160 160 160 12150.43359375 14978.568359375 16457.86328125 160 160 160 23498.568359375 2613.723876953125 223.4264678955078125 160 295.493560791015625 551.56201171875 468.505218505859375 656.1553955078125 588.2838134765625 160 165.1285552978515625 1120 160 160 160 1946.18994140625 838.058837890625 1605.0987548828125 438.287506103515625 160 160 160 1529.6376953125 403.870361328125 520.047607421875 539.107177734375 194.020660400390625 1343.124755859375 3348.02490234375 335.722503662109375 160 174.3693695068359375 4010.800048828125 160 160 2744.707763671875 160 1499.5709228515625 439.21942138671875 522.8460693359375 317.064056396484375 160 700.1103515625 351.864990234375 221.195709228515625
-9999 -9999 -9999 -9999 -9999 -9999 -9999 -9999 -9999 160 160 423.071563720703125 17366.080078125 211.7825927734375 160 23658.615234375 286.046905517578125 336.6546630859375 295.509185791015625 873.61529541015625 263.346282958984375 603.81488037109375 875.26080322265625 724.4007568359375 284.777618408203125 160 160 1400.974853515625 359.025177001953125 160 292.364990234375 3102.11572265625 2122.411376953125 588.6558837890625 160 160 160 180.5388641357421875 2254.6259765625 669.15386962890625 190.3146820068359375 788.96783447265625 938.6297607421875 4691.7578125 498.412506103515625 167.3696136474609375 160 160 4566.3291015625 3012.732177734375 160 1659.5709228515625 160 1071.7811279296875 478.69598388671875 331.349700927734375 160 404.334625244140625 265.01141357421875 160
-9999 -9999 -9999 -9999 -9999 -9999 -9999 -9999 -9999 160 160 160 160 18214.087890625 18536.03515625 42516.48046875 276.526214599609375 1169.37109375 207.686492919921875 1029.7139892578125 576.86083984375 798.39508056640625 803.3809814453125 160 1169.1783447265625 292.439666748046875 303.811859130859375 1457.4407958984375 666.30767822265625 160 160 266.81689453125 6240 204.97894287109375 275.02105712890625 160 480 160 160 2604.940673828125 160 606.34942626953125 6746.28076171875 5302.4775390625 160 329.5 160 176.7680511474609375 8080.81201171875 233.8415069580078125 160 232.9761505126953125 1744.7698974609375 734.0008544921875 484.239959716796875 311.58624267578125 160 232.612548828125 854.98858642578125 160
-9999 -9999 -9999 -9999 -9999 -9999 -9999 -9999 -9999 276.554779052734375 203.445220947265625 160 160 160 160 160 44442.375 160 428.85113525390625 943.99951171875 812.2171630859375 859.902099609375 980.06781005859375 303.31317138671875 225.52239990234375 386.917266845703125 459.398681640625 1914.690673828125 609.59307861328125 243.8779449462890625 160 160 160 6642.00048828125 557.99945068359375 160 160 765.708984375 280.898712158203125 314.613677978515625 14123.45703125 10242.2236328125 969.9439697265625 160 160 525.608154296875 1127.36962890625 1430.6015625 9802.876953125 262.182159423828125 951.8519287109375 2039.5506591796875 788.82196044921875 480.21197509765625 413.97406005859375 449.46575927734375 318.45452880859375 160 160 -9999
-9999 -9999 -9999 -9999 -9999 -9999 -9999 -9999 -9999 436.554779052734375 542.29852294921875 301.146728515625 160 160 160 160 160 44877.9375 45436.62890625 47361.61328125 225.8321685791015625 890.72344970703125 1079.552490234375 653.00714111328125 419.495635986328125 512.94403076171875 568.7918701171875 2413.56591796875 643.005859375 317.75970458984375 244.4370574951171875 244.49371337890625 235.50628662109375 7680 341.1654052734375 269.1732177734375 322.890411376953125 705.43206787109375 2167.78564453125 2936.213134765625 310.08258056640625 1351.440673828125 1097.351318359375 160 160 196.856231689453125 160 160 309.00640869140625 13330.4736328125 1743.9990234375 814.041259765625 1041.328125 886.27056884765625 660.18292236328125 393.38299560546875 161.54547119140625 160 -9999 -9999
-9999 -9999 -9999 -9999 -9999 -9999 -9999 -9999 -9999 -9999 160 160 1509.8272705078125 568.6502685546875 231.3194732666015625 160 160 160 160 160 47623.08984375 1021.86492919921875 1066.88818359375 1095.24951171875 203.633056640625 1252.439697265625 654.095703125 2794.938232421875 845.7872314453125 393.10809326171875 486.512725830078125 217.6120452880859375 192.474853515625 363.03143310546875 160 429.1732177734375 160 744.112060546875 280.1373291015625 314.3360595703125 160 480 701.52325439453125 898.47674560546875 160 160 386.935943603515625 1157.6019287109375 1844.5555419921875 160 18515.267578125 2352.323974609375 2256.247802734375 291.563934326171875 689.86285400390625 389.676605224609375 160 -9999 -9999 -9999
-9999 -9999 -9999 -9999 -9999 -9999 -9999 -9999 -9999 -9999 -9999 -9999 160 160 160 709.6373291015625 883.14727783203125 1511.3194580078125 160 35181.48046875 13356.365234375 2248.753173828125 160 160 1458.882568359375 160 160 3929.033935546875 1073.8916015625 1956.035888671875 553.11004638671875 291.980804443359375 294.3682861328125 160 683.03143310546875 589.1732177734375 160 160 160 160 160 160 640 243.47015380859375 236.52984619140625 160 450.665985107421875 282.3980712890625 467.173309326171875 160 20350.798828125 1515.530517578125 160 1640.3155517578125 359.080841064453125 207.4746551513671875 160 -9999 -9999 -9999
-9999 -9999 -9999 -9999 -9999 -9999 -9999 -9999 -9999 -9999 -9999 -9999 -9999 -9999 -9999 -9999 -9999 160 160 205.24420166015625 57287.7734375 8224.3642578125 5655.89453125 4865.16845703125 271.774383544921875 160 160 160 160 160 3149.10009765625 3727.208984375 328.2860107421875 160 160 801.56890869140625 267.60430908203125 160 160 160 160 160 160 160 160 160 160 320 493.860565185546875 517.474365234375 21397.525390625 229.7215118408203125 160 160 375.261383056640625 258.362030029296875 160 -9999 -9999 -9999
-9999 -9999 -9999 -9999 -9999 -9999 -9999 -9999 -9999 -9999 -9999 -9999 -9999 -9999 -9999 -9999 -9999 -9999 -9999 -9999 160 160 226.066497802734375 365.4954833984375 2805.48583984375 1038.6339111328125 640 480 160 160 160 160 5015.4951171875 406.101287841796875 160 332.952056884765625 1100.5185546875 307.0303955078125 392.597320556640625 376.074951171875 160 160 160 160 160 160 160 160 262.7362060546875 22634.111328125 160 656.94122314453125 605.12060546875 539.7491455078125 423.390411376953125 327.592132568359375 160 -9999 -9999 -9999
-9999 -9999 -9999 -9999 -9999 -9999 -9999 -9999 -9999 -9999 -9999 -9999 -9999 -9999 -9999 -9999 -9999 -9999 -9999 -9999 -9999 -9999 160 160 160 1385.1319580078125 160 160 160 160 160 160 160 185.4174652099609375 721.17901611328125 1394.445068359375 1652.404296875 3469.941162109375 643.4776611328125 398.650115966796875 324.7069091796875 392.397491455078125 320 160 480 160 160 160 322.37347412109375 23165.033203125 160 738.71905517578125 785.78955078125 638.78094482421875 503.055816650390625 307.549041748046875 160 -9999 -9999 -9999
-9999 -9999 -9999 -9999 -9999 -9999 -9999 -9999 -9999 -9999 -9999 -9999 -9999 -9999 -9999 -9999 -9999 -9999 -9999 -9999 -9999 -9999 160 160 320 200.8177337646484375 517.0477294921875 160 160 186.7194366455078125 486.94879150390625 286.331787109375 160 160 160 160 160 160 4593.4189453125 479.456085205078125 718.01751708984375 681.525146484375 313.9901123046875 440.140716552734375 402.624908447265625 160 640 160 287.467864990234375 538.876220703125 24762.572265625 1051.4254150390625 1496.186279296875 1228.5662841796875 1066.348388671875 369.20440673828125 166.316131591796875 160 -9999 -9999
-9999 -9999 -9999 -9999 -9999 -9999 -9999 -9999 -9999 -9999 -9999 -9999 -9999 -9999 -9999 -9999 -9999 -9999 -9999 -9999 179.1526641845703125 780.84735107421875 160 160 160 160 282.9522705078125 160 320 734.47723388671875 1575.5040283203125 504.496002197265625 160 160 160 160 160 160 160 4913.4189453125 6248.10693359375 7592.3876953125 8393.4013671875 416.960113525390625 418.811981201171875 160 160 800 160 180.0539398193359375 25262.681640625 2569.9130859375 438.485382080078125 328.322296142578125 236.8897705078125 585.33880615234375 401.73028564453125 160 160 -9999
-9999 -9999 -9999 -9999 -9999 -9999 -9999 -9999 -9999 -9999 -9999 -9999 -9999 -9999 -9999 -9999 -9999 -9999 -9999 -9999 -9999 160 160 323.1468505859375 316.8531494140625 602.9522705078125 160 160 160 160 160 2280.931640625 437.4364013671875 161.631988525390625 480 160 160 446.4227294921875 227.251953125 160 160 160 160 9202.193359375 595.72967529296875 245.8902740478515625 305.359588623046875 960 160 160 160 28709.03125 556.448486328125 397.990264892578125 160 160 468.396697998046875 458.0784912109375 205.5687408447265625 160
-9999 -9999 -9999 -9999 -9999 -9999 -9999 -9999 -9999 -9999 -9999 -9999 -9999 -9999 -9999 -9999 360.30841064453125 800 601.810302734375 1145.587890625 2592.207275390625 5813.1318359375 2864.105224609375 1073.1474609375 160 1643.1798095703125 2546.443603515625 5189.8203125 160 632.3306884765625 1474.7991943359375 4412.51611328125 160 801.63201904296875 248.598236083984375 231.401763916015625 160 193.5772705078125 539.1707763671875 926.4227294921875 160 160 160 160 10117.923828125 160 920.2774658203125 1036.5809326171875 194.39154052734375 160 160 29601.06640625 572.04144287109375 473.86346435546875 392.316253662109375 628.396728515625 407.190338134765625 501.9215087890625 274.438262939453125 -9999
-9999 -9999 -9999 -9999 -9999 -9999 -9999 -9999 -9999 -9999 -9999 -9999 -9999 -9999 -9999 160 160 160 800 160 1188.98388671875 160 1630.7645263671875 590.23675537109375 243.483551025390625 160 2695.70068359375 210.8305206298828125 160 574.148193359375 209.110931396484375 2729.819580078125 7776.94677734375 8828.177734375 9485.5634765625 373.026641845703125 160 245.213714599609375 268.363555908203125 160 1086.4227294921875 1886.3828125 160 160 239.5012664794921875 10577.3447265625 11227.0419921875 13354.775390625 160 188.5260009765625 291.4739990234375 29761.09375 2328.630126953125 988.0279541015625 1021.3079833984375 759.3988037109375 712.729736328125 263.24822998046875 160 -9999
-9999 -9999 -9999 -9999 -9999 -9999 -9999 -9999 -9999 -9999 -9999 -9999 -9999 -9999 -9999 -9999 173.7643280029296875 640 160 1028.98388671875 160 1431.41552734375 233.0693359375 160 160 2116.25146484375 310.279693603515625 160 160 457.921600341796875 183.44970703125 2182.645751953125 314.5728759765625 160 455.817138671875 12454.7841796875 14729.97265625 15135.49609375 160 16548.4609375 16935.0390625 19050.28125 160 160 240.4987335205078125 160 160 273.899017333984375 13948.6748046875 276.096649169921875 34430.296875 32982.76953125 1496.6690673828125 2404.070556640625 1916.062255859375 1171.93994140625 575.33953857421875 341.05047607421875 160 -9999
-9999 -9999 -9999 -9999 -9999 -9999 -9999 -9999 -9999 -9999 -9999 -9999 -9999 -9999 -9999 -9999 160 160 266.599609375 442.384246826171875 425.168701171875 319.554107666015625 439.762054443359375 434.046630859375 632.263427734375 1314.267822265625 160 1120 352.0140380859375 321.371307373046875 797.563232421875 712.07958984375 667.57574462890625 295.817138671875 160 1820.449462890625 1955.4254150390625 160 15631.4169921875 304.07861328125 160 2281.637451171875 22633.93359375 23285.966796875 160 160 160 160 160 48975.06640625 160 160 163.075775146484375 160 1866.6292724609375 338.6025390625 502.563232421875 290.041412353515625 160 -9999
-9999 -9999 -9999 -9999 -9999 -9999 -9999 -9999 -9999 -9999 -9999 -9999 -9999 -9999 -9999 -9999 -9999 -9999 160 296.59783935546875 276.34735107421875 360.5235595703125 464.63580322265625 712.484619140625 834.267822265625 160 160 332.52044677734375 467.47955322265625 187.3420257568359375 503.230377197265625 660.44171142578125 643.39288330078125 160 1660.449462890625 160 1795.420166015625 274.300567626953125 160 160 1822.0738525390625 919.09735107421875 454.014251708984375 591.59246826171875 24467.931640625 160 160 333.922607421875 49441.14453125 160 160 160 2749.743408203125 2249.609619140625 160 1497.977783203125 434.848114013671875 281.0247802734375 160 -9999
-9999 -9999 -9999 -9999 -9999 -9999 -9999 -9999 -9999 -9999 -9999 -9999 -9999 -9999 -9999 -9999 -9999 -9999 -9999 160 162.5147705078125 435.589752197265625 361.895477294921875 200.7088775634765625 8640 319.746917724609375 160 160 160 160 176.585968017578125 562.58477783203125 615.23626708984375 365.837738037109375 974.61175537109375 431.144256591796875 405.088775634765625 479.19244384765625 255.16461181640625 1477.7457275390625 210.68609619140625 802.45806884765625 655.88800048828125 376.5748291015625 1440.7352294921875 27270.044921875 27434.623046875 30643.951171875 80241.8828125 323.414642333984375 3785.4697265625 3439.546875 396.885894775390625 257.019683837890625 160 160 335.248138427734375 421.208343505859375 230.448486328125 160
-9999 -9999 -9999 -9999 -9999 -9999 -9999 -9999 -9999 -9999 -9999 -9999 -9999 -9999 -9999 -9999 -9999 -9999 -9999 -9999 278.104522705078125 201.895477294921875 160 376.029388427734375 168.1165771484375 7423.5146484375 301.559967041015625 229.3604736328125 160 160 -9999 222.486175537109375 448.39385986328125 409.364715576171875 849.330078125 310.4251708984375 293.7779541015625 291.668609619140625 353.632293701171875 428.023284912109375 331.611602783203125 1015.8077392578125 339.113189697265625 446.46063232421875 1202.0169677734375 566.71337890625 1263.94677734375 1924.0067138671875 608.786865234375 81448.7109375 4106.62060546875 160 222.2302093505859375 160 320 160 786.395751953125 620.69482421875 889.551513671875 640
