gis/160m/LAI_pine.asc
ncols        64
nrows        71
xllcorner    726726.000000000000
yllcorner    7127190.000000000000
cellsize     160.000000000000
NODATA_value -9999
[rows 22 to 43 of 71, columns 0 to 48 of 64]
-9999 -9999 -9999 -9999 0.85814911127090454102 1.2586426734924316406 0.62390619516372680664 0.12165017426013946533 1.2614094018936157227 1.0345691442489624023 1.4522615671157836914 1.1043103933334350586 1.5763512849807739258 1.625307917594909668 1.7251217365264892578 1.6358104944229125977 1.8226016759872436523 1.5324844121932983398 1.3601609468460083008 1.5308915376663208008 1.2197285890579223633 1.1563287973403930664 1.1707996129989624023 1.1701065301895141602 1.3898447751998901367 1.4708024263381958008 1.4110791683197021484 1.3369344472885131836 1.5822685956954956055 1.7844845056533813477 1.5377252101898193359 0.81175291538238525391 0.98231834173202514648 1.2160136699676513672 1.3781812191009521484 1.2814575433731079102 1.3329519033432006836 1.3217602968215942383 1.2134457826614379883 1.4345685243606567383 1.7716302871704101562 1.6781013011932373047 1.902964472770690918 1.4276694059371948242 1.3749904632568359375 1.669638514518737793 1.9261919260025024414 1.6558866500854492188 1.2639108896255493164
-9999 -9999 -9999 -9999 -9999 1.3037477731704711914 0.15788173675537109375 0.029261844232678413391 1.3061807155609130859 0.71974128484725952148 0.91415137052536010742 1.5601315498352050781 1.5679450035095214844 1.5919815301895141602 1.8384596109390258789 1.4697624444961547852 1.2588326930999755859 1.512158513069152832 1.6151369810104370117 1.2054164409637451172 0.97813338041305541992 0.62310552597045898438 0.47687044739723205566 0.27919873595237731934 0.39441096782684326172 0.91880804300308227539 0.50116354227066040039 1.291672825813293457 1.4362632036209106445 -9999 1.6430480480194091797 1.406369328498840332 1.1866780519485473633 1.2362961769104003906 1.287179112434387207 1.429836273193359375 1.3789563179016113281 1.2469972372055053711 1.1483585834503173828 1.5353705883026123047 1.4506098031997680664 1.7281506061553955078 1.8723187446594238281 1.7762640714645385742 1.8872693777084350586 1.8093177080154418945 1.9618762731552124023 1.6294219493865966797 1.2294592857360839844
-9999 -9999 -9999 0.84849202632904052734 0.65287119150161743164 0.98933947086334228516 0.003464998910203576088 0.93613719940185546875 1.3088297843933105469 1.3901842832565307617 1.1505089998245239258 1.3403710126876831055 1.4090878963470458984 1.5744860172271728516 1.50531768798828125 1.4975928068161010742 1.0978310108184814453 1.4806387424468994141 1.487376093864440918 1.4076192378997802734 1.4436119794845581055 0.8088843226432800293 0.86595690250396728516 0.81979036331176757812 0.7396151423454284668 -9999 0.097942277789115905762 0.74802893400192260742 -9999 -9999 -9999 1.5561449527740478516 1.3234255313873291016 1.0075480937957763672 1.1403880119323730469 1.195956110954284668 1.0367476940155029297 0.8963362574577331543 0.53613847494125366211 0.77773874998092651367 1.3557076454162597656 1.1554261445999145508 1.234301447868347168 1.0856987237930297852 1.3107242584228515625 1.7370346784591674805 2.2061839103698730469 1.5654377937316894531 1.2600772380828857422
-9999 -9999 0.64021587371826171875 0.81240957975387573242 1.0547668933868408203 0.94691348075866699219 0.0117758139967918396 1.3556420803070068359 1.3030405044555664062 1.4933432340621948242 1.680858612060546875 1.6531262397766113281 1.8383325338363647461 1.7173564434051513672 1.7098169326782226562 1.5497957468032836914 1.6721167564392089844 1.2375873327255249023 1.4904208183288574219 1.4078352451324462891 1.4842014312744140625 1.6186772584915161133 1.3408617973327636719 1.4689455032348632812 1.33924102783203125 0.79070734977722167969 -9999 0.79078042507171630859 1.4455945491790771484 -9999 -9999 1.5373702049255371094 1.326534271240234375 1.0764623880386352539 1.1003838777542114258 0.8269335627555847168 0.54846078157424926758 0.71719020605087280273 0.74928802251815795898 0.6535466313362121582 0.69247657060623168945 1.2122929096221923828 0.83603942394256591797 1.0459201335906982422 1.2804286479949951172 1.7672619819641113281 1.7938482761383056641 1.1239112615585327148 0.69163906574249267578
-9999 0.89008504152297973633 0.62215465307235717773 1.0809168815612792969 1.1728796958923339844 0.97387611865997314453 0.65741997957229614258 0.98883736133575439453 1.2207911014556884766 1.4087040424346923828 1.6717125177383422852 1.6419591903686523438 1.0999730825424194336 1.6660171747207641602 1.0751085281372070312 1.4174827337265014648 1.4516428709030151367 1.5689728260040283203 1.6162770986557006836 1.3879513740539550781 1.2449370622634887695 1.1936050653457641602 1.3645336627960205078 1.4315534830093383789 1.6173025369644165039 1.2698407173156738281 1.2138011455535888672 1.139351963996887207 1.0542683601379394531 -9999 -9999 1.6333163976669311523 1.6512116193771362305 0.92422050237655639648 1.0698791742324829102 1.0370600223541259766 0.51050591468811035156 0.38830685615539550781 1.1327210664749145508 0.8445994257926940918 0.77992236614227294922 0.80356675386428833008 0.81624042987823486328 0.80424630641937255859 0.73921191692352294922 1.4540702104568481445 1.8542745113372802734 1.1160854101181030273 0.97748738527297973633
-9999 -9999 0.76677644252777099609 1.0477204322814941406 1.3132380247116088867 0.5179595947265625 1.0424484014511108398 1.290111541748046875 0.86629915237426757812 0.57192671298980712891 1.2630685567855834961 1.5858985185623168945 1.5824995040893554688 1.4496725797653198242 1.8715152740478515625 1.4175652265548706055 1.3915795087814331055 1.577681422233581543 1.357585906982421875 1.1237425804138183594 1.4456831216812133789 1.6617560386657714844 1.5374294519424438477 1.4146238565444946289 1.3377192020416259766 1.3247536420822143555 1.6364614963531494141 0.92237520217895507812 0.75587731599807739258 -9999 0.82244545221328735352 1.3975360393524169922 1.668255925178527832 1.5901150703430175781 1.6787568330764770508 0.62963759899139404297 0.50910800695419311523 0.58033931255340576172 1.0965926647186279297 1.5754685401916503906 1.1526914834976196289 0.76544630527496337891 0.95933556556701660156 0.67438465356826782227 1.0278998613357543945 1.2209711074829101562 1.7386220693588256836 1.4009990692138671875 1.6554405689239501953
-9999 0.1173332706093788147 0.54576009511947631836 0.90509086847305297852 1.3679442405700683594 1.0811754465103149414 1.091385960578918457 1.2354756593704223633 1.9054085016250610352 0.51621598005294799805 0.68074518442153930664 0.36441636085510253906 0.35001701116561889648 1.2554726600646972656 1.6232025623321533203 1.3775255680084228516 1.2264590263366699219 1.2072101831436157227 1.2989275455474853516 1.237549901008605957 1.3133716583251953125 1.2781748771667480469 0.86510366201400756836 1.2037576436996459961 1.6072363853454589844 1.670865178108215332 1.4059498310089111328 0.95490264892578125 1.2150734663009643555 -9999 1.8000361919403076172 1.8044108152389526367 1.738772273063659668 1.670352935791015625 1.2064327001571655273 0.94737362861633300781 0.58812433481216430664 0.28473952412605285645 0.67958480119705200195 1.256404876708984375 1.0856528282165527344 1.2170073986053466797 0.29932639002799987793 0.19468145072460174561 0.87911933660507202148 1.756206512451171875 1.4254814386367797852 1.6620886325836181641 1.7199566364288330078
-9999 0.72858732938766479492 0.7187652587890625 0.63013052940368652344 1.1715484857559204102 1.3082780838012695312 1.2495933771133422852 0.8847897648811340332 1.2047572135925292969 1.7481871843338012695 1.1796942949295043945 1.0318487882614135742 0.16961841285228729248 1.2262183427810668945 1.1010446548461914062 1.5595266819000244141 1.6344633102416992188 1.6615965366363525391 1.2756508588790893555 1.0686745643615722656 0.95716381072998046875 0.52852213382720947266 1.122699737548828125 0.84334886074066162109 1.5592088699340820312 1.7481361627578735352 1.2593239545822143555 0.87306886911392211914 1.2020118236541748047 -9999 1.5624210834503173828 1.3711113929748535156 1.2505788803100585938 0.8218936920166015625 1.1574203968048095703 0.86192923784255981445 0.32765212655067443848 0.27766948938369750977 0.59736913442611694336 0.91623526811599731445 1.1401109695434570312 1.1012613773345947266 0.086869299411773681641 1.2687227725982666016 1.5023888349533081055 2.0502386093139648438 1.0511116981506347656 0.80246549844741821289 1.6949431896209716797
0.48950681090354919434 1.1154004335403442383 1.3806835412979125977 1.2477658987045288086 1.3257501125335693359 1.9091118574142456055 1.3938755989074707031 1.2063221931457519531 1.2602984905242919922 1.2848030328750610352 1.4272539615631103516 1.2309149503707885742 1.2832661867141723633 0.41239240765571594238 1.0377535820007324219 0.099059760570526123047 0.79678767919540405273 1.5634336471557617188 1.3276864290237426758 1.5630996227264404297 1.4552649259567260742 0.94917082786560058594 1.1542065143585205078 1.1235750913619995117 1.0323654413223266602 1.909666895866394043 1.5452591180801391602 0.98842072486877441406 1.0622730255126953125 0.9038702845573425293 1.4018509387969970703 1.4584800004959106445 1.8343017101287841797 0.96117997169494628906 0.902782440185546875 1.0160319805145263672 0.98559218645095825195 0.43759194016456604004 0.67284154891967773438 1.0959305763244628906 1.1003794670104980469 0.93449789285659790039 0.53323078155517578125 1.0992666482925415039 1.2930322885513305664 1.7786469459533691406 1.1255123615264892578 1.0598512887954711914 1.0516427755355834961
-9999 1.0962606668472290039 1.3301078081130981445 1.2546756267547607422 1.1083170175552368164 1.7960776090621948242 1.5301774740219116211 1.687516331672668457 1.362437129020690918 1.1007335186004638672 1.1595525741577148438 0.76208502054214477539 1.6877869367599487305 1.269435882568359375 0.52378952503204345703 0.28126630187034606934 0.5103054046630859375 1.8018296957015991211 1.6667829751968383789 1.5823342800140380859 1.4464747905731201172 0.90615427494049072266 1.0821224451065063477 0.77977544069290161133 0.75961887836456298828 1.5113549232482910156 0.7654755711555480957 1.9933872222900390625 0.83979600667953491211 1.0100249052047729492 1.1378751993179321289 1.2556251287460327148 1.439020991325378418 1.1511583328247070312 0.94760167598724365234 0.87751829624176025391 0.76876223087310791016 0.64136505126953125 0.51952028274536132812 0.87380951642990112305 0.69575542211532592773 0.99722659587860107422 0.97181373834609985352 1.3160980939865112305 1.7015813589096069336 1.5899794101715087891 0.74575006961822509766 0.84359717369079589844 1.384949803352355957
-9999 -9999 1.4031574726104736328 1.3879144191741943359 0.90431332588195800781 0.67230939865112304688 0.31687492132186889648 1.2111308574676513672 0.80330860614776611328 0.80285888910293579102 1.5597782135009765625 0.56807726621627807617 0.61441034078598022461 0.28809878230094909668 0.10560850054025650024 0.8404865264892578125 1.1169545650482177734 1.4725527763366699219 1.4417877197265625 1.6056818962097167969 1.1786289215087890625 0.6307398676872253418 0.7981141209602355957 0.99391359090805053711 1.3987516164779663086 1.5025660991668701172 1.3993474245071411133 1.6130597591400146484 1.5816073417663574219 1.3549631834030151367 1.4218124151229858398 1.2867668867111206055 1.8524318933486938477 1.7401533126831054688 1.6413530111312866211 1.4440245628356933594 1.3450410366058349609 0.86882650852203369141 0.76643759012222290039 1.267996668815612793 1.3174849748611450195 1.4153457880020141602 1.3031724691390991211 1.5168452262878417969 1.7407102584838867188 1.9753212928771972656 0.67288172245025634766 1.0922975540161132812 0.84295374155044555664
-9999 -9999 1.6824475526809692383 1.1525087356567382812 0.19093149900436401367 1.5391180515289306641 1.007143855094909668 0.71246737241744995117 0.78652864694595336914 1.1915515661239624023 1.3582856655120849609 0.91926497220993041992 0.50422710180282592773 0.11814384162425994873 0.24404802918434143066 1.5182346105575561523 1.6281036138534545898 1.1144559383392333984 1.3950395584106445312 1.5475081205368041992 0.87720865011215209961 0.4925124049186706543 0.9033794403076171875 1.0525152683258056641 0.68294703960418701172 1.1056271791458129883 1.5628992319107055664 1.522767186164855957 1.7253016233444213867 1.4896438121795654297 1.7281272411346435547 1.4918256998062133789 1.4388630390167236328 1.8435664176940917969 1.7194844484329223633 1.4087359905242919922 0.77816969156265258789 1.355527043342590332 1.0718213319778442383 1.6050319671630859375 1.6677621603012084961 1.6614054441452026367 1.3046883344650268555 1.4526321887969970703 1.8186221122741699219 1.7741463184356689453 0.20724764466285705566 1.4706789255142211914 1.5470868349075317383
-9999 -9999 -9999 1.084311366081237793 -9999 -9999 1.8306424617767333984 1.0168285369873046875 1.2494113445281982422 1.6983703374862670898 1.3364498615264892578 0.85836815834045410156 0.83194208145141601562 0.84179908037185668945 1.1640865802764892578 1.8333390951156616211 1.4561903476715087891 1.16851043701171875 1.2656370401382446289 0.89983189105987548828 0.83326441049575805664 0.53240382671356201172 0.42142519354820251465 0.36211439967155456543 0.8680331110954284668 0.78457331657409667969 0.95303887128829956055 1.4451587200164794922 1.5636870861053466797 1.6676310300827026367 1.7249147891998291016 1.912850499153137207 1.0297465324401855469 1.6744180917739868164 1.730582118034362793 1.5300375223159790039 0.93828332424163818359 0.91878044605255126953 1.3116650581359863281 1.1453633308410644531 1.6568206548690795898 0.82738548517227172852 1.3044276237487792969 1.5681935548782348633 1.5411754846572875977 1.1174718141555786133 0.42573758959770202637 1.7514193058013916016 1.5431520938873291016
-9999 -9999 -9999 -9999 -9999 -9999 -9999 -9999 -9999 0.97609984874725341797 1.0209946632385253906 1.2621922492980957031 1.5377560853958129883 0.80950558185577392578 1.0804700851440429688 1.7228952646255493164 0.87577795982360839844 0.76128411293029785156 0.81511735916137695312 0.77219885587692260742 1.1311285495758056641 0.61396318674087524414 0.7533473968505859375 0.74268895387649536133 0.62473326921463012695 1.0322427749633789062 1.1707594394683837891 0.83668935298919677734 1.4976978302001953125 1.5636053085327148438 1.5603215694427490234 1.556799769401550293 1.5358059406280517578 1.4357659816741943359 1.7632426023483276367 1.5923765897750854492 1.8002356290817260742 1.0678644180297851562 1.300269007682800293 1.2360070943832397461 1.4203783273696899414 0.83664608001708984375 1.0622277259826660156 0.47385102510452270508 0.29549857974052429199 0 0 0.99788963794708251953 0.86448383331298828125
-9999 -9999 -9999 -9999 -9999 -9999 -9999 -9999 -9999 1.3317034244537353516 0.73645627498626708984 0.99641823768615722656 1.0781981945037841797 1.265276789665222168 1.6294438838958740234 1.0641309022903442383 0.45039346814155578613 1.4413076639175415039 0.66443008184432983398 0.51036846637725830078 1.1116611957550048828 0.60024988651275634766 0.41726887226104736328 1.0322046279907226562 0.67174053192138671875 1.0110020637512207031 0.91850399971008300781 1.2281963825225830078 1.6296783685684204102 1.5408637523651123047 1.6284390687942504883 1.4796767234802246094 1.4237188100814819336 1.3228573799133300781 1.490834355354309082 1.5572837591171264648 1.7678754329681396484 1.8819103240966796875 1.242364048957824707 1.3103233575820922852 1.5869631767272949219 1.007232666015625 0.24658054113388061523 0.48007056117057800293 0.30475565791130065918 0.028865849599242210388 0.28028953075408935547 1.2704880237579345703 1.3291908502578735352
-9999 -9999 -9999 -9999 -9999 -9999 -9999 -9999 -9999 1.7564619779586791992 0.97178286314010620117 1.2828824520111083984 0.41743370890617370605 1.3725641965866088867 1.8359303474426269531 1.2872589826583862305 1.6205960512161254883 1.7119588851928710938 0.57106518745422363281 0.73335301876068115234 0.93785321712493896484 0.41822695732116699219 0.75840663909912109375 0.53012919425964355469 0.65829837322235107422 0.97459852695465087891 1.664503931999206543 1.0234092473983764648 1.4448035955429077148 1.2848083972930908203 1.4562822580337524414 1.5731632709503173828 1.5247137546539306641 1.6451575756072998047 1.2823457717895507812 1.6610594987869262695 1.8228573799133300781 1.4682444334030151367 0.11052615195512771606 0.89184987545013427734 0.85266155004501342773 0.0019425232894718647003 0.56774002313613891602 1.4239785671234130859 1.4819765090942382812 1.3969597816467285156 1.1874001026153564453 1.4254765510559082031 1.6733359098434448242
-9999 -9999 -9999 -9999 -9999 -9999 -9999 -9999 -9999 1.8697414398193359375 1.6399086713790893555 1.2470784187316894531 1.1596571207046508789 1.5101276636123657227 1.8927439451217651367 0.7778618931770324707 1.7109128236770629883 2.0348260402679443359 1.544179081916809082 0.82370471954345703125 1.2086359262466430664 0.83143794536590576172 0.60320782661437988281 0.063778109848499298096 1.0403912067413330078 1.6269445419311523438 0.92173910140991210938 1.1794089078903198242 1.6112755537033081055 1.2525328397750854492 1.5158107280731201172 1.515767216682434082 1.5378500223159790039 1.5661523342132568359 0.97124612331390380859 1.2053564786911010742 1.2735152244567871094 0.12455894052982330322 0.092712067067623138428 0.49015897512435913086 1.0146536827087402344 0.14377374947071075439 0.61230742931365966797 1.0650460720062255859 1.5774097442626953125 0.57184147834777832031 0.60678189992904663086 1.7322268486022949219 1.5636202096939086914
-9999 -9999 -9999 -9999 -9999 -9999 -9999 -9999 -9999 -9999 0.9176756739616394043 0.65621024370193481445 0.89485520124435424805 1.3393843173980712891 1.3946844339370727539 1.2538422346115112305 1.658049464225769043 1.7795754671096801758 1.8291988372802734375 1.2040455341339111328 1.3996417522430419922 0.15059141814708709717 0.38022881746292114258 0.069239720702171325684 0.015368792228400707245 0.74389564990997314453 0.99411660432815551758 1.4832248687744140625 1.7508043050765991211 1.7755962610244750977 1.9092775583267211914 1.9289412498474121094 1.9999333620071411133 1.8510252237319946289 1.5079779624938964844 1.2603533267974853516 0.79942232370376586914 0.15090461075305938721 0.66298520565032958984 0.63974642753601074219 1.091481328010559082 0.77175253629684448242 0.76330828666687011719 0.79637312889099121094 0.79019087553024291992 0.030045844614505767822 1.0477602481842041016 1.3941035270690917969 0.99403393268585205078
-9999 -9999 -9999 -9999 -9999 -9999 -9999 -9999 -9999 -9999 -9999 -9999 0.97130316495895385742 0.92986166477203369141 0.64337879419326782227 0.42675542831420898438 0.83782398700714111328 1.9274107217788696289 2.0619678497314453125 2.0267896652221679688 1.3771113157272338867 1.0455662012100219727 0.92963457107543945312 0.94993788003921508789 0.30955487489700317383 1.302122950553894043 1.5851730108261108398 0.85083281993865966797 0.89242345094680786133 1.9109796285629272461 2.1649644374847412109 2.0468814373016357422 1.9322975873947143555 2.1644229888916015625 1.4471932649612426758 1.4019918441772460938 1.1148055791854858398 1.4575201272964477539 1.6334832906723022461 1.5815782546997070312 1.4669063091278076172 1.2191252708435058594 1.1249543428421020508 1.040621638298034668 0.51485931873321533203 0 1.0218987464904785156 1.693363189697265625 1.0823357105255126953
-9999 -9999 -9999 -9999 -9999 -9999 -9999 -9999 -9999 -9999 -9999 -9999 -9999 -9999 -9999 -9999 -9999 1.8043415546417236328 1.4366886615753173828 1.8987298011779785156 1.5597746372222900391 0.21506862342357635498 1.0860780477523803711 1.488854527473449707 1.507580876350402832 2.0829055309295654297 1.6474833488464355469 1.744312286376953125 1.8605396747589111328 1.8480596542358398438 1.242853999137878418 2.08495330810546875 2.1965029239654541016 2.4104695320129394531 0.53233391046524047852 0.49955385923385620117 0.41695770621299743652 1.124852299690246582 1.3624036312103271484 1.5108916759490966797 1.3571755886077880859 1.1427587270736694336 1.1514574289321899414 1.5648488998413085938 0.32912185788154602051 0.25833663344383239746 1.3513851165771484375 1.8828828334808349609 1.4290356636047363281
-9999 -9999 -9999 -9999 -9999 -9999 -9999 -9999 -9999 -9999 -9999 -9999 -9999 -9999 -9999 -9999 -9999 -9999 -9999 -9999 1.5315190553665161133 1.3708411455154418945 1.75115966796875 1.2259540557861328125 1.39685821533203125 1.8329455852508544922 1.6743923425674438477 1.7821484804153442383 1.786591649055480957 1.751186370849609375 1.4410259723663330078 1.1026555299758911133 1.658303380012512207 1.7987015247344970703 1.0541013479232788086 0.0050264662131667137146 0.43958863615989685059 0.29526486992835998535 0.89084392786026000977 0.6405289769172668457 1.0649384260177612305 0.92625266313552856445 0.79273617267608642578 1.1694616079330444336 1.6079460382461547852 1.341204524040222168 1.1536833047866821289 1.3261693716049194336 1.5582660436630249023
-9999 -9999 -9999 -9999 -9999 -9999 -9999 -9999 -9999 -9999 -9999 -9999 -9999 -9999 -9999 -9999 -9999 -9999 -9999 -9999 -9999 -9999 1.4369255304336547852 1.5875158309936523438 1.7668045759201049805 2.0059812068939208984 1.8144228458404541016 1.7581822872161865234 1.7296810150146484375 1.5430909395217895508 1.4613955020904541016 1.1036247014999389648 1.2973128557205200195 1.7017549276351928711 1.4431059360504150391 1.2367655038833618164 1.7970670461654663086 1.6168130636215209961 1.4840978384017944336 0.82218271493911743164 0.6321608424186706543 0.68177932500839233398 1.0547536611557006836 1.4503904581069946289 1.6576540470123291016 1.6460965871810913086 1.0743032693862915039 1.0428924560546875 1.8068305253982543945
