gis/160m/LAI_conif.asc
ncols        64
nrows        71
xllcorner    726726.000000000000
yllcorner    7127190.000000000000
cellsize     160.000000000000
NODATA_value -9999
[rows 0 to 22 of 71, columns 0 to 52 of 64]
0.0 0 0 0 0 0 0 0 0 0 0 0 0 0 0 0 0 0 0 0 0 0 0 0 0 0 0 0 0 0 0 0 0.34052926301956176758 0.32295370101928710938 3.1676702499389648438 3.15941619873046875 3.2787127494812011719 0 0 0 0 0 0 0 0 0 0 0 0 0 0 0 0
0 0 0 0 0 0 0 0 0 0 0 0 0 0 0 0 0 0 0 0 0 0 0 0 0 0 0 0 0.15256330370903015137 0.57191705703735351562 1.3636717796325683594 0.4971650242805480957 0.23354157805442810059 1.1447340250015258789 3.2062282562255859375 3.0751750469207763672 2.9322652816772460938 0 0 0 0 0 0 0 0 0 0 0 0 0 0 0 0
0 0 0 0 0 0 0 0 0 0 0 0 0 0 0 0 0 0 0 0 0 0 0 0 0 0 0.938320159912109375 2.2277874946594238281 0.76493513584136962891 0.1510384678840637207 0.64550828933715820312 0.093660295009613037109 0.020548643544316291809 2.1303157806396484375 3.7970702648162841797 3.6454937458038330078 3.3441386222839355469 2.3691616058349609375 0.116422310471534729 0 0.66364884376525878906 1.4615290164947509766 2.5242409706115722656 1.650349736213684082 0.94513911008834838867 0 0 0 0 0 0 0 0
0 0 0 0 0 0 0 0 0 0 0 0 0 0 0 0 0 0 0 0 0 0 0 0 0 0 0 0.46025335788726806641 0.10302639752626419067 0.60678195953369140625 0.91953921318054199219 0.85800874233245849609 0.23708562552928924561 1.2398436069488525391 2.9543333053588867188 2.8417608737945556641 2.3712165355682373047 1.9921988248825073242 0.76840066909790039062 0.2292445451021194458 0.098892696201801300049 1.0650404691696166992 2.4159333705902099609 1.6637302637100219727 0.33308503031730651855 0.31093579530715942383 1.2868074178695678711 2.35451507568359375 2.3661708831787109375 1.9327222108840942383 0 0 0
0 0 0 0 0 0 0 0 0 0 0 0 0 0 0 0 0 0 0 0 2.5122637748718261719 0 0 0.45399528741836547852 0.38483130931854248047 0.97807776927947998047 0.22756171226501464844 0.29146656394004821777 0.64326745271682739258 0.49527895450592041016 1.8207240104675292969 1.7370871305465698242 0.96100211143493652344 1.1030726432800292969 2.9314241409301757812 3.1227862834930419922 2.8831968307495117188 2.6404027938842773438 0.49315786361694335938 0.11467582732439041138 1.6691831350326538086 3.1411724090576171875 2.8647685050964355469 1.7455651760101318359 0.62457460165023803711 0.12500022351741790771 1.0549492835998535156 2.728855133056640625 2.6108996868133544922 3.3358211517333984375 3.0346891880035400391 0 0
0 0 0 0 0 0 0 0 0 0 0 0 0 0 0 0 0 0 1.7319953441619873047 2.0083570480346679688 1.5642451047897338867 2.7116341590881347656 1.5721095800399780273 2.0224597454071044922 2.4999353885650634766 3.1302170753479003906 0.60520380735397338867 0.37235045433044433594 0.92480421066284179688 1.1365134716033935547 1.7917711734771728516 2.5657682418823242188 0.34590828418731689453 0.69840484857559204102 2.5697226524353027344 2.5606818199157714844 3.0394077301025390625 3.0723118782043457031 2.6503615379333496094 0.30719953775405883789 1.1283037662506103516 0.8547878265380859375 1.9516501426696777344 1.7240974903106689453 0.58676093816757202148 0.016143560409545898438 1.8658425807952880859 2.6738080978393554688 2.8887479305267333984 3.6864132881164550781 2.4609231948852539062 3.0690631866455078125 0
0 0 0 0 0 0 0 0 0 0 0 0 0 0 0 0 0 0 2.5426874160766601562 3.0769019126892089844 1.7568587064743041992 0.97934734821319580078 0.79318213462829589844 0.073614999651908874512 1.2348265647888183594 0.76617181301116943359 1.8851253986358642578 0.64768362045288085938 1.2129337787628173828 2.4430289268493652344 2.2512695789337158203 1.7973093986511230469 1.9480305910110473633 1.8423011302947998047 0.67688429355621337891 2.3972520828247070312 2.5183389186859130859 1.6528470516204833984 2.9266839027404785156 1.099795222282409668 0.47495442628860473633 0.27356007695198059082 0.32359278202056884766 0.30883392691612243652 0.29113161563873291016 0.21173028647899627686 0.87270462512969970703 0.46881723403930664062 1.6593441963195800781 3.5521149635314941406 2.8688309192657470703 3.0432727336883544922 0
0 0 0 0 0 0 0 0 0 0 0 0 0 0 0 0 0 1.0695182085037231445 2.77141571044921875 2.8632547855377197266 2.9624857902526855469 0.81565237045288085938 0.41558802127838134766 0.90702927112579345703 1.22502899169921875 0.58634185791015625 2.7662487030029296875 0.34907346963882446289 1.5899832248687744141 2.6308252811431884766 1.6535757780075073242 2.58238983154296875 2.6172385215759277344 2.5474648475646972656 0.33140552043914794922 0.81016623973846435547 0.97113811969757080078 1.6274089813232421875 2.2513642311096191406 1.7519457340240478516 1.9724059104919433594 1.2355822324752807617 0.91633749008178710938 0.30339300632476806641 0.098694145679473876953 0.32736980915069580078 0.63897508382797241211 0.20284105837345123291 0.27885365486145019531 0.97999393939971923828 0.55113774538040161133 2.3135542869567871094 2.7103536128997802734
0 0 0 0 0 0 0 0 0 0 0 0 0 0 0 0.58942806720733642578 1.0332229137420654297 0.30702897906303405762 0.97660028934478759766 2.0530619621276855469 2.9757528305053710938 1.1368768215179443359 0.15239599347114562988 2.4303677082061767578 1.0784543752670288086 2.8677465915679931641 2.1296503543853759766 1.5312886238098144531 2.1504426002502441406 0.4064204096794128418 0.045307029038667678833 1.1456115245819091797 2.0306985378265380859 2.7816104888916015625 1.191649317741394043 0.0075406283140182495117 0.68604063987731933594 0.22627940773963928223 2.0273413658142089844 1.8176925182342529297 2.0454118251800537109 1.9474556446075439453 1.8630907535552978516 1.4332890510559082031 0.4611453711986541748 1.2480843067169189453 0.57792341709136962891 0.47055077552795410156 0.46885550022125244141 0.87101686000823974609 0.29695951938629150391 0.97994476556777954102 3.1234846115112304688
0 0 0 0 0 0 0 0 0 0 0 0 0 0 3.44190216064453125 3.4821598529815673828 3.6861758232116699219 3.5265498161315917969 0.57500106096267700195 1.5610721111297607422 2.3908455371856689453 2.1053462028503417969 0.2385273277759552002 1.56871795654296875 2.86006927490234375 3.0816843509674072266 2.5806326866149902344 1.6277164220809936523 0.31435489654541015625 0.22803255915641784668 0.27334174513816833496 0.029232496395707130432 1.64121246337890625 2.8254129886627197266 2.2640962600708007812 0.66455882787704467773 0.021483160555362701416 0.176297798752784729 1.6599336862564086914 1.839626312255859375 2.3695998191833496094 1.8485808372497558594 1.9146999120712280273 2.2988462448120117188 1.0515882968902587891 1.4037528038024902344 0.22434042394161224365 0.24662193655967712402 0.02836237102746963501 0.85532021522521972656 1.041479945182800293 0.024445813149213790894 2.0780246257781982422
0 0 0 0 0 0 0 0 0 0 0 0 0 0 2.6890845298767089844 3.0544672012329101562 2.4769332408905029297 2.3848636150360107422 3.13451385498046875 0.96566945314407348633 2.1720709800720214844 1.0153561830520629883 0.087638385593891143799 0.10827471315860748291 0 1.9332737922668457031 3.08567047119140625 3.2295618057250976562 2.3688058853149414062 0.50195366144180297852 0.87029623985290527344 1.7742856740951538086 2.2150263786315917969 1.4434174299240112305 0.91652607917785644531 1.4177289009094238281 0.90263855457305908203 0 0.243299141526222229 1.6401320695877075195 1.3889627456665039062 1.2783583402633666992 1.8755283355712890625 1.9603328704833984375 1.8629992008209228516 1.6491916179656982422 0.40270265936851501465 1.9762790203094482422 0.38606655597686767578 0.00018155957513954490423 1.6824591159820556641 2.4072835445404052734 0.42228707671165466309
0 0 0 0 0 0 0 0 0 0 0 0 0 0 1.6866977214813232422 1.0151594877243041992 1.8364911079406738281 1.5806640386581420898 2.5621080398559570312 2.8822901248931884766 1.2759528160095214844 0.164461478590965271 1.1574435234069824219 1.1251670122146606445 0.56575441360473632812 1.2398211956024169922 2.1203794479370117188 2.729461669921875 2.9361631870269775391 0.76410174369812011719 0.62119603157043457031 0.98616605997085571289 2.4316308498382568359 3.6018362045288085938 3.9612178802490234375 3.9805645942687988281 2.3411116600036621094 1.5449230670928955078 0.12090685218572616577 0.75764966011047363281 0.095175832509994506836 0.05584500730037689209 0.76703816652297973633 0.28128439188003540039 1.4756222963333129883 0.87973839044570922852 0.85976320505142211914 3.4074311256408691406 0.84313309192657470703 0.088203072547912597656 1.2842013835906982422 3.32260894775390625 0
0 0 0 0 0 0 0 0 0 0 0 0 0 0 0 2.8854632377624511719 2.8736293315887451172 2.4514298439025878906 1.9824097156524658203 3.2446484565734863281 0.80066782236099243164 0.85013586282730102539 1.59423065185546875 0.83660680055618286133 1.4332895278930664062 0.84905445575714111328 0.13397338986396789551 1.3723164796829223633 2.6683583259582519531 2.1320550441741943359 1.8199363946914672852 2.6602177619934082031 3.1940255165100097656 3.0537772178649902344 2.8556394577026367188 2.9148020744323730469 3.0480589866638183594 3.4620821475982666016 3.6088624000549316406 3.1314928531646728516 1.5801942348480224609 0.051023855805397033691 0.76816475391387939453 0.35584038496017456055 1.4304746389389038086 1.3744806051254272461 1.5674567222595214844 3.3260998725891113281 1.6198830604553222656 0.38695299625396728516 1.344425201416015625 1.536543726921081543 0
0 0 0 0 0 0 0 0 0 0 0 0 0 0 0 2.8421497344970703125 2.9896028041839599609 1.7995319366455078125 1.7017265558242797852 1.2656755447387695312 2.4676384925842285156 0.61536049842834472656 0.27197974920272827148 2.2952373027801513672 2.6655421257019042969 2.8350787162780761719 3.3493747711181640625 2.5410084724426269531 2.9846272468566894531 3.3850903511047363281 1.0795732736587524414 2.601001739501953125 3.1042928695678710938 3.1424322128295898438 2.3509778976440429688 0.18437317013740539551 0.47852194309234619141 1.2828345298767089844 3.565509796142578125 2.9499583244323730469 2.5720124244689941406 1.0105468034744262695 0.26554876565933227539 0.056472036987543106079 2.3149254322052001953 2.6865863800048828125 1.6846839189529418945 1.6000038385391235352 1.3629082441329956055 2.8089830875396728516 2.6763710975646972656 0 0
0 0 0 0 0 0 0 0 0 0 0 0 0 0 0 0 0 2.9696760177612304688 3.7014262676239013672 2.3763718605041503906 0.97091335058212280273 1.8597127199172973633 0.021402411162853240967 2.0638985633850097656 2.267673492431640625 2.4329695701599121094 2.4895312786102294922 2.5088853836059570312 1.9058611392974853516 3.0679736137390136719 1.6658985614776611328 2.5497870445251464844 2.6112031936645507812 3.6017560958862304688 1.4808939695358276367 0.35018682479858398438 0.23138068616390228271 0.95663177967071533203 2.834381103515625 0.35186171531677246094 2.4921603202819824219 1.1160073280334472656 1.1471014022827148438 1.4273822307586669922 2.9563016891479492188 3.2867181301116943359 3.2219085693359375 0.90748286247253417969 0.13179010152816772461 2.4005250930786132812 0 0 0
0 0 0 0 0 2.4662580490112304688 0 0 0 0 0 0 0 0 0 0 0 2.0059740543365478516 2.6179957389831542969 2.0016922950744628906 3.2621462345123291016 2.6660528182983398438 0.92632240056991577148 0.79596823453903198242 2.0680785179138183594 2.1064991950988769531 2.4864106178283691406 2.5938789844512939453 0.85733342170715332031 2.6038665771484375 3.0113520622253417969 2.0571551322937011719 2.344211578369140625 2.9906563758850097656 2.3915777206420898438 2.2974262237548828125 0.10263971984386444092 0.47452685236930847168 1.2799413204193115234 1.3155908584594726562 2.4261355400085449219 1.8493857383728027344 1.179308772087097168 2.6847052574157714844 3.0791902542114257812 3.1395063400268554688 1.7071949243545532227 0.53833180665969848633 0.6315504908561706543 1.4058427810668945312 1.8832640647888183594 0 0
0 0 0 0.75008702278137207031 3.4793298244476318359 2.5637135505676269531 2.1886296272277832031 0 0 0 0 0 0 0 0 0 1.4210209846496582031 2.276897430419921875 1.4855062961578369141 1.8112010955810546875 2.4930105209350585938 0.65637266635894775391 0.772838592529296875 0.83975577354431152344 1.4465384483337402344 0.4095910191535949707 2.0997791290283203125 2.6903333663940429688 1.9564642906188964844 1.9411358833312988281 2.5484063625335693359 2.4764761924743652344 1.556488037109375 2.6419835090637207031 2.6984679698944091797 2.7052984237670898438 1.7693779468536376953 1.2886600494384765625 2.3850235939025878906 2.21329498291015625 1.275967717170715332 2.8135392665863037109 3.0519437789916992188 2.9030115604400634766 3.4303464889526367188 3.0038404464721679688 0.78069150447845458984 0.20847287774085998535 0.10764562338590621948 0.93570768833160400391 0.97766542434692382812 0 0
0 0 0 0 0.49388179183006286621 2.9033229351043701172 2.4915547370910644531 0 0 0 0 0 0 0 0 0 2.4103708267211914062 0.34126514196395874023 2.1518125534057617188 2.5372769832611083984 3.2091488838195800781 1.6161038875579833984 0.89769446849822998047 1.1768100261688232422 1.7734856605529785156 1.5028311014175415039 1.5258626937866210938 3.0175998210906982422 2.3264513015747070312 0.99697244167327880859 1.3847830295562744141 3.0046362876892089844 1.7992873191833496094 1.7261166572570800781 3.0085613727569580078 2.6677074432373046875 2.7740964889526367188 2.6376943588256835938 1.9773137569427490234 1.6497167348861694336 2.0680217742919921875 2.0640141963958740234 2.6247155666351318359 3.0226187705993652344 1.7357873916625976562 2.0467574596405029297 3.3114879131317138672 2.4228043556213378906 0.80327183008193969727 2.3639225959777832031 2.8954722881317138672 2.9260935783386230469 0
0 0 0 0 0.10347653180360794067 0.75418180227279663086 2.1966466903686523438 1.8294785022735595703 2.2793262004852294922 0 0 0 0 0 3.1283082962036132812 0.98757898807525634766 0.65369713306427001953 1.3634332418441772461 2.0527410507202148438 3.7007985115051269531 3.6041550636291503906 3.1047120094299316406 1.0731673240661621094 1.7770241498947143555 2.2135622501373291016 2.1572370529174804688 1.0899995565414428711 2.4796075820922851562 3.6765608787536621094 2.5406928062438964844 1.4028487205505371094 2.4636316299438476562 3.0983359813690185547 2.1981987953186035156 2.5139989852905273438 2.0907979011535644531 3.1040852069854736328 2.8695747852325439453 2.1605691909790039062 1.5843324661254882812 1.9604008197784423828 1.3719077110290527344 2.2586426734924316406 1.5405062437057495117 1.55918121337890625 1.1914861202239990234 2.764068603515625 2.9202401638031005859 1.5966323614120483398 2.7388596534729003906 0.57514935731887817383 2.7766029834747314453 3.5582103729248046875
0 0 0 0.14307779073715209961 0.35989749431610107422 0.67535281181335449219 1.1720016002655029297 1.8351733684539794922 1.9526035785675048828 2.0961534976959228516 2.8177254199981689453 3.698760986328125 2.4340214729309082031 0 2.1311511993408203125 1.3897643089294433594 1.9228367805480957031 0.78097057342529296875 3.3292336463928222656 3.7268936634063720703 3.3180298805236816406 2.2256329059600830078 1.3223263025283813477 0.55921953916549682617 2.365024566650390625 2.1098732948303222656 2.3540046215057373047 1.988979339599609375 3.2530879974365234375 1.3348958492279052734 0.85810995101928710938 2.6555209159851074219 2.7641818523406982422 2.8129069805145263672 3.1567552089691162109 0.81719052791595458984 1.6427814960479736328 1.3536193370819091797 1.3543126583099365234 2.7186870574951171875 2.6086039543151855469 2.9256794452667236328 2.3914237022399902344 0.90559470653533935547 1.7561492919921875 0.51394683122634887695 1.9673566818237304688 3.1428697109222412109 2.8545007705688476562 3.0672020912170410156 2.415256500244140625 2.8220491409301757812 3.3934686183929443359
0 0 0.027151627466082572937 0.048654790967702865601 0 0.98329091072082519531 1.125422358512878418 1.4365524053573608398 0.97844493389129638672 1.2180022001266479492 2.83666229248046875 3.2750010490417480469 2.6669478416442871094 2.5093324184417724609 2.9194433689117431641 2.16951751708984375 2.3724455833435058594 1.6339234113693237305 2.7692718505859375 3.9303660392761230469 3.0583167076110839844 2.2871878147125244141 0.26472637057304382324 0 1.20684814453125 2.4683027267456054688 3.7540230751037597656 3.4165472984313964844 3.0384728908538818359 1.5666426420211791992 2.4944882392883300781 2.8082451820373535156 3.3637843132019042969 3.3246922492980957031 3.275226593017578125 1.6102743148803710938 1.91021728515625 2.6067514419555664062 2.3590044975280761719 2.255458831787109375 2.0401732921600341797 2.1043555736541748047 2.2179136276245117188 1.226406097412109375 1.1208177804946899414 1.6458628177642822266 0.74762487411499023438 1.5336713790893554688 3.9219079017639160156 3.5105495452880859375 3.5326433181762695312 3.3893878459930419922 3.6913192272186279297
0 0 0 0.5908959507942199707 1.5805684328079223633 2.7359709739685058594 0.50082302093505859375 1.4956338405609130859 1.3189651966094970703 1.3587715625762939453 2.75067138671875 3.6632490158081054688 3.4491629600524902344 3.6691126823425292969 3.0227327346801757812 3.0002799034118652344 2.7410523891448974609 3.1083509922027587891 1.6199692487716674805 2.9392213821411132812 2.9195094108581542969 1.4402558803558349609 0.90732473134994506836 0.72324681282043457031 0.23322248458862304688 2.1550285816192626953 2.5892772674560546875 3.3221406936645507812 3.3819599151611328125 1.9898507595062255859 1.3813023567199707031 2.7599124908447265625 2.4125804901123046875 3.4165601730346679688 3.07939910888671875 3.204578399658203125 4.1147394180297851562 2.9901876449584960938 2.6306493282318115234 2.789440155029296875 1.5119872093200683594 1.6565037965774536133 2.4036092758178710938 1.721935272216796875 1.6963484287261962891 2.6794633865356445312 1.9873745441436767578 1.8233735561370849609 3.3693890571594238281 3.9277195930480957031 3.9240632057189941406 3.0934376716613769531 3.4662683010101318359
0 0 0 0 1.5767802000045776367 2.6593375205993652344 1.1579730510711669922 0.16634470224380493164 2.5531628131866455078 1.9057953357696533203 2.6762437820434570312 2.1828677654266357422 3.0096449851989746094 3.1832985877990722656 2.8323464393615722656 3.0045075416564941406 2.8491826057434082031 3.2887601852416992188 2.7343993186950683594 3.1023550033569335938 2.06681060791015625 1.8158156871795654297 1.9416532516479492188 1.9747097492218017578 2.2206563949584960938 2.3061742782592773438 2.5923066139221191406 3.1782560348510742188 3.7785444259643554688 3.5505623817443847656 2.1678552627563476562 1.4585993289947509766 1.9810701608657836914 4.1937417984008789062 3.0203790664672851562 3.2168965339660644531 3.6993908882141113281 3.3434305191040039062 2.5782461166381835938 2.6330752372741699219 2.8048076629638671875 2.8890788555145263672 2.4244813919067382812 1.8131636381149291992 1.8686897754669189453 2.6124868392944335938 2.5800275802612304688 2.4378829002380371094 3.4626717567443847656 3.7357859611511230469 3.8273012638092041016 3.4019715785980224609 3.8218824863433837891
