gis/160m/LAI_decid.asc
ncols        64
nrows        71
xllcorner    726726.000000000000
yllcorner    7127190.000000000000
cellsize     160.000000000000
NODATA_value -9999
[rows 21 to 41 of 71, columns 0 to 48 of 64]
-9999 -9999 -9999 0.002200699876993894577 0.01486838608980178833 0.014643626287579536438 0.006059959065169095993 0.0077835884876549243927 0.010656751692295074463 0.010484930127859115601 0.23232410848140716553 0.086462549865245819092 0.0086491694673895835876 0.0091500878334045410156 0.010782984085381031036 0.021156223490834236145 0.013883428648114204407 0.18005412817001342773 0.044307425618171691895 0.024747474119067192078 0.021687529981136322021 0.0020706565119326114655 0.005920910276472568512 0 0.0034688566811382770538 0.031180435791611671448 0.13411663472652435303 0.19976429641246795654 0.12258186936378479004 0.036851763725280761719 0.021954149007797241211 0.0034381665755063295364 0.0049045518971979618073 0.0135330958291888237 0.010476479306817054749 0.014197678305208683014 0.018310481682419776917 0.0087409531697630882263 0.12254960089921951294 0.073843777179718017578 0.00760869588702917099 0.0012221484212204813957 0.0011124233715236186981 0.01817310042679309845 0.043685384094715118408 0.061885081231594085693 0.00039886345621198415756 0.022834049537777900696 0.08625526726245880127
-9999 -9999 -9999 -9999 0.067085534334182739258 0.085331387817859649658 0.023339655250310897827 0.0012054223334416747093 0.077159270644187927246 0.029193028807640075684 0.097596280276775360107 0.082005143165588378906 0.032607007771730422974 0.006093143019825220108 0.016923811286687850952 0.041328068822622299194 0.013942876830697059631 0.037906091660261154175 0.075027965009212493896 0.041071739047765731812 0.0094669200479984283447 0.0027291022706776857376 0.0033890837803483009338 0.032480604946613311768 0.012905747629702091217 0.010414549149572849274 0.035072814673185348511 0.028632588684558868408 0.0030467745382338762283 0.0085527971386909484863 0.019964966922998428345 0.022406399250030517578 0.015564970672130584717 0.047850988805294036865 0.035280808806419372559 0.02930347248911857605 0.024532072246074676514 0.073702551424503326416 0.086292989552021026611 0.11319908499717712402 0.0072755515575408935547 0.075029700994491577148 0.034665733575820922852 0 0 0.032455921173095703125 0.0097313402220606803894 0.013504677452147006989 0.072475716471672058105
-9999 -9999 -9999 -9999 -9999 0.12345015257596969604 0.0059789689257740974426 0.00075686618220061063766 0.0040275696665048599243 0.028317337855696678162 0.040651861578226089478 0.15937189757823944092 0.023482067510485649109 0.020439999178051948547 0.021059665828943252563 0.045941494405269622803 0.037814378738403320312 0.069998107850551605225 0.065863437950611114502 0.005641221068799495697 0.017376197502017021179 0.015763048082590103149 0.0045081372372806072235 0.00063654378755018115044 0.0048558423295617103577 0.0017880715895444154739 0.0077268183231353759766 0.018933719024062156677 0.005692982114851474762 -9999 0.001526537933386862278 0.0035468384157866239548 0.05349003523588180542 0.093573421239852905273 0.010567515157163143158 0.0067279068753123283386 0.05156579241156578064 0.076710134744644165039 0.079290851950645446777 0.069595694541931152344 0.024598468095064163208 0.025717603042721748352 0.096663974225521087646 0.0038630159106105566025 0.0011006405111402273178 0.041478306055068969727 0.045324027538299560547 0.00029108181479386985302 0.16183066368103027344
-9999 -9999 -9999 0.066390343010425567627 0.029833538457751274109 0.046577736735343933105 0.00048654430429451167583 0.017290277406573295593 0.022319458425045013428 0.048310596495866775513 0.04111626744270324707 0.018144007772207260132 0.021098863333463668823 0.07652708888053894043 0.10402227193117141724 0.027692973613739013672 0.083429343998432159424 0.31217902898788452148 0.10334794968366622925 0.019121255725622177124 0.016551144421100616455 0.0047516138292849063873 0.013468024320900440216 0.002554254140704870224 0 -9999 0 0.0015658984193578362465 -9999 -9999 -9999 0.0030034284573048353195 0.11521804332733154297 0.25574728846549987793 0.0019940349739044904709 0.0084623154252767562866 0.061612527817487716675 0.020783465355634689331 0.082381360232830047607 0.060974303632974624634 0.1760097891092300415 0.017386369407176971436 0.034033048897981643677 0.040557950735092163086 0.062758922576904296875 0.016977574676275253296 0.056742057204246520996 0 0.040375363081693649292
-9999 -9999 0.014913993887603282928 0.045306708663702011108 0.056629139930009841919 0.0051738806068897247314 0 0.072462297976016998291 0.24851436913013458252 0.34081494808197021484 0.16345584392547607422 0.079140283167362213135 0.058447789400815963745 0.16205720603466033936 0.29363366961479187012 0.083238966763019561768 0.025106890127062797546 0.15759550034999847412 0.16863201558589935303 0.052315901964902877808 0.014073966071009635925 0.038268778473138809204 0.003878570161759853363 0.00083636376075446605682 0.0062881540507078170776 0.0018906465265899896622 -9999 0.0081859929487109184265 0.0014772667782381176949 -9999 -9999 0.008831999264657497406 0.044265270233154296875 0.15696063637733459473 0 0.037277832627296447754 0.0074335564859211444855 0.020675579085946083069 0.18803830444812774658 0.11656033247709274292 0.074981197714805603027 0.048103544861078262329 0.063609592616558074951 0.086536779999732971191 0.075845636427402496338 0.031957574188709259033 0.0031622862443327903748 0.0088801039382815361023 0.0047802566550672054291
-9999 0.046023085713386535645 0.045037243515253067017 0.016627436503767967224 0.030852077528834342957 0.023304650560021400452 0.0042068404145538806915 0.0053916387259960174561 0.094583824276924133301 0.46545737981796264648 0.2068500518798828125 0.20158648490905761719 0.1167239844799041748 0.099025346338748931885 0.074527308344841003418 0.082753449678421020508 0.015819868072867393494 0.14841571450233459473 0.46642640233039855957 0.27066841721534729004 0.049910619854927062988 0.030158776789903640747 0.004225211217999458313 0.014756911434233188629 0.0071398415602743625641 0.0090920990332961082458 0 0.0026869704015552997589 0.0050160405226051807404 -9999 -9999 0.026527673006057739258 0.014737119898200035095 0.00069795787567272782326 0.0080353459343314170837 0.034529570490121841431 0.013722785748541355133 0.0010092698503285646439 0.073397777974605560303 0.06380713731050491333 0.014253300614655017853 0.062167275696992874146 0.057232946157455444336 0.10431955009698867798 0.045376811176538467407 0.059250101447105407715 0.0012219185009598731995 0.0025522401556372642517 0.027885979041457176208
-9999 -9999 0.090359412133693695068 0.15932898223400115967 0.008283875882625579834 0.0058249756693840026855 0.075034789741039276123 0.0054238839074969291687 0.00091392942704260349274 0.076075479388236999512 0.022589385509490966797 0.010327353142201900482 0.07530498504638671875 0.2534720301628112793 0.078601948916912078857 0.096407324075698852539 0.1478799283504486084 0.26087766885757446289 0.25578916072845458984 0.079967409372329711914 0.06829252094030380249 0.025504240766167640686 0.010260787792503833771 0.0032425436656922101974 0.0022012284025549888611 0.0051788552664220333099 0.0021408190950751304626 0 4.24771387770306319e-05 -9999 0.0069761727936565876007 0.038061384111642837524 0.015054190531373023987 0.023690314963459968567 0.0093123102560639381409 0.042886134237051010132 0.027369046583771705627 0.0068231020122766494751 0.19123277068138122559 0.139892578125 0.017407476902008056641 0.055202100425958633423 0.13517503440380096436 0.044778481125831604004 0.057217799127101898193 0.014769022352993488312 0.015051861293613910675 0.017847474664449691772 0.07101516425609588623
-9999 0.0025242597330361604691 0.036526083946228027344 0.18900537490844726562 0.028934689238667488098 0.015688989311456680298 0.015671348199248313904 0.00081950024468824267387 0.0025463677011430263519 6.8864101194776594639e-05 0.030697060748934745789 0.0062084738165140151978 0.01320531405508518219 0.18666665256023406982 0.13095372915267944336 0.012363960035145282745 0.065250962972640991211 0.23051723837852478027 0.2743358612060546875 0.42407882213592529297 0.045380238443613052368 0.035806678235530853271 0.010980199091136455536 0.0027658168692141771317 0.00011003737017745152116 6.3194849644787609577e-05 0.00078095070784911513329 0 0.0021279361099004745483 -9999 0.018902763724327087402 0.015351745299994945526 0.0093601709231734275818 0.029000051319599151611 0.0070245498791337013245 0.020536692813038825989 0.017451068386435508728 0 0.15694235265254974365 0.012859705835580825806 0.0078890267759561538696 0.13800379633903503418 0.054370604455471038818 0.0082529792562127113342 0.028421400114893913269 0.0081519251689314842224 0.052388127893209457397 0.065948538482189178467 0.043616075068712234497
-9999 0.075842611491680145264 0.059057462960481643677 0.1690158843994140625 0.025601832196116447449 0.070818841457366943359 0.11425050348043441772 0.02743682079017162323 0.01023415103554725647 0.0023253015242516994476 0.0014552895445376634598 0 0 0.10851146280765533447 0.066812038421630859375 0.090289406478404998779 0.017861394211649894714 0.44247290492057800293 0.43575951457023620605 0.24832098186016082764 0.0098807085305452346802 0.0026007001288235187531 0.0094878049567341804504 0.0060192188248038291931 0.00077718048123642802238 0.01200840342789888382 0.018058475106954574585 0 0.02510296553373336792 -9999 0.008696774020791053772 0.011301148682832717896 0.015301825478672981262 0.0018407067982479929924 0.027331115677952766418 0.030307939276099205017 0.0013282062718644738197 0 0.10847591608762741089 0.34462487697601318359 0.52185857295989990234 0.14300584793090820312 0.00040298106614500284195 0.094059064984321594238 0.075319379568099975586 0.037615887820720672607 0.078376367688179016113 0.026579132303595542908 0.044236902147531509399
0.00070775061612948775291 0.032839406281709671021 0.2139946669340133667 0.1419674605131149292 0.090025328099727630615 0.22851926088333129883 0.32200974225997924805 0.053854588419198989868 0.027965866029262542725 0.024628633633255958557 0.0082495678216218948364 0.00024634969304315745831 0 0.0078006372787058353424 0.063199177384376525879 0.0014854868641123175621 0.012584379874169826508 0.077691420912742614746 0.45272237062454223633 0.25447249412536621094 0.040810558944940567017 0.0028160051442682743073 0.01224897429347038269 0.0081301741302013397217 0.0040718978270888328552 0.0018374369246885180473 0.025356335565447807312 0.0025224611163139343262 0.001076710876077413559 0.038603041321039199829 0.0121512608602643013 0.0028004630003124475479 0.017609270289540290833 0.0096376119181513786316 0.0054659279994666576385 0.010111767798662185669 0.098314553499221801758 0.0013908135006204247475 0.0052766776643693447113 0.24214980006217956543 0.1712150871753692627 0.016154700890183448792 0.11144529283046722412 0.069328717887401580811 0.0027227611280977725983 0.0011527214664965867996 0.010433435440063476562 0.034069035202264785767 0.030136045068502426147
-9999 0.017837788909673690796 0.16674593091011047363 0.18120566010475158691 0.038184378296136856079 0.010290813632309436798 0.064156115055084228516 0.013774376362562179565 0.022104689851403236389 0.057535909116268157959 0.024746267125010490417 0.019403398036956787109 0.0025649629533290863037 0 0.0046597104519605636597 0.0052221515215933322906 0.035788137465715408325 0.23950903117656707764 0.28038951754570007324 0.083614595234394073486 0.022440118715167045593 0.0010762502206489443779 0.00082640448817983269691 0.00069396093022078275681 0.0011505342554301023483 0.016989365220069885254 0.0022981164511293172836 0.011130905710160732269 0.00077562197111546993256 0.0099080717191100120544 0.0048338645137846469879 0.0057096662931144237518 0.052720718085765838623 0.020512992516160011292 0.020169382914900779724 0.035827565938234329224 0.076041251420974731445 0.20249731838703155518 0.0065873549319803714752 0.026684220880270004272 0.086711265146732330322 0.22074458003044128418 0.53711563348770141602 0.11581841111183166504 0.057783927768468856812 0.0097799766808748245239 0.023624733090400695801 0.032635699957609176636 0.01344719715416431427
-9999 -9999 0.010496413335204124451 0.16002437472343444824 0.040927886962890625 0.0022126480471342802048 0.0032697354909032583237 0.091979801654815673828 0.026797091588377952576 0.037651583552360534668 0.036473400890827178955 0.0050025209784507751465 0.0099687958136200904846 0.0050891139544546604156 0 0.042069252580404281616 0.050315737724304199219 0.13313375413417816162 0.29996326565742492676 0.039604086428880691528 0.026755234226584434509 0.0016825508791953325272 0 0.0070860250853002071381 0.0092527847737073898315 0.030304435640573501587 0.011364504694938659668 0.0036118892021477222443 0.014076191931962966919 0.013487113639712333679 0.017505971714854240417 0.02389933168888092041 0.050850115716457366943 0.011964287608861923218 0.031860906630754470825 0.017886018380522727966 0.086668886244297027588 0.13712112605571746826 0.017286205664277076721 0.013022795319557189941 0.0032020939979702234268 0.26673471927642822266 0.29742524027824401855 0.021681753918528556824 0.12719459831714630127 0.027279762551188468933 0.035471450537443161011 0.10841122269630432129 0.041143700480461120605
-9999 -9999 0.0036894679069519042969 0.023474417626857757568 0.0018640912603586912155 0.102931976318359375 0.27735212445259094238 0.094306990504264831543 0.022107107564806938171 0.094472736120223999023 0.017030704766511917114 0.014978961087763309479 0.0070447702892124652863 0.0021849540062248706818 0.022552367299795150757 0.20374715328216552734 0.11408351361751556396 0.0069270147942006587982 0.013520817272365093231 0.023469988256692886353 0.022921146824955940247 0.019647810608148574829 0.0062815882265567779541 0.016462421044707298279 0.0025914942380040884018 0.0043375962413847446442 0.021452600136399269104 0.025906391441822052002 0.026490228250622749329 0.040302574634552001953 0.016116099432110786438 0.0087525947019457817078 0.030045533552765846252 0.0033198497258126735687 0.008117588236927986145 0.012996351346373558044 0.071908898651599884033 0.039190124720335006714 0.0043557672761380672455 0.010176724754273891449 0.0085674114525318145752 0.30670949816703796387 0.10480938106775283813 0.031273599714040756226 0.078296884894371032715 0.019771475344896316528 0.006958150770515203476 0.26285457611083984375 0.091009229421615600586
-9999 -9999 -9999 0.01013721805065870285 -9999 -9999 0.044895384460687637329 0.033806324005126953125 0.079400487244129180908 0.20590239763259887695 0.13524869084358215332 0.016418870538473129272 0.0073570930399000644684 0.030034951865673065186 0.083861850202083587646 0.23135462403297424316 0.21454547345638275146 0.020532691851258277893 0.054310210049152374268 0.061409965157508850098 0.0038215406239032745361 0 0.0073299948126077651978 7.3686147516127675772e-05 7.923645898699760437e-05 0.0032441781368106603622 0.021477989852428436279 0.0043388004414737224579 0.078773073852062225342 0.20960357785224914551 0.061014585196971893311 0.0039931135252118110657 0.012247177772223949432 0.011812746524810791016 0.0078821666538715362549 0.01947796158492565155 0.010491846129298210144 0.0028954576700925827026 0.010104614309966564178 0.013286652974784374237 0.013167749159038066864 0.11502875387668609619 0.021067053079605102539 0.10183396190404891968 0.12378616631031036377 0.0069640865549445152283 0.010310916230082511902 0.076250120997428894043 0.19213920831680297852
-9999 -9999 -9999 -9999 -9999 -9999 -9999 -9999 -9999 0.052650954574346542358 0.10341657698154449463 0.037969194352626800537 0.0046503618359565734863 0.018491828814148902893 0.032536432147026062012 0.075317390263080596924 0.051766522228717803955 0.021904233843088150024 0.068073093891143798828 0.012008338235318660736 0.0048493077047169208527 0.0039329491555690765381 0.0099848713725805282593 0.0076156170107424259186 0.0029469034634530544281 0.011164444498717784882 0.053352743387222290039 0.050855632871389389038 0.037113565951585769653 0.025234438478946685791 0.22396479547023773193 0.17406414449214935303 0.10503678023815155029 0.067213788628578186035 0.0027478728443384170532 0.0022688400931656360626 0.0059485719539225101471 0.0087723825126886367798 0.018339747563004493713 0.0031304489821195602417 0.24999295175075531006 0.076188743114471435547 0.0061955223791301250458 0.038886573165655136108 0.0011173746315762400627 0 0 0.12044009566307067871 0.17940613627433776855
-9999 -9999 -9999 -9999 -9999 -9999 -9999 -9999 -9999 0.031218469142913818359 0.18573501706123352051 0.050990495830774307251 0.016673374921083450317 0.020190488547086715698 0.061912532895803451538 0.074842125177383422852 0.01452882029116153717 0.010072192177176475525 0.02091166377067565918 0.054693087935447692871 0.064049534499645233154 0.0044783786870539188385 0.0009128156234510242939 0.00072664901381358504295 0.0084090838208794593811 0.010575264692306518555 0.10280026495456695557 0.018994608893990516663 0.03169916197657585144 0.048715949058532714844 0.077401801943778991699 0.32460802793502807617 0.20362167060375213623 0.027131423354148864746 0.038806255906820297241 0.023913897573947906494 0.01828034035861492157 0.0061416672542691230774 0.035809058696031570435 0.10763799399137496948 0.271366119384765625 0.19293980300426483154 0.034201592206954956055 0.0076293875463306903839 0 0.00096254807431250810623 0.0031347284093499183655 0.099658511579036712646 0.17956006526947021484
-9999 -9999 -9999 -9999 -9999 -9999 -9999 -9999 -9999 0.0084948875010013580322 0.027226159349083900452 0.018388275057077407837 9.3087066488806158304e-05 0.002241331152617931366 0.024643292650580406189 0.063476130366325378418 0.09262396395206451416 0.012287883087992668152 0.0030670713167637586594 0.054212465882301330566 0.054216507822275161743 0.00046923710033297538757 0.0663641318678855896 0.010965228080749511719 0.0049502104520797729492 0.0012298121582716703415 0.0011450266465544700623 0.033192228525876998901 0.041427470743656158447 0.02128552459180355072 0.019584009423851966858 0.039495088160037994385 0.030783277004957199097 0.0024629295803606510162 0.037121605128049850464 0.013040614314377307892 0.016240065917372703552 0.10395641624927520752 0.013375963084399700165 0.23369571566581726074 0.13454636931419372559 0.00028987281257286667824 0.034351930022239685059 0.061761733144521713257 0.044613417237997055054 0.034580059349536895752 0.11549706012010574341 0.20375531911849975586 0.17896008491516113281
-9999 -9999 -9999 -9999 -9999 -9999 -9999 -9999 -9999 0.001190651673823595047 0.012612268328666687012 0.011754291132092475891 0.00049433379899710416794 0 0 0 0.025660425424575805664 0.085383884608745574951 0.023122703656554222107 0.062512248754501342773 0.04223660007119178772 0.0088342176750302314758 0.032896611839532852173 0 0.03198364749550819397 0.056846279650926589966 0.0086519308388233184814 0.041717529296875 0.041344814002513885498 0.044324565678834915161 0.019801452755928039551 0.020065672695636749268 0.026764478534460067749 0.011571945622563362122 0.027179539203643798828 0.00037274672649800777435 0.085322678089141845703 0.024875685572624206543 0.0033013639040291309357 0.040666960179805755615 0.024640308693051338196 0.0047767376527190208435 0.065434530377388000488 0.037880845367908477783 0.091558761894702911377 0.026719531044363975525 0.070006303489208221436 0.18173472583293914795 0.096899867057800292969
-9999 -9999 -9999 -9999 -9999 -9999 -9999 -9999 -9999 -9999 0 0.00042927413596771657467 0.00055192387662827968597 0.0012264064280316233635 0 0 0 0 0.0078845415264368057251 0.025152532383799552917 0.19236268103122711182 0.0048030051402747631073 0.0051204306073486804962 0.016234565526247024536 0.00028792751254513859749 0.041480604559183120728 0.09146766364574432373 0.051006708294153213501 0.049073830246925354004 0.042886182665824890137 0.046071939170360565186 0.032555449753999710083 0.026489224284887313843 0.022640176117420196533 0.069527477025985717773 0.0060641495510935783386 0.0068040043115615844727 0.00012015841639367863536 0.0053910603746771812439 0.012747136875987052917 0.071320526301860809326 0.058816313743591308594 0.086904868483543395996 0.035441137850284576416 0.053458984941244125366 0 0.30185544490814208984 0.12611865997314453125 0.032723490148782730103
-9999 -9999 -9999 -9999 -9999 -9999 -9999 -9999 -9999 -9999 -9999 -9999 0 0 8.1367354141548275948e-05 1.7823324014898389578e-05 0 0.00549058523029088974 0.0052454085089266300201 0.014537125825881958008 0.007615034002810716629 0.016713224351406097412 0.026273159310221672058 0.026065206155180931091 0.00048655262799002230167 0.040557380765676498413 0.034201480448246002197 0.082125015556812286377 0.036805618554353713989 0.02864660508930683136 0.022876452654600143433 0.029408017173409461975 0.019728787243366241455 0.011512656696140766144 0.018029393628239631653 0.02642773650586605072 0.012691041454672813416 0.0066853193566203117371 0.0050164191052317619324 0.047064058482646942139 0.034716345369815826416 0.025142356753349304199 0.0535832233726978302 0.029551029205322265625 0.0067805214785039424896 0 0.12382324039936065674 0.15918028354644775391 0.064630456268787384033
-9999 -9999 -9999 -9999 -9999 -9999 -9999 -9999 -9999 -9999 -9999 -9999 -9999 -9999 -9999 -9999 -9999 0 0 0.017739983275532722473 0.01765367947518825531 0.013897305354475975037 0.020922681316733360291 0.00026773265562951564789 0.050253145396709442139 0.022641265764832496643 0.0013051007408648729324 0.00060507270973175764084 0.0063685392960906028748 0.014360480010509490967 0.029126482084393501282 0.041948620229959487915 0.036449164152145385742 0.050895784050226211548 0.0767688751220703125 0.00032776439911685883999 0.0033349422737956047058 0.0083169266581535339355 0.0063829738646745681763 0.0064495094120502471924 0.0082250889390707015991 0.00098370958585292100906 0.014740217477083206177 0.025013925507664680481 0.001754228491336107254 0.039008200168609619141 0.14537860453128814697 0.15183353424072265625 0.026779819279909133911
