gis/160m/LAI_pine.asc
ncols        64
nrows        71
xllcorner    726726.000000000000
yllcorner    7127190.000000000000
cellsize     160.000000000000
NODATA_value -9999
[rows 0 to 21 of 71, columns 0 to 48 of 64]
-9999.0 -9999 -9999 -9999 -9999 -9999 -9999 -9999 -9999 -9999 -9999 -9999 -9999 -9999 -9999 -9999 -9999 -9999 -9999 -9999 -9999 -9999 -9999 -9999 -9999 -9999 -9999 -9999 -9999 -9999 -9999 -9999 0.19649201631546020508 0.13013149797916412354 1.3374024629592895508 1.2632590532302856445 1.806956171989440918 -9999 -9999 -9999 -9999 -9999 -9999 -9999 -9999 -9999 -9999 -9999 -9999
-9999 -9999 -9999 -9999 -9999 -9999 -9999 -9999 -9999 -9999 -9999 -9999 -9999 -9999 -9999 -9999 -9999 -9999 -9999 -9999 -9999 -9999 -9999 -9999 -9999 -9999 -9999 -9999 0.079354070127010345459 0.44605290889739990234 0.9591280817985534668 0.3342494964599609375 0.11330482363700866699 0.2894057929515838623 1.0560098886489868164 0.9921976923942565918 1.517269134521484375 -9999 -9999 -9999 -9999 -9999 -9999 -9999 -9999 -9999 -9999 -9999 -9999
-9999 -9999 -9999 -9999 -9999 -9999 -9999 -9999 -9999 -9999 -9999 -9999 -9999 -9999 -9999 -9999 -9999 -9999 -9999 -9999 -9999 -9999 -9999 -9999 -9999 -9999 0.65377312898635864258 1.5532660484313964844 0.47497585415840148926 0.11627035588026046753 0.37116301059722900391 0.060003779828548431396 0.013047651387751102448 1.0426229238510131836 1.3113601207733154297 0.76394134759902954102 1.3359779119491577148 1.2488245964050292969 0.077376089990139007568 -9999 0.45668524503707885742 0.85945874452590942383 1.2258956432342529297 0.94048845767974853516 0.60161614418029785156 -9999 -9999 -9999 -9999
-9999 -9999 -9999 -9999 -9999 -9999 -9999 -9999 -9999 -9999 -9999 -9999 -9999 -9999 -9999 -9999 -9999 -9999 -9999 -9999 -9999 -9999 -9999 -9999 -9999 -9999 -9999 0.30424988269805908203 0.066536955535411834717 0.43426877260208129883 0.60995692014694213867 0.6097621917724609375 0.12660293281078338623 0.63612204790115356445 1.4491707086563110352 0.93916225433349609375 0.82216829061508178711 1.2110741138458251953 0.46980765461921691895 0.19116584956645965576 0.095148041844367980957 0.6786028742790222168 1.1636054515838623047 0.82634395360946655273 0.23982962965965270996 0.16811440885066986084 0.76569342613220214844 1.2168030738830566406 1.2208939790725708008
-9999 -9999 -9999 -9999 -9999 -9999 -9999 -9999 -9999 -9999 -9999 -9999 -9999 -9999 -9999 -9999 -9999 -9999 -9999 -9999 1.2164199352264404297 -9999 -9999 0.30273547768592834473 0.26671487092971801758 0.65438127517700195312 0.13471452891826629639 0.2216386646032333374 0.4515863955020904541 0.30330410599708557129 1.3016157150268554688 1.1437652111053466797 0.6539999842643737793 0.61393785476684570312 1.1871173381805419922 1.2821996212005615234 1.2577104568481445312 1.4967226982116699219 0.25088930130004882812 0.10214363038539886475 0.88305467367172241211 1.4329396486282348633 1.2086149454116821289 0.88520723581314086914 0.40649586915969848633 0.080132894217967987061 0.69183599948883056641 1.3833262920379638672 1.4094865322113037109
-9999 -9999 -9999 -9999 -9999 -9999 -9999 -9999 -9999 -9999 -9999 -9999 -9999 -9999 -9999 -9999 -9999 -9999 0.75570452213287353516 0.95826125144958496094 0.83338224887847900391 1.5718723535537719727 0.96925604343414306641 1.4018695354461669922 1.5551495552062988281 1.634021759033203125 0.26377707719802856445 0.19489872455596923828 0.60566443204879760742 0.76553136110305786133 1.0734387636184692383 1.1675391197204589844 0.1918884962797164917 0.39988216757774353027 1.3627607822418212891 1.1556855440139770508 0.73405969142913818359 1.695069432258605957 1.5182453393936157227 0.13511034846305847168 0.61391687393188476562 0.46237424015998840332 0.97469109296798706055 0.88105165958404541016 0.42161118984222412109 0.0092186424881219863892 1.3173500299453735352 1.4739018678665161133 1.0383195877075195312
-9999 -9999 -9999 -9999 -9999 -9999 -9999 -9999 -9999 -9999 -9999 -9999 -9999 -9999 -9999 -9999 -9999 -9999 1.5954923629760742188 1.7230656147003173828 0.99767971038818359375 0.62612211704254150391 0.5213177800178527832 0.050179850310087203979 0.80581021308898925781 0.45868858695030212402 0.70891523361206054688 0.38829684257507324219 0.76280164718627929688 1.4105533361434936523 1.2949559688568115234 1.2698547840118408203 1.3215265274047851562 1.2947469949722290039 0.40035670995712280273 1.132638096809387207 0.99102890491485595703 0.99281018972396850586 1.8572621345520019531 0.61953884363174438477 0.28261551260948181152 0.15642558038234710693 0.23090586066246032715 0.20484794676303863525 0.18845984339714050293 0.19020231068134307861 0.60527592897415161133 0.41324430704116821289 0.88003009557723999023
-9999 -9999 -9999 -9999 -9999 -9999 -9999 -9999 -9999 -9999 -9999 -9999 -9999 -9999 -9999 -9999 -9999 0.60110551118850708008 1.7256854772567749023 1.7104166746139526367 1.8043608665466308594 0.37486970424652099609 0.18365129828453063965 0.49107062816619873047 0.77784103155136108398 0.3324228823184967041 1.1790664196014404297 0.18232169747352600098 1.0159935951232910156 1.4094250202178955078 1.1567722558975219727 2.0305578708648681641 1.8280570507049560547 1.7430100440979003906 0.20456078648567199707 0.36520931124687194824 0.57815730571746826172 1.0814758539199829102 1.5483925342559814453 1.2133028507232666016 1.4410808086395263672 0.90181940793991088867 0.64322566986083984375 0.22212821245193481445 0.078945010900497436523 0.2152261883020401001 0.58398854732513427734 0.20284105837345123291 0.2618420720100402832
-9999 -9999 -9999 -9999 -9999 -9999 -9999 -9999 -9999 -9999 -9999 -9999 -9999 -9999 -9999 0.23320108652114868164 0.39769726991653442383 0.1863791346549987793 0.60584431886672973633 1.3582870960235595703 1.9192880392074584961 0.72538727521896362305 0.080374263226985931396 1.1946737766265869141 0.66770893335342407227 1.7187011241912841797 1.47798919677734375 0.90959173440933227539 1.2446401119232177734 0.23307073116302490234 0.025367325171828269958 0.90199148654937744141 1.5134212970733642578 1.7427932024002075195 0.66648405790328979492 0.0032257949933409690857 0.35625308752059936523 0.144266471266746521 1.3682166337966918945 1.3800663948059082031 1.3739106655120849609 1.2700202465057373047 1.0980455875396728516 0.82712334394454956055 0.33441317081451416016 0.71920084953308105469 0.50227952003479003906 0.38116094470024108887 0.27838909626007080078
-9999 -9999 -9999 -9999 -9999 -9999 -9999 -9999 -9999 -9999 -9999 -9999 -9999 -9999 1.8401341438293457031 1.6585547924041748047 1.1458630561828613281 1.2486112117767333984 0.32608702778816223145 1.183703303337097168 1.6750622987747192383 1.5302383899688720703 0.16734628379344940186 0.70642703771591186523 1.5040791034698486328 1.5008620023727416992 1.3784301280975341797 0.86115986108779907227 0.15687856078147888184 0.17687574028968811035 0.18044543266296386719 0.023476297035813331604 0.95319116115570068359 1.7399333715438842773 1.4316710233688354492 0.4417693018913269043 0.013071429915726184845 0.12790761888027191162 1.1895112991333007812 1.3164043426513671875 1.3919638395309448242 1.4251700639724731445 1.2028822898864746094 1.2934921979904174805 0.60356974601745605469 0.97892439365386962891 0.19759492576122283936 0.24251648783683776855 0.013848788104951381683
-9999 -9999 -9999 -9999 -9999 -9999 -9999 -9999 -9999 -9999 -9999 -9999 -9999 -9999 0.93601685762405395508 1.1043655872344970703 0.97165906429290771484 1.0333151817321777344 1.2352154254913330078 0.55220419168472290039 1.5522075891494750977 0.78420937061309814453 0.056709054857492446899 0.082317024469375610352 0 0.68845230340957641602 1.2919697761535644531 1.5504524707794189453 1.0006924867630004883 0.34735119342803955078 0.76451289653778076172 0.95956462621688842773 1.1819984912872314453 0.65968537330627441406 0.53793787956237792969 0.8408787846565246582 0.57817512750625610352 0 0.19093668460845947266 1.0352332592010498047 0.91909033060073852539 0.77728724479675292969 1.2239459753036499023 1.0824024677276611328 1.2816220521926879883 1.1200670003890991211 0.37114402651786804199 1.1193344593048095703 0.30620327591896057129
-9999 -9999 -9999 -9999 -9999 -9999 -9999 -9999 -9999 -9999 -9999 -9999 -9999 -9999 0.76071351766586303711 0.49852582812309265137 1.0487189292907714844 0.90704935789108276367 1.1795417070388793945 1.4071501493453979492 0.75344544649124145508 0.090027101337909698486 0.86683011054992675781 0.69909054040908813477 0.38391870260238647461 0.64528864622116088867 1.0101124048233032227 1.4134272336959838867 1.0351459980010986328 0.52015775442123413086 0.30826783180236816406 0.59889984130859375 1.1257274150848388672 1.2250044345855712891 1.3528875112533569336 1.4442265033721923828 0.96154874563217163086 0.8935451507568359375 0.047868296504020690918 0.38663876056671142578 0.055068999528884887695 0.032575111836194992065 0.4560235440731048584 0.13111257553100585938 0.84889966249465942383 0.58296960592269897461 0.62696921825408935547 1.5077304840087890625 0.67957401275634765625
-9999 -9999 -9999 -9999 -9999 -9999 -9999 -9999 -9999 -9999 -9999 -9999 -9999 -9999 -9999 1.4998975992202758789 1.2465437650680541992 1.1290031671524047852 1.0567810535430908203 1.4471952915191650391 0.47012740373611450195 0.57627451419830322266 1.0402721166610717773 0.53931468725204467773 0.96208441257476806641 0.2598324120044708252 0.066873461008071899414 0.98700350522994995117 1.6079270839691162109 1.1372259855270385742 1.1780612468719482422 1.1092025041580200195 0.89617335796356201172 0.81673616170883178711 1.1439960002899169922 1.0951873064041137695 1.490754246711730957 1.710300445556640625 1.7329636812210083008 2.0353031158447265625 0.90869688987731933594 0.027069587260484695435 0.48219546675682067871 0.21613442897796630859 0.66911214590072631836 0.97081363201141357422 1.0413608551025390625 1.210352778434753418 1.0435937643051147461
-9999 -9999 -9999 -9999 -9999 -9999 -9999 -9999 -9999 -9999 -9999 -9999 -9999 -9999 -9999 1.4356631040573120117 1.059670567512512207 0.52467513084411621094 0.73316997289657592773 0.60267287492752075195 1.4995090961456298828 0.36327940225601196289 0.2123890221118927002 1.4279332160949707031 1.7732908725738525391 1.5571368932723999023 1.6862187385559082031 1.5446314811706542969 1.7879192829132080078 1.7821547985076904297 0.66725897789001464844 1.5120998620986938477 1.1547925472259521484 1.5441713333129882812 1.0381895303726196289 0.1267833709716796875 0.26670414209365844727 0.77490293979644775391 1.7558149099349975586 2.1170072555541992188 1.3866512775421142578 0.56580430269241333008 0.11277588456869125366 0.020306620746850967407 1.1336842775344848633 1.4011589288711547852 0.81385600566864013672 0.7398388981819152832 0.63806039094924926758
-9999 -9999 -9999 -9999 -9999 -9999 -9999 -9999 -9999 -9999 -9999 -9999 -9999 -9999 -9999 -9999 -9999 1.5570440292358398438 1.6529412269592285156 1.1742520332336425781 0.54821676015853881836 1.1766691207885742188 0.013044618070125579834 1.1613637208938598633 1.3831660747528076172 1.6236703395843505859 1.6055682897567749023 1.4350969791412353516 1.0662217140197753906 1.7692396640777587891 1.1636590957641601562 1.5836973190307617188 1.53186798095703125 1.3762222528457641602 0.77588814496994018555 0.23975577950477600098 0.18114806711673736572 0.57527810335159301758 1.2394069433212280273 0.22002685070037841797 1.1349935531616210938 0.59251445531845092773 0.76536506414413452148 0.57426524162292480469 1.7762405872344970703 1.5917240381240844727 1.2623505592346191406 0.30718794465065002441 0.048266932368278503418
-9999 -9999 -9999 -9999 -9999 1.5052963495254516602 -9999 -9999 -9999 -9999 -9999 -9999 -9999 -9999 -9999 -9999 -9999 1.2965590953826904297 1.4939794540405273438 1.1261429786682128906 1.7481701374053955078 1.3907265663146972656 0.62163597345352172852 0.52449578046798706055 1.3795369863510131836 1.5278214216232299805 1.5909575223922729492 1.5799686908721923828 0.51161175966262817383 1.5650415420532226562 1.9090662002563476562 1.427138209342956543 1.6278976202011108398 1.3886409997940063477 1.3024740219116210938 1.1521193981170654297 0.063832782208919525146 0.33826673030853271484 0.53609001636505126953 0.76266181468963623047 1.3244291543960571289 0.93486958742141723633 0.65972179174423217773 1.0918463468551635742 1.5770984888076782227 1.2878632545471191406 0.61200428009033203125 0.1815331876277923584 0.21879652142524719238
-9999 -9999 -9999 0.33170947432518005371 0.86532407999038696289 1.3572232723236083984 1.5091472864151000977 -9999 -9999 -9999 -9999 -9999 -9999 -9999 -9999 -9999 0.86666017770767211914 1.1577829122543334961 0.76007109880447387695 1.1437648534774780273 1.4140833616256713867 0.51374590396881103516 0.50382542610168457031 0.63152891397476196289 0.86588644981384277344 0.29049450159072875977 1.5260385274887084961 1.7570807933807373047 1.1921287775039672852 1.045271754264831543 1.5524843931198120117 1.4582998752593994141 0.94780611991882324219 0.95641851425170898438 1.6145467758178710938 1.6972818374633789062 0.9655132293701171875 0.78201472759246826172 1.1073737144470214844 1.233317255973815918 0.77843725681304931641 1.8801168203353881836 1.8856176137924194336 1.4997402429580688477 1.6308273077011108398 1.116455078125 0.32247185707092285156 0.058293219655752182007 0.037311337888240814209
-9999 -9999 -9999 -9999 0.29082977771759033203 1.5018209218978881836 1.4790526628494262695 -9999 -9999 -9999 -9999 -9999 -9999 -9999 -9999 -9999 1.4728322029113769531 0.192621573805809021 1.1327482461929321289 1.4708989858627319336 1.57306671142578125 1.0509927272796630859 0.62130457162857055664 0.86585670709609985352 1.087868809700012207 1.0099581480026245117 1.0169725418090820312 1.8370074033737182617 1.4151598215103149414 0.61921930313110351562 0.89560139179229736328 1.912802577018737793 0.85408985614776611328 0.7293255925178527832 1.529898524284362793 1.708670496940612793 1.3472206592559814453 1.510379791259765625 1.441748499870300293 1.3008563518524169922 1.2838230133056640625 1.5037477016448974609 1.807430267333984375 1.7774316072463989258 0.79633814096450805664 0.82811713218688964844 1.1720032691955566406 1.0223281383514404297 0.32961380481719970703
-9999 -9999 -9999 -9999 0.086072057485580444336 0.42035856842994689941 1.3487159013748168945 1.330370783805847168 1.5780402421951293945 -9999 -9999 -9999 -9999 -9999 1.0921645164489746094 0.61896353960037231445 0.41223838925361633301 0.73857456445693969727 1.0093008279800415039 1.6347390413284301758 1.6012277603149414062 1.5945324897766113281 0.59058070182800292969 1.2372258901596069336 1.3933576345443725586 1.3368353843688964844 0.62142723798751831055 1.0346964597702026367 1.5588423013687133789 1.0014796257019042969 0.87340569496154785156 1.3992106914520263672 1.5441958904266357422 1.3651424646377563477 1.584502100944519043 1.3385776281356811523 1.6101318597793579102 1.515727996826171875 1.2299305200576782227 1.0332568883895874023 1.1313666105270385742 0.81279313564300537109 1.5332740545272827148 1.1642338037490844727 0.92092025279998779297 0.75695759057998657227 1.0363973379135131836 1.0564178228378295898 0.69154942035675048828
-9999 -9999 -9999 0.11322200298309326172 0.22860050201416015625 0.50335341691970825195 0.86530613899230957031 1.3714900016784667969 1.4005903005599975586 1.3610199689865112305 1.2348811626434326172 1.5138908624649047852 1.116687774658203125 -9999 1.0735183954238891602 0.70999169349670410156 0.92994076013565063477 0.40267506241798400879 1.3681093454360961914 1.3718214035034179688 1.5835738182067871094 1.3819725513458251953 0.79707038402557373047 0.32480072975158691406 1.5128014087677001953 1.4590229988098144531 1.420666813850402832 1.0041888952255249023 1.6141936779022216797 0.79693120718002319336 0.46382382512092590332 1.6248202323913574219 1.8115553855895996094 1.7779306173324584961 2.0056779384613037109 0.52042305469512939453 0.93166750669479370117 0.94505250453948974609 0.85404801368713378906 1.6955845355987548828 1.55156707763671875 1.6765043735504150391 1.6816773414611816406 0.61562478542327880859 1.1070235967636108398 0.31895971298217773438 0.95404738187789916992 0.99524426460266113281 1.0750012397766113281
-9999 -9999 0.017927855253219604492 0.036627843976020812988 0 0.59824335575103759766 0.7982113957405090332 1.0898171663284301758 0.57592779397964477539 0.81025898456573486328 1.3999788761138916016 1.6678727865219116211 1.5805619955062866211 1.528654932975769043 1.6077015399932861328 1.0840804576873779297 1.2181006669998168945 0.92505729198455810547 1.1914916038513183594 1.5058976411819458008 1.6600396633148193359 1.4865198135375976562 0.16731159389019012451 0 0.73214495182037353516 1.1680735349655151367 1.7699141502380371094 1.8742831945419311523 1.40485382080078125 1.0384423732757568359 1.2648738622665405273 1.3714917898178100586 1.7242478132247924805 1.8927057981491088867 1.7639517784118652344 0.84719395637512207031 0.73084372282028198242 1.3326841592788696289 1.4155193567276000977 1.399752497673034668 1.3606140613555908203 1.3298739194869995117 1.4167236089706420898 0.63763034343719482422 0.4689489901065826416 1.1350167989730834961 0.45784369111061096191 0.5775254368782043457 1.3423551321029663086
-9999 -9999 -9999 0.4229176640510559082 0.97943729162216186523 1.4636255502700805664 0.37157881259918212891 1.0111058950424194336 0.79627406597137451172 0.72124189138412475586 1.3356621265411376953 1.8466473817825317383 1.9920101165771484375 1.6651985645294189453 1.7439390420913696289 1.539503931999206543 1.6817739009857177734 1.6417219638824462891 0.78964018821716308594 1.5486999750137329102 1.6242432594299316406 0.94632923603057861328 0.59144502878189086914 0.56581491231918334961 0.19987471401691436768 1.2641446590423583984 1.3131792545318603516 1.576274871826171875 1.568172454833984375 1.1301801204681396484 1.0231555700302124023 1.3003920316696166992 1.2584719657897949219 1.7430822849273681641 1.9200481176376342773 1.9442486763000488281 1.3711497783660888672 1.4295693635940551758 1.3800594806671142578 1.2600711584091186523 0.76433992385864257812 1.1473478078842163086 1.8075542449951171875 1.1003023386001586914 0.93705457448959350586 1.6750563383102416992 1.4766318798065185547 1.0732684135437011719 1.2168809175491333008
