gis/160m/LAI_spruce.asc
ncols        64
nrows        71
xllcorner    726726.000000000000
yllcorner    7127190.000000000000
cellsize     160.000000000000
NODATA_value -9999
[rows 21 to 41 of 71, columns 0 to 48 of 64]
-9999 -9999 -9999 0.1679782867431640625 0.60113114118576049805 1.272345423698425293 0.12924423813819885254 0.48452788591384887695 0.52269113063812255859 0.63752961158752441406 1.4150091409683227539 1.8166017532348632812 1.4571527242660522461 2.0039141178131103516 1.2787938117980957031 1.4607759714126586914 1.0592784881591796875 1.4666290283203125 0.83032906055450439453 1.3905215263366699219 1.2952660322189331055 0.49392667412757873535 0.31587970256805419922 0.1574319005012512207 0.033347778022289276123 0.89088386297225952148 1.2760980129241943359 1.7458658218383789062 1.8137874603271484375 0.85967057943344116211 0.35814675688743591309 1.4595205783843994141 1.1541086435317993164 1.6734780073165893555 1.1593508720397949219 1.2603297233581542969 2.7435894012451171875 1.5606184005737304688 1.2505898475646972656 1.5293688774108886719 0.74764734506607055664 0.50915598869323730469 0.59605491161346435547 0.62163293361663818359 0.7592938542366027832 1.0044069290161132812 0.51074272394180297852 0.75010514259338378906 2.1525082588195800781
-9999 -9999 -9999 -9999 0.7186310887336730957 1.4006948471069335938 0.53406679630279541016 0.044694524258375167847 1.2917534112930297852 0.87122625112533569336 1.2239823341369628906 1.0785573720932006836 1.4332935810089111328 1.5579905509948730469 1.107224583625793457 1.3686971664428710938 1.0265809297561645508 1.7562758922576904297 1.3742382526397705078 1.571463465690612793 0.84708201885223388672 0.65948694944381713867 0.7708536982536315918 0.80460315942764282227 0.83081167936325073242 0.83537197113037109375 1.1812273263931274414 1.8413214683532714844 2.1962759494781494141 1.7660779953002929688 0.63012993335723876953 0.64684635400772094727 0.99875181913375854492 2.9777283668518066406 1.642197728157043457 1.9354391098022460938 2.3664388656616210938 2.0216701030731201172 1.3648002147674560547 1.1985065937042236328 1.0331772565841674805 1.2109775543212890625 0.52151697874069213867 0.3854942023754119873 0.49369934201240539551 0.94284844398498535156 0.65383577346801757812 0.78199625015258789062 2.1987607479095458984
-9999 -9999 -9999 -9999 -9999 0.84721404314041137695 0.1322081834077835083 0.0063307825475931167603 0.80814862251281738281 0.92675364017486572266 0.87467592954635620117 2.1400721073150634766 2.6754603385925292969 1.3753027915954589844 0.99049979448318481445 2.0714025497436523438 2.3181695938110351562 1.4427353143692016602 2.0187180042266845703 2.5517115592956542969 1.0642023086547851562 0.58048117160797119141 0.29998365044593811035 0.12973284721374511719 0.20088940858840942383 0.54964423179626464844 0.56517690420150756836 1.6116230487823486328 1.2705110311508178711 -9999 1.122813105583190918 0.77219283580780029297 1.2026678323745727539 1.8483180999755859375 2.3223977088928222656 1.2075425386428833008 2.0358424186706542969 1.2346671819686889648 1.6770334243774414062 1.2014839649200439453 1.4926029443740844727 1.5902264118194580078 1.1246129274368286133 0.74129766225814819336 0.67058736085891723633 0.7365436553955078125 1.3056416511535644531 0.79166382551193237305 2.8224592208862304688
-9999 -9999 -9999 0.40351945161819458008 0.56731396913528442383 0.7523428797721862793 0.0052301078103482723236 0.38342699408531188965 0.94889372587203979492 1.3094385862350463867 0.89061850309371948242 0.92103993892669677734 2.1230330467224121094 1.9966446161270141602 1.7393091917037963867 1.3764674663543701172 2.3635404109954833984 1.4063527584075927734 1.8456218242645263672 2.5230960845947265625 1.8776717185974121094 0.44262972474098205566 0.66135519742965698242 0.6159413456916809082 1.0798118114471435547 -9999 0.23356407880783081055 0.46029275655746459961 -9999 -9999 -9999 0.74076545238494873047 1.0174906253814697266 1.7838339805603027344 2.4303781986236572266 2.2081699371337890625 0.84178149700164794922 0.6781978607177734375 0.54956448078155517578 0.65332311391830444336 1.516160130500793457 2.0735728740692138672 0.91345298290252685547 0.73586624860763549805 0.69573605060577392578 0.75342774391174316406 1.0926229953765869141 1.1301739215850830078 2.8189151287078857422
-9999 -9999 0.73416787385940551758 0.50920277833938598633 1.1785539388656616211 0.54509955644607543945 0.0084488485008478164673 1.0124815702438354492 1.6945921182632446289 1.6282593011856079102 1.3755700588226318359 0.97876197099685668945 1.9385066032409667969 1.7099599838256835938 1.6297218799591064453 1.3585103750228881836 0.88982635736465454102 1.2824039459228515625 1.2601909637451171875 1.8988643884658813477 2.1252288818359375 1.4189474582672119141 0.79231953620910644531 0.9741948246955871582 2.2913043498992919922 2.8493592739105224609 -9999 2.2300901412963867188 1.4981247186660766602 -9999 -9999 1.1090304851531982422 1.3308702707290649414 1.5599236488342285156 2.5816941261291503906 3.06098175048828125 2.3545522689819335938 1.4337137937545776367 0.53405565023422241211 0.38639241456985473633 0.66606163978576660156 1.8272721767425537109 0.94238829612731933594 0.48264384269714355469 0.70430785417556762695 0.79138952493667602539 1.1938796043395996094 2.1747400760650634766 3.1192870140075683594
-9999 1.9228080511093139648 1.8342489004135131836 0.89244723320007324219 1.6941026449203491211 1.1550916433334350586 0.33536115288734436035 0.96664267778396606445 1.6833266019821166992 1.4300577640533447266 1.2990273237228393555 1.1784890890121459961 1.119129180908203125 1.3520071506500244141 0.65954488515853881836 1.266022801399230957 0.89678496122360229492 1.03395843505859375 1.6586493253707885742 1.6199736595153808594 1.3922126293182373047 0.99118018150329589844 1.1638683080673217773 1.2285945415496826172 1.6622925996780395508 2.3977818489074707031 2.7499125003814697266 2.7269203662872314453 2.4129951000213623047 -9999 -9999 1.2422695159912109375 0.97077399492263793945 2.9335765838623046875 2.6613011360168457031 2.7851543426513671875 3.4434137344360351562 3.5572397708892822266 1.3892477750778198242 0.51359170675277709961 0.29273650050163269043 1.0531488656997680664 1.1270258426666259766 0.56926721334457397461 0.58741599321365356445 1.0505217313766479492 1.0601992607116699219 2.7656674385070800781 3.1386449337005615234
-9999 -9999 0.87359660863876342773 1.2323435544967651367 1.4713842868804931641 1.1696188449859619141 0.75463724136352539062 1.5091670751571655273 0.75335538387298583984 0.4963696599006652832 0.90827471017837524414 0.96382361650466918945 0.95014864206314086914 1.3551286458969116211 1.6214873790740966797 1.2495785951614379883 1.121991276741027832 1.4108871221542358398 1.6870944499969482422 1.1611387729644775391 1.1636323928833007812 1.7959239482879638672 1.7840583324432373047 0.90194356441497802734 0.87484002113342285156 2.2977621555328369141 1.6391905546188354492 2.9079782962799072266 2.9973025321960449219 -9999 0.35688570141792297363 1.3691904544830322266 1.1247270107269287109 2.0742645263671875 1.9194914102554321289 3.5810000896453857422 3.4373269081115722656 3.3473615646362304688 2.0732715129852294922 1.2098457813262939453 1.5164622068405151367 0.85209298133850097656 1.0402491092681884766 0.60110223293304443359 0.38024732470512390137 0.90890926122665405273 2.0919170379638671875 2.4817755222320556641 1.7629477977752685547
-9999 0.076434336602687835693 0.69756776094436645508 1.4777334928512573242 1.8925024271011352539 2.3541505336761474609 1.0936685800552368164 2.5950884819030761719 0.90213954448699951172 0.15582959353923797607 0.35294395685195922852 0.36930727958679199219 0.35205343365669250488 1.0176635980606079102 1.3359866142272949219 2.4779770374298095703 1.2500424385070800781 1.1020054817199707031 1.7747557163238525391 2.1739399433135986328 1.1229053735733032227 2.0722272396087646484 2.6969525814056396484 2.2902779579162597656 1.6912578344345092773 1.7641128301620483398 1.9489910602569580078 2.9722797870635986328 2.5568850040435791016 -9999 1.0701115131378173828 1.7268462181091308594 1.662476658821105957 2.0708031654357910156 2.3131721019744873047 2.9501469135284423828 3.2985379695892333984 3.7979261875152587891 3.1013700962066650391 1.8887505531311035156 2.2715680599212646484 2.2064697742462158203 0.3781032562255859375 0.071996614336967468262 0.41886660456657409668 0.81843793392181396484 1.1961308717727661133 1.4830369949340820312 1.3178120851516723633
-9999 0.66117072105407714844 1.3998121023178100586 1.9635109901428222656 2.5689196586608886719 1.8305135965347290039 1.8926591873168945312 3.1612267494201660156 2.704715728759765625 1.3580976724624633789 1.0363531112670898438 0.17434534430503845215 0.079690799117088317871 0.84225565195083618164 0.85952818393707275391 1.4360501766204833984 2.6290252208709716797 1.3597781658172607422 1.9610378742218017578 2.0170774459838867188 0.74506008625030517578 3.5459487438201904297 3.0783739089965820312 3.0808243751525878906 1.3884618282318115234 1.1309522390365600586 2.5030877590179443359 3.0307881832122802734 2.6147661209106445312 -9999 1.417017817497253418 1.7603126764297485352 2.7006359100341796875 2.5624814033508300781 1.8706382513046264648 1.7253173589706420898 3.5531389713287353516 3.7801294326782226562 3.2607457637786865234 2.7265827655792236328 2.6325008869171142578 1.7206071615219116211 0.027484085410833358765 0.72229200601577758789 1.1342504024505615234 1.343888401985168457 0.74253851175308227539 0.74060595035552978516 1.3309198617935180664
0.044549860060214996338 0.43270730972290039062 1.0929445028305053711 1.8842464685440063477 2.6277277469635009766 1.3919308185577392578 2.0142827033996582031 2.5945727825164794922 3.326751708984375 2.4950029850006103516 0.91603016853332519531 0.46937888860702514648 0.39519333839416503906 0.3178189396858215332 0.83704906702041625977 0.0091396141797304153442 0.4949652552604675293 1.1207236051559448242 2.2901360988616943359 1.5676157474517822266 2.3146145343780517578 2.8997070789337158203 2.2419641017913818359 2.3146984577178955078 2.1772675514221191406 0.84613758325576782227 1.3382852077484130859 3.1306796073913574219 3.0625360012054443359 3.4528417587280273438 2.4407832622528076172 2.1035466194152832031 2.0667238235473632812 3.0788779258728027344 1.3064366579055786133 2.0239903926849365234 2.8628618717193603516 3.8419842720031738281 4.0657377243041992188 2.8637974262237548828 2.4721608161926269531 1.4977979660034179688 0.62728536128997802734 1.3736759424209594727 0.43015110492706298828 0.56666380167007446289 0.80435764789581298828 0.9888210296630859375 1.1165887117385864258
-9999 0.94823306798934936523 1.9198344945907592773 2.4480195045471191406 1.6384176015853881836 0.60296463966369628906 1.2082077264785766602 1.1972627639770507812 2.4609410762786865234 1.7449975013732910156 0.92079663276672363281 0.16140072047710418701 0.58801984786987304688 0.43303358554840087891 0.21577569842338562012 0.12757866084575653076 0.36804303526878356934 1.1960310935974121094 1.9317531585693359375 1.301195979118347168 2.3724863529205322266 3.3101089000701904297 2.3469207286834716797 2.9976983070373535156 2.8358178138732910156 1.5986329317092895508 0.29479396343231201172 1.3848114013671875 3.6868155002593994141 3.0554327964782714844 2.5929548740386962891 2.2454330921173095703 2.1442227363586425781 2.5314724445343017578 2.6877439022064208984 2.6120867729187011719 2.9071323871612548828 3.4239888191223144531 3.7608585357666015625 2.9892091751098632812 3.0928647518157958984 2.2826800346374511719 2.6927464008331298828 1.816916346549987793 0.85750013589859008789 0.6214580535888671875 0.62108159065246582031 0.79903721809387207031 0.75368636846542358398
-9999 -9999 1.0138777494430541992 1.6605612039566040039 0.71483850479125976562 0.2989247441291809082 0.2537758946418762207 1.3553371429443359375 1.2284368276596069336 0.67632812261581420898 0.67803543806076049805 0.21716621518135070801 0.26076653599739074707 0.089362777769565582275 0.00095419230638071894646 0.58692944049835205078 0.81683766841888427734 1.519469141960144043 1.6923828125 1.9025053977966308594 2.0447511672973632812 2.7863495349884033203 2.6358609199523925781 2.4009065628051757812 1.6701759099960327148 1.6708970069885253906 1.5460211038589477539 0.84310060739517211914 1.9762628078460693359 2.6021258831024169922 1.7708336114883422852 3.1137859821319580078 1.3668498992919921875 0.90152949094772338867 2.1381876468658447266 2.2877547740936279297 2.5478343963623046875 3.166927337646484375 3.6431672573089599609 2.6106779575347900391 2.4550120830535888672 1.9029479026794433594 1.8687169551849365234 1.0109831094741821289 0.84274274110794067383 0.623394012451171875 0.45947933197021484375 1.2677618265151977539 0.52917933464050292969
-9999 -9999 1.2917429208755493164 0.96897590160369873047 0.1386134028434753418 1.8863635063171386719 0.94444960355758666992 0.61879998445510864258 0.44474589824676513672 1.0309031009674072266 1.3572835922241210938 0.96491485834121704102 0.13174609839916229248 0.0069051501341164112091 0.16952820122241973877 1.4405329227447509766 1.7555692195892333984 1.7095414400100708008 1.5475524663925170898 2.3908343315124511719 3.0148558616638183594 3.1818585395812988281 2.7448580265045166016 2.025646209716796875 3.1694185733795166016 2.4477090835571289062 1.9989829063415527344 1.0497452020645141602 1.1195968389511108398 2.1332869529724121094 1.5437012910842895508 2.5124394893646240234 2.6797833442687988281 0.764858245849609375 0.90429198741912841797 1.8233127593994140625 2.8411526679992675781 2.3338968753814697266 2.6974763870239257812 1.6960805654525756836 1.6260468959808349609 1.6293604373931884766 1.6941816806793212891 1.3937296867370605469 0.96787101030349731445 1.0012874603271484375 0.27865341305732727051 1.5016635656356811523 1.1436192989349365234
-9999 -9999 -9999 1.5066374540328979492 -9999 -9999 1.6056214570999145508 1.0141652822494506836 1.0211327075958251953 1.4374775886535644531 1.1678239107131958008 1.2759053707122802734 0.26935088634490966797 0.39215284585952758789 0.90861976146697998047 1.5571308135986328125 1.8039560317993164062 1.0607826709747314453 0.77967584133148193359 0.69472873210906982422 2.5207800865173339844 3.3236329555511474609 3.5579633712768554688 3.5359690189361572266 2.6482853889465332031 2.9431657791137695312 2.9879841804504394531 1.6078647375106811523 1.4874678850173950195 1.534264683723449707 1.9915724992752075195 1.3858716487884521484 3.3063175678253173828 1.8401721715927124023 1.1263253688812255859 1.7987166643142700195 3.1047189235687255859 2.7791309356689453125 2.4942722320556640625 2.6526601314544677734 1.8232735395431518555 0.6550648808479309082 2.4145448207855224609 1.1978093385696411133 1.4068295955657958984 0.63004654645919799805 0.24941657483577728271 1.4041122198104858398 1.6083333492279052734
-9999 -9999 -9999 -9999 -9999 -9999 -9999 -9999 -9999 0.71175462007522583008 0.87127393484115600586 0.86960470676422119141 0.76304215192794799805 0.44115269184112548828 1.3321918249130249023 1.6256537437438964844 0.75030887126922607422 0.76779711246490478516 1.1929361820220947266 1.2997481822967529297 2.65894317626953125 3.2101049423217773438 3.4378337860107421875 3.2393636703491210938 3.0762481689453125 2.4752619266510009766 2.4987599849700927734 3.5869526863098144531 2.0930650234222412109 1.537070155143737793 2.2175309658050537109 2.1743922233581542969 2.3439607620239257812 2.4459497928619384766 0.79794269800186157227 1.0075106620788574219 1.5527472496032714844 2.9717497825622558594 2.2309086322784423828 2.3668186664581298828 2.1867797374725341797 0.88170123100280761719 0.727092742919921875 0.62633544206619262695 0.34871432185173034668 0 0 1.0529953241348266602 1.0626540184020996094
-9999 -9999 -9999 -9999 -9999 -9999 -9999 -9999 -9999 0.89190602302551269531 0.53550219535827636719 0.89547300338745117188 0.84724318981170654297 0.84996914863586425781 1.3545936346054077148 1.2218439579010009766 0.380832672119140625 1.6335800886154174805 0.9547755122184753418 0.63920223712921142578 1.4484336376190185547 3.2217741012573242188 3.5359685420989990234 2.6883130073547363281 2.9777176380157470703 2.249530792236328125 1.8551453351974487305 2.5703969001770019531 1.8562502861022949219 1.0416598320007324219 1.3599708080291748047 1.3700363636016845703 1.5239744186401367188 1.5691128969192504883 1.1791095733642578125 0.84900516271591186523 1.6779807806015014648 1.4901099205017089844 2.4661421775817871094 2.7563924789428710938 2.4709341526031494141 1.6097099781036376953 0.38355332612991333008 0.69534051418304443359 0.23950231075286865234 0.058161243796348571777 0.48045966029167175293 1.9842129945755004883 1.3718999624252319336
-9999 -9999 -9999 -9999 -9999 -9999 -9999 -9999 -9999 0.86032867431640625 1.0082924365997314453 1.0690734386444091797 0.15488548576831817627 0.45805567502975463867 0.43859559297561645508 0.66154551506042480469 1.1953939199447631836 0.90173780918121337891 0.25817579030990600586 0.93470305204391479492 0.88883125782012939453 3.2960121631622314453 2.7381939888000488281 1.6041767597198486328 2.9944469928741455078 2.7798314094543457031 1.8126823902130126953 2.7373564243316650391 2.2810108661651611328 1.4024515151977539062 1.5060749053955078125 1.1977182626724243164 2.062343597412109375 1.5806220769882202148 1.6200391054153442383 1.2514557838439941406 1.5816164016723632812 1.255257725715637207 0.10627866536378860474 0.71473234891891479492 0.77687287330627441406 0.0030576321296393871307 0.39069125056266784668 1.1851228475570678711 1.1482254266738891602 0.98639607429504394531 1.4039740562438964844 1.9192106723785400391 1.4755228757858276367
-9999 -9999 -9999 -9999 -9999 -9999 -9999 -9999 -9999 0.86136662960052490234 0.89735084772109985352 0.74617415666580200195 0.45639142394065856934 0.22049406170845031738 0.1287861168384552002 0.17129538953304290771 0.69363123178482055664 1.5269759893417358398 1.2548830509185791016 0.42768570780754089355 1.3403755426406860352 3.35613250732421875 0.75381517410278320312 0.060685515403747558594 1.3344883918762207031 2.3933057785034179688 2.8808028697967529297 2.9197804927825927734 1.8414193391799926758 1.3509544134140014648 1.5425070524215698242 1.17720794677734375 1.4365924596786499023 2.0783011913299560547 1.0477626323699951172 1.7591445446014404297 1.2331100702285766602 0.091777428984642028809 0.058232869952917098999 0.62467277050018310547 1.0632325410842895508 0.12725916504859924316 0.8980464935302734375 0.65962678194046020508 1.5436110496520996094 0.3866787254810333252 0.59085345268249511719 1.508524775505065918 1.9425587654113769531
-9999 -9999 -9999 -9999 -9999 -9999 -9999 -9999 -9999 -9999 0.27117109298706054688 0.1434707343578338623 0.39511820673942565918 0.20889006555080413818 0.13977473974227905273 0.32192856073379516602 0.23846031725406646729 0.42833256721496582031 1.551661372184753418 0.93980038166046142578 1.5232902765274047852 0.17930737137794494629 0.34203946590423583984 0.095611646771430969238 0.013497375883162021637 0.85000085830688476562 1.1772862672805786133 1.1038479804992675781 1.7090927362442016602 1.9277546405792236328 1.7701896429061889648 1.6348067522048950195 2.3224730491638183594 1.5503981113433837891 1.3563473224639892578 0.97452658414840698242 0.48097088932991027832 0.071067914366722106934 0.64565598964691162109 0.26273754239082336426 1.0187904834747314453 0.76692610979080200195 0.82146668434143066406 0.92427462339401245117 0.90262109041213989258 0.036129459738731384277 0.89471518993377685547 1.7009772062301635742 0.48586097359657287598
-9999 -9999 -9999 -9999 -9999 -9999 -9999 -9999 -9999 -9999 -9999 -9999 0.29010599851608276367 0.25251212716102600098 0.16451045870780944824 0.11183639615774154663 0.3137086033821105957 0.65077441930770874023 0.76295042037963867188 0.97842270135879516602 0.74936771392822265625 0.91195684671401977539 0.75873976945877075195 0.93814176321029663086 0.19975028932094573975 0.81211751699447631836 0.912937164306640625 0.45956203341484069824 0.98928159475326538086 2.0936119556427001953 1.42397308349609375 1.5058287382125854492 1.8171894550323486328 1.5209282636642456055 1.5824166536331176758 1.3008438348770141602 1.6028105020523071289 0.97010660171508789062 0.79342186450958251953 0.95183861255645751953 1.1762152910232543945 0.77096325159072875977 1.0937879085540771484 1.3748787641525268555 0.53718078136444091797 0 0.9045912623405456543 1.3137850761413574219 0.99483948945999145508
-9999 -9999 -9999 -9999 -9999 -9999 -9999 -9999 -9999 -9999 -9999 -9999 -9999 -9999 -9999 -9999 -9999 0.43120107054710388184 0.32666102051734924316 0.65187931060791015625 0.85562103986740112305 0.29527994990348815918 0.98619025945663452148 1.401806950569152832 1.2484414577484130859 0.748004913330078125 0.6335271000862121582 0.70102351903915405273 0.7450339198112487793 0.98776507377624511719 1.0333372354507446289 1.440509796142578125 1.7599021196365356445 1.5810704231262207031 0.45858281850814819336 0.53533649444580078125 1.1959967613220214844 2.1703572273254394531 1.6789147853851318359 1.3042132854461669922 1.6267850399017333984 1.6715112924575805664 1.1324800252914428711 1.1811555624008178711 0.3289706110954284668 0.26152375340461730957 1.1826453208923339844 1.1511025428771972656 1.021373748779296875
