gis/160m/LAI_spruce.asc
ncols        64
nrows        71
xllcorner    726726.000000000000
yllcorner    7127190.000000000000
cellsize     160.000000000000
NODATA_value -9999
[rows 0 to 20 of 71, columns 0 to 48 of 64]
-9999.0 -9999 -9999 -9999 -9999 -9999 -9999 -9999 -9999 -9999 -9999 -9999 -9999 -9999 -9999 -9999 -9999 -9999 -9999 -9999 -9999 -9999 -9999 -9999 -9999 -9999 -9999 -9999 -9999 -9999 -9999 -9999 0.1440372467041015625 0.19282218813896179199 1.8302676677703857422 1.8961572647094726562 1.4717565774917602539 -9999 -9999 -9999 -9999 -9999 -9999 -9999 -9999 -9999 -9999 -9999 -9999
-9999 -9999 -9999 -9999 -9999 -9999 -9999 -9999 -9999 -9999 -9999 -9999 -9999 -9999 -9999 -9999 -9999 -9999 -9999 -9999 -9999 -9999 -9999 -9999 -9999 -9999 -9999 -9999 0.073209226131439208984 0.12586411833763122559 0.40454366803169250488 0.16291554272174835205 0.12023675441741943359 0.8553282618522644043 2.1502184867858886719 2.082977294921875 1.414996027946472168 -9999 -9999 -9999 -9999 -9999 -9999 -9999 -9999 -9999 -9999 -9999 -9999
-9999 -9999 -9999 -9999 -9999 -9999 -9999 -9999 -9999 -9999 -9999 -9999 -9999 -9999 -9999 -9999 -9999 -9999 -9999 -9999 -9999 -9999 -9999 -9999 -9999 -9999 0.28454700112342834473 0.67452132701873779297 0.28995925188064575195 0.034768112003803253174 0.27434530854225158691 0.033656515181064605713 0.0075009916909039020538 1.0876927375793457031 2.48571014404296875 2.8815524578094482422 2.0081605911254882812 1.1203370094299316406 0.039046216756105422974 -9999 0.20696361362934112549 0.60207033157348632812 1.2983454465866088867 0.70986127853393554688 0.34352296590805053711 -9999 -9999 -9999 -9999
-9999 -9999 -9999 -9999 -9999 -9999 -9999 -9999 -9999 -9999 -9999 -9999 -9999 -9999 -9999 -9999 -9999 -9999 -9999 -9999 -9999 -9999 -9999 -9999 -9999 -9999 -9999 0.15600346028804779053 0.036489441990852355957 0.17251321673393249512 0.30958226323127746582 0.24824656546115875244 0.11048269271850585938 0.60372161865234375 1.5051624774932861328 1.9025986194610595703 1.549048304557800293 0.78112471103668212891 0.29859304428100585938 0.038078699260950088501 0.003744655754417181015 0.38643762469291687012 1.2523279190063476562 0.83738631010055541992 0.093255400657653808594 0.14282140135765075684 0.52111399173736572266 1.1377118825912475586 1.1452770233154296875
-9999 -9999 -9999 -9999 -9999 -9999 -9999 -9999 -9999 -9999 -9999 -9999 -9999 -9999 -9999 -9999 -9999 -9999 -9999 -9999 1.2958438396453857422 -9999 -9999 0.15125980973243713379 0.11811643838882446289 0.32369649410247802734 0.092847183346748352051 0.069827899336814880371 0.19168107211589813232 0.19197486340999603271 0.51910829544067382812 0.59332191944122314453 0.30700209736824035645 0.48913475871086120605 1.7443068027496337891 1.8405866622924804688 1.6254862546920776367 1.1436802148818969727 0.2422685772180557251 0.012532199732959270477 0.78612846136093139648 1.708232879638671875 1.6561536788940429688 0.8603579401969909668 0.21807873249053955078 0.044867325574159622192 0.36311328411102294922 1.345528721809387207 1.2014131546020507812
-9999 -9999 -9999 -9999 -9999 -9999 -9999 -9999 -9999 -9999 -9999 -9999 -9999 -9999 -9999 -9999 -9999 -9999 0.97629088163375854492 1.0500957965850830078 0.73086285591125488281 1.139761805534362793 0.60285353660583496094 0.62059015035629272461 0.94478589296340942383 1.4961954355239868164 0.34142673015594482422 0.17745172977447509766 0.31913980841636657715 0.37098205089569091797 0.71833246946334838867 1.3982290029525756836 0.15401978790760040283 0.29852268099784851074 1.2069618701934814453 1.4049963951110839844 2.3053479194641113281 1.3772423267364501953 1.1321161985397338867 0.17208918929100036621 0.51438689231872558594 0.39241358637809753418 0.97695904970169067383 0.84304577112197875977 0.16514974832534790039 0.0069249169901013374329 0.54849261045455932617 1.1999063491821289062 1.8504283428192138672
-9999 -9999 -9999 -9999 -9999 -9999 -9999 -9999 -9999 -9999 -9999 -9999 -9999 -9999 -9999 -9999 -9999 -9999 0.94719493389129638672 1.3538364171981811523 0.75917899608612060547 0.35322526097297668457 0.27186435461044311523 0.023435151204466819763 0.42901638150215148926 0.30748325586318969727 1.1762101650238037109 0.25938677787780761719 0.45013207197189331055 1.0324754714965820312 0.95631361007690429688 0.52745467424392700195 0.62650406360626220703 0.54755419492721557617 0.27652758359909057617 1.2646139860153198242 1.5273100137710571289 0.66003686189651489258 1.0694218873977661133 0.48025634884834289551 0.19233892858028411865 0.11713448911905288696 0.092686913907527923584 0.10398598760366439819 0.1026717647910118103 0.021527981385588645935 0.2674286961555480957 0.055572923272848129272 0.77931416034698486328
-9999 -9999 -9999 -9999 -9999 -9999 -9999 -9999 -9999 -9999 -9999 -9999 -9999 -9999 -9999 -9999 -9999 0.46841269731521606445 1.0457302331924438477 1.1528381109237670898 1.1581250429153442383 0.44078263640403747559 0.23193670809268951416 0.41595864295959472656 0.44718798995018005371 0.25391900539398193359 1.587182164192199707 0.16675178706645965576 0.57398957014083862305 1.2214002609252929688 0.49680349230766296387 0.55183202028274536133 0.7891814112663269043 0.804454803466796875 0.126844748854637146 0.44495689868927001953 0.39298078417778015137 0.54593318700790405273 0.70297169685363769531 0.53864288330078125 0.53132510185241699219 0.33376282453536987305 0.27311182022094726562 0.081264801323413848877 0.019749136641621589661 0.11214361339807510376 0.05498652532696723938 0 0.017011577263474464417
-9999 -9999 -9999 -9999 -9999 -9999 -9999 -9999 -9999 -9999 -9999 -9999 -9999 -9999 -9999 0.35622698068618774414 0.63552564382553100586 0.1206498369574546814 0.37075594067573547363 0.69477486610412597656 1.0564646720886230469 0.4114894866943359375 0.072021730244159698486 1.2356939315795898438 0.41074547171592712402 1.1490454673767089844 0.65166109800338745117 0.62169688940048217773 0.90580236911773681641 0.17334966361522674561 0.019939703866839408875 0.24362005293369293213 0.51727718114852905273 1.038817286491394043 0.52516525983810424805 0.004314833320677280426 0.3297875821590423584 0.08201293647289276123 0.65912461280822753906 0.43762612342834472656 0.67150115966796875 0.67743539810180664062 0.765045166015625 0.60616564750671386719 0.12673220038414001465 0.52888345718383789062 0.075643911957740783691 0.089389845728874206543 0.19046641886234283447
-9999 -9999 -9999 -9999 -9999 -9999 -9999 -9999 -9999 -9999 -9999 -9999 -9999 -9999 1.6017680168151855469 1.8236050605773925781 2.5403127670288085938 2.2779386043548583984 0.24891403317451477051 0.37736886739730834961 0.71578317880630493164 0.57510775327682495117 0.071181051433086395264 0.86229097843170166016 1.3559901714324951172 1.5808223485946655273 1.2022026777267456055 0.76655656099319458008 0.15747635066509246826 0.051156826317310333252 0.09289630502462387085 0.0057561998255550861359 0.68802124261856079102 1.0854796171188354492 0.83242529630661010742 0.22278954088687896729 0.0084117297083139419556 0.048390176147222518921 0.47042241692543029785 0.52322190999984741211 0.97763609886169433594 0.42341083288192749023 0.71181762218475341797 1.0053539276123046875 0.44801855087280273438 0.42482841014862060547 0.026745501905679702759 0.0041054543107748031616 0.014513582922518253326
-9999 -9999 -9999 -9999 -9999 -9999 -9999 -9999 -9999 -9999 -9999 -9999 -9999 -9999 1.7530676126480102539 1.9501014947891235352 1.5052741765975952148 1.3515484333038330078 1.8992983102798461914 0.41346526145935058594 0.6198635101318359375 0.23114678263664245605 0.03092933259904384613 0.025957688689231872559 0 1.2448215484619140625 1.7937008142471313477 1.6791093349456787109 1.3681132793426513672 0.15460246801376342773 0.10578332841396331787 0.81472104787826538086 1.0330280065536499023 0.78373205661773681641 0.37858816981315612793 0.57685017585754394531 0.32446342706680297852 0 0.052362456917762756348 0.60489881038665771484 0.46987241506576538086 0.50107109546661376953 0.65158230066299438477 0.87793040275573730469 0.58137708902359008789 0.5291245579719543457 0.031558632850646972656 0.85694462060928344727 0.079863272607326507568
-9999 -9999 -9999 -9999 -9999 -9999 -9999 -9999 -9999 -9999 -9999 -9999 -9999 -9999 0.92598414421081542969 0.51663362979888916016 0.78777211904525756836 0.67361468076705932617 1.3825663328170776367 1.4751399755477905273 0.52250742912292480469 0.07443437725305557251 0.29061341285705566406 0.42607650160789489746 0.18183568120002746582 0.59453254938125610352 1.1102670431137084961 1.3160343170166015625 1.9010171890258789062 0.24394400417804718018 0.31292816996574401855 0.38726621866226196289 1.3059034347534179688 2.3768317699432373047 2.6083304882049560547 2.5363380908966064453 1.3795628547668457031 0.65137785673141479492 0.073038555681705474854 0.37101092934608459473 0.040106832981109619141 0.023269897326827049255 0.31101462244987487793 0.15017183125019073486 0.62672263383865356445 0.29676878452301025391 0.23279397189617156982 1.8997007608413696289 0.16355906426906585693
-9999 -9999 -9999 -9999 -9999 -9999 -9999 -9999 -9999 -9999 -9999 -9999 -9999 -9999 -9999 1.385565638542175293 1.627085566520690918 1.3224266767501831055 0.925628662109375 1.7974530458450317383 0.33054041862487792969 0.27386134862899780273 0.55395859479904174805 0.29729211330413818359 0.47120514512062072754 0.58922207355499267578 0.06709992140531539917 0.3853130042552947998 1.0604312419891357422 0.99482899904251098633 0.64187514781951904297 1.5510152578353881836 2.2978522777557373047 2.2370409965515136719 1.7116433382034301758 1.8196148872375488281 1.5573048591613769531 1.7517817020416259766 1.8758988380432128906 1.0961897373199462891 0.67149728536605834961 0.023954268544912338257 0.28596928715705871582 0.13970595598220825195 0.76136249303817749023 0.40366694331169128418 0.52609592676162719727 2.1157469749450683594 0.57628923654556274414
-9999 -9999 -9999 -9999 -9999 -9999 -9999 -9999 -9999 -9999 -9999 -9999 -9999 -9999 -9999 1.40648651123046875 1.9299322366714477539 1.2748568058013916016 0.96855658292770385742 0.6630026698112487793 0.9681294560432434082 0.25208106637001037598 0.059590719640254974365 0.86730408668518066406 0.89225137233734130859 1.2779418230056762695 1.6631560325622558594 0.99637699127197265625 1.1967078447341918945 1.6029355525970458984 0.41231426596641540527 1.0889018774032592773 1.9495002031326293945 1.5982609987258911133 1.3127884864807128906 0.057589806616306304932 0.21181778609752655029 0.50793159008026123047 1.8096948862075805664 0.83295106887817382812 1.1853611469268798828 0.44474250078201293945 0.15277288854122161865 0.036165416240692138672 1.181241154670715332 1.2854273319244384766 0.87082791328430175781 0.86016494035720825195 0.72484785318374633789
-9999 -9999 -9999 -9999 -9999 -9999 -9999 -9999 -9999 -9999 -9999 -9999 -9999 -9999 -9999 -9999 -9999 1.4126321077346801758 2.0484850406646728516 1.2021198272705078125 0.42269659042358398438 0.68304359912872314453 0.0083577921614050865173 0.90253496170043945312 0.88450735807418823242 0.80929917097091674805 0.88396304845809936523 1.0737885236740112305 0.83963942527770996094 1.2987339496612548828 0.50223940610885620117 0.96608972549438476562 1.0793352127075195312 2.2255339622497558594 0.70500582456588745117 0.11043103039264678955 0.05023261532187461853 0.38135367631912231445 1.5949741601943969727 0.13183486461639404297 1.3571666479110717773 0.52349293231964111328 0.38173633813858032227 0.85311704874038696289 1.1800612211227416992 1.6949940919876098633 1.9595580101013183594 0.60029488801956176758 0.083523161709308624268
-9999 -9999 -9999 -9999 -9999 0.96096158027648925781 -9999 -9999 -9999 -9999 -9999 -9999 -9999 -9999 -9999 -9999 -9999 0.70941495895385742188 1.1240161657333374023 0.87554925680160522461 1.5139760971069335938 1.2753262519836425781 0.30468642711639404297 0.27147245407104492188 0.68854147195816040039 0.57867783308029174805 0.89545321464538574219 1.0139102935791015625 0.34572166204452514648 1.038824915885925293 1.1022859811782836914 0.6300169825553894043 0.71631407737731933594 1.6020152568817138672 1.08910369873046875 1.145306706428527832 0.03880693390965461731 0.13626012206077575684 0.74385130405426025391 0.55292910337448120117 1.1017065048217773438 0.91451615095138549805 0.51958698034286499023 1.5928589105606079102 1.5020918846130371094 1.8516430854797363281 1.0951906442642211914 0.35679861903190612793 0.41275396943092346191
-9999 -9999 -9999 0.4183775484561920166 2.6140058040618896484 1.2064901590347290039 0.67948246002197265625 -9999 -9999 -9999 -9999 -9999 -9999 -9999 -9999 -9999 0.55436080694198608398 1.1191145181655883789 0.7254352569580078125 0.66743630170822143555 1.0789272785186767578 0.14262673258781433105 0.26901319622993469238 0.2082268446683883667 0.58065205812454223633 0.11909651011228561401 0.57374054193496704102 0.93325251340866088867 0.76433557271957397461 0.89586412906646728516 0.99592190980911254883 1.0181763172149658203 0.6086819767951965332 1.6855651140213012695 1.0839211940765380859 1.0080165863037109375 0.80386465787887573242 0.50664538145065307617 1.2776497602462768555 0.97997784614562988281 0.49753043055534362793 0.93342250585556030273 1.1663262844085693359 1.4032713174819946289 1.7995193004608154297 1.8873854875564575195 0.45821964740753173828 0.15017965435981750488 0.070334285497665405273
-9999 -9999 -9999 -9999 0.20305201411247253418 1.4015020132064819336 1.0125021934509277344 -9999 -9999 -9999 -9999 -9999 -9999 -9999 -9999 -9999 0.93753856420516967773 0.14864356815814971924 1.0190641880035400391 1.0663779973983764648 1.6360820531845092773 0.56511110067367553711 0.27638992667198181152 0.31095334887504577637 0.6856167912483215332 0.49287298321723937988 0.5088901519775390625 1.1805924177169799805 0.91129142045974731445 0.37775310873985290527 0.48918166756629943848 1.0918338298797607422 0.94519752264022827148 0.99679112434387207031 1.4786628484725952148 0.95903694629669189453 1.4268758296966552734 1.1273145675659179688 0.53556519746780395508 0.3488604128360748291 0.78419882059097290039 0.56026655435562133789 0.81728535890579223633 1.2451872825622558594 0.939449310302734375 1.2186403274536132812 2.1394846439361572266 1.4004760980606079102 0.47365802526473999023
-9999 -9999 -9999 -9999 0.017404476180672645569 0.33382323384284973145 0.84793084859848022461 0.49910768866539001465 0.70128589868545532227 -9999 -9999 -9999 -9999 -9999 2.0361437797546386719 0.3686154484748840332 0.24145875871181488037 0.62485867738723754883 1.0434401035308837891 2.0660593509674072266 2.0029273033142089844 1.5101796388626098633 0.48258665204048156738 0.53979825973510742188 0.82020455598831176758 0.82040172815322875977 0.46857228875160217285 1.4449112415313720703 2.1177186965942382812 1.5392132997512817383 0.5294430851936340332 1.0644208192825317383 1.5541400909423828125 0.83305627107620239258 0.92949688434600830078 0.75222033262252807617 1.4939533472061157227 1.3538467884063720703 0.93063873052597045898 0.5510756373405456543 0.82903426885604858398 0.55911457538604736328 0.725368499755859375 0.37627246975898742676 0.63826096057891845703 0.43452852964401245117 1.7276711463928222656 1.8638223409652709961 0.90508294105529785156
-9999 -9999 -9999 0.029855795204639434814 0.13129700720310211182 0.17199942469596862793 0.30669546127319335938 0.46368336677551269531 0.55201321840286254883 0.7351334691047668457 1.5828442573547363281 2.1848702430725097656 1.3173336982727050781 -9999 1.0576326847076416016 0.67977261543273925781 0.99289608001708984375 0.37829554080963134766 1.961124420166015625 2.3550722599029541016 1.7344560623168945312 0.8436603546142578125 0.52525591850280761719 0.23441879451274871826 0.85222303867340087891 0.65085041522979736328 0.93333774805068969727 0.98479044437408447266 1.638894200325012207 0.53796470165252685547 0.39428612589836120605 1.03070068359375 0.95262640714645385742 1.0349763631820678711 1.1510772705078125 0.29676750302314758301 0.71111404895782470703 0.4085668027400970459 0.50026464462280273438 1.0231025218963623047 1.0570367574691772461 1.2491750717163085938 0.70974636077880859375 0.28996992111206054688 0.64912575483322143555 0.19498713314533233643 1.0133093595504760742 2.1476254463195800781 1.7794994115829467773
-9999 -9999 0.0092237722128629684448 0.012026947923004627228 0 0.38504755496978759766 0.32721096277236938477 0.34673526883125305176 0.40251716971397399902 0.40774318575859069824 1.4366832971572875977 1.6071283817291259766 1.0863857269287109375 0.98067754507064819336 1.3117418289184570312 1.0854371786117553711 1.1543449163436889648 0.708866119384765625 1.5777801275253295898 2.4244682788848876953 1.3982770442962646484 0.8006680607795715332 0.097414769232273101807 0 0.47470316290855407715 1.300229191780090332 1.984109044075012207 1.5422639846801757812 1.6336190700531005859 0.52820026874542236328 1.2296142578125 1.4367535114288330078 1.6395366191864013672 1.4319864511489868164 1.5112748146057128906 0.76308029890060424805 1.179373621940612793 1.2740672826766967773 0.94348502159118652344 0.85570645332336425781 0.67955929040908813477 0.77448159456253051758 0.80118989944458007812 0.58877569437026977539 0.6518688201904296875 0.51084607839584350586 0.28978115320205688477 0.95614600181579589844 2.5795528888702392578
