gis/160m/LAI_decid.asc
ncols        64
nrows        71
xllcorner    726726.000000000000
yllcorner    7127190.000000000000
cellsize     160.000000000000
NODATA_value -9999
[rows 0 to 20 of 71, columns 0 to 48 of 64]
-9999.0 -9999 -9999 -9999 -9999 -9999 -9999 -9999 -9999 -9999 -9999 -9999 -9999 -9999 -9999 -9999 -9999 -9999 -9999 -9999 -9999 -9999 -9999 -9999 -9999 -9999 -9999 -9999 -9999 -9999 -9999 -9999 0.00060941989067941904068 0.022179614752531051636 0.027339242398738861084 0.010020360350608825684 0.013681891374289989471 -9999 -9999 -9999 -9999 -9999 -9999 -9999 -9999 -9999 -9999 -9999 -9999
-9999 -9999 -9999 -9999 -9999 -9999 -9999 -9999 -9999 -9999 -9999 -9999 -9999 -9999 -9999 -9999 -9999 -9999 -9999 -9999 -9999 -9999 -9999 -9999 -9999 -9999 -9999 -9999 0.00036262339563108980656 0.0040315282531082630157 0.012387369759380817413 0.00083374831592664122581 0.00085793324979022145271 0.044179983437061309814 0.060895558446645736694 0.028635185211896896362 0.075998201966285705566 -9999 -9999 -9999 -9999 -9999 -9999 -9999 -9999 -9999 -9999 -9999 -9999
-9999 -9999 -9999 -9999 -9999 -9999 -9999 -9999 -9999 -9999 -9999 -9999 -9999 -9999 -9999 -9999 -9999 -9999 -9999 -9999 -9999 -9999 -9999 -9999 -9999 -9999 0.014269796200096607208 0.0079701254144310951233 0.0018473648233339190483 0.00020112966012675315142 0.010051731020212173462 0.0039201676845550537109 0 0.045164722949266433716 0.092905156314373016357 0.10684593766927719116 0.061464559286832809448 0.010983319021761417389 0.00044985237764194607735 -9999 0.025323651731014251709 0.058515928685665130615 0.025245733559131622314 0.017953692004084587097 0.031464137136936187744 -9999 -9999 -9999 -9999
-9999 -9999 -9999 -9999 -9999 -9999 -9999 -9999 -9999 -9999 -9999 -9999 -9999 -9999 -9999 -9999 -9999 -9999 -9999 -9999 -9999 -9999 -9999 -9999 -9999 -9999 -9999 0.0054293549619615077972 0.00056864257203415036201 4.9323411076329648495e-05 0.011888834647834300995 0.0072532324120402336121 0.0015540281310677528381 0.077682711184024810791 0.1394106745719909668 0.083469904959201812744 0.069384142756462097168 0.025108991190791130066 0.0067255734466016292572 0.0092370184138417243958 0.001317431335337460041 0.03555280342698097229 0.04248091578483581543 0.012834265828132629395 0.0089063728228211402893 0.0091546205803751945496 0.0064440602436661720276 0.12253813445568084717 0.24646350741386413574
-9999 -9999 -9999 -9999 -9999 -9999 -9999 -9999 -9999 -9999 -9999 -9999 -9999 -9999 -9999 -9999 -9999 -9999 -9999 -9999 0.011712285690009593964 -9999 -9999 0.0015501531306654214859 0 0.0029561275150626897812 0.0028840315062552690506 0.013766515068709850311 0.060980733484029769897 0.0006823093281127512455 0.056004114449024200439 0.025176469236612319946 0.038060523569583892822 0.058133814483880996704 0.18679061532020568848 0.14361089468002319336 0.014296025969088077545 0.027485465630888938904 0.00055561441695317625999 0.00083087495295330882072 0.018663415685296058655 0.009330729953944683075 0.011008815839886665344 0.030273143202066421509 0.0073172142729163169861 0.0045985486358404159546 0.0083233090117573738098 0.28010529279708862305 0.21236088871955871582
-9999 -9999 -9999 -9999 -9999 -9999 -9999 -9999 -9999 -9999 -9999 -9999 -9999 -9999 -9999 -9999 -9999 -9999 0.037193700671195983887 0.037091802805662155151 0.01381839066743850708 0.05120927467942237854 0.021829307079315185547 0.0069710635580122470856 0.031422622501850128174 0.030726371333003044128 0.0023607704788446426392 0.016512187197804450989 0.024112015962600708008 0.004608639981597661972 0.0023939467500895261765 0.0014881595270708203316 0.01289816293865442276 0.002824001014232635498 0.019294673576951026917 0.038702163845300674438 0.17800453305244445801 0.012036558240652084351 0.013496049679815769196 0.0097682923078536987305 0.039448712021112442017 0.0715448036789894104 0.050887148827314376831 0.073026441037654876709 0.014652617275714874268 1.3614753697765991092e-05 0.029434641823172569275 0.11720073968172073364 0.24805708229541778564
-9999 -9999 -9999 -9999 -9999 -9999 -9999 -9999 -9999 -9999 -9999 -9999 -9999 -9999 -9999 -9999 -9999 -9999 0.0135742994025349617 0.024475064128637313843 0.016680320724844932556 0.0043895775452256202698 0.0037507936358451843262 4.7746765631018206477e-05 0.0018557617440819740295 0.00072041590465232729912 0 0.012032230384647846222 0.047391522675752639771 0.008343348279595375061 0.036325439810752868652 0.0082741724327206611633 0.021560421213507652283 0.0023782900534570217133 0.0042617372237145900726 0.080964155495166778564 0.08921130746603012085 0.034648936241865158081 0.12190765887498855591 0.029916467145085334778 0.003431416582316160202 0.0069755390286445617676 0.0033385886345058679581 0.0072078006342053413391 0.00022735442325938493013 0.00044313591206446290016 0.025884496048092842102 0.016225496307015419006 0.044122561812400817871
-9999 -9999 -9999 -9999 -9999 -9999 -9999 -9999 -9999 -9999 -9999 -9999 -9999 -9999 -9999 -9999 -9999 0.018075522035360336304 0.011603820137679576874 0.029525129124522209167 0.037593778222799301147 0.0068690506741404533386 0.0027186765801161527634 0.00012160305777797475457 0.0032818799372762441635 0.013793433085083961487 0.024974307045340538025 7.043935329420492053e-05 0.04439128190279006958 0.093226753175258636475 0.0098831132054328918457 0.0026199114508926868439 0.009227818809449672699 0.053185101598501205444 0.00094165129121392965317 0.017066990956664085388 0.0086799487471580505371 0.0077829747460782527924 0.021075731143355369568 0.031193919479846954346 0.013132203370332717896 0.00044734519906342029572 0.0059930235147476196289 0.001999521162360906601 0.00012684274406637996435 0.003759496612474322319 0.01086172834038734436 0 0.003376065986230969429
-9999 -9999 -9999 -9999 -9999 -9999 -9999 -9999 -9999 -9999 -9999 -9999 -9999 -9999 -9999 0 0.0011402460513636469841 0.0018134678248316049576 0.006901339162141084671 0.015237202867865562439 0.025019215419888496399 0.0019089544657617807388 0.0023935646750032901764 0.0022579859942197799683 0.0044731427915394306183 0.013307944871485233307 0.041035212576389312744 0.024627203121781349182 0.010988065972924232483 0.00276593049056828022 0 0.00012121393228881061077 0 0.016771934926509857178 0.0042686671949923038483 0 0.027703022584319114685 0.0043110125698149204254 0.025271892547607421875 0.0031345163006335496902 0.04163802415132522583 0.016336813569068908691 0.03277811780571937561 0.006799699738621711731 0.0057118595577776432037 0.011976779438555240631 0.020426353439688682556 0.024780048057436943054 0.0030040470883250236511
-9999 -9999 -9999 -9999 -9999 -9999 -9999 -9999 -9999 -9999 -9999 -9999 -9999 -9999 0.010071162134408950806 0.001289921230636537075 0.010454473085701465607 0.013145895674824714661 0.00031165292602963745594 0.00081701122689992189407 0.0067104273475706577301 0.002873156452551484108 0 0.009446817450225353241 0.05540857464075088501 0.020445467904210090637 0.028713095933198928833 0.013194015249609947205 0.0025841756723821163177 0.0038145210128277540207 0.0095397969707846641541 0 0.00029753023409284651279 0.0018486258340999484062 0.0029449888970702886581 0.0011261568870395421982 5.9021280321758240461e-05 0 0.026020530611276626587 0.0094576990231871604919 0.067865982651710510254 0.03759966045618057251 0.019759694114327430725 0.028001390397548675537 0.014304544776678085327 0.044199109077453613281 0.00043548614485189318657 0.0010009232209995388985 0
-9999 -9999 -9999 -9999 -9999 -9999 -9999 -9999 -9999 -9999 -9999 -9999 -9999 -9999 0.02066801115870475769 0.011896305717527866364 0.0013523952802643179893 0.0067000812850892543793 0.013256493955850601196 0.0021526345517486333847 0.0079609649255871772766 0.0042692930437624454498 0.0010282173752784729004 0 0 0.010511619038879871368 0.011767728254199028015 0.026524053886532783508 0.0069264136254787445068 0.0083938771858811378479 0.017732359468936920166 0.0069417250342667102814 0.014525299891829490662 0.0018351076869294047356 0.0067309709265828132629 0 0.01526412181556224823 0 0 0.043056666851043701172 0.0075077218934893608093 0.0120541425421833992 0.054000135511159896851 0.0075401258654892444611 0.021995870396494865417 0.015857191756367683411 0.00092591409338638186455 0.044263504445552825928 0.0051978155970573425293
-9999 -9999 -9999 -9999 -9999 -9999 -9999 -9999 -9999 -9999 -9999 -9999 -9999 -9999 0.0097327381372451782227 0.026864606887102127075 0.056262411177158355713 0.072084665298461914062 0.025524524971842765808 0.017111439257860183716 0.01195624377578496933 0.00048064289148896932602 0.00061343784909695386887 0.0072111808694899082184 0.0083853229880332946777 0.025768173858523368835 0.0191670246422290802 0.0022733754012733697891 0.0090302284806966781616 0.0010991776362061500549 0.0017728870734572410583 0.0067653562873601913452 0.020617410540580749512 0.016844894737005233765 0.018143003806471824646 0.012052761390805244446 0.015028746798634529114 0.0052065430209040641785 0 0.057897251099348068237 0.00076654844451695680618 0.00045170655357651412487 0.036375209689140319824 0.0016271432396024465561 0.013356486335396766663 0.011804885230958461761 0.029973367229104042053 0.02947540581226348877 0.0096203777939081192017
-9999 -9999 -9999 -9999 -9999 -9999 -9999 -9999 -9999 -9999 -9999 -9999 -9999 -9999 -9999 0.12581743299961090088 0.25183153152465820312 0.10968831181526184082 0.016351241618394851685 0.0019513282459229230881 0 0.0017844741232693195343 0 0.00021252421720419079065 0.0035946518182754516602 0.0062679531984031200409 0.00032136149820871651173 0.0015096283750608563423 0.015016715973615646362 0.011785907670855522156 0.012268835678696632385 0.03971152380108833313 0.018288517370820045471 0.040594302117824554443 0.034974861890077590942 0.053058434277772903442 0.035114295780658721924 0.014073423109948635101 0.051979534327983856201 0.071392245590686798096 0.017830021679401397705 0 0.016849078238010406494 0 0.023372316733002662659 0.046071194112300872803 0.069436602294445037842 0.12849213182926177979 0.016755847260355949402
-9999 -9999 -9999 -9999 -9999 -9999 -9999 -9999 -9999 -9999 -9999 -9999 -9999 -9999 -9999 0.1890827864408493042 0.22890380024909973145 0.053972315043210983276 0.016398789361119270325 0.0011331574060022830963 0.011530221439898014069 0.0033690345007926225662 0 0.031519521027803421021 0.076695971190929412842 0.15248094499111175537 0.074035614728927612305 0.025448659434914588928 0.063189990818500518799 0.0069449082948267459869 0.0098184961825609207153 0.020540298894047737122 0.028844844549894332886 0.0084950393065810203552 0.070740751922130584717 0.0032137148082256317139 0.01910684630274772644 0.041194349527359008789 0.10806164145469665527 0.0062318341806530952454 0.081261247396469116211 0.029881006106734275818 0.00044925228576175868511 0 0.021700823679566383362 0.02987554110586643219 0.016118213534355163574 0.075413152575492858887 0.036165278404951095581
-9999 -9999 -9999 -9999 -9999 -9999 -9999 -9999 -9999 -9999 -9999 -9999 -9999 -9999 -9999 -9999 -9999 0.047270428389310836792 0.013580895029008388519 0.0092557137832045555115 0.012558788061141967773 0.018240425735712051392 0 0.010703532956540584564 0.017428275197744369507 0.010673625394701957703 0.033753618597984313965 0.013293149881064891815 0.078068003058433532715 0.0135035710409283638 0.0025832948740571737289 0.022286115214228630066 0.0023685386404395103455 0.057756572961807250977 0.044688835740089416504 0.019554443657398223877 0.004076893441379070282 0.017354952171444892883 0.068199113011360168457 0.015259927138686180115 0.11814008653163909912 0.0085757924243807792664 0.0074237664230167865753 0.0024450612254440784454 0.077308408915996551514 0.040368113666772842407 0.053847167640924453735 0.028960682451725006104 0.00086849142098799347878
-9999 -9999 -9999 -9999 -9999 0.077806323766708374023 -9999 -9999 -9999 -9999 -9999 -9999 -9999 -9999 -9999 -9999 -9999 0.014206949621438980103 0.050569500774145126343 0.038326948881149291992 0.036159824579954147339 0.0093190623447299003601 0.028944361954927444458 0.00053265161113813519478 0.0065870811231434345245 0.0080369915813207626343 0.018151482567191123962 0.039199687540531158447 0.0036361657548695802689 0.068530999124050140381 0.014444060623645782471 0.011621831916272640228 0.0025849568191915750504 0.077884130179882049561 0.03888614848256111145 0.055823210626840591431 0.0029203742742538452148 0.007200641091912984848 0.0083040874451398849487 0.0618646964430809021 0.010499163530766963959 0.054503925144672393799 0.054118685424327850342 0.017929527908563613892 0.23145957291126251221 0.057173449546098709106 0.0021849293261766433716 0.0061916485428810119629 0.0033504902385175228119
-9999 -9999 -9999 0.0089693386107683181763 0.0028900983743369579315 0.041089512407779693604 0.0044138724915683269501 -9999 -9999 -9999 -9999 -9999 -9999 -9999 -9999 -9999 0.026220561936497688293 0.024316655471920967102 0.046878419816493988037 0.038582146167755126953 0.06505604088306427002 0.0087330471724271774292 0.025006763637065887451 0.038746520876884460449 0.023032136261463165283 0 0.0043539861217141151428 0.015807002782821655273 0.011814651079475879669 0.019628100097179412842 0.013059363700449466705 0.019161900505423545837 0.0074037625454366207123 0.045488856732845306396 0.080348476767539978027 0.022868717089295387268 0.086883053183555603027 0.052319269627332687378 0.054160539060831069946 0.088712252676486968994 0.0055568497627973556519 0.041553240269422531128 0.07729008793830871582 0.03346332162618637085 0.26645204424858093262 0.22404716908931732178 0.028657902032136917114 0.0065190270543098449707 0.00026214509853161871433
-9999 -9999 -9999 -9999 0.00041553363553248345852 0.0045584845356643199921 0.010092493146657943726 -9999 -9999 -9999 -9999 -9999 -9999 -9999 -9999 -9999 0.021437730640172958374 0.00074591248994693160057 0.0087579172104597091675 0.01868757978081703186 0.008390665985643863678 0.015763280913233757019 0.027446290478110313416 0.016672031953930854797 0.026673786342144012451 0.018273247405886650085 0.019480552524328231812 0.0098977265879511833191 0.0018045619362965226173 0.0025490333791822195053 0.0026437507476657629013 0.018483074381947517395 0.0090735685080289840698 0.0093420827761292457581 0.044706400483846664429 0.0093947788700461387634 0.18839406967163085938 0.15019997954368591309 0.036067068576812744141 0 0.0020767929963767528534 0.013206718489527702332 0.011902761645615100861 0.01604687422513961792 0.027709266170859336853 0.049314193427562713623 0.28869384527206420898 0.1067023351788520813 0.065585047006607055664
-9999 -9999 -9999 -9999 0.0027469906490296125412 0.017987620085477828979 0.024893237277865409851 0.0081767169758677482605 0.018218550831079483032 -9999 -9999 -9999 -9999 -9999 0.023289300501346588135 0.023658126592636108398 0.0057904645800590515137 0.029456568881869316101 0.021024806424975395203 0.0079248296096920967102 0.0064374203793704509735 0.023970065638422966003 0.021003073081374168396 0.01155228540301322937 0.034109983593225479126 0.056625932455062866211 0.0136799616739153862 0.0066701699979603290558 0.010304176248610019684 0.022883238270878791809 0.010870200581848621368 0.023704174906015396118 0.004457095172256231308 0.011082196608185768127 0.0065900320187211036682 0.0068274391815066337585 0.13179284334182739258 0.056958410888910293579 0.034113861620426177979 0.022386580705642700195 0.024544632062315940857 0.014107495546340942383 0.0086447475478053092957 0.012793439440429210663 0.014593378640711307526 0.011099033989012241364 0.094864875078201293945 0.076804406940937042236 0.035484168678522109985
-9999 -9999 -9999 0.00091353920288383960724 0.0022370177321135997772 0.0078441258519887924194 0.0052433488890528678894 0.0048605795018374919891 0.006976886652410030365 0.00084760918980464339256 0.015230292454361915588 0.094885446131229400635 0.20973607897758483887 -9999 0.02994368039071559906 0.017501626163721084595 0.032610818743705749512 0.022369684651494026184 0.048380970954895019531 0.011473307386040687561 0.0012362223351374268532 0.013847756199538707733 0.0053451703861355781555 0 0 0.010643854737281799316 0.0070916889235377311707 0.0087393363937735557556 0.00457864394411444664 0.017402254045009613037 0.0049535101279616355896 0.009978206828236579895 0.0047623091377317905426 0.0094781061634421348572 0.012603328563272953033 0.0015738066285848617554 0.042470421642065048218 0.016617240384221076965 0.0042989733628928661346 0.047217234969139099121 0.10512936115264892578 0.081525519490242004395 0.052139680832624435425 0 0.030871739611029624939 0.00093055632896721363068 0.04388922080397605896 0.23940424621105194092 0.19673700630664825439
-9999 -9999 0.00014277501031756401062 0.00039786932757124304771 0 0.065768197178840637207 0.027705110609531402588 0.015563704073429107666 0.016127312555909156799 0.006460688076913356781 0.020037077367305755615 0.017291119322180747986 0.041378390043973922729 0.055489581078290939331 0.028707692399621009827 0.026978520676493644714 0.060881473124027252197 0.096338413655757904053 0.14955122768878936768 0.017210559919476509094 0.003825342981144785881 0.011298883706331253052 0.0010676851961761713028 0 0.010557416826486587524 0.02507449127733707428 0.090821333229541778564 0.027345737442374229431 0.17135111987590789795 0.048768360167741775513 0.024204460904002189636 0.0010818650480359792709 0.0062659848481416702271 0.031566433608531951904 0.0081876497715711593628 0.0012231986038386821747 0.0018415671074762940407 0.0091138295829296112061 0.042993869632482528687 0.030213579535484313965 0.00042876505176536738873 0.011843027547001838684 0.071290723979473114014 0.004819837864488363266 0.036861509084701538086 0.020710045471787452698 0.0047131786122918128967 0.097387075424194335938 0.26708230376243591309
