gis/160m/LAI_conif.asc
ncols        64
nrows        71
xllcorner    726726.000000000000
yllcorner    7127190.000000000000
cellsize     160.000000000000
NODATA_value -9999
[rows 23 to 45 of 71, columns 0 to 52 of 64]
0 0 0 0 0 2.1509618759155273438 0.2900899052619934082 0.035592626780271530151 2.1143293380737304688 1.6464948654174804688 1.7888273000717163086 3.7002036571502685547 4.2434053421020507812 2.9672842025756835938 2.8289594650268554688 3.5411648750305175781 3.5770022869110107422 2.9548938274383544922 3.6338548660278320312 3.7571280002593994141 2.0423357486724853516 1.2035866975784301758 0.77685409784317016602 0.40893158316612243652 0.59530037641525268555 1.4684522151947021484 1.0663404464721679688 2.9032959938049316406 2.7067742347717285156 0 2.7658610343933105469 2.178562164306640625 2.3893458843231201172 3.0846142768859863281 3.6095767021179199219 2.637378692626953125 3.414798736572265625 2.4816644191741943359 2.8253920078277587891 2.73685455322265625 2.9432127475738525391 3.3183770179748535156 2.9969315528869628906 2.5175616741180419922 2.5578567981719970703 2.5458612442016601562 3.2675180435180664062 2.4210858345031738281 4.0519185066223144531 3.4882254600524902344 3.6571240425109863281 3.8709647655487060547 3.8023285865783691406
0 0 0 1.2520115375518798828 1.2201851606369018555 1.7416822910308837891 0.0086951069533824920654 1.3195642232894897461 2.2577235698699951172 2.6996228694915771484 2.0411274433135986328 2.2614109516143798828 3.5321209430694580078 3.5711307525634765625 3.2446269989013671875 2.8740601539611816406 3.4613714218139648438 2.8869915008544921875 3.3329977989196777344 3.9307153224945068359 3.3212838172912597656 1.2515140771865844727 1.5273120403289794922 1.4357316493988037109 1.8194270133972167969 0 0.33150637149810791016 1.208321690559387207 0 0 0 2.2969102859497070312 2.3409161567687988281 2.7913820743560791016 3.5707662105560302734 3.4041261672973632812 1.8785291910171508789 1.5745341777801513672 1.0857028961181640625 1.431061863899230957 2.8718676567077636719 3.2289991378784179688 2.1477544307708740234 1.8215649127960205078 2.0064601898193359375 2.4904623031616210938 3.2988069057464599609 2.6956117153167724609 4.0789923667907714844 4.7988276481628417969 4.3033757209777832031 3.6496372222900390625 4.2846126556396484375
0 0 1.3743836879730224609 1.3216123580932617188 2.2333207130432128906 1.4920129776000976562 0.020224662497639656067 2.3681235313415527344 2.9976325035095214844 3.1216025352478027344 3.0564286708831787109 2.6318881511688232422 3.7768392562866210938 3.4273164272308349609 3.3395388126373291016 2.908306121826171875 2.56194305419921875 2.5199913978576660156 2.7506117820739746094 3.3066997528076171875 3.6094303131103515625 3.0376248359680175781 2.1331813335418701172 2.4431402683258056641 3.6305453777313232422 3.6400666236877441406 0 3.0208706855773925781 2.9437193870544433594 0 0 2.6464006900787353516 2.6574044227600097656 2.6363859176635742188 3.6820778846740722656 3.8879153728485107422 2.9030129909515380859 2.1509039402008056641 1.2833436727523803711 1.0399390459060668945 1.3585381507873535156 3.0395650863647460938 1.7784277200698852539 1.5285639762878417969 1.9847364425659179688 2.5586514472961425781 2.9877278804779052734 3.2986512184143066406 3.8109259605407714844 4.0564332008361816406 4.3356637954711914062 4.2119274139404296875 3.5338051319122314453
0 2.8128931522369384766 2.4564034938812255859 1.9733641147613525391 2.8669824600219726562 2.1289677619934082031 0.99278116226196289062 1.9554800987243652344 2.904117584228515625 2.8387618064880371094 2.9707398414611816406 2.8204483985900878906 2.2191023826599121094 3.018024444580078125 1.734653472900390625 2.6835055351257324219 2.3484277725219726562 2.6029312610626220703 3.2749264240264892578 3.0079250335693359375 2.637149810791015625 2.1847853660583496094 2.5284018516540527344 2.6601481437683105469 3.2795951366424560547 3.6676225662231445312 3.9637136459350585938 3.8662724494934082031 3.4672634601593017578 0 0 2.8755860328674316406 2.6219856739044189453 3.8577971458435058594 3.7311801910400390625 3.8222143650054931641 3.9539196491241455078 3.9455466270446777344 2.521968841552734375 1.3581911325454711914 1.0726588964462280273 1.8567156791687011719 1.9432662725448608398 1.3735134601593017578 1.3266279697418212891 2.5045919418334960938 2.9144737720489501953 3.8817529678344726562 4.1161322593688964844 3.6051604747772216797 2.2997577190399169922 0.69725561141967773438 2.1688065528869628906
0 0 1.6403729915618896484 2.2800641059875488281 2.7846221923828125 1.6875784397125244141 1.7970856428146362305 2.7992787361145019531 1.619654536247253418 1.0682964324951171875 2.1713433265686035156 2.5497221946716308594 2.5326480865478515625 2.8048012256622314453 3.4930026531219482422 2.6671438217163085938 2.5135707855224609375 2.9885685443878173828 3.0446803569793701172 2.2848813533782958984 2.6093153953552246094 3.4576799869537353516 3.3214879035949707031 2.3165674209594726562 2.2125592231750488281 3.6225156784057617188 3.2756519317626953125 3.8303534984588623047 3.7531797885894775391 0 1.1793311834335327148 2.7667264938354492188 2.7929830551147460938 3.6643795967102050781 3.5982482433319091797 4.2106375694274902344 3.9464349746704101562 3.9277009963989257812 3.1698641777038574219 2.7853143215179443359 2.6691536903381347656 1.6175392866134643555 1.9995846748352050781 1.2754869461059570312 1.4081472158432006836 2.1298804283142089844 3.8305392265319824219 3.8827745914459228516 3.41838836669921875 2.8836414813995361328 0.35309547185897827148 0.78600263595581054688 0.34039038419723510742
0 0.19376760721206665039 1.2433278560638427734 2.3828244209289550781 3.2604465484619140625 3.4353260993957519531 2.1850545406341552734 3.8305640220642089844 2.8075480461120605469 0.67204558849334716797 1.0336891412734985352 0.73372364044189453125 0.70207047462463378906 2.273136138916015625 2.9591891765594482422 3.8555026054382324219 2.47650146484375 2.309215545654296875 3.0736832618713378906 3.4114899635314941406 2.4362769126892089844 3.3504021167755126953 3.5620563030242919922 3.4940357208251953125 3.2984943389892578125 3.4349780082702636719 3.3549408912658691406 3.9271824359893798828 3.7719583511352539062 0 2.870147705078125 3.5312571525573730469 3.401248931884765625 3.7411561012268066406 3.5196046829223632812 3.8975205421447753906 3.8866622447967529297 4.0826659202575683594 3.7809548377990722656 3.1451554298400878906 3.3572208881378173828 3.4234771728515625 0.67742967605590820312 0.26667806506156921387 1.2979859113693237305 2.5746445655822753906 2.6216123104095458984 3.1451256275177001953 3.0377688407897949219 2.7159428596496582031 0.85987144708633422852 1.0589954853057861328 0.41713276505470275879
0 1.3897581100463867188 2.1185774803161621094 2.5936415195465087891 3.7404680252075195312 3.1387915611267089844 3.1422524452209472656 4.046016693115234375 3.9094729423522949219 3.1062848567962646484 2.2160472869873046875 1.2061941623687744141 0.24930921196937561035 2.0684740543365478516 1.9605728387832641602 2.9955768585205078125 4.26348876953125 3.0213747024536132812 3.2366886138916015625 3.0857520103454589844 1.7022238969802856445 4.0744709968566894531 4.2010736465454101562 3.9241733551025390625 2.9476706981658935547 2.8790884017944335938 3.7624115943908691406 3.9038569927215576172 3.8167779445648193359 0 2.97943878173828125 3.1314239501953125 3.9512147903442382812 3.3843750953674316406 3.0280585289001464844 2.5872466564178466797 3.8807911872863769531 4.0577988624572753906 3.8581149578094482422 3.6428179740905761719 3.7726118564605712891 2.8218684196472167969 0.11435338854789733887 1.9910147190093994141 2.6366391181945800781 3.39412689208984375 1.7936501502990722656 1.5430715084075927734 3.0258631706237792969 2.9911875724792480469 2.6613185405731201172 2.5619988441467285156 2.1740674972534179688
0.53405666351318359375 1.5481077432632446289 2.4736280441284179688 3.1320123672485351562 3.9534778594970703125 3.3010425567626953125 3.4081583023071289062 3.8008949756622314453 4.5870504379272460938 3.7798061370849609375 2.3432841300964355469 1.7002937793731689453 1.6784595251083374023 0.73021137714385986328 1.8748025894165039062 0.10819937288761138916 1.291752934455871582 2.6841573715209960938 3.6178226470947265625 3.1307153701782226562 3.7698793411254882812 3.8488779067993164062 3.3961706161499023438 3.4382734298706054688 3.20963287353515625 2.7558045387268066406 2.8835444450378417969 4.1191005706787109375 4.12480926513671875 4.3567118644714355469 3.8426342010498046875 3.5620265007019042969 3.9010255336761474609 4.040058135986328125 2.2092189788818359375 3.0400223731994628906 3.8484539985656738281 4.2795763015747070312 4.7385792732238769531 3.9597280025482177734 3.572540283203125 2.4322957992553710938 1.1605161428451538086 2.4729425907135009766 1.7231833934783935547 2.3453106880187988281 1.9298700094223022461 2.0486721992492675781 2.1682314872741699219 3.1489338874816894531 2.3835015296936035156 2.6171140670776367188 2.4580271244049072266
0 2.0444936752319335938 3.2499423027038574219 3.7026951313018798828 2.746734619140625 2.3990421295166015625 2.7383852005004882812 2.8847789764404296875 3.8233780860900878906 2.8457310199737548828 2.0803492069244384766 0.92348575592041015625 2.2758069038391113281 1.7024694681167602539 0.73956525325775146484 0.40884494781494140625 0.87834846973419189453 2.9978609085083007812 3.5985360145568847656 2.8835301399230957031 3.8189611434936523438 4.2162632942199707031 3.4290432929992675781 3.7774736881256103516 3.5954365730285644531 3.1099877357482910156 1.0602695941925048828 3.3781986236572265625 4.526611328125 4.0654578208923339844 3.7308301925659179688 3.5010581016540527344 3.5832438468933105469 3.6826307773590087891 3.635345458984375 3.489604949951171875 3.6758947372436523438 4.0653538703918457031 4.2803788185119628906 3.8630187511444091797 3.7886202335357666016 3.2799067497253417969 3.6645600795745849609 3.1330144405364990234 2.5590815544128417969 2.2114374637603759766 1.366831660270690918 1.6426343917846679688 2.1386361122131347656 1.634772181510925293 0.7616100311279296875 2.6859712600708007812 2.1947128772735595703
0 0 2.4170351028442382812 3.0484757423400878906 1.6191518306732177734 0.97123414278030395508 0.57065081596374511719 2.5664680004119873047 2.0317454338073730469 1.47918701171875 2.2378137111663818359 0.78524351119995117188 0.87517690658569335938 0.37746155261993408203 0.10656269639730453491 1.4274159669876098633 1.9337922334671020508 2.9920220375061035156 3.1341705322265625 3.5081872940063476562 3.2233800888061523438 3.4170894622802734375 3.4339749813079833984 3.3948202133178710938 3.0689275264739990234 3.1734631061553955078 2.9453685283660888672 2.4561603069305419922 3.5578701496124267578 3.9570889472961425781 3.192646026611328125 4.4005527496337890625 3.2192816734313964844 2.6416828632354736328 3.7795405387878417969 3.7317793369293212891 3.8928754329681396484 4.0357537269592285156 4.4096050262451171875 3.8786745071411132812 3.7724971771240234375 3.3182935714721679688 3.1718893051147460938 2.527828216552734375 2.5834529399871826172 2.5987153053283691406 1.1323610544204711914 2.3600592613220214844 1.3721330165863037109 0.23179709911346435547 1.4789276123046875 2.2639820575714111328 2.1639618873596191406
0 0 2.9741904735565185547 2.1214847564697265625 0.32954490184783935547 3.4254815578460693359 1.9515933990478515625 1.3312673568725585938 1.2312746047973632812 2.2224545478820800781 2.7155692577362060547 1.8841798305511474609 0.63597321510314941406 0.12504899501800537109 0.41357624530792236328 2.9587674140930175781 3.3836727142333984375 2.82399749755859375 2.9425921440124511719 3.9383425712585449219 3.8920645713806152344 3.6743710041046142578 3.6482374668121337891 3.0781614780426025391 3.8523654937744140625 3.5533361434936523438 3.56188201904296875 2.5725123882293701172 2.8448984622955322266 3.6229307651519775391 3.2718286514282226562 4.0042653083801269531 4.1186466217041015625 2.6084246635437011719 2.6237764358520507812 3.2320487499237060547 3.6193222999572753906 3.6894240379333496094 3.7692975997924804688 3.3011126518249511719 3.2938089370727539062 3.2907657623291015625 2.9988698959350585938 2.8463618755340576172 2.7864930629730224609 2.7754337787628173828 0.48590105772018432617 2.9723424911499023438 2.6907062530517578125 0.61071920394897460938 2.1981563568115234375 2.0543153285980224609 1.4820312261581420898
0 0 0 2.5909488201141357422 0 0 3.4362640380859375 2.0309939384460449219 2.2705440521240234375 3.1358480453491210938 2.5042738914489746094 2.134273529052734375 1.1012929677963256836 1.2339519262313842773 2.0727062225341796875 3.3904700279235839844 3.2601463794708251953 2.2292931079864501953 2.0453128814697265625 1.5945606231689453125 3.3540444374084472656 3.8560366630554199219 3.9793884754180908203 3.8980834484100341797 3.5163185596466064453 3.7277390956878662109 3.9410231113433837891 3.0530233383178710938 3.05115509033203125 3.2018957138061523438 3.7164874076843261719 3.2987222671508789062 4.3360643386840820312 3.5145902633666992188 2.8569073677062988281 3.3287541866302490234 4.0430021286010742188 3.6979112625122070312 3.8059372901916503906 3.7980234622955322266 3.4800941944122314453 1.4824503660202026367 3.7189724445343017578 2.7660028934478759766 2.9480051994323730469 1.7475183010101318359 0.67515414953231811523 3.1555314064025878906 3.151485443115234375 1.1964445114135742188 1.5520098209381103516 2.7915124893188476562 1.8296452760696411133
0 0 0 0 0 0 0 0 0 1.6878545284271240234 1.8922686576843261719 2.1317968368530273438 2.3007981777191162109 1.2506582736968994141 2.4126620292663574219 3.34854888916015625 1.6260868310928344727 1.5290812253952026367 2.0080535411834716797 2.0719470977783203125 3.7900717258453369141 3.8240680694580078125 4.191181182861328125 3.9820525646209716797 3.7009813785552978516 3.5075047016143798828 3.6695194244384765625 4.4236421585083007812 3.5907628536224365234 3.1006755828857421875 3.7778525352478027344 3.7311921119689941406 3.8797667026519775391 3.8817157745361328125 2.5611853599548339844 2.5998873710632324219 3.3529829978942871094 4.0396142005920410156 3.531177520751953125 3.6028256416320800781 3.6071581840515136719 1.7183473110198974609 1.7893204689025878906 1.100186467170715332 0.64421290159225463867 0 0 2.0508849620819091797 1.9271378517150878906 0.85520035028457641602 0.42104327678680419922 1.7052842378616333008 2.5377058982849121094
0 0 0 0 0 0 0 0 0 2.2236094474792480469 1.271958470344543457 1.8918912410736083984 1.9254413843154907227 2.115245819091796875 2.9840373992919921875 2.2859749794006347656 0.83122611045837402344 3.0748877525329589844 1.6192055940628051758 1.1495707035064697266 2.5600948333740234375 3.8220238685607910156 3.9532375335693359375 3.7205176353454589844 3.6494581699371337891 3.2605328559875488281 2.7736492156982421875 3.7985932826995849609 3.4859285354614257812 2.5825235843658447266 2.9884099960327148438 2.8497130870819091797 2.9476933479309082031 2.8919701576232910156 2.6699438095092773438 2.4062888622283935547 3.4458560943603515625 3.3720202445983886719 3.7085061073303222656 4.0667157173156738281 4.0578975677490234375 2.6169426441192626953 0.63013386726379394531 1.1754111051559448242 0.54425799846649169922 0.087027095258235931396 0.76074922084808349609 3.2547011375427246094 2.7010908126831054688 0.15989696979522705078 0 0.66795068979263305664 1.2865657806396484375
0 0 0 0 0 0 0 0 0 2.616790771484375 1.9800753593444824219 2.3519558906555175781 0.57231920957565307617 1.83061981201171875 2.2745258808135986328 1.9488044977188110352 2.8159899711608886719 2.6136965751647949219 0.82924097776412963867 1.6680560111999511719 1.8266844749450683594 3.7142391204833984375 3.4966006278991699219 2.1343059539794921875 3.6527452468872070312 3.7544298171997070312 3.4771862030029296875 3.7607655525207519531 3.7258143424987792969 2.6872599124908447266 2.9623570442199707031 2.77088165283203125 3.5870573520660400391 3.2257795333862304688 2.9023847579956054688 2.9125151634216308594 3.4044737815856933594 2.7235021591186523438 0.2168048173189163208 1.6065821647644042969 1.6295344829559326172 0.0050001554191112518311 0.958431243896484375 2.6091012954711914062 2.6302018165588378906 2.3833558559417724609 2.5913741588592529297 3.3446872234344482422 3.1488587856292724609 0.074870750308036804199 0.16335241496562957764 0.99504542350769042969 1.3250168561935424805
0 0 0 0 0 0 0 0 0 2.7311081886291503906 2.5372595787048339844 1.9932525157928466797 1.6160485744476318359 1.7306216955184936523 2.0215301513671875 0.94915729761123657227 2.4045441150665283203 3.561801910400390625 2.7990622520446777344 1.2513904571533203125 2.5490114688873291016 4.1875705718994140625 1.3570230007171630859 0.12446362525224685669 2.3748795986175537109 4.0202503204345703125 3.8025419712066650391 4.0991892814636230469 3.4526948928833007812 2.6034872531890869141 3.0583176612854003906 2.6929750442504882812 2.9744424819946289062 3.6444535255432128906 2.019008636474609375 2.9645009040832519531 2.5066251754760742188 0.21633636951446533203 0.15094493329524993896 1.1148316860198974609 2.0778861045837402344 0.27103292942047119141 1.5103539228439331055 1.7246727943420410156 3.1210207939147949219 0.95852017402648925781 1.1976354122161865234 3.2407517433166503906 3.5061788558959960938 1.3538049459457397461 0.75689601898193359375 0.38420370221138000488 2.4735121726989746094
0 0 0 0 0 0 0 0 0 0 1.1888468265533447266 0.79968094825744628906 1.2899733781814575195 1.5482743978500366211 1.5344591140747070312 1.5757708549499511719 1.8965097665786743164 2.2079081535339355469 3.3808603286743164062 2.1438460350036621094 2.9229321479797363281 0.32989877462387084961 0.72226828336715698242 0.16485136747360229492 0.028866168111562728882 1.5938965082168579102 2.1714029312133789062 2.5870728492736816406 3.4598970413208007812 3.7033510208129882812 3.6794672012329101562 3.5637478828430175781 4.3224062919616699219 3.4014234542846679688 2.8643252849578857422 2.2348799705505371094 1.2803932428359985352 0.22197252511978149414 1.3086411952972412109 0.90248394012451171875 2.1102719306945800781 1.5386786460876464844 1.5847749710083007812 1.7206478118896484375 1.6928119659423828125 0.0661753043532371521 1.942475438117980957 3.0950808525085449219 1.4798948764801025391 1.7122652530670166016 2.4714415073394775391 1.7278678417205810547 1.4882575273513793945
0 0 0 0 0 0 0 0 0 0 0 0 1.2614091634750366211 1.1823737621307373047 0.80788922309875488281 0.53859180212020874023 1.1515326499938964844 2.5781850814819335938 2.8249182701110839844 3.0052123069763183594 2.1264791488647460938 1.9575231075286865234 1.6883742809295654297 1.8880796432495117188 0.50930517911911010742 2.1142404079437255859 2.4981102943420410156 1.3103948831558227539 1.8817050457000732422 4.0045914649963378906 3.5889375209808349609 3.5527100563049316406 3.7494869232177734375 3.6853513717651367188 3.0296099185943603516 2.7028355598449707031 2.7176160812377929688 2.4276266098022460938 2.4269051551818847656 2.533416748046875 2.6431217193603515625 1.9900884628295898438 2.21874237060546875 2.4155004024505615234 1.05204010009765625 0 1.9264900684356689453 3.0071482658386230469 2.077175140380859375 1.1533635854721069336 2.254505157470703125 2.6845877170562744141 0.28069794178009033203
0 0 0 0 0 0 0 0 0 0 0 0 0 0 0 0 0 2.2355425357818603516 1.7633496522903442383 2.5506091117858886719 2.4153957366943359375 0.51034855842590332031 2.0722682476043701172 2.8906614780426025391 2.7560224533081054688 2.8309104442596435547 2.2810103893280029297 2.4453358650207519531 2.6055736541748046875 2.8358247280120849609 2.2761912345886230469 3.525463104248046875 3.9564051628112792969 3.9915399551391601562 0.99091672897338867188 1.0348904132843017578 1.6129544973373413086 3.2952094078063964844 3.0413184165954589844 2.8151049613952636719 2.9839606285095214844 2.81427001953125 2.2839374542236328125 2.7460045814514160156 0.658092498779296875 0.51986038684844970703 2.5340304374694824219 3.0339853763580322266 2.4504094123840332031 1.8037266731262207031 1.7508039474487304688 0.24649706482887268066 3.1904172897338867188
0 0 0 0 0 0 0 0 0 0 0 0 0 0 0 0 0 0 0 0 2.4605998992919921875 2.1253428459167480469 2.6853075027465820312 1.8835997581481933594 2.5102086067199707031 2.5910370349884033203 2.1620488166809082031 2.2705235481262207031 2.2233622074127197266 2.2404985427856445312 2.1754982471466064453 1.9352869987487792969 2.5784528255462646484 2.9379634857177734375 1.5540572404861450195 0.01237146276980638504 0.81781566143035888672 0.61563754081726074219 2.8002111911773681641 3.2076382637023925781 2.2668519020080566406 2.4989447593688964844 2.3938565254211425781 3.1698102951049804688 2.6756644248962402344 2.0457215309143066406 2.3508667945861816406 2.4880645275115966797 2.9756155014038085938 3.3139595985412597656 1.8827064037322998047 2.6124129295349121094 3.2741346359252929688
0 0 0 0 0 0 0 0 0 0 0 0 0 0 0 0 0 0 0 0 0 0 1.9107526540756225586 2.0266153812408447266 2.2006220817565917969 2.8691773414611816406 2.3752951622009277344 2.2433099746704101562 2.2072808742523193359 1.9373080730438232422 1.8453001976013183594 1.424635767936706543 1.7387725114822387695 3.284755706787109375 3.4511559009552001953 3.2558813095092773438 3.4505705833435058594 3.1597871780395507812 2.6679096221923828125 2.7595174312591552734 3.523975372314453125 3.269351959228515625 2.3276691436767578125 2.9715456962585449219 2.8874268531799316406 3.0601658821105957031 2.0417904853820800781 2.0219602584838867188 3.0106329917907714844 3.0377531051635742188 0.010762324556708335876 0.24600774049758911133 2.8801705837249755859
0 0 0 0 0 0 0 0 0 0 0 0 0 0 0 0 0 0 0 0 0 0 1.8340370655059814453 1.8013826608657836914 2.1888902187347412109 2.6868071556091308594 2.7968149185180664062 2.4399802684783935547 1.8266026973724365234 1.8167338371276855469 2.6174173355102539062 2.2290496826171875 2.1668384075164794922 2.8587632179260253906 2.8232944011688232422 2.6443223953247070312 1.6851947307586669922 2.3319706916809082031 2.1727559566497802734 2.1508607864379882812 2.7001953125 3.6261749267578125 3.2312016487121582031 3.2733566761016845703 2.6963016986846923828 2.884883880615234375 2.0573055744171142578 2.4844098091125488281 2.7746891975402832031 3.3845601081848144531 1.2247087955474853516 0.32765057682991027832 4.244480133056640625
0 0 0 0 0 0 0 0 0 0 0 0 0 0 0 0 0 0 0 0 1.6532483100891113281 2.0429589748382568359 2.0459392070770263672 1.7233769893646240234 1.7409404516220092773 2.0807602405548095703 1.9507261514663696289 2.0439882278442382812 2.5212733745574951172 1.8860509395599365234 2.1252777576446533203 2.8925950527191162109 2.8572671413421630859 2.4783840179443359375 2.7221016883850097656 2.7502374649047851562 2.0584671497344970703 1.7772328853607177734 2.1130552291870117188 2.4911723136901855469 2.3340125083923339844 3.0514118671417236328 3.5219879150390625 3.2388901710510253906 2.0171597003936767578 3.0099916458129882812 1.084627985954284668 1.6689281463623046875 2.5131549835205078125 2.4249777793884277344 1.9311735630035400391 1.7655831575393676758 3.5543818473815917969
