gis/160m/processed_dem.asc
ncols        64
nrows        71
xllcorner    726726.000000000000
yllcorner    7127190.000000000000
cellsize     160.000000000000
NODATA_value -9999
[rows 23 to 45 of 71, columns 0 to 50 of 64]
-9999 -9999 -9999 -9999 -9999 347.837371826171875 343.119598388671875 330.151336669921875 325.7113037109375 302.793304443359375 265.7796630859375 265.329010009765625 293.36590576171875 306.04144287109375 320.25518798828125 325.129638671875 314.696685791015625 302.211456298828125 285.8016357421875 283.57305908203125 282.818817138671875 285.156036376953125 285.74212646484375 282.967559814453125 283.191986083984375 285.77423095703125 283.98126220703125 283.93115234375 281.99896240234375 -9999 256.1512451171875 258.240264892578125 263.7557373046875 282.120361328125 300.296417236328125 303.00616455078125 300.62969970703125 294.019073486328125 290.545013427734375 293.9873046875 300.94207763671875 297.454437255859375 269.251312255859375 243.470794677734375 227.5894012451171875 218.98138427734375 211.64752197265625 218.422088623046875 223.0010223388671875 236.276397705078125 251.43792724609375
-9999 -9999 -9999 304.48236083984375 315.951141357421875 345.86590576171875 345.2313232421875 331.603790283203125 320.867919921875 311.8450927734375 286.59161376953125 259.813812255859375 255.6110382080078125 288.677459716796875 275.90020751953125 328.818450927734375 324.99468994140625 316.402435302734375 297.278045654296875 277.5006103515625 276.7069091796875 281.25537109375 287.991485595703125 277.5594482421875 289.6470947265625 -9999 288.6680908203125 280.30810546875 -9999 -9999 -9999 256.1512451171875 262.33941650390625 281.39166259765625 299.4434814453125 299.303192138671875 296.21710205078125 293.570220947265625 294.82470703125 292.1943359375 284.963226318359375 281.261962890625 276.44622802734375 266.34649658203125 244.2320098876953125 216.889892578125 211.6472930908203125 214.982025146484375 217.2035980224609375 231.7375335693359375 242.377685546875
-9999 -9999 297.2294921875 306.82586669921875 283.886138916015625 324.4385986328125 338.113250732421875 331.349853515625 314.803314208984375 304.78985595703125 289.26715087890625 259.41363525390625 255.610809326171875 275.90020751953125 311.060455322265625 329.250823974609375 332.13934326171875 323.016754150390625 308.226806640625 290.948394775390625 270.137481689453125 270.78021240234375 280.470367431640625 286.012542724609375 277.5594482421875 290.356475830078125 -9999 282.68817138671875 272.389862060546875 -9999 -9999 255.23529052734375 259.453643798828125 278.600799560546875 296.140167236328125 295.784515380859375 287.835052490234375 287.037353515625 295.220550537109375 309.65911865234375 299.3983154296875 278.371337890625 267.71820068359375 257.2286376953125 244.5035400390625 204.9378814697265625 209.471435546875 209.8788909912109375 214.2424468994140625 228.4337005615234375 228.433929443359375
-9999 274.65887451171875 275.754974365234375 278.3074951171875 283.886138916015625 285.188873291015625 303.571746826171875 317.199127197265625 317.736541748046875 300.880859375 286.715911865234375 268.562774658203125 250.14984130859375 252.7783966064453125 303.205810546875 328.105224609375 328.8040771484375 320.75970458984375 309.127044677734375 297.06488037109375 274.386474609375 266.18646240234375 275.540130615234375 280.1109619140625 272.236358642578125 267.54730224609375 283.642242431640625 276.63916015625 266.5128173828125 -9999 -9999 253.1001129150390625 256.87603759765625 268.6781005859375 287.85369873046875 287.501190185546875 281.119232177734375 277.912872314453125 289.969390869140625 311.52252197265625 298.744415283203125 281.213775634765625 264.56829833984375 249.0775909423828125 235.022491455078125 216.216156005859375 204.937652587890625 203.9217681884765625 209.4664764404296875 230.1270599365234375 244.2009124755859375
-9999 -9999 256.255615234375 254.471038818359375 262.65802001953125 265.4879150390625 268.594940185546875 274.403106689453125 290.54876708984375 295.677947998046875 281.950286865234375 268.774017333984375 248.87109375 237.7261505126953125 261.282623291015625 305.200042724609375 322.035491943359375 315.20440673828125 305.422088623046875 296.87261962890625 279.852294921875 285.885894775390625 264.466796875 275.053070068359375 273.0125732421875 259.6483154296875 264.873687744140625 268.77777099609375 260.17071533203125 -9999 255.365203857421875 250.4500885009765625 251.816925048828125 261.5050048828125 272.730560302734375 278.05657958984375 271.810638427734375 268.527252197265625 271.47418212890625 287.84393310546875 289.3695068359375 278.20867919921875 263.145721435546875 246.622283935546875 228.693359375 214.5563812255859375 200.64794921875 198.9813232421875 205.609954833984375 229.4898529052734375 239.9177703857421875
-9999 207.0660552978515625 236.0335845947265625 236.2993621826171875 237.6685791015625 240.496826171875 245.9564056396484375 246.0686798095703125 249.004364013671875 262.96246337890625 272.745513916015625 267.024688720703125 254.5063629150390625 232.8053436279296875 242.211883544921875 278.803070068359375 302.862884521484375 308.082733154296875 300.375518798828125 290.200286865234375 287.17608642578125 316.784698486328125 296.32421875 258.590850830078125 260.446868896484375 254.4555206298828125 249.4293365478515625 256.830780029296875 252.4433746337890625 -9999 251.18341064453125 247.6181640625 245.1314544677734375 252.4645233154296875 261.92401123046875 265.601226806640625 261.3336181640625 257.041412353515625 255.608306884765625 263.762908935546875 266.543182373046875 264.6387939453125 258.42041015625 245.809356689453125 228.5820770263671875 214.38751220703125 194.0233001708984375 196.3896636962890625 203.3115234375 222.8903656005859375 232.68701171875
-9999 207.0660552978515625 208.7988739013671875 198.8012237548828125 219.003204345703125 220.1863861083984375 224.64691162109375 225.0883636474609375 223.043365478515625 228.311981201171875 252.0757598876953125 256.2706298828125 248.80780029296875 220.7662811279296875 224.0135955810546875 253.6021575927734375 281.8673095703125 295.59814453125 290.73974609375 282.5516357421875 279.043548583984375 312.616455078125 301.4473876953125 274.4776611328125 247.820587158203125 248.5286102294921875 241.2578582763671875 240.6912078857421875 244.0449981689453125 234.002960205078125 244.832916259765625 242.5195159912109375 237.910614013671875 236.7834320068359375 246.05865478515625 249.5401458740234375 250.0876617431640625 245.8718719482421875 242.1937103271484375 242.4604034423828125 242.9234619140625 242.5805816650390625 247.22430419921875 243.5970306396484375 234.3892974853515625 214.4774017333984375 201.865081787109375 194.0233001708984375 196.7833404541015625 212.916961669921875 232.486724853515625
205.9063873291015625 202.68609619140625 199.1799468994140625 198.800994873046875 204.4144439697265625 206.7503509521484375 194.2440948486328125 210.6902923583984375 206.3537445068359375 210.82940673828125 224.5005950927734375 237.14483642578125 244.0825042724609375 235.9561614990234375 220.76605224609375 226.90802001953125 259.01519775390625 276.825042724609375 275.6090087890625 266.564605712890625 270.638519287109375 296.89886474609375 313.675323486328125 300.03289794921875 251.3618316650390625 234.7169647216796875 236.052154541015625 234.1630859375 234.002960205078125 234.9537506103515625 235.38470458984375 235.2736968994140625 232.66265869140625 230.2436981201171875 231.63726806640625 221.5835723876953125 240.955535888671875 235.88525390625 230.658050537109375 229.2631683349609375 227.0122222900390625 225.168243408203125 230.6213226318359375 235.6384429931640625 231.7343292236328125 216.9612274169921875 188.7874908447265625 191.9016571044921875 195.1743316650390625 206.5695037841796875 227.8687896728515625
-9999 209.506134033203125 198.80145263671875 196.927642822265625 194.4255828857421875 201.442962646484375 194.2440948486328125 191.8388671875 192.8663787841796875 199.0720977783203125 188.681640625 213.2059173583984375 225.6335906982421875 228.2155609130859375 215.2511444091796875 208.91864013671875 234.5171356201171875 259.57373046875 261.486968994140625 280.77093505859375 282.484344482421875 287.7938232421875 296.456817626953125 276.772552490234375 250.792327880859375 234.7169647216796875 233.5382843017578125 234.3480682373046875 227.909088134765625 226.530548095703125 228.902557373046875 226.907867431640625 227.3194122314453125 226.8919525146484375 221.583343505859375 225.24725341796875 229.5120697021484375 225.649505615234375 221.3997802734375 215.9051971435546875 215.9051971435546875 211.8632354736328125 212.2125091552734375 223.1998291015625 223.9403533935546875 216.429718017578125 196.7809295654296875 188.7874908447265625 187.4591217041015625 199.51953125 199.51953125
-9999 -9999 207.2186279296875 200.2049713134765625 193.383575439453125 190.439361572265625 188.6360321044921875 187.7527923583984375 188.8175811767578125 188.6814117431640625 191.1451873779296875 195.9347991943359375 206.40496826171875 213.5492401123046875 213.2267303466796875 203.983306884765625 223.113311767578125 242.5058441162109375 242.5058441162109375 274.6451416015625 284.413665771484375 276.40606689453125 265.076446533203125 257.26812744140625 250.64208984375 236.9365997314453125 232.348724365234375 234.7305908203125 232.0140380859375 221.6121978759765625 222.44598388671875 220.2398834228515625 219.384765625 222.377471923828125 218.525726318359375 214.9743194580078125 216.4932708740234375 206.6569366455078125 212.4227447509765625 211.1341552734375 211.4739837646484375 205.2582244873046875 200.5335235595703125 206.1318817138671875 214.3486785888671875 210.811859130859375 192.7009735107421875 182.6377105712890625 182.373626708984375 194.1439208984375 221.1998291015625
-9999 -9999 212.7823333740234375 202.083160400390625 197.4953155517578125 192.807373046875 189.143585205078125 187.954833984375 186.86517333984375 186.905853271484375 187.43829345703125 188.997161865234375 185.7443084716796875 200.6209564208984375 204.9370880126953125 201.794464111328125 217.96722412109375 235.18017578125 256.38397216796875 265.220428466796875 260.44757080078125 255.99114990234375 251.9571380615234375 250.5468292236328125 247.853515625 236.11431884765625 230.158599853515625 230.844879150390625 231.92730712890625 221.9488983154296875 216.9285430908203125 217.0665435791015625 211.975433349609375 214.8919830322265625 216.4051055908203125 202.9710235595703125 206.6569366455078125 204.89300537109375 205.546844482421875 204.5818634033203125 205.113739013671875 201.1264190673828125 194.91192626953125 196.8753204345703125 202.2138671875 209.1339263916015625 191.8805999755859375 180.3416290283203125 184.4109039306640625 189.7818450927734375 205.167755126953125
-9999 -9999 -9999 206.7840423583984375 -9999 -9999 193.4593353271484375 193.50750732421875 192.1159820556640625 186.8649444580078125 185.7443084716796875 185.74407958984375 191.72698974609375 199.4848785400390625 200.5515289306640625 189.1716766357421875 206.4158782958984375 228.3565826416015625 236.80743408203125 239.5960540771484375 236.49859619140625 239.9046630859375 241.0340423583984375 240.0164947509765625 240.888092041015625 235.8187255859375 219.35968017578125 225.133880615234375 225.62225341796875 221.687744140625 209.0503082275390625 207.1931610107421875 206.259979248046875 208.850799560546875 214.302642822265625 212.7572784423828125 202.9710235595703125 197.5755462646484375 199.093841552734375 197.578277587890625 196.20660400390625 195.6297149658203125 190.8236083984375 187.7989501953125 190.4070281982421875 193.438690185546875 190.6616058349609375 169.689056396484375 180.1406707763671875 187.2451324462890625 177.5213775634765625
-9999 -9999 -9999 -9999 -9999 -9999 -9999 -9999 -9999 195.6116485595703125 190.2397918701171875 186.6265106201171875 185.7438507080078125 190.8293609619140625 191.5469970703125 189.17144775390625 194.58990478515625 205.4570159912109375 214.5738983154296875 217.7740936279296875 226.083343505859375 226.6329803466796875 226.614349365234375 227.5964508056640625 229.572601318359375 229.583892822265625 225.2964324951171875 219.3594512939453125 218.2395477294921875 217.2701873779296875 210.037506103515625 199.32415771484375 197.9256439208984375 200.534454345703125 207.9417266845703125 210.6607666015625 204.453826904296875 197.02972412109375 190.1631927490234375 189.82574462890625 189.4705657958984375 187.5593414306640625 183.9394378662109375 181.10162353515625 183.5944061279296875 188.338409423828125 187.5464019775390625 180.331512451171875 169.6888275146484375 177.521148681640625 191.26898193359375
-9999 -9999 -9999 -9999 -9999 -9999 -9999 -9999 -9999 194.2663726806640625 191.049102783203125 189.7024383544921875 187.8114013671875 185.743621826171875 185.7091064453125 183.8309783935546875 187.428070068359375 183.8309783935546875 201.196502685546875 201.878387451171875 204.688232421875 209.2498931884765625 212.2769317626953125 216.1290283203125 195.5804595947265625 216.253997802734375 214.4395599365234375 212.071533203125 211.468414306640625 213.55059814453125 210.9133758544921875 201.767547607421875 193.353271484375 197.253021240234375 199.2123260498046875 202.6215972900390625 196.4289093017578125 196.7326202392578125 189.1922454833984375 184.1085205078125 183.00634765625 182.4009552001953125 180.570037841796875 180.5702667236328125 184.249664306640625 181.954193115234375 182.910736083984375 175.257049560546875 162.11138916015625 172.307647705078125 182.734649658203125
-9999 -9999 -9999 -9999 -9999 -9999 -9999 -9999 -9999 189.38739013671875 188.3308258056640625 189.379119873046875 189.3189849853515625 189.3592987060546875 189.28936767578125 187.4312591552734375 183.83074951171875 187.48626708984375 190.41015625 192.38470458984375 192.76055908203125 194.22125244140625 193.893524169921875 195.5804595947265625 196.0059661865234375 199.0627593994140625 198.8988494873046875 198.7215423583984375 202.0927581787109375 205.31988525390625 205.05047607421875 203.290802001953125 196.32440185546875 190.3546142578125 191.2044219970703125 195.0317535400390625 192.1091766357421875 186.627716064453125 184.910552978515625 183.2976226806640625 180.569580078125 180.5698089599609375 181.791778564453125 195.097686767578125 203.4411163330078125 182.17657470703125 177.4913482666015625 168.769927978515625 159.209259033203125 166.274810791015625 172.1041717529296875
-9999 -9999 -9999 -9999 -9999 -9999 -9999 -9999 -9999 186.162200927734375 186.162200927734375 186.4354095458984375 187.3496551513671875 189.060546875 188.0990753173828125 189.22943115234375 187.1815948486328125 183.8305206298828125 183.02020263671875 182.0042572021484375 187.039581298828125 185.3191986083984375 184.26397705078125 182.78875732421875 181.4457244873046875 182.5839385986328125 183.0989227294921875 181.728515625 187.436737060546875 193.954498291015625 197.061553955078125 197.856658935546875 195.7449493408203125 183.728607177734375 186.492156982421875 187.7873687744140625 185.94146728515625 184.4627685546875 183.5927886962890625 182.2902069091796875 182.9558258056640625 182.2793121337890625 185.85113525390625 191.854339599609375 206.0459747314453125 191.9282073974609375 185.2287445068359375 175.9143829345703125 159.4881439208984375 156.0798492431640625 165.68951416015625
-9999 -9999 -9999 -9999 -9999 -9999 -9999 -9999 -9999 -9999 187.731903076171875 187.471954345703125 185.388916015625 185.3891448974609375 186.2493743896484375 187.75518798828125 187.95379638671875 188.261138916015625 185.6282806396484375 182.2572174072265625 182.0040283203125 179.679534912109375 178.9129791259765625 177.6200408935546875 177.348541259765625 177.244781494140625 177.244781494140625 176.638824462890625 178.2944793701171875 183.5547027587890625 187.0571136474609375 191.44598388671875 191.416412353515625 187.93682861328125 183.728607177734375 184.7838592529296875 184.7838592529296875 183.593017578125 188.398284912109375 188.87432861328125 196.8414154052734375 185.8601531982421875 186.27569580078125 185.8513641357421875 196.2732391357421875 195.7272796630859375 183.4490509033203125 165.707000732421875 158.6008453369140625 162.42822265625 156.079620361328125
-9999 -9999 -9999 -9999 -9999 -9999 -9999 -9999 -9999 -9999 -9999 -9999 188.3408660888671875 188.0083160400390625 185.7940216064453125 184.8909454345703125 184.8672943115234375 182.1198883056640625 183.6067657470703125 175.307525634765625 177.9153594970703125 176.535888671875 177.8364410400390625 178.5728607177734375 176.956024169921875 178.348724365234375 177.9321746826171875 175.68658447265625 175.68658447265625 175.491058349609375 178.8115081787109375 183.4033355712890625 184.9628448486328125 183.56292724609375 176.902099609375 184.5515289306640625 188.352996826171875 200.5464935302734375 209.5413055419921875 205.992095947265625 200.259185791015625 194.3471221923828125 189.7698211669921875 195.324737548828125 196.569122314453125 198.651763916015625 187.3143157958984375 178.755035400390625 161.0218353271484375 164.979339599609375 156.0793914794921875
-9999 -9999 -9999 -9999 -9999 -9999 -9999 -9999 -9999 -9999 -9999 -9999 -9999 -9999 -9999 -9999 -9999 183.803497314453125 182.1198883056640625 177.9445343017578125 174.4292755126953125 174.42950439453125 174.4297332763671875 174.916595458984375 175.8748779296875 178.0482940673828125 179.01690673828125 179.2154998779296875 179.205780029296875 178.046966552734375 174.5016632080078125 174.501434326171875 177.2118682861328125 177.3565216064453125 176.902099609375 180.075958251953125 181.7996368408203125 186.6324310302734375 193.7968902587890625 200.1853179931640625 201.2402191162109375 198.35736083984375 195.038970947265625 198.0439605712890625 199.434295654296875 201.1783294677734375 199.8033905029296875 190.0673828125 165.5052947998046875 157.7810821533203125 156.07916259765625
-9999 -9999 -9999 -9999 -9999 -9999 -9999 -9999 -9999 -9999 -9999 -9999 -9999 -9999 -9999 -9999 -9999 -9999 -9999 -9999 179.6102752685546875 178.9912109375 177.362213134765625 175.880157470703125 174.9168243408203125 175.1087493896484375 177.3977203369140625 178.3637237548828125 180.2982940673828125 180.6393890380859375 179.89031982421875 178.179412841796875 174.5012054443359375 175.286773681640625 177.993988037109375 176.783782958984375 174.45361328125 176.6574554443359375 178.9575958251953125 186.573822021484375 194.3414764404296875 195.73858642578125 196.4276885986328125 198.298828125 199.4226531982421875 201.0499114990234375 202.3407745361328125 200.1221923828125 176.3725128173828125 156.0789337158203125 164.0096282958984375
-9999 -9999 -9999 -9999 -9999 -9999 -9999 -9999 -9999 -9999 -9999 -9999 -9999 -9999 -9999 -9999 -9999 -9999 -9999 -9999 -9999 -9999 180.3453369140625 179.85504150390625 178.1944427490234375 174.91705322265625 178.7045745849609375 179.435089111328125 180.3189544677734375 180.7087554931640625 180.466033935546875 179.969268798828125 179.5296630859375 176.26171875 174.25994873046875 173.620635986328125 173.289306640625 170.1748809814453125 172.01416015625 176.83880615234375 182.110107421875 186.39532470703125 191.4720611572265625 195.9834747314453125 195.2810821533203125 199.1470947265625 195.8773651123046875 194.2324371337890625 178.690338134765625 156.078704833984375 164.626556396484375
-9999 -9999 -9999 -9999 -9999 -9999 -9999 -9999 -9999 -9999 -9999 -9999 -9999 -9999 -9999 -9999 -9999 -9999 -9999 -9999 -9999 -9999 181.9026336669921875 181.3243560791015625 177.85321044921875 176.2375640869140625 175.3143310546875 179.5205535888671875 180.1354827880859375 179.2537384033203125 178.1378631591796875 178.399658203125 179.255035400390625 178.837615966796875 177.15496826171875 178.345184326171875 177.9233551025390625 176.9217376708984375 170.0748443603515625 170.5179901123046875 169.523712158203125 173.6006317138671875 181.7280426025390625 187.33709716796875 189.6438140869140625 194.1569671630859375 180.56134033203125 186.2273101806640625 179.735870361328125 158.8630218505859375 156.0784912109375
-9999 -9999 -9999 -9999 -9999 -9999 -9999 -9999 -9999 -9999 -9999 -9999 -9999 -9999 -9999 -9999 -9999 -9999 -9999 -9999 167.4417266845703125 167.8191375732421875 179.5831756591796875 182.2445526123046875 181.2856292724609375 180.4010009765625 175.987762451171875 179.6499176025390625 179.1258544921875 176.6612396240234375 175.6016387939453125 176.225311279296875 177.813812255859375 178.436614990234375 178.4114990234375 178.396148681640625 177.7977294921875 176.3076171875 174.9115753173828125 170.074615478515625 165.9032440185546875 164.6743621826171875 164.67413330078125 173.6861572265625 177.255615234375 185.3060760498046875 184.0150604248046875 180.5611114501953125 178.9101409912109375 167.89666748046875 156.0782623291015625
