gis/160m/processed_dem.asc
ncols        64
nrows        71
xllcorner    726726.000000000000
yllcorner    7127190.000000000000
cellsize     160.000000000000
NODATA_value -9999
[rows 0 to 22 of 71, columns 0 to 50 of 64]
-9999.0 -9999 -9999 -9999 -9999 -9999 -9999 -9999 -9999 -9999 -9999 -9999 -9999 -9999 -9999 -9999 -9999 -9999 -9999 -9999 -9999 -9999 -9999 -9999 -9999 -9999 -9999 -9999 -9999 -9999 -9999 -9999 268.56207275390625 275.58306884765625 285.166046142578125 296.102264404296875 305.325042724609375 -9999 -9999 -9999 -9999 -9999 -9999 -9999 -9999 -9999 -9999 -9999 -9999 -9999 -9999
-9999 -9999 -9999 -9999 -9999 -9999 -9999 -9999 -9999 -9999 -9999 -9999 -9999 -9999 -9999 -9999 -9999 -9999 -9999 -9999 -9999 -9999 -9999 -9999 -9999 -9999 -9999 -9999 276.48309326171875 270.8599853515625 268.845062255859375 268.082550048828125 267.459503173828125 271.66180419921875 281.436065673828125 291.763763427734375 303.765655517578125 -9999 -9999 -9999 -9999 -9999 -9999 -9999 -9999 -9999 -9999 -9999 -9999 -9999 -9999
-9999 -9999 -9999 -9999 -9999 -9999 -9999 -9999 -9999 -9999 -9999 -9999 -9999 -9999 -9999 -9999 -9999 -9999 -9999 -9999 -9999 -9999 -9999 -9999 -9999 -9999 289.645721435546875 283.33770751953125 277.081756591796875 271.19073486328125 269.3773193359375 267.480804443359375 266.67645263671875 264.568359375 278.93060302734375 287.90972900390625 301.98699951171875 310.90814208984375 308.810333251953125 -9999 313.2684326171875 308.927459716796875 304.73291015625 298.81658935546875 284.4439697265625 -9999 -9999 -9999 -9999 -9999 -9999
-9999 -9999 -9999 -9999 -9999 -9999 -9999 -9999 -9999 -9999 -9999 -9999 -9999 -9999 -9999 -9999 -9999 -9999 -9999 -9999 -9999 -9999 -9999 -9999 -9999 -9999 -9999 285.8155517578125 280.88848876953125 274.404632568359375 267.480804443359375 267.376007080078125 264.568115234375 265.6435546875 272.899627685546875 283.981170654296875 299.042205810546875 309.599700927734375 306.172210693359375 310.8775634765625 310.820404052734375 304.34710693359375 299.997894287109375 293.417449951171875 277.8138427734375 264.4835205078125 263.756591796875 273.061981201171875 301.455810546875 327.064727783203125 -9999
-9999 -9999 -9999 -9999 -9999 -9999 -9999 -9999 -9999 -9999 -9999 -9999 -9999 -9999 -9999 -9999 -9999 -9999 -9999 -9999 308.56280517578125 -9999 -9999 293.541168212890625 292.927581787109375 293.532623291015625 288.3055419921875 287.218353271484375 285.02105712890625 275.93463134765625 269.4439697265625 268.785430908203125 262.38458251953125 262.384796142578125 270.655548095703125 279.9114990234375 286.697021484375 295.358062744140625 298.554931640625 295.45709228515625 300.29058837890625 299.166107177734375 294.83575439453125 286.25201416015625 263.32415771484375 263.32415771484375 265.779022216796875 281.453399658203125 301.2686767578125 321.0162353515625 331.13995361328125
-9999 -9999 -9999 -9999 -9999 -9999 -9999 -9999 -9999 -9999 -9999 -9999 -9999 -9999 -9999 -9999 -9999 -9999 325.499481201171875 325.6044921875 309.7421875 294.24114990234375 294.24114990234375 288.536865234375 289.894775390625 288.965728759765625 278.4266357421875 283.9462890625 282.6690673828125 279.473724365234375 269.484710693359375 266.649078369140625 264.497314453125 262.38433837890625 264.9052734375 268.874420166015625 265.106414794921875 279.167877197265625 279.458221435546875 282.35333251953125 288.86578369140625 292.872650146484375 294.255584716796875 286.114044189453125 269.304931640625 263.32391357421875 271.903717041015625 291.157806396484375 298.75921630859375 311.974884033203125 321.13104248046875
-9999 -9999 -9999 -9999 -9999 -9999 -9999 -9999 -9999 -9999 -9999 -9999 -9999 -9999 -9999 -9999 -9999 -9999 314.46759033203125 319.704986572265625 314.301361083984375 302.2662353515625 296.20611572265625 290.288482666015625 289.123443603515625 286.860687255859375 284.72344970703125 278.4263916015625 278.426177978515625 276.517303466796875 276.16644287109375 283.2889404296875 286.006011962890625 268.769317626953125 260.74151611328125 261.176910400390625 265.106414794921875 269.100982666015625 276.222686767578125 287.704376220703125 297.510894775390625 295.683441162109375 291.2591552734375 280.86773681640625 267.123626708984375 263.02349853515625 275.505584716796875 292.91595458984375 301.594512939453125 305.692474365234375 312.148590087890625
-9999 -9999 -9999 -9999 -9999 -9999 -9999 -9999 -9999 -9999 -9999 -9999 -9999 -9999 -9999 -9999 -9999 305.795654296875 307.61419677734375 312.33660888671875 312.501678466796875 302.968963623046875 299.753509521484375 294.4676513671875 288.8760986328125 286.645172119140625 282.047943115234375 278.736663818359375 282.7923583984375 277.986328125 279.636505126953125 281.981658935546875 285.192169189453125 278.871002197265625 262.40435791015625 259.3966064453125 260.8817138671875 269.478240966796875 283.429107666015625 298.559722900390625 302.4278564453125 299.684814453125 286.5723876953125 265.70550537109375 265.70526123046875 260.11492919921875 277.6761474609375 291.19866943359375 299.865234375 305.5625 307.8553466796875
-9999 -9999 -9999 -9999 -9999 -9999 -9999 -9999 -9999 -9999 -9999 -9999 -9999 -9999 -9999 333.778289794921875 333.686187744140625 313.08001708984375 303.0462646484375 306.5325927734375 309.9097900390625 305.584228515625 297.966278076171875 295.18701171875 290.9189453125 289.14208984375 293.513916015625 282.859344482421875 281.02313232421875 280.64697265625 280.75592041015625 280.4267578125 279.79083251953125 280.605804443359375 270.757843017578125 260.830169677734375 259.3963623046875 265.790924072265625 258.67034912109375 288.44927978515625 292.149871826171875 293.1590576171875 281.784820556640625 271.429718017578125 267.97760009765625 253.9227447509765625 272.983551025390625 295.779693603515625 301.498138427734375 306.175567626953125 308.716033935546875
-9999 -9999 -9999 -9999 -9999 -9999 -9999 -9999 -9999 -9999 -9999 -9999 -9999 -9999 321.140106201171875 328.32073974609375 337.39776611328125 325.24176025390625 306.156890869140625 298.172393798828125 302.009185791015625 302.729034423828125 299.61883544921875 296.07379150390625 292.987823486328125 297.1531982421875 306.19451904296875 307.8597412109375 291.622833251953125 287.680633544921875 286.994232177734375 282.84033203125 269.304779052734375 269.304534912109375 265.93841552734375 263.540863037109375 262.183258056640625 258.67010498046875 260.921661376953125 269.951568603515625 277.561431884765625 278.761077880859375 276.8804931640625 265.425018310546875 264.214141845703125 253.922515869140625 271.62628173828125 299.0286865234375 311.57049560546875 315.009735107421875 314.145355224609375
-9999 -9999 -9999 -9999 -9999 -9999 -9999 -9999 -9999 -9999 -9999 -9999 -9999 -9999 318.315765380859375 315.2181396484375 322.16973876953125 323.328338623046875 311.102813720703125 297.9598388671875 295.3565673828125 298.953216552734375 298.37225341796875 296.093414306640625 293.37738037109375 294.649383544921875 298.08538818359375 310.41790771484375 303.7928466796875 286.119964599609375 281.20989990234375 281.318603515625 282.219573974609375 291.24542236328125 282.292236328125 276.202728271484375 267.21923828125 262.291900634765625 258.669891357421875 260.1907958984375 270.808135986328125 274.22418212890625 268.29901123046875 257.917724609375 250.671478271484375 240.5185089111328125 280.4078369140625 313.842437744140625 332.825927734375 324.802947998046875 324.292022705078125
-9999 -9999 -9999 -9999 -9999 -9999 -9999 -9999 -9999 -9999 -9999 -9999 -9999 -9999 321.76568603515625 310.569000244140625 309.465576171875 314.5260009765625 310.2557373046875 302.60821533203125 293.141021728515625 294.430877685546875 295.891387939453125 295.562225341796875 293.350860595703125 291.26458740234375 291.530059814453125 297.965118408203125 302.592132568359375 289.745635986328125 282.901519775390625 299.55706787109375 305.26263427734375 309.30120849609375 305.58807373046875 313.6181640625 302.395538330078125 275.793853759765625 264.701446533203125 258.669647216796875 261.1907958984375 265.446990966796875 265.202392578125 249.3769073486328125 240.518280029296875 258.574249267578125 283.12237548828125 310.563507080078125 335.740966796875 336.592315673828125 331.544677734375
-9999 -9999 -9999 -9999 -9999 -9999 -9999 -9999 -9999 -9999 -9999 -9999 -9999 -9999 -9999 307.950531005859375 299.462158203125 296.963348388671875 296.963104248046875 294.409393310546875 293.78155517578125 290.258392333984375 291.49822998046875 299.033966064453125 309.523834228515625 316.009613037109375 295.558319091796875 293.57470703125 300.442291259765625 291.662994384765625 278.996795654296875 300.1002197265625 313.413726806640625 302.326751708984375 308.30999755859375 336.499725341796875 322.709869384765625 291.5321044921875 273.371673583984375 271.01898193359375 259.107421875 261.3529052734375 254.506683349609375 239.987213134765625 237.5206451416015625 273.535736083984375 291.506805419921875 310.665252685546875 325.317596435546875 338.9622802734375 340.18890380859375
-9999 -9999 -9999 -9999 -9999 -9999 -9999 -9999 -9999 -9999 -9999 -9999 -9999 -9999 -9999 307.84185791015625 308.163421630859375 315.897369384765625 304.583740234375 295.260162353515625 290.115020751953125 289.3824462890625 287.79248046875 291.856903076171875 300.486541748046875 309.41546630859375 303.570831298828125 290.188201904296875 292.446197509765625 288.1629638671875 277.691986083984375 283.72906494140625 300.283416748046875 291.321685791015625 316.42742919921875 325.316131591796875 320.3173828125 297.021392822265625 276.987335205078125 269.014984130859375 262.994598388671875 254.31805419921875 247.3530731201171875 237.520416259765625 257.561859130859375 290.6470947265625 308.061767578125 321.331695556640625 337.44134521484375 349.193939208984375 347.114837646484375
-9999 -9999 -9999 -9999 -9999 -9999 -9999 -9999 -9999 -9999 -9999 -9999 -9999 -9999 -9999 -9999 -9999 328.388397216796875 329.198028564453125 323.5496826171875 305.01123046875 293.752471923828125 288.2432861328125 287.63427734375 295.44793701171875 301.358917236328125 304.1575927734375 293.695526123046875 283.663360595703125 287.436370849609375 281.535186767578125 273.742340087890625 282.883880615234375 284.09619140625 315.25579833984375 317.553955078125 311.626495361328125 296.431365966796875 276.971588134765625 269.291778564453125 263.92413330078125 249.463897705078125 242.6157989501953125 237.5201873779296875 255.32794189453125 286.96185302734375 303.28814697265625 319.575103759765625 336.930511474609375 347.277191162109375 -9999
-9999 -9999 -9999 -9999 -9999 298.301239013671875 -9999 -9999 -9999 -9999 -9999 -9999 -9999 -9999 -9999 -9999 -9999 322.129241943359375 325.4132080078125 321.3895263671875 315.39794921875 313.403656005859375 303.426055908203125 293.566497802734375 286.248565673828125 287.3985595703125 293.623199462890625 291.534820556640625 282.111175537109375 278.925323486328125 282.482940673828125 273.430328369140625 268.28985595703125 272.946533203125 290.500274658203125 310.06976318359375 301.85223388671875 295.211578369140625 280.228790283203125 266.833831787109375 255.62640380859375 248.523712158203125 241.553985595703125 237.51995849609375 246.722564697265625 267.860595703125 292.330230712890625 314.81103515625 333.00054931640625 342.78363037109375 343.845977783203125
-9999 -9999 -9999 286.10614013671875 285.065185546875 291.1282958984375 295.5906982421875 -9999 -9999 -9999 -9999 -9999 -9999 -9999 -9999 -9999 317.239227294921875 314.813934326171875 318.128082275390625 316.772979736328125 310.364501953125 307.922760009765625 307.594818115234375 304.72467041015625 291.645538330078125 284.048248291015625 283.353424072265625 286.855194091796875 282.091217041015625 276.302459716796875 271.95635986328125 274.355621337890625 264.2320556640625 264.597442626953125 268.25860595703125 287.185638427734375 289.6041259765625 288.90960693359375 280.22833251953125 270.231658935546875 256.746063232421875 250.2773895263671875 242.6251678466796875 236.4169158935546875 237.986785888671875 253.5055389404296875 280.899169921875 306.176513671875 331.33953857421875 350.950653076171875 351.512847900390625
-9999 -9999 -9999 -9999 281.77301025390625 278.530548095703125 282.6099853515625 -9999 -9999 -9999 -9999 -9999 -9999 -9999 -9999 -9999 324.16754150390625 314.83154296875 311.005645751953125 312.05328369140625 307.59454345703125 303.513885498046875 300.860565185546875 300.79327392578125 297.51763916015625 289.15234375 284.034759521484375 280.520843505859375 278.84442138671875 272.31842041015625 271.95611572265625 272.48541259765625 265.709136962890625 257.920928955078125 257.394073486328125 260.809417724609375 268.81378173828125 273.90020751953125 241.0113677978515625 256.41937255859375 249.9094696044921875 246.1074371337890625 244.0679931640625 244.5818939208984375 231.762542724609375 231.762542724609375 258.85540771484375 289.705078125 319.851715087890625 350.661865234375 367.277679443359375
-9999 -9999 -9999 -9999 276.830291748046875 274.10211181640625 276.49407958984375 284.96649169921875 284.861785888671875 -9999 -9999 -9999 -9999 -9999 328.04107666015625 325.839752197265625 323.194549560546875 317.785400390625 306.559356689453125 303.581573486328125 303.180755615234375 299.816314697265625 296.27642822265625 295.010711669921875 296.771881103515625 292.68841552734375 283.58502197265625 279.20367431640625 273.601776123046875 270.335723876953125 267.679412841796875 271.7288818359375 269.912872314453125 250.5458221435546875 252.1022491455078125 249.631072998046875 243.3199005126953125 246.413726806640625 241.0113677978515625 241.011138916015625 241.0109100341796875 238.187286376953125 238.1870574951171875 247.01995849609375 234.6920166015625 231.7623138427734375 247.0764617919921875 269.516387939453125 297.88604736328125 338.65234375 355.010040283203125
-9999 -9999 -9999 275.612762451171875 272.194183349609375 271.61724853515625 270.621063232421875 272.55615234375 275.45318603515625 277.9981689453125 288.741546630859375 303.39898681640625 315.45062255859375 -9999 324.500885009765625 321.35546875 317.741241455078125 314.627960205078125 305.765838623046875 297.58612060546875 298.104827880859375 294.853179931640625 292.267120361328125 291.471435546875 291.351715087890625 289.10760498046875 284.3251953125 276.53759765625 271.188201904296875 269.447906494140625 265.112884521484375 268.2860107421875 264.71380615234375 258.173065185546875 250.54559326171875 244.5863800048828125 243.3199005126953125 243.319671630859375 252.2493438720703125 264.12261962890625 270.22076416015625 256.831573486328125 239.3423919677734375 238.18682861328125 234.2643280029296875 226.880340576171875 233.9658660888671875 253.7680816650390625 279.668426513671875 318.937042236328125 341.984039306640625
-9999 -9999 295.417755126953125 282.89495849609375 277.847564697265625 280.938751220703125 277.382476806640625 270.00103759765625 270.000823974609375 276.162689208984375 287.371246337890625 287.371246337890625 313.84649658203125 325.7757568359375 325.590789794921875 317.80633544921875 299.6134033203125 307.9530029296875 302.92938232421875 293.35198974609375 291.997314453125 292.089630126953125 290.26324462890625 291.5213623046875 290.352508544921875 289.4903564453125 282.61065673828125 276.945953369140625 271.235626220703125 267.6160888671875 264.615447998046875 261.50482177734375 258.173309326171875 258.210479736328125 267.599945068359375 264.5389404296875 260.944244384765625 264.814239501953125 244.651031494140625 281.62176513671875 275.742523193359375 273.315948486328125 262.380584716796875 232.497222900390625 232.4969940185546875 223.84674072265625 226.1135101318359375 239.5973052978515625 266.97137451171875 295.290802001953125 319.040771484375
-9999 -9999 -9999 297.08544921875 304.339019775390625 303.883575439453125 300.74188232421875 289.44952392578125 271.227813720703125 270.000579833984375 284.16748046875 302.27618408203125 312.503173828125 319.6802978515625 328.33001708984375 320.28192138671875 307.438323974609375 299.6131591796875 296.895782470703125 291.43121337890625 287.460601806640625 287.772705078125 287.76947021484375 288.01971435546875 289.30133056640625 292.12725830078125 287.57806396484375 280.47027587890625 272.308563232421875 265.217681884765625 265.422210693359375 259.863922119140625 258.548583984375 271.913421630859375 287.354278564453125 286.924591064453125 278.690765380859375 279.47406005859375 285.692352294921875 294.56072998046875 308.10809326171875 272.625091552734375 262.6658935546875 248.325286865234375 235.184967041015625 224.642822265625 213.4036102294921875 230.561279296875 257.2615966796875 270.97186279296875 292.8475341796875
-9999 -9999 -9999 -9999 320.047943115234375 322.691925048828125 321.880126953125 316.329254150390625 300.916229248046875 273.304229736328125 266.5120849609375 285.377777099609375 303.28021240234375 313.683074951171875 320.7828369140625 319.9805908203125 307.188995361328125 295.616058349609375 290.114532470703125 288.565216064453125 285.23272705078125 285.53009033203125 285.005859375 283.812164306640625 285.24188232421875 287.197540283203125 287.845794677734375 286.628936767578125 275.753875732421875 265.876800537109375 260.109619140625 262.1279296875 262.849761962890625 282.353729248046875 300.7532958984375 303.360626220703125 293.707061767578125 287.77008056640625 291.7005615234375 302.145843505859375 311.648101806640625 297.676483154296875 258.515777587890625 249.2468109130859375 232.880462646484375 223.27288818359375 213.40338134765625 221.56829833984375 238.259552001953125 252.0244598388671875 269.774688720703125
