gis/160m/slope.asc
ncols        64
nrows        71
xllcorner    726726.000000000000
yllcorner    7127190.000000000000
cellsize     160.000000000000
NODATA_value -9999
[rows 0 to 21 of 71, columns 0 to 48 of 64]
-9999.0 -9999 -9999 -9999 -9999 -9999 -9999 -9999 -9999 -9999 -9999 -9999 -9999 -9999 -9999 -9999 -9999 -9999 -9999 -9999 -9999 -9999 -9999 -9999 -9999 -9999 -9999 -9999 -9999 -9999 -9999 -9999 0.57415699958801269531 2.0434412956237792969 2.9565603733062744141 2.7021625041961669922 2.0933768749237060547 -9999 -9999 -9999 -9999 -9999 -9999 -9999 -9999 -9999 -9999 -9999 -9999
-9999 -9999 -9999 -9999 -9999 -9999 -9999 -9999 -9999 -9999 -9999 -9999 -9999 -9999 -9999 -9999 -9999 -9999 -9999 -9999 -9999 -9999 -9999 -9999 -9999 -9999 -9999 -9999 1.5148115158081054688 1.0477620363235473633 0.3829803466796875 0.49679458141326904297 1.1934180259704589844 3.3094360828399658203 4.4525175094604492188 3.9975957870483398438 2.9446732997894287109 -9999 -9999 -9999 -9999 -9999 -9999 -9999 -9999 -9999 -9999 -9999 -9999
-9999 -9999 -9999 -9999 -9999 -9999 -9999 -9999 -9999 -9999 -9999 -9999 -9999 -9999 -9999 -9999 -9999 -9999 -9999 -9999 -9999 -9999 -9999 -9999 -9999 -9999 0.87171310186386108398 1.2580963373184204102 2.1344735622406005859 2.0807983875274658203 0.64781039953231811523 0.63781905174255371094 0.77437800168991088867 2.4891159534454345703 4.1772227287292480469 5.0370421409606933594 3.5207669734954833984 1.5802869796752929688 0.44063037633895874023 -9999 0.4706497490406036377 1.1589434146881103516 1.5600988864898681641 3.4457044601440429688 3.1893253326416015625 -9999 -9999 -9999 -9999
-9999 -9999 -9999 -9999 -9999 -9999 -9999 -9999 -9999 -9999 -9999 -9999 -9999 -9999 -9999 -9999 -9999 -9999 -9999 -9999 -9999 -9999 -9999 -9999 -9999 -9999 -9999 1.1957485675811767578 2.4845452308654785156 2.7074079513549804688 1.2936452627182006836 0.7093169093132019043 0.7562770843505859375 1.9002711772918701172 4.1224961280822753906 5.2833700180053710938 4.8137979507446289062 3.1178352832794189453 2.2166092395782470703 2.5475621223449707031 2.2542085647583007812 1.2110650539398193359 2.8223040103912353516 6.0231418609619140625 6.3405256271362304688 3.1290857791900634766 2.2833695411682128906 5.5719313621520996094 5.5103001594543457031
-9999 -9999 -9999 -9999 -9999 -9999 -9999 -9999 -9999 -9999 -9999 -9999 -9999 -9999 -9999 -9999 -9999 -9999 -9999 -9999 1.6291915178298950195 -9999 -9999 0.7150630950927734375 1.1703169345855712891 1.6161890029907226562 1.0902447700500488281 0.79500651359558105469 1.6466779708862304688 2.8179297447204589844 1.7498151063919067383 0.53194642066955566406 1.1875221729278564453 1.1301169395446777344 3.9979262351989746094 4.8897032737731933594 6.1370749473571777344 6.8625669479370117188 6.0539765357971191406 4.9280228614807128906 3.6155245304107666016 2.5478541851043701172 2.5065481662750244141 5.4622721672058105469 5.3331499099731445312 0.45667779445648193359 4.5018014907836914062 6.6496248245239257812 7.182949066162109375
-9999 -9999 -9999 -9999 -9999 -9999 -9999 -9999 -9999 -9999 -9999 -9999 -9999 -9999 -9999 -9999 -9999 -9999 1.3463971614837646484 2.8631598949432373047 2.50191497802734375 3.7753865718841552734 1.1768642663955688477 0.49890479445457458496 0.7539997100830078125 1.6282845735549926758 2.0548546314239501953 1.5492485761642456055 1.5513041019439697266 2.2407717704772949219 1.7034832239151000977 2.6173837184906005859 3.0404257774353027344 1.917664647102355957 1.0796079635620117188 3.6597261428833007812 5.2288484573364257812 5.0193753242492675781 3.4042596817016601562 3.4241158962249755859 1.4513665437698364258 0.48568925261497497559 2.5560462474822998047 4.4589338302612304688 4.0905566215515136719 1.2795146703720092773 5.2042303085327148438 5.5564298629760742188 6.0566935539245605469
-9999 -9999 -9999 -9999 -9999 -9999 -9999 -9999 -9999 -9999 -9999 -9999 -9999 -9999 -9999 -9999 -9999 -9999 2.4923443794250488281 2.2874634265899658203 3.31928253173828125 3.1831178665161132812 2.006256103515625 1.4671462774276733398 0.98857277631759643555 1.0650831460952758789 1.3861856460571289062 0.38934731483459472656 0.39659923315048217773 1.2678858041763305664 2.0060698986053466797 2.8058981895446777344 3.5928506851196289062 3.9082295894622802734 2.0409772396087646484 0.74746483564376831055 2.3814911842346191406 2.5034344196319580078 3.0499455928802490234 3.3797001838684082031 2.7941701412200927734 1.2438730001449584961 3.1396043300628662109 4.7608294486999511719 3.6874456405639648438 1.6050412654876708984 5.9587664604187011719 4.6934571266174316406 2.6746342182159423828
-9999 -9999 -9999 -9999 -9999 -9999 -9999 -9999 -9999 -9999 -9999 -9999 -9999 -9999 -9999 -9999 -9999 1.9038426876068115234 1.0879495143890380859 1.8881881237030029297 2.1301469802856445312 2.2147886753082275391 2.001922607421875 2.1779520511627197266 0.77394002676010131836 1.7221570014953613281 1.3246862888336181641 1.05222320556640625 1.4273694753646850586 0.24290487170219421387 1.0645244121551513672 0.90109544992446899414 1.33074188232421875 3.3502876758575439453 2.9882748126983642578 1.2438017129898071289 1.6141706705093383789 2.9344146251678466797 4.2822475433349609375 4.1484518051147460938 1.1221059560775756836 2.9916560649871826172 3.6926584243774414062 4.7181677818298339844 3.1819655895233154297 1.4508703947067260742 7.0807433128356933594 4.8305206298828125 1.7975614070892333984
-9999 -9999 -9999 -9999 -9999 -9999 -9999 -9999 -9999 -9999 -9999 -9999 -9999 -9999 -9999 0.83694207668304443359 2.5337581634521484375 5.2877092361450195312 1.9984995126724243164 1.2757874727249145508 0.82277607917785644531 2.2531802654266357422 1.2314953804016113281 1.6253110170364379883 1.4491525888442993164 2.2570524215698242188 2.7702734470367431641 2.9863352775573730469 3.354717254638671875 3.2422325611114501953 0.38131940364837646484 1.3013247251510620117 1.9079151153564453125 2.7652959823608398438 2.8105688095092773438 0.95497906208038330078 1.1212761402130126953 2.9108207225799560547 4.3466687202453613281 5.322673797607421875 3.7646119594573974609 3.3160314559936523438 4.4213714599609375 4.1820659637451171875 3.4675393104553222656 1.744885563850402832 8.0270786285400390625 5.8916611671447753906 2.5231728553771972656
-9999 -9999 -9999 -9999 -9999 -9999 -9999 -9999 -9999 -9999 -9999 -9999 -9999 -9999 1.629159092903137207 3.0163440704345703125 2.0376005172729492188 4.7134432792663574219 3.7659890651702880859 2.0889005661010742188 0.96750682592391967773 1.2596212625503540039 0.68831229209899902344 0.9315497279167175293 0.19766414165496826172 1.386600494384765625 1.1157348155975341797 4.2947878837585449219 2.4463787078857421875 2.7149450778961181641 1.3403236865997314453 0.74910086393356323242 2.4375650882720947266 1.6825622320175170898 1.7297699451446533203 4.1883425712585449219 2.2840445041656494141 0.7358430027961730957 5.1902651786804199219 4.8582010269165039062 2.7975671291351318359 2.6568269729614257812 3.9865000247955322266 4.7102594375610351562 3.7784905433654785156 3.1375789642333984375 9.5508575439453125 8.1092214584350585938 5.1825132369995117188
-9999 -9999 -9999 -9999 -9999 -9999 -9999 -9999 -9999 -9999 -9999 -9999 -9999 -9999 1.1995300054550170898 3.2105929851531982422 3.4683907032012939453 3.3403341770172119141 3.7436842918395996094 2.3230993747711181641 0.75438261032104492188 0.82127684354782104492 0.94711756706237792969 0.85206013917922973633 0.39081457257270812988 0.64532721042633056641 1.7207775115966796875 3.7363846302032470703 3.0993289947509765625 1.6992231607437133789 1.612746119499206543 3.0963470935821533203 4.7183618545532226562 6.9414095878601074219 7.0588884353637695312 7.9371933937072753906 8.5353412628173828125 8.2402410507202148438 0.97655123472213745117 3.4754815101623535156 2.2624280452728271484 2.7279732227325439453 4.9491634368896484375 5.3482599258422851562 2.4733295440673828125 5.2707114219665527344 11.007264137268066406 9.24855804443359375 4.63796234130859375
-9999 -9999 -9999 -9999 -9999 -9999 -9999 -9999 -9999 -9999 -9999 -9999 -9999 -9999 2.3509230613708496094 3.4023134708404541016 4.1848559379577636719 3.6915309429168701172 3.7115044593811035156 2.5940165519714355469 1.596477508544921875 1.0432256460189819336 0.76690030097961425781 1.6347098350524902344 1.914226531982421875 1.4406561851501464844 1.0351278781890869141 0.52878737449645996094 2.1242930889129638672 0.82392978668212890625 2.1919841766357421875 3.0902585983276367188 4.4405088424682617188 0.73891866207122802734 5.4207777976989746094 7.2678141593933105469 7.6447653770446777344 8.4609975814819335938 5.9430022239685058594 1.6105394363403320312 0.80058693885803222656 2.3960382938385009766 5.5747895240783691406 4.6292486190795898438 1.9751125574111938477 7.5683493614196777344 10.460654258728027344 8.7613306045532226562 4.1626534461975097656
-9999 -9999 -9999 -9999 -9999 -9999 -9999 -9999 -9999 -9999 -9999 -9999 -9999 -9999 -9999 2.3828792572021484375 1.7134457826614379883 0.81842291355133056641 2.7330446243286132812 2.15367889404296875 1.5828449726104736328 1.8565893173217773438 1.0911399126052856445 1.7503449916839599609 3.0588917732238769531 4.9214611053466796875 0.74400168657302856445 0.99057275056838989258 1.5242229700088500977 2.2379109859466552734 0.68501734733581542969 4.9100203514099121094 3.3444564342498779297 1.3307176828384399414 4.3882317543029785156 3.402252197265625 7.0961790084838867188 5.5007510185241699219 3.2132475376129150391 1.4313434362411499023 0.37641739845275878906 1.8834147453308105469 4.7601723670959472656 1.9527963399887084961 5.9517726898193359375 10.258514404296875 9.3746213912963867188 7.4837527275085449219 5.7773885726928710938
-9999 -9999 -9999 -9999 -9999 -9999 -9999 -9999 -9999 -9999 -9999 -9999 -9999 -9999 -9999 1.9129595756530761719 3.4170970916748046875 5.2807612419128417969 5.6762547492980957031 6.854969024658203125 4.0110874176025390625 1.2324085235595703125 0.3680013120174407959 1.5119093656539916992 2.3741502761840820312 2.2691135406494140625 2.6973993778228759766 1.8381173610687255859 1.7317962646484375 2.7770750522613525391 2.5121390819549560547 3.7331502437591552734 4.5121159553527832031 5.6229257583618164062 6.943576812744140625 2.0195069313049316406 5.305377960205078125 5.4559550285339355469 3.8848080635070800781 3.0209445953369140625 2.2326276302337646484 2.5170564651489257812 3.4212639331817626953 0.18793967366218566895 8.6155519485473632812 10.167300224304199219 6.9370942115783691406 6.4839296340942382812 5.0518064498901367188
-9999 -9999 -9999 -9999 -9999 -9999 -9999 -9999 -9999 -9999 -9999 -9999 -9999 -9999 -9999 -9999 -9999 3.9183914661407470703 4.8597898483276367188 5.6708202362060546875 6.0837979316711425781 5.6858415603637695312 2.5651507377624511719 0.22693242132663726807 1.9242726564407348633 2.9908299446105957031 3.1418294906616210938 1.7926937341690063477 1.9416768550872802734 2.3895595073699951172 1.2896732091903686523 2.7224745750427246094 3.9591565132141113281 5.341869354248046875 8.725666046142578125 3.3839306831359863281 5.7413582801818847656 5.3998813629150390625 5.1722865104675292969 3.9667732715606689453 3.4659955501556396484 3.5610604286193847656 3.0065448284149169922 1.6578124761581420898 8.7391214370727539062 10.03887939453125 7.2965979576110839844 6.39588165283203125 5.2397890090942382812
-9999 -9999 -9999 -9999 -9999 2.2327132225036621094 -9999 -9999 -9999 -9999 -9999 -9999 -9999 -9999 -9999 -9999 -9999 1.1305118799209594727 1.4701861143112182617 2.1328363418579101562 2.8863728046417236328 3.1834268569946289062 3.6631145477294921875 2.6479465961456298828 0.27158141136169433594 1.4891872406005859375 1.8564269542694091797 2.9580531120300292969 2.1942059993743896484 1.910182952880859375 1.6492338180541992188 1.6869031190872192383 3.2445268630981445312 5.7516713142395019531 8.7763957977294921875 6.6364898681640625 3.7367010116577148438 5.6605792045593261719 4.7665371894836425781 2.7250363826751708984 4.295932769775390625 3.0745189189910888672 2.3109762668609619141 0.69008862972259521484 6.5814256668090820312 10.0017547607421875 9.2384548187255859375 7.6665892601013183594 6.068340301513671875
-9999 -9999 -9999 0.72940880060195922852 1.4033921957015991211 2.4586801528930664062 2.4134705066680908203 -9999 -9999 -9999 -9999 -9999 -9999 -9999 -9999 -9999 0.26079300045967102051 0.6847584843635559082 0.97169482707977294922 0.65950411558151245117 2.3447766304016113281 1.077266693115234375 1.9813709259033203125 2.5342590808868408203 2.2066397666931152344 1.6456787586212158203 1.1525876522064208984 1.5970249176025390625 1.7934995889663696289 1.8188457489013671875 1.4392017126083374023 1.1009070873260498047 2.5076315402984619141 3.8028516769409179688 7.7250213623046875 7.368663787841796875 7.2087016105651855469 6.8391728401184082031 5.6489090919494628906 3.5838582515716552734 3.7056117057800292969 2.7678315639495849609 1.7215616703033447266 1.0577460527420043945 3.2895283699035644531 9.0478115081787109375 11.059045791625976562 10.17761993408203125 9.181331634521484375
-9999 -9999 -9999 -9999 2.3562436103820800781 2.7521121501922607422 1.9871621131896972656 -9999 -9999 -9999 -9999 -9999 -9999 -9999 -9999 -9999 1.7266985177993774414 1.5111042261123657227 2.5367543697357177734 1.1704242229461669922 1.8668540716171264648 1.1848332881927490234 1.3491503000259399414 1.6074528694152832031 2.2658023834228515625 1.9470465183258056641 1.5477545261383056641 1.673348546028137207 2.2559354305267333984 1.6180522441864013672 0.82054960727691650391 1.1422049999237060547 2.9955530166625976562 2.0278735160827636719 4.8488850593566894531 7.3420557975769042969 8.483367919921875 9.0153932571411132812 8.1948270797729492188 5.616794586181640625 3.9966235160827636719 2.8394284248352050781 1.2779262065887451172 1.1099816560745239258 1.2033067941665649414 5.9086527824401855469 10.976068496704101562 12.063588142395019531 12.136089324951171875
-9999 -9999 -9999 -9999 1.6175138950347900391 1.9573245048522949219 1.6465442180633544922 2.3363983631134033203 1.9123390913009643555 -9999 -9999 -9999 -9999 -9999 0.41507220268249511719 1.6242760419845581055 1.7627964019775390625 2.0911066532135009766 2.937084197998046875 1.6830124855041503906 2.45502471923828125 1.7019591331481933594 0.97438955307006835938 1.2906692028045654297 1.5437127351760864258 2.1874897480010986328 2.3599500656127929688 1.7713687419891357422 1.0036017894744873047 0.96182042360305786133 0.97419255971908569336 0.85838717222213745117 3.4296615123748779297 2.6282825469970703125 1.6285899877548217773 3.4847843647003173828 3.4887006282806396484 3.8307292461395263672 1.1001876592636108398 2.7578575611114501953 3.6563241481781005859 2.0637152194976806641 1.5280392169952392578 1.4788467884063720703 1.9285029172897338867 2.7841007709503173828 8.4865932464599609375 11.558466911315917969 14.099772453308105469
-9999 -9999 -9999 1.6380518674850463867 2.1297092437744140625 0.25675728917121887207 1.1428039073944091797 1.5005975961685180664 1.8985651731491088867 2.5754787921905517578 3.0436720848083496094 3.4267232418060302734 3.194507598876953125 -9999 1.0928902626037597656 2.6541342735290527344 3.1397922039031982422 3.3048985004425048828 3.1884002685546875 2.5687146186828613281 1.4810876846313476562 1.4241691827774047852 0.93687969446182250977 0.79217994213104248047 0.7934271693229675293 1.6824985742568969727 2.3611660003662109375 2.4585716724395751953 1.5762907266616821289 0.80899983644485473633 1.073975682258605957 1.8622944355010986328 2.6654796600341796875 1.5302137136459350586 2.9692859649658203125 4.1125383377075195312 1.8368624448776245117 3.0580739974975585938 4.71100616455078125 8.1558017730712890625 6.7259378433227539062 6.7371611595153808594 3.2263071537017822266 2.7534792423248291016 2.6089496612548828125 2.1711645126342773438 6.2336134910583496094 10.522528648376464844 12.929355621337890625
-9999 -9999 2.4689583778381347656 3.0530793666839599609 5.4577159881591796875 6.9859490394592285156 4.9419188499450683594 2.7791249752044677734 0.89717543125152587891 2.6736471652984619141 5.4634137153625488281 5.7092585563659667969 4.186199188232421875 2.4402191638946533203 1.0946495532989501953 2.8698222637176513672 3.39900970458984375 2.5045964717864990234 2.9857583045959472656 2.5352811813354492188 0.85211527347564697266 1.5311455726623535156 0.9433529973030090332 0.4951712191104888916 0.27283740043640136719 1.1566038131713867188 1.3621922731399536133 2.3174822330474853516 2.4535896778106689453 0.86102473735809326172 1.0901613235473632812 1.674065709114074707 0.58450943231582641602 3.5974974632263183594 6.1959462165832519531 7.5776491165161132812 7.3659253120422363281 6.44106292724609375 6.948337554931640625 7.8055729866027832031 6.5221352577209472656 8.4408016204833984375 5.7388663291931152344 3.6379060745239257812 3.7954971790313720703 1.7309669256210327148 3.8467085361480712891 8.8918895721435546875 11.7798919677734375
-9999 -9999 -9999 3.1984381675720214844 7.214992523193359375 8.7569637298583984375 10.112476348876953125 7.5678162574768066406 5.47821807861328125 2.1712779998779296875 3.7211973667144775391 8.27649688720703125 5.6387844085693359375 2.0642797946929931641 1.7654231786727905273 3.1032342910766601562 3.3909194469451904297 2.1086277961730957031 2.5232496261596679688 1.9897065162658691406 1.0112512111663818359 0.93917632102966308594 1.0175765752792358398 1.2656220197677612305 1.0758383274078369141 1.0321768522262573242 1.474564671516418457 2.3942060470581054688 2.4142618179321289062 2.6969468593597412109 0.81809443235397338867 0.89736962318420410156 3.2783477306365966797 6.7257342338562011719 6.3569288253784179688 6.4297070503234863281 7.3549590110778808594 7.1004552841186523438 7.0866222381591796875 7.2529950141906738281 5.2476110458374023438 8.7093639373779296875 8.1756467819213867188 4.7330617904663085938 3.9367363452911376953 3.3350040912628173828 2.1937396526336669922 7.1488471031188964844 9.5709810256958007812
