gis/160m/slope.asc
ncols        64
nrows        71
xllcorner    726726.000000000000
yllcorner    7127190.000000000000
cellsize     160.000000000000
NODATA_value -9999
[rows 22 to 43 of 71, columns 0 to 48 of 64]
-9999 -9999 -9999 -9999 5.5829954147338867188 7.5676665306091308594 9.3329524993896484375 10.230860710144042969 9.0211534500122070312 5.7404723167419433594 0.53414833545684814453 6.4132566452026367188 9.6808309555053710938 4.7484617233276367188 1.563225865364074707 2.6537220478057861328 3.5426218509674072266 3.7633576393127441406 3.1323990821838378906 1.8946638107299804688 1.3342769145965576172 0.36778980493545532227 0.84811931848526000977 1.1516268253326416016 1.1360731124877929688 0.64030796289443969727 0.67743396759033203125 2.3883183002471923828 2.6054084300994873047 2.7500827312469482422 1.1585681438446044922 0.44519484043121337891 2.3334965705871582031 4.7427763938903808594 4.8871431350708007812 3.7129285335540771484 1.4068272113800048828 1.4372709989547729492 2.70807647705078125 4.1703701019287109375 2.61496734619140625 7.1432671546936035156 8.5481386184692382812 6.1311249732971191406 4.6887884140014648438 4.3837265968322753906 2.0595650672912597656 5.3387160301208496094 7.3316860198974609375
-9999 -9999 -9999 -9999 -9999 2.5665478706359863281 4.9367146492004394531 7.0077443122863769531 8.4386262893676757812 8.6942205429077148438 5.1664819717407226562 3.2910337448120117188 9.2493772506713867188 8.5924291610717773438 5.8625988960266113281 2.5179893970489501953 3.5575706958770751953 4.5987081527709960938 5.4622793197631835938 1.9727102518081665039 1.2448933124542236328 1.8557809591293334961 0.48630475997924804688 0.29215055704116821289 0.56481844186782836914 0.19464707374572753906 0.33477890491485595703 0.51465374231338500977 2.3141081333160400391 -9999 1.4651902914047241211 0.39944931864738464355 3.8506128787994384766 5.2775812149047851562 2.9190256595611572266 0.96075379848480224609 1.0317111015319824219 0.77763581275939941406 1.7964155673980712891 3.7723360061645507812 3.1831448078155517578 6.6432719230651855469 6.3810405731201171875 6.2823596000671386719 6.9460701942443847656 4.810451507568359375 0.54617488384246826172 3.0420515537261962891 4.9565019607543945312
-9999 -9999 -9999 1.4517499208450317383 6.5143880844116210938 7.5505566596984863281 4.1376452445983886719 3.9160816669464111328 5.7080078125 8.5618238449096679688 7.7452330589294433594 2.8729550838470458984 5.8437633514404296875 9.1306352615356445312 4.28881072998046875 4.6057143211364746094 3.1638274192810058594 4.8175234794616699219 5.5625896453857421875 5.3027892112731933594 1.6082285642623901367 2.4112861156463623047 2.6720225811004638672 1.4940320253372192383 1.2474739551544189453 -9999 0.90041470527648925781 1.1752246618270874023 -9999 -9999 -9999 1.6597930192947387695 4.8032941818237304688 6.1964421272277832031 3.9620950222015380859 1.4401009082794189453 2.4442610740661621094 2.0495066642761230469 1.5002613067626953125 1.2046246528625488281 1.6603412628173828125 5.6665759086608886719 5.2394108772277832031 5.3462080955505371094 7.8001270294189453125 5.5760712623596191406 0.67694580554962158203 2.1783421039581298828 3.7622244358062744141
-9999 -9999 4.8828759193420410156 7.3335714340209960938 8.3583202362060546875 9.8204326629638671875 6.5346307754516601562 5.077053070068359375 3.7954554557800292969 7.1621494293212890625 9.0924587249755859375 5.0071291923522949219 1.5441478490829467773 9.2708587646484375 11.058062553405761719 6.675846099853515625 2.1761331558227539062 3.6177995204925537109 5.0779752731323242188 6.0945749282836914062 3.0467607975006103516 1.5816717147827148438 2.0069861412048339844 1.1712225675582885742 1.2197366952896118164 3.3618667125701904297 -9999 1.684697270393371582 0.6874262690544128418 -9999 -9999 1.0143930912017822266 3.6045749187469482422 5.3429470062255859375 2.3628170490264892578 1.1236134767532348633 2.9735982418060302734 1.1145796775817871094 3.8176095485687255859 2.9835934638977050781 2.5297682285308837891 4.7996001243591308594 4.8525767326354980469 5.9331560134887695312 7.8448009490966796875 6.353359222412109375 1.7826082706451416016 1.9014421701431274414 3.7930669784545898438
-9999 3.5668151378631591797 5.8080759048461914062 5.4119172096252441406 9.4573154449462890625 11.723613739013671875 10.38006591796875 8.6539525985717773438 6.4392924308776855469 4.7362494468688964844 7.28497314453125 7.1633396148681640625 3.0700044631958007812 8.2416858673095703125 14.960660934448242188 10.033517837524414062 4.4897637367248535156 2.3388833999633789062 4.0168538093566894531 6.0006775856018066406 2.7016446590423583984 2.424121856689453125 1.9176762104034423828 1.9274560213088989258 2.6373424530029296875 2.9048354625701904297 3.550746917724609375 2.2803902626037597656 1.4697387218475341797 -9999 -9999 0.13059735298156738281 2.0575408935546875 3.8429605960845947266 4.3573632240295410156 2.8149461746215820312 3.2369711399078369141 3.6557064056396484375 5.384693145751953125 5.3132305145263671875 2.5005123615264892578 5.2903308868408203125 5.3298897743225097656 7.3322634696960449219 6.6038231849670410156 6.0082530975341796875 1.41086578369140625 1.2694799900054931641 4.7363224029541015625
-9999 -9999 10.572767257690429688 9.3787965774536132812 7.5352044105529785156 9.4099292755126953125 12.264977455139160156 11.579188346862792969 10.509450912475585938 8.0113430023193359375 5.1319265365600585938 6.4016847610473632812 5.38837432861328125 6.0015006065368652344 14.501507759094238281 13.011799812316894531 6.2083973884582519531 4.1528215408325195312 3.0000760555267333984 4.1021513938903808594 2.2295763492584228516 4.4336271286010742188 6.5959134101867675781 2.3269727230072021484 0.91393822431564331055 3.2734353542327880859 3.6061718463897705078 2.3802514076232910156 1.9692566394805908203 -9999 0.24258603155612945557 1.2691274881362915039 3.4256012439727783203 6.4684009552001953125 4.7577595710754394531 3.8798787593841552734 2.5762081146240234375 5.4749841690063476562 6.9752621650695800781 3.5156946182250976562 3.9829566478729248047 0.8848082423210144043 4.6798348426818847656 5.0268263816833496094 6.3368673324584960938 5.6409540176391601562 1.7507793903350830078 2.0986614227294921875 6.1037659645080566406
-9999 6.7933068275451660156 7.7473893165588378906 8.7879505157470703125 8.4303131103515625 8.1771907806396484375 9.1390466690063476562 11.086969375610351562 10.801861763000488281 10.108249664306640625 6.8267974853515625 5.0255742073059082031 7.1107311248779296875 2.7684617042541503906 11.350827217102050781 13.944400787353515625 8.9216985702514648438 4.3223996162414550781 4.764476776123046875 3.218387603759765625 1.3912096023559570312 8.2018613815307617188 5.9499521255493164062 9.2746648788452148438 3.1234350204467773438 2.3317160606384277344 3.0611596107482910156 2.6400160789489746094 2.2299256324768066406 -9999 2.1558611392974853516 1.1944395303726196289 2.4566266536712646484 5.3739466667175292969 6.3428106307983398438 4.6287064552307128906 3.1368062496185302734 3.0263683795928955078 3.8011555671691894531 6.03737640380859375 7.6181244850158691406 7.1901750564575195312 2.2744619846343994141 3.292018890380859375 3.5560224056243896484 3.0383286476135253906 2.4352087974548339844 1.6320924758911132812 5.5800628662109375
-9999 2.9621174335479736328 5.1371850967407226562 7.2337541580200195312 7.4323673248291015625 6.9995431900024414062 6.7876601219177246094 7.9533376693725585938 8.9076547622680664062 9.4778585433959960938 8.617435455322265625 5.1959857940673828125 5.4526352882385253906 4.2346949577331542969 5.8443875312805175781 12.673818588256835938 11.284902572631835938 6.7026953697204589844 5.7334260940551757812 3.5560555458068847656 1.5212833881378173828 2.8363592624664306641 7.8256139755249023438 8.93917083740234375 8.3739175796508789062 1.6085199117660522461 1.5765410661697387695 2.0518903732299804688 1.8072345256805419922 2.3316581249237060547 2.0651493072509765625 1.8319668769836425781 2.6449849605560302734 4.7986478805541992188 6.5358572006225585938 6.3474488258361816406 4.2366051673889160156 2.4457247257232666016 3.4028675556182861328 5.2806539535522460938 7.4651608467102050781 5.8088026046752929688 4.0677490234375 1.2048685550689697266 4.4341487884521484375 4.8572907447814941406 3.2436075210571289062 0.70741510391235351562 4.5103802680969238281
0.98124217987060546875 0.38547319173812866211 1.3593355417251586914 1.8896896839141845703 3.3084847927093505859 3.9711508750915527344 5.0836873054504394531 4.9815073013305664062 6.3873224258422851562 8.3323526382446289062 9.4141340255737304688 7.7361383438110351562 4.3902540206909179688 4.3106999397277832031 2.5728442668914794922 9.2724390029907226562 12.021230697631835938 7.3638019561767578125 4.362827301025390625 2.0482263565063476562 2.6753482818603515625 3.7357726097106933594 6.9520735740661621094 8.5642099380493164062 7.8999538421630859375 4.2189354896545410156 0.95781987905502319336 1.4514845609664916992 1.5556313991546630859 2.788970947265625 3.1667819023132324219 2.5042622089385986328 1.0306757688522338867 1.9566596746444702148 3.6213719844818115234 4.5230932235717773438 4.04210662841796875 2.5630857944488525391 2.6457428932189941406 3.2906353473663330078 6.4047794342041015625 6.4713315963745117188 5.1216974258422851562 3.9523317813873291016 4.4070892333984375 6.5138678550720214844 6.6486477851867675781 0.70933282375335693359 2.8824329376220703125
-9999 1.2965241670608520508 1.6596617698669433594 1.2653186321258544922 1.1300804615020751953 2.707485198974609375 2.7564690113067626953 3.0381879806518554688 3.0718271732330322266 4.8926262855529785156 7.1658840179443359375 8.743740081787109375 6.330596923828125 4.1138758659362792969 3.6280150413513183594 6.2872138023376464844 10.534662246704101562 7.0793180465698242188 4.072902679443359375 3.4623486995697021484 2.7649149894714355469 2.0541887283325195312 5.2745695114135742188 6.26415252685546875 7.1971378326416015625 3.4830574989318847656 0.93885636329650878906 0.32420507073402404785 1.0025172233581542969 1.9218683242797851562 2.6510064601898193359 2.8110651969909667969 1.4463686943054199219 0.74024474620819091797 2.1458818912506103516 3.9021215438842773438 4.3549742698669433594 3.7495932579040527344 2.8119671344757080078 1.8848147392272949219 3.7500498294830322266 4.2736239433288574219 5.1142129898071289062 5.3136091232299804688 3.0556921958923339844 6.2814126014709472656 5.2193317413330078125 1.1819303035736083984 0.82782393693923950195
-9999 -9999 2.0969831943511962891 2.1426761150360107422 1.3220659494400024414 1.3669583797454833984 0.95591253042221069336 0.77369654178619384766 0.89452356100082397461 0.90888309478759765625 3.2686507701873779297 5.6205401420593261719 5.9205431938171386719 3.9586186408996582031 3.5276727676391601562 3.6745510101318359375 8.8248310089111328125 6.2001848220825195312 5.35434722900390625 4.1481566429138183594 4.4896669387817382812 6.4213056564331054688 6.4431905746459960938 3.4876942634582519531 1.1020947694778442383 0.64382505416870117188 0.3933499455451965332 0.75877720117568969727 1.6811590194702148438 2.2666709423065185547 1.7489892244338989258 2.3693103790283203125 1.8779654502868652344 1.5453575849533081055 2.1575760841369628906 3.0183548927307128906 4.2817945480346679688 4.6717176437377929688 2.8601262569427490234 1.3129973411560058594 2.6482231616973876953 2.5849411487579345703 3.2379415035247802734 4.4915132522583007812 3.8924753665924072266 4.4443273544311523438 5.850826263427734375 1.9567039012908935547 2.2230527400970458984
-9999 -9999 2.2388203144073486328 2.1855599880218505859 1.8538149595260620117 1.1745488643646240234 0.8882109522819519043 1.0614595413208007812 0.47776865959167480469 0.84384202957153320312 0.30912026762962341309 2.6017088890075683594 4.1038584709167480469 3.4553844928741455078 2.5181379318237304688 2.5317771434783935547 8.0070238113403320312 6.0802302360534667969 5.7702283859252929688 5.7959094047546386719 6.0022072792053222656 6.8857831954956054688 6.1114625930786132812 3.9559686183929443359 2.2351148128509521484 3.2857768535614013672 1.8641796112060546875 1.2383216619491577148 2.3563587665557861328 2.3256556987762451172 2.5038471221923828125 2.6472897529602050781 2.5665729045867919922 1.6495224237442016602 0.99453681707382202148 1.2885009050369262695 1.9788914918899536133 2.3001706600189208984 2.0690467357635498047 1.5564516782760620117 1.9152199029922485352 2.5574970245361328125 2.6124203205108642578 3.7056460380554199219 3.9054458141326904297 3.5175747871398925781 5.1381449699401855469 2.5827012062072753906 3.7084479331970214844
-9999 -9999 -9999 1.1774594783782958984 -9999 -9999 0.71896165609359741211 1.1848715543746948242 1.2400118112564086914 0.84497791528701782227 1.3357964754104614258 0.4661814272403717041 2.1243631839752197266 2.7004673480987548828 2.286243438720703125 2.8766813278198242188 7.5784487724304199219 7.7938418388366699219 7.5608420372009277344 7.3124179840087890625 7.8009676933288574219 6.0279707908630371094 3.9272966384887695312 4.0332217216491699219 2.3000349998474121094 3.7367844581604003906 1.544463038444519043 1.3918274641036987305 1.2390488386154174805 2.5666677951812744141 2.6672601699829101562 2.9177064895629882812 3.2457227706909179688 2.8900692462921142578 1.6175327301025390625 1.1818016767501831055 1.5673358440399169922 1.7203464508056640625 2.6515746116638183594 2.7534327507019042969 1.5049661397933959961 3.0751836299896240234 2.6969697475433349609 3.1063106060028076172 3.8704309463500976562 2.8303079605102539062 3.8147513866424560547 2.8739686012268066406 1.5627206563949584961
-9999 -9999 -9999 -9999 -9999 -9999 -9999 -9999 -9999 1.5471355915069580078 0.93310600519180297852 0.64205288887023925781 1.0431182384490966797 2.0396509170532226562 2.5967082977294921875 3.1594994068145751953 5.4340348243713378906 7.1333432197570800781 7.6109004020690917969 7.3086681365966796875 6.1921629905700683594 5.4034523963928222656 6.9657988548278808594 5.8593082427978515625 3.6939218044281005859 2.5056285858154296875 1.8512761592864990234 2.0927703380584716797 1.3008208274841308594 2.1725225448608398438 1.8589992523193359375 2.3634653091430664062 1.4236254692077636719 2.9258875846862792969 2.5472712516784667969 1.5527082681655883789 1.3776342868804931641 1.6574362516403198242 2.0477280616760253906 1.6799765825271606445 0.79774415493011474609 3.0519120693206787109 2.3217318058013916016 1.4277105331420898438 1.7318395376205444336 1.5659641027450561523 2.7436339855194091797 3.1224539279937744141 1.1119065284729003906
-9999 -9999 -9999 -9999 -9999 -9999 -9999 -9999 -9999 1.0417069196701049805 0.74070596694946289062 0.70287299156188964844 0.34530970454216003418 0.36852765083312988281 1.0696439743041992188 0.48399505019187927246 2.1347711086273193359 4.1360607147216796875 5.1139435768127441406 5.1864938735961914062 5.5116319656372070312 5.7725095748901367188 6.4224047660827636719 5.445003509521484375 5.5426626205444335938 5.0817828178405761719 4.8774600028991699219 3.9070818424224853516 3.0664258003234863281 1.9008880853652954102 2.2749695777893066406 1.4475361108779907227 1.6153467893600463867 2.0425367355346679688 2.2493662834167480469 0.87249952554702758789 2.6393327713012695312 2.9008207321166992188 1.6171281337738037109 1.3557770252227783203 0.65442228317260742188 0.63554567098617553711 0.81753337383270263672 2.5731406211853027344 1.6197859048843383789 1.3042218685150146484 2.3480412960052490234 3.9373350143432617188 2.8739166259765625
-9999 -9999 -9999 -9999 -9999 -9999 -9999 -9999 -9999 0.97587633132934570312 1.0534887313842773438 0.35749524831771850586 0.064870595932006835938 0.29268530011177062988 0.85960292816162109375 1.241129755973815918 0.44786092638969421387 1.4168645143508911133 2.2670183181762695312 3.1518142223358154297 4.1216917037963867188 4.6040101051330566406 3.9417827129364013672 4.221981048583984375 2.887981414794921875 5.6381053924560546875 6.7889695167541503906 5.928661346435546875 4.7068057060241699219 3.3375439643859863281 2.1233479976654052734 1.1530500650405883789 1.3368027210235595703 2.5537936687469482422 2.3952946662902832031 1.657208561897277832 2.3630719184875488281 1.6265749931335449219 1.4620734453201293945 0.88445800542831420898 0.067460432648658752441 0.47814425826072692871 1.7446366548538208008 3.6036264896392822266 2.9538731575012207031 3.9802896976470947266 3.2367022037506103516 4.3814120292663574219 1.3582818508148193359
-9999 -9999 -9999 -9999 -9999 -9999 -9999 -9999 -9999 0.45679175853729248047 0.60939580202102661133 0.55352300405502319336 0.58577102422714233398 0.6680507659912109375 0.30062150955200195312 0.10246010869741439819 0.91563612222671508789 0.23936183750629425049 0.62069326639175415039 1.6453919410705566406 1.9634763002395629883 2.3380558490753173828 2.864093780517578125 2.7408998012542724609 2.3712413311004638672 3.7096972465515136719 4.9096646308898925781 4.1882414817810058594 5.3902411460876464844 4.4364604949951171875 3.1809644699096679688 2.1424837112426757812 1.445499420166015625 0.77692401409149169922 1.1625107526779174805 1.3207380771636962891 1.6961956024169921875 1.1257096529006958008 0.89274424314498901367 1.5422941446304321289 1.4348146915435791016 0.61758196353912353516 1.7901397943496704102 3.3466470241546630859 0.15762205421924591064 3.5016145706176757812 3.7441971302032470703 5.1177301406860351562 1.6894341707229614258
-9999 -9999 -9999 -9999 -9999 -9999 -9999 -9999 -9999 -9999 0.30837297439575195312 0.25276970863342285156 0.1427545398473739624 0.26464977860450744629 0.51893216371536254883 0.44816321134567260742 0.51940119266510009766 0.52043128013610839844 1.0792601108551025391 1.0959144830703735352 1.2445060014724731445 1.3062075376510620117 1.3727526664733886719 1.1227561235427856445 0.683803558349609375 1.0155749320983886719 0.89674365520477294922 1.2958316802978515625 2.4587852954864501953 3.1189184188842773438 3.8015854358673095703 2.9297490119934082031 2.2955527305603027344 1.7920403480529785156 0.091742306947708129883 0.46045273542404174805 1.4151277542114257812 3.3934242725372314453 4.3527545928955078125 4.6077818870544433594 4.0017795562744140625 3.1045563220977783203 1.3292226791381835938 3.0787394046783447266 0.75979727506637573242 2.8149292469024658203 3.4694204330444335938 5.4691944122314453125 2.6167156696319580078
-9999 -9999 -9999 -9999 -9999 -9999 -9999 -9999 -9999 -9999 -9999 -9999 0.44775733351707458496 0.43535172939300537109 0.17968669533729553223 0.59312164783477783203 0.8203862309455871582 1.0478712320327758789 1.4028899669647216797 1.3292738199234008789 1.1075381040573120117 1.0868167877197265625 0.91727983951568603516 0.5760707855224609375 0.15893390774726867676 0.26209205389022827148 0.58487343788146972656 0.26917248964309692383 0.55802392959594726562 1.2484022378921508789 2.1726467609405517578 3.0592451095581054688 3.0627064704895019531 2.1828734874725341797 0.86548632383346557617 0.57140719890594482422 1.5147714614868164062 2.4942204952239990234 1.7965461015701293945 1.7390227317810058594 2.5456900596618652344 3.0813846588134765625 2.2300999164581298828 2.3163619041442871094 1.5336143970489501953 2.7880070209503173828 4.210422515869140625 6.0058436393737792969 4.7310948371887207031
-9999 -9999 -9999 -9999 -9999 -9999 -9999 -9999 -9999 -9999 -9999 -9999 -9999 -9999 -9999 -9999 -9999 0.38174286484718322754 0.9696896672248840332 0.72794127464294433594 0.1307545006275177002 0.13353978097438812256 0.17772874236106872559 0.079539015889167785645 0.36359199881553649902 0.71320247650146484375 0.57825440168380737305 0.84126436710357666016 0.91391730308532714844 0.58054000139236450195 0.27219617366790771484 0.80032247304916381836 1.2968667745590209961 1.1583505868911743164 0.62975293397903442383 2.1000430583953857422 3.6175475120544433594 5.0359249114990234375 4.8396496772766113281 4.0370397567749023438 2.2040503025054931641 1.3868566751480102539 1.052716374397277832 1.1703988313674926758 1.3324724435806274414 1.1364150047302246094 3.5251858234405517578 6.1606783866882324219 6.2525148391723632812
-9999 -9999 -9999 -9999 -9999 -9999 -9999 -9999 -9999 -9999 -9999 -9999 -9999 -9999 -9999 -9999 -9999 -9999 -9999 -9999 0.85670989751815795898 0.9429963231086730957 1.0329800844192504883 0.83070951700210571289 0.40726873278617858887 0.36183631420135498047 0.61431336402893066406 0.35246685147285461426 0.13122799992561340332 0.98127186298370361328 0.92535251379013061523 0.55379790067672729492 0.15999455749988555908 0.32163965702056884766 0.77908599376678466797 1.1607195138931274414 1.8357464075088500977 3.3491151332855224609 4.5554437637329101562 4.7047696113586425781 3.551177978515625 2.2054264545440673828 1.3804829120635986328 0.85785925388336181641 1.2026365995407104492 0.57592743635177612305 1.3041504621505737305 4.5505166053771972656 7.3415350914001464844
-9999 -9999 -9999 -9999 -9999 -9999 -9999 -9999 -9999 -9999 -9999 -9999 -9999 -9999 -9999 -9999 -9999 -9999 -9999 -9999 -9999 -9999 0.88100284337997436523 1.3703883886337280273 0.9190826416015625 0.084371037781238555908 0.66611510515213012695 0.70616143941879272461 0.14395432174205780029 0.34242644906044006348 0.37271720170974731445 0.24899697303771972656 0.44948217272758483887 0.61254340410232543945 0.67768937349319458008 0.63051050901412963867 0.64986878633499145508 0.27652132511138916016 1.7610507011413574219 3.4338560104370117188 4.1291298866271972656 3.9563770294189453125 3.5466539859771728516 2.5393362045288085938 2.2590718269348144531 2.4957060813903808594 2.8432552814483642578 3.7741653919219970703 6.5323939323425292969
