gis/160m/soildepth.asc
ncols        64
nrows        71
xllcorner    726726.000000000000
yllcorner    7127190.000000000000
cellsize     160.000000000000
NODATA_value -9999
-9999.0 -9999 -9999 -9999 -9999 -9999 -9999 -9999 -9999 -9999 -9999 -9999 -9999 -9999 -9999 -9999 -9999 -9999 -9999 -9999 -9999 -9999 -9999 -9999 -9999 -9999 -9999 -9999 -9999 -9999 -9999 -9999 17 17 17 17 17 -9999 -9999 -9999 -9999 -9999 -9999 -9999 -9999 -9999 -9999 -9999 -9999 -9999 -9999 -9999 -9999 -9999 -9999 -9999 -9999 -9999 -9999 -9999 -9999 -9999 -9999 -9999 
-9999 -9999 -9999 -9999 -9999 -9999 -9999 -9999 -9999 -9999 -9999 -9999 -9999 -9999 -9999 -9999 -9999 -9999 -9999 -9999 -9999 -9999 -9999 -9999 -9999 -9999 -9999 -9999 17 17 17 17 17 17 17 17 17 -9999 -9999 -9999 -9999 -9999 -9999 -9999 -9999 -9999 -9999 -9999 -9999 -9999 -9999 -9999 -9999 -9999 -9999 -9999 -9999 -9999 -9999 -9999 -9999 -9999 -9999 -9999 
-9999 -9999 -9999 -9999 -9999 -9999 -9999 -9999 -9999 -9999 -9999 -9999 -9999 -9999 -9999 -9999 -9999 -9999 -9999 -9999 -9999 -9999 -9999 -9999 -9999 -9999 17 17 17 17 17 17 17 17 17 17 17 17 17 -9999 18 18 18 18 18 -9999 -9999 -9999 -9999 -9999 -9999 -9999 -9999 -9999 -9999 -9999 -9999 -9999 -9999 -9999 -9999 -9999 -9999 -9999 
-9999 -9999 -9999 -9999 -9999 -9999 -9999 -9999 -9999 -9999 -9999 -9999 -9999 -9999 -9999 -9999 -9999 -9999 -9999 -9999 -9999 -9999 -9999 -9999 -9999 -9999 -9999 17 17 17 17 17 17 17 17 17 14 16 19 18 18 18 18 18 18 18 18 18 12 11 -9999 -9999 -9999 -9999 -9999 -9999 -9999 -9999 -9999 -9999 -9999 -9999 -9999 -9999 
-9999 -9999 -9999 -9999 -9999 -9999 -9999 -9999 -9999 -9999 -9999 -9999 -9999 -9999 -9999 -9999 -9999 -9999 -9999 -9999 17 -9999 -9999 13 8 2 14 17 17 17 17 17 17 17 17 17 17 17 17 18 18 18 18 18 18 18 18 17 6 13 15 -9999 -9999 -9999 -9999 -9999 -9999 -9999 -9999 -9999 -9999 -9999 -9999 -9999 
-9999 -9999 -9999 -9999 -9999 -9999 -9999 -9999 -9999 -9999 -9999 -9999 -9999 -9999 -9999 -9999 -9999 -9999 15 16 17 17 17 17 17 17 17 17 17 17 16 16 17 17 17 18 17 17 17 18 18 18 18 18 18 18 16 10 18 18 15 15 -9999 -9999 -9999 -9999 -9999 -9999 -9999 -9999 -9999 -9999 -9999 -9999 
-9999 -9999 -9999 -9999 -9999 -9999 -9999 -9999 -9999 -9999 -9999 -9999 -9999 -9999 -9999 -9999 -9999 -9999 17 17 17 17 17 17 17 17 17 17 17 17 9 11 5 12 19 18 17 17 17 17 13 16 18 18 18 18 18 18 18 18 16 15 -9999 -9999 -9999 -9999 -9999 -9999 -9999 -9999 -9999 -9999 -9999 -9999 
-9999 -9999 -9999 -9999 -9999 -9999 -9999 -9999 -9999 -9999 -9999 -9999 -9999 -9999 -9999 -9999 -9999 17 17 17 17 17 17 17 17 17 16 17 17 17 17 17 16 16 17 17 17 14 11 5 5 12 18 18 18 18 18 18 18 18 17 16 16 -9999 -9999 -9999 -9999 -9999 -9999 -9999 -9999 -9999 -9999 -9999 
-9999 -9999 -9999 -9999 -9999 -9999 -9999 -9999 -9999 -9999 -9999 -9999 -9999 -9999 -9999 9 3 15 17 17 17 17 17 17 17 10 4 15 17 17 17 20 19 17 17 17 17 17 12 5 15 18 18 21 19 19 18 18 17 16 17 16 16 -9999 -9999 -9999 -9999 -9999 -9999 -9999 -9999 -9999 -9999 -9999 
-9999 -9999 -9999 -9999 -9999 -9999 -9999 -9999 -9999 -9999 -9999 -9999 -9999 -9999 16 16 14 17 17 17 17 17 16 16 16 10 8 6 7 17 17 17 17 17 17 17 17 17 16 14 17 18 21 25 23 23 20 14 9 10 16 16 17 -9999 -9999 -9999 -9999 -9999 -9999 -9999 -9999 -9999 -9999 -9999 
-9999 -9999 -9999 -9999 -9999 -9999 -9999 -9999 -9999 -9999 -9999 -9999 -9999 -9999 11 17 17 17 17 16 16 16 16 16 16 16 14 9 8 17 17 17 16 8 12 17 17 17 18 18 18 18 23 29 28 24 19 5 15 18 16 15 17 -9999 -9999 -9999 -9999 -9999 -9999 -9999 -9999 -9999 -9999 -9999 
-9999 -9999 -9999 -9999 -9999 -9999 -9999 -9999 -9999 -9999 -9999 -9999 -9999 -9999 14 16 17 16 16 16 16 16 16 16 14 14 16 10 13 17 17 9 9 6 11 3 4 11 18 18 18 21 27 30 23 21 19 18 19 18 17 16 -9999 -9999 -9999 -9999 -9999 -9999 -9999 -9999 -9999 -9999 -9999 -9999 
-9999 -9999 -9999 -9999 -9999 -9999 -9999 -9999 -9999 -9999 -9999 -9999 -9999 -9999 -9999 15 16 16 16 16 16 16 16 16 5 2 13 16 16 16 17 6 11 17 10 1 10 16 18 18 19 26 30 28 19 14 15 18 14 15 17 16 -9999 -9999 -9999 -9999 -9999 -9999 -9999 -9999 -9999 -9999 -9999 -9999 
-9999 -9999 -9999 -9999 -9999 -9999 -9999 -9999 -9999 -9999 -9999 -9999 -9999 -9999 -9999 15 15 8 12 9 13 16 16 16 15 14 15 16 16 16 16 16 17 17 4 9 17 17 18 18 19 28 29 23 16 1 6 18 8 12 17 -9999 -9999 -9999 -9999 -9999 -9999 -9999 -9999 -9999 -9999 -9999 -9999 -9999 
-9999 -9999 -9999 -9999 -9999 -9999 -9999 -9999 -9999 -9999 -9999 -9999 -9999 -9999 -9999 -9999 -9999 14 13 5 4 14 16 16 16 16 16 16 16 16 16 16 17 17 2 10 17 18 18 18 19 25 29 22 13 5 18 19 18 18 -9999 -9999 -9999 -9999 -9999 -9999 -9999 -9999 -9999 -9999 -9999 -9999 -9999 -9999 
-9999 -9999 -9999 -9999 -9999 14 -9999 -9999 -9999 -9999 -9999 -9999 -9999 -9999 -9999 -9999 -9999 15 15 15 10 10 13 11 15 16 16 16 16 16 16 16 17 17 5 7 17 18 18 18 20 26 31 26 18 17 19 18 17 18 18 -9999 -9999 -9999 -9999 -9999 -9999 -9999 -9999 -9999 -9999 -9999 -9999 -9999 
-9999 -9999 -9999 18 18 16 14 -9999 -9999 -9999 -9999 -9999 -9999 -9999 -9999 -9999 15 15 15 15 16 16 10 7 14 15 15 15 16 16 16 16 17 17 15 13 17 18 18 19 21 26 31 30 26 21 18 10 11 15 10 -9999 -9999 -9999 -9999 -9999 -9999 -9999 -9999 -9999 -9999 -9999 -9999 -9999 
-9999 -9999 -9999 -9999 17 18 16 -9999 -9999 -9999 -9999 -9999 -9999 -9999 -9999 -9999 15 15 15 15 15 16 15 15 15 15 15 15 15 16 16 16 17 21 21 18 19 19 19 21 23 24 30 31 30 26 18 8 6 9 4 5 -9999 -9999 -9999 -9999 -9999 -9999 -9999 -9999 -9999 -9999 -9999 -9999 
-9999 -9999 -9999 -9999 18 18 17 15 14 -9999 -9999 -9999 -9999 -9999 11 14 14 15 15 14 14 15 15 15 15 15 15 15 15 15 16 16 17 20 22 22 24 24 21 21 23 27 31 32 31 29 21 12 11 2 6 6 5 -9999 -9999 -9999 -9999 -9999 -9999 -9999 -9999 -9999 -9999 -9999 
-9999 -9999 -9999 20 22 19 18 16 15 14 14 14 14 -9999 14 14 14 14 14 14 14 14 15 15 14 14 14 14 15 15 15 16 17 17 17 18 21 20 19 12 1 12 24 30 31 31 25 17 14 3 1 7 14 15 16 -9999 -9999 -9999 -9999 -9999 -9999 -9999 -9999 -9999 
-9999 -9999 13 18 20 15 15 15 15 15 14 14 14 3 7 14 13 13 14 14 14 14 14 14 14 14 14 14 14 14 15 16 17 17 18 19 20 15 8 2 5 4 3 24 28 30 28 20 16 7 7 15 14 14 15 15 -9999 -9999 -9999 -9999 -9999 -9999 -9999 -9999 
-9999 -9999 -9999 15 13 12 12 13 14 14 13 12 13 9 9 14 13 13 13 13 14 14 14 14 14 13 12 11 13 14 15 16 17 17 12 14 19 16 3 0 0 2 11 20 25 30 30 24 17 14 15 15 14 15 15 15 -9999 -9999 -9999 -9999 -9999 -9999 -9999 -9999 
-9999 -9999 -9999 -9999 7 11 11 11 6 11 11 5 6 13 14 14 14 13 13 13 13 14 13 13 13 13 10 3 9 13 15 16 17 9 0 11 19 16 3 0 0 0 10 19 25 30 30 26 18 17 16 15 14 15 15 15 15 -9999 -9999 -9999 -9999 -9999 -9999 -9999 
-9999 -9999 -9999 -9999 -9999 3 4 13 7 1 11 15 12 12 6 6 13 13 13 13 12 7 8 10 1 8 10 9 5 -9999 15 17 19 11 0 12 19 19 13 5 1 0 3 19 25 30 30 28 22 17 16 14 13 15 15 15 15 -9999 -9999 -9999 -9999 -9999 -9999 -9999 
-9999 -9999 -9999 7 4 2 8 11 11 2 8 18 18 11 9 3 4 8 12 9 12 2 0 4 1 -9999 4 6 -9999 -9999 -9999 20 21 16 0 9 20 20 20 14 10 12 1 0 6 23 30 29 25 16 16 14 13 15 15 15 -9999 -9999 -9999 -9999 -9999 -9999 -9999 -9999 
-9999 -9999 5 2 5 1 2 6 10 8 9 20 25 12 6 1 0 3 12 4 11 10 1 1 6 5 -9999 3 12 -9999 -9999 26 22 13 0 9 20 20 18 6 2 14 13 5 9 24 28 28 25 16 14 15 15 14 13 13 14 -9999 -9999 -9999 -9999 -9999 -9999 -9999 
-9999 8 10 9 10 7 3 4 4 8 10 15 28 18 2 0 0 7 11 3 8 11 1 0 2 5 2 11 26 -9999 -9999 29 26 10 8 19 20 19 7 3 7 9 18 17 16 21 29 28 21 15 13 15 16 16 19 16 14 -9999 -9999 -9999 -9999 -9999 -9999 -9999 
-9999 -9999 10 10 10 10 10 9 9 10 10 10 20 23 13 3 4 5 7 4 7 5 7 0 0 7 4 5 25 -9999 29 30 28 18 15 19 19 19 15 17 18 17 17 16 16 19 29 29 22 13 13 14 17 19 22 17 13 14 2 7 14 15 -9999 -9999 
-9999 10 10 10 10 10 10 10 10 10 10 10 13 24 20 8 4 6 8 9 5 0 1 7 1 9 11 3 16 -9999 21 27 30 20 9 17 18 18 18 17 17 17 16 16 16 16 24 31 22 12 11 12 15 16 20 15 14 14 13 13 14 15 -9999 -9999 
-9999 22 17 11 10 10 10 10 10 10 10 10 10 20 22 10 5 10 10 10 8 1 2 6 7 9 12 8 10 -9999 9 21 30 24 17 17 17 17 17 17 17 16 16 15 15 14 24 31 24 9 6 11 12 13 15 12 11 11 5 14 0 8 13 -9999 
25 27 27 21 17 10 16 12 12 10 10 10 10 12 21 19 10 11 11 10 11 5 0 0 7 10 10 11 14 13 11 18 26 25 21 14 15 16 16 17 16 15 14 14 14 13 25 33 28 8 3 10 13 11 13 8 2 6 6 3 1 2 -9999 -9999 
-9999 14 24 31 25 17 23 25 21 17 13 11 10 11 18 20 12 11 10 1 5 3 0 0 7 9 8 12 20 17 12 12 15 19 24 18 15 15 15 13 15 14 14 14 13 12 25 34 32 15 7 7 13 12 10 10 1 0 0 1 0 -9999 -9999 -9999 
-9999 -9999 16 27 30 29 30 31 28 26 21 19 12 11 14 19 11 10 9 1 0 0 3 7 9 8 6 6 13 19 13 10 11 14 22 19 15 15 15 13 13 14 14 13 13 12 26 35 35 22 2 3 11 11 10 11 9 2 2 8 8 12 -9999 -9999 
-9999 -9999 11 21 28 30 30 30 29 28 26 23 15 11 13 17 13 9 6 0 0 3 10 10 9 8 7 7 9 17 17 11 10 11 13 15 15 15 15 12 12 14 15 15 12 12 25 32 23 22 9 5 7 9 10 10 12 13 10 0 0 3 -9999 -9999 
-9999 -9999 -9999 13 -9999 -9999 30 27 26 28 27 26 19 13 15 16 6 3 3 5 8 11 11 11 9 9 9 8 9 11 20 20 15 10 10 12 14 15 15 14 13 13 20 25 24 24 27 35 27 24 19 7 9 15 13 10 12 15 13 1 0 -9999 -9999 -9999 
-9999 -9999 -9999 -9999 -9999 -9999 -9999 -9999 -9999 19 25 26 24 19 19 19 10 9 11 11 5 4 10 11 11 10 10 10 10 9 16 24 21 9 9 10 11 13 14 14 17 18 23 32 34 35 36 37 34 31 21 17 19 20 14 10 13 16 8 0 -9999 -9999 -9999 -9999 
-9999 -9999 -9999 -9999 -9999 -9999 -9999 -9999 -9999 20 26 25 24 23 23 22 20 16 13 11 11 11 12 10 11 11 11 10 10 10 10 17 21 12 10 9 10 11 14 20 24 24 26 9 15 36 37 36 36 35 33 30 28 9 9 10 11 7 6 6 -9999 -9999 -9999 -9999 
-9999 -9999 -9999 -9999 -9999 -9999 -9999 -9999 -9999 29 30 28 27 24 22 21 20 19 16 15 17 13 12 12 14 13 11 11 11 10 10 11 14 15 15 13 13 16 16 21 26 25 20 1 3 28 35 35 35 34 32 31 28 8 4 10 6 2 2 -9999 -9999 -9999 -9999 -9999 
-9999 -9999 -9999 -9999 -9999 -9999 -9999 -9999 -9999 30 32 32 31 31 28 24 20 19 21 20 16 14 13 14 16 15 14 14 14 12 11 10 12 16 19 18 19 21 22 21 20 27 20 10 1 17 33 34 33 33 28 28 25 10 8 10 6 8 -9999 -9999 -9999 -9999 -9999 -9999 
-9999 -9999 -9999 -9999 -9999 -9999 -9999 -9999 -9999 -9999 30 30 33 34 35 34 32 32 30 32 28 23 19 18 19 23 22 21 19 16 15 13 14 17 19 18 17 17 16 15 12 19 25 22 14 15 26 32 32 31 31 31 23 10 10 8 8 -9999 -9999 -9999 -9999 -9999 -9999 -9999 
-9999 -9999 -9999 -9999 -9999 -9999 -9999 -9999 -9999 -9999 -9999 -9999 28 29 29 34 37 40 43 44 44 39 34 34 32 36 33 29 25 21 19 18 17 17 17 16 8 1 1 1 8 13 23 28 22 19 22 28 30 31 30 30 19 10 10 5 7 -9999 -9999 -9999 -9999 -9999 -9999 -9999 
-9999 -9999 -9999 -9999 -9999 -9999 -9999 -9999 -9999 -9999 -9999 -9999 -9999 -9999 -9999 -9999 -9999 34 41 45 47 47 45 43 41 39 34 31 28 26 24 22 20 18 17 19 16 13 7 5 9 12 20 25 28 21 14 21 28 30 30 29 17 10 11 9 7 -9999 -9999 -9999 -9999 -9999 -9999 -9999 
-9999 -9999 -9999 -9999 -9999 -9999 -9999 -9999 -9999 -9999 -9999 -9999 -9999 -9999 -9999 -9999 -9999 -9999 -9999 -9999 42 43 49 47 43 40 35 31 28 26 25 25 22 20 23 26 27 27 24 18 10 11 15 20 26 22 10 13 23 29 29 29 17 11 11 8 0 -9999 -9999 -9999 -9999 -9999 -9999 -9999 
-9999 -9999 -9999 -9999 -9999 -9999 -9999 -9999 -9999 -9999 -9999 -9999 -9999 -9999 -9999 -9999 -9999 -9999 -9999 -9999 -9999 -9999 50 51 47 42 36 31 28 26 25 25 23 21 24 27 30 32 31 28 18 11 9 15 19 15 19 19 25 28 28 28 17 11 12 8 5 -9999 -9999 -9999 -9999 -9999 -9999 -9999 
-9999 -9999 -9999 -9999 -9999 -9999 -9999 -9999 -9999 -9999 -9999 -9999 -9999 -9999 -9999 -9999 -9999 -9999 -9999 -9999 -9999 -9999 50 50 47 42 36 31 28 26 25 25 25 24 26 29 32 33 33 33 30 19 11 11 16 10 16 27 27 27 27 27 17 11 12 11 12 13 -9999 -9999 -9999 -9999 -9999 -9999 
-9999 -9999 -9999 -9999 -9999 -9999 -9999 -9999 -9999 -9999 -9999 -9999 -9999 -9999 -9999 -9999 -9999 -9999 -9999 -9999 48 50 49 48 45 41 36 32 29 27 26 26 25 26 28 30 33 33 34 34 33 28 25 19 13 13 11 20 28 27 27 27 21 8 7 11 13 14 14 -9999 -9999 -9999 -9999 -9999 
-9999 -9999 -9999 -9999 -9999 -9999 -9999 -9999 -9999 -9999 -9999 -9999 -9999 -9999 -9999 -9999 -9999 -9999 -9999 -9999 -9999 36 39 39 39 39 35 32 29 28 27 26 27 27 29 31 33 35 35 35 34 33 33 30 25 25 20 22 30 28 27 27 24 15 5 6 13 14 18 16 -9999 -9999 -9999 -9999 
-9999 -9999 -9999 -9999 -9999 -9999 -9999 -9999 -9999 -9999 -9999 -9999 -9999 -9999 -9999 -9999 37 39 41 43 43 38 36 33 32 34 34 32 30 29 28 27 28 28 30 31 34 36 37 36 35 34 33 32 32 32 32 31 30 33 30 30 29 20 11 9 13 14 14 -9999 -9999 -9999 -9999 -9999 
-9999 -9999 -9999 -9999 -9999 -9999 -9999 -9999 -9999 -9999 -9999 -9999 -9999 -9999 -9999 24 35 42 45 47 47 45 43 40 35 32 29 28 27 27 26 27 29 29 30 32 34 35 36 35 34 34 33 33 32 32 32 31 31 33 34 32 31 29 25 18 10 12 3 -9999 -9999 -9999 -9999 -9999 
-9999 -9999 -9999 -9999 -9999 -9999 -9999 -9999 -9999 -9999 -9999 -9999 -9999 -9999 -9999 -9999 28 38 40 43 43 41 31 24 25 32 34 32 29 29 29 29 29 30 31 32 33 34 35 35 34 33 33 32 32 32 32 32 32 32 36 32 32 32 31 25 8 6 1 -9999 -9999 -9999 -9999 -9999 
-9999 -9999 -9999 -9999 -9999 -9999 -9999 -9999 -9999 -9999 -9999 -9999 -9999 -9999 -9999 -9999 20 23 25 31 31 24 18 14 15 22 28 30 31 31 27 27 29 29 26 24 29 33 34 34 33 33 33 32 32 32 32 32 32 32 33 36 32 32 32 20 8 1 3 -9999 -9999 -9999 -9999 -9999 
-9999 -9999 -9999 -9999 -9999 -9999 -9999 -9999 -9999 -9999 -9999 -9999 -9999 -9999 -9999 -9999 -9999 -9999 8 13 15 13 14 14 14 14 16 18 19 23 17 15 16 16 15 11 18 22 24 29 33 33 32 32 32 32 33 32 32 32 32 37 37 34 32 29 16 1 0 -9999 -9999 25 -9999 -9999 
-9999 -9999 -9999 -9999 -9999 -9999 -9999 -9999 -9999 -9999 -9999 -9999 -9999 -9999 -9999 -9999 -9999 -9999 -9999 7 3 4 11 14 14 14 14 13 11 14 12 11 10 10 9 9 9 9 11 17 22 28 32 32 32 32 37 37 37 35 35 37 39 33 32 32 24 18 8 13 16 24 24 -9999 
-9999 -9999 -9999 -9999 -9999 -9999 -9999 -9999 -9999 -9999 -9999 -9999 -9999 -9999 -9999 -9999 -9999 -9999 -9999 -9999 0 0 8 15 15 14 15 11 2 11 -9999 13 12 12 10 10 9 9 9 9 11 16 23 29 32 32 33 35 37 37 41 39 37 33 32 31 29 21 19 12 18 17 8 1 
-9999 -9999 -9999 -9999 -9999 -9999 -9999 -9999 -9999 -9999 -9999 -9999 -9999 -9999 -9999 -9999 -9999 -9999 -9999 -9999 0 3 13 15 15 15 16 17 15 14 14 12 13 13 12 6 5 5 9 4 6 8 12 19 26 29 31 32 32 33 37 41 39 38 32 31 31 11 2 0 9 6 -9999 -9999 
-9999 -9999 -9999 -9999 -9999 -9999 -9999 -9999 -9999 -9999 -9999 -9999 -9999 -9999 -9999 -9999 -9999 -9999 -9999 -9999 -9999 1 3 9 15 16 20 23 20 15 13 3 12 14 13 11 -9999 -9999 9 0 7 4 5 11 15 16 21 30 32 32 33 35 39 40 34 31 31 18 1 1 -9999 -9999 -9999 -9999 
-9999 -9999 -9999 -9999 -9999 -9999 -9999 -9999 -9999 -9999 -9999 -9999 -9999 -9999 -9999 -9999 -9999 -9999 -9999 -9999 -9999 -9999 -9999 7 16 16 21 25 24 19 14 3 5 7 13 -9999 -9999 -9999 -9999 7 11 3 10 12 9 10 13 23 32 32 32 31 31 34 34 31 31 19 2 2 3 -9999 -9999 -9999 
-9999 -9999 -9999 -9999 -9999 -9999 -9999 -9999 -9999 -9999 -9999 -9999 -9999 -9999 -9999 -9999 -9999 -9999 -9999 -9999 -9999 -9999 -9999 -9999 15 15 20 25 27 24 9 -9999 -9999 -9999 -9999 -9999 -9999 -9999 -9999 -9999 -9999 -9999 12 7 3 0 8 19 28 32 32 31 31 31 33 31 31 27 15 4 1 -9999 -9999 -9999 
-9999 -9999 -9999 -9999 -9999 -9999 -9999 -9999 -9999 -9999 -9999 -9999 -9999 -9999 -9999 -9999 -9999 -9999 -9999 -9999 -9999 -9999 -9999 -9999 -9999 15 17 24 26 -9999 -9999 -9999 -9999 -9999 -9999 -9999 -9999 -9999 -9999 -9999 -9999 -9999 13 9 6 8 13 14 19 22 28 31 31 31 32 32 30 30 28 22 16 -9999 -9999 -9999 
-9999 -9999 -9999 -9999 -9999 -9999 -9999 -9999 -9999 -9999 -9999 -9999 -9999 -9999 -9999 -9999 -9999 -9999 -9999 -9999 -9999 -9999 -9999 -9999 -9999 -9999 -9999 -9999 -9999 -9999 -9999 -9999 -9999 -9999 -9999 -9999 -9999 -9999 -9999 -9999 -9999 -9999 14 14 14 14 14 13 10 9 27 31 28 26 27 32 30 30 30 30 -9999 -9999 -9999 -9999 
-9999 -9999 -9999 -9999 -9999 -9999 -9999 -9999 -9999 -9999 -9999 -9999 -9999 -9999 -9999 -9999 -9999 -9999 -9999 -9999 -9999 -9999 -9999 -9999 -9999 -9999 -9999 -9999 -9999 -9999 -9999 -9999 -9999 -9999 -9999 -9999 -9999 -9999 -9999 -9999 -9999 -9999 14 14 14 14 14 14 8 7 26 23 4 4 12 25 31 30 30 30 -9999 -9999 -9999 -9999 
-9999 -9999 -9999 -9999 -9999 -9999 -9999 -9999 -9999 -9999 -9999 -9999 -9999 -9999 -9999 -9999 -9999 -9999 -9999 -9999 -9999 -9999 -9999 -9999 -9999 -9999 -9999 -9999 -9999 -9999 -9999 -9999 -9999 -9999 -9999 -9999 -9999 -9999 -9999 -9999 -9999 -9999 14 14 14 14 14 15 21 19 22 20 7 11 8 12 20 30 30 31 -9999 -9999 -9999 -9999 
-9999 -9999 -9999 -9999 -9999 -9999 -9999 -9999 -9999 -9999 -9999 -9999 -9999 -9999 -9999 -9999 -9999 -9999 -9999 -9999 -9999 -9999 -9999 -9999 -9999 -9999 -9999 -9999 -9999 -9999 -9999 -9999 -9999 -9999 -9999 -9999 -9999 -9999 -9999 -9999 -9999 -9999 17 14 14 14 16 19 25 26 21 29 27 22 16 9 12 31 30 32 28 -9999 -9999 -9999 
-9999 -9999 -9999 -9999 -9999 -9999 -9999 -9999 -9999 -9999 -9999 -9999 -9999 -9999 -9999 -9999 -9999 -9999 -9999 -9999 -9999 -9999 -9999 -9999 -9999 -9999 -9999 -9999 -9999 -9999 -9999 -9999 -9999 -9999 -9999 -9999 -9999 -9999 -9999 -9999 -9999 -9999 -9999 23 21 22 15 9 7 16 22 26 28 30 17 10 16 33 32 32 30 -9999 -9999 -9999 
-9999 -9999 -9999 -9999 -9999 -9999 -9999 -9999 -9999 -9999 -9999 -9999 -9999 -9999 -9999 -9999 -9999 -9999 -9999 -9999 -9999 -9999 -9999 -9999 -9999 -9999 -9999 -9999 -9999 -9999 -9999 -9999 -9999 -9999 -9999 -9999 -9999 -9999 -9999 -9999 -9999 -9999 -9999 18 17 20 9 0 0 4 14 17 20 24 22 22 29 32 35 33 -9999 -9999 -9999 -9999 
-9999 -9999 -9999 -9999 -9999 -9999 -9999 -9999 -9999 -9999 -9999 -9999 -9999 -9999 -9999 -9999 -9999 -9999 -9999 -9999 -9999 -9999 -9999 -9999 -9999 -9999 -9999 -9999 -9999 -9999 -9999 -9999 -9999 -9999 -9999 -9999 -9999 -9999 -9999 -9999 -9999 -9999 -9999 -9999 6 1 0 0 0 3 11 14 9 6 10 18 31 32 33 -9999 -9999 -9999 -9999 -9999 
-9999 -9999 -9999 -9999 -9999 -9999 -9999 -9999 -9999 -9999 -9999 -9999 -9999 -9999 -9999 -9999 -9999 -9999 -9999 -9999 -9999 -9999 -9999 -9999 -9999 -9999 -9999 -9999 -9999 -9999 -9999 -9999 -9999 -9999 -9999 -9999 -9999 -9999 -9999 -9999 -9999 -9999 -9999 -9999 -9999 0 0 0 0 7 14 13 6 -9999 0 7 25 -9999 -9999 -9999 -9999 -9999 -9999 -9999 
-9999 -9999 -9999 -9999 -9999 -9999 -9999 -9999 -9999 -9999 -9999 -9999 -9999 -9999 -9999 -9999 -9999 -9999 -9999 -9999 -9999 -9999 -9999 -9999 -9999 -9999 -9999 -9999 -9999 -9999 -9999 -9999 -9999 -9999 -9999 -9999 -9999 -9999 -9999 -9999 -9999 -9999 -9999 -9999 -9999 -9999 0 0 0 6 12 12 -9999 -9999 -9999 -9999 -9999 -9999 -9999 -9999 -9999 -9999 -9999 -9999 
-9999 -9999 -9999 -9999 -9999 -9999 -9999 -9999 -9999 -9999 -9999 -9999 -9999 -9999 -9999 -9999 -9999 -9999 -9999 -9999 -9999 -9999 -9999 -9999 -9999 -9999 -9999 -9999 -9999 -9999 -9999 -9999 -9999 -9999 -9999 -9999 -9999 -9999 -9999 -9999 -9999 -9999 -9999 -9999 -9999 -9999 -9999 0 0 0 10 -9999 -9999 -9999 -9999 -9999 -9999 -9999 -9999 -9999 -9999 -9999 -9999 -9999 
-9999 -9999 -9999 -9999 -9999 -9999 -9999 -9999 -9999 -9999 -9999 -9999 -9999 -9999 -9999 -9999 -9999 -9999 -9999 -9999 -9999 -9999 -9999 -9999 -9999 -9999 -9999 -9999 -9999 -9999 -9999 -9999 -9999 -9999 -9999 -9999 -9999 -9999 -9999 -9999 -9999 -9999 -9999 -9999 -9999 -9999 -9999 -9999 0 0 7 -9999 -9999 -9999 -9999 -9999 -9999 -9999 -9999 -9999 -9999 -9999 -9999 -9999 
-9999 -9999 -9999 -9999 -9999 -9999 -9999 -9999 -9999 -9999 -9999 -9999 -9999 -9999 -9999 -9999 -9999 -9999 -9999 -9999 -9999 -9999 -9999 -9999 -9999 -9999 -9999 -9999 -9999 -9999 -9999 -9999 -9999 -9999 -9999 -9999 -9999 -9999 -9999 -9999 -9999 -9999 -9999 -9999 -9999 -9999 -9999 -9999 -9999 -9999 0 -9999 -9999 -9999 -9999 -9999 -9999 -9999 -9999 -9999 -9999 -9999 -9999 -9999 
