gis/160m/twi_d8.asc
ncols        64
nrows        71
xllcorner    726726.000000000000
yllcorner    7127190.000000000000
cellsize     160.000000000000
NODATA_value -9999
[rows 0 to 21 of 71, columns 0 to 48 of 64]
-9999.0 -9999 -9999 -9999 -9999 -9999 -9999 -9999 -9999 -9999 -9999 -9999 -9999 -9999 -9999 -9999 -9999 -9999 -9999 -9999 -9999 -9999 -9999 -9999 -9999 -9999 -9999 -9999 -9999 -9999 -9999 -9999 11.06451416015625 9.5069532394409179688 8.7316331863403320312 8.1286067962646484375 8.3841772079467773438 -9999 -9999 -9999 -9999 -9999 -9999 -9999 -9999 -9999 -9999 -9999 -9999
-9999 -9999 -9999 -9999 -9999 -9999 -9999 -9999 -9999 -9999 -9999 -9999 -9999 -9999 -9999 -9999 -9999 -9999 -9999 -9999 -9999 -9999 -9999 -9999 -9999 -9999 -9999 -9999 8.7078771591186523438 9.7697801589965820312 11.181769371032714844 9.8229541778564453125 10.555872917175292969 7.9255099296569824219 9.014209747314453125 8.8346958160400390625 8.0425214767456054688 -9999 -9999 -9999 -9999 -9999 -9999 -9999 -9999 -9999 -9999 -9999 -9999
-9999 -9999 -9999 -9999 -9999 -9999 -9999 -9999 -9999 -9999 -9999 -9999 -9999 -9999 -9999 -9999 -9999 -9999 -9999 -9999 -9999 -9999 -9999 -9999 -9999 -9999 9.2606182098388671875 9.5867872238159179688 9.7510128021240234375 10.18196868896484375 9.5575151443481445312 11.182497978210449219 10.072182655334472656 10.695750236511230469 7.6919803619384765625 8.6026134490966796875 8.5566091537475585938 8.6655406951904296875 9.9429302215576171875 -9999 9.8770189285278320312 8.9757556915283203125 8.6784048080444335938 7.8850660324096679688 7.9625577926635742188 -9999 -9999 -9999 -9999
-9999 -9999 -9999 -9999 -9999 -9999 -9999 -9999 -9999 -9999 -9999 -9999 -9999 -9999 -9999 -9999 -9999 -9999 -9999 -9999 -9999 -9999 -9999 -9999 -9999 -9999 -9999 8.9444828033447265625 8.2126836776733398438 8.1266641616821289062 10.945208549499511719 11.664027214050292969 12.3984222412109375 8.481037139892578125 9.4969739913940429688 8.1491441726684570312 7.5495576858520507812 7.9852743148803710938 9.0200700759887695312 8.1876049041748046875 9.0032329559326171875 8.931751251220703125 8.7781848907470703125 8.0172452926635742188 7.96549224853515625 8.67481231689453125 10.088978767395019531 9.0119371414184570312 8.1068391799926757812
-9999 -9999 -9999 -9999 -9999 -9999 -9999 -9999 -9999 -9999 -9999 -9999 -9999 -9999 -9999 -9999 -9999 -9999 -9999 -9999 8.6350469589233398438 -9999 -9999 9.4587335586547851562 8.9659872055053710938 8.6430644989013671875 9.0368776321411132812 9.352741241455078125 8.6243658065795898438 9.18520355224609375 9.9498739242553710938 9.7545843124389648438 13.345837593078613281 11.198174476623535156 7.73600006103515625 7.5338373184204101562 7.9983649253845214844 8.291133880615234375 7.3189544677734375 8.9122867584228515625 7.8368353843688964844 8.1874895095825195312 8.897003173828125 9.0319375991821289062 9.7491502761840820312 12.797528266906738281 9.8140869140625 9.3037776947021484375 7.8395795822143554688
-9999 -9999 -9999 -9999 -9999 -9999 -9999 -9999 -9999 -9999 -9999 -9999 -9999 -9999 -9999 -9999 -9999 -9999 8.8257846832275390625 8.0706424713134765625 8.8988552093505859375 9.585208892822265625 8.9604063034057617188 12.121300697326660156 9.4057064056396484375 8.6356048583984375 10.482208251953125 8.68538665771484375 8.6840600967407226562 8.316070556640625 12.304002761840820312 12.072552680969238281 8.7036113739013671875 13.004518508911132812 9.04668426513671875 8.5177984237670898438 9.4123382568359375 7.5075325965881347656 8.5903425216674804688 10.2892608642578125 10.136975288391113281 9.8455629348754882812 8.1842756271362304688 7.6264696121215820312 8.40616607666015625 12.373261451721191406 8.1643209457397460938 7.4053030014038085938 9.26441192626953125
-9999 -9999 -9999 -9999 -9999 -9999 -9999 -9999 -9999 -9999 -9999 -9999 -9999 -9999 -9999 -9999 -9999 -9999 8.9026927947998046875 8.2954254150390625 7.9225325584411621094 7.9645099639892578125 9.8130159378051757812 10.531622886657714844 9.1347942352294921875 10.158844947814941406 8.796649932861328125 13.433964729309082031 13.449411392211914062 12.549448013305664062 9.5254268646240234375 8.090877532958984375 7.8431429862976074219 8.4519109725952148438 12.984259605407714844 11.716997146606445312 8.2550973892211914062 10.977689743041992188 10.5722808837890625 7.9044528007507324219 8.0950727462768554688 8.9050140380859375 7.9783024787902832031 8.2538213729858398438 7.8170847892761230469 12.260907173156738281 8.4335355758666992188 8.2681379318237304688 8.1388616561889648438
-9999 -9999 -9999 -9999 -9999 -9999 -9999 -9999 -9999 -9999 -9999 -9999 -9999 -9999 -9999 -9999 -9999 8.4791584014892578125 10.425280570983886719 8.4874210357666015625 8.366748809814453125 9.4263582229614257812 8.4288854598999023438 8.3445339202880859375 10.989038467407226562 10.776746749877929688 11.550097465515136719 11.962755203247070312 8.767360687255859375 12.617921829223632812 9.0607576370239257812 9.2274627685546875 8.8374843597412109375 7.9132137298583984375 9.1264095306396484375 13.61460113525390625 11.588753700256347656 8.0460176467895507812 7.6670584678649902344 7.6989159584045410156 9.0080652236938476562 8.02666473388671875 8.508815765380859375 9.3614759445190429688 9.9107828140258789062 12.940677642822265625 10.456749916076660156 10.804169654846191406 11.175699234008789062
-9999 -9999 -9999 -9999 -9999 -9999 -9999 -9999 -9999 -9999 -9999 -9999 -9999 -9999 -9999 9.3013296127319335938 8.1930446624755859375 8.553783416748046875 10.733183860778808594 8.8796720504760742188 9.3184032440185546875 8.3105421066284179688 9.6081647872924804688 9.73604583740234375 9.8508205413818359375 9.695117950439453125 8.1036748886108398438 8.7215948104858398438 8.6050367355346679688 8.639217376708984375 10.780651092529296875 8.8598461151123046875 8.477020263671875 8.10547637939453125 8.0892114639282226562 11.877424240112304688 14.012751579284667969 8.0541048049926757812 9.038364410400390625 7.4485425949096679688 7.7963156700134277344 8.6166620254516601562 7.6349630355834960938 7.6908173561096191406 7.8787336349487304688 12.910207748413085938 7.7271547317504882812 7.3463296890258789062 10.595131874084472656
-9999 -9999 -9999 -9999 -9999 -9999 -9999 -9999 -9999 -9999 -9999 -9999 -9999 -9999 9.3282146453857421875 8.0184307098388671875 8.4112062454223632812 7.5707225799560546875 8.4890956878662109375 11.025377273559570312 9.1563386917114257812 8.8924283981323242188 9.4968652725219726562 9.8873653411865234375 11.437729835510253906 8.7963504791259765625 9.0137615203857421875 7.6641230583190917969 8.228183746337890625 8.1238803863525390625 8.8303070068359375 9.4122257232666015625 10.311239242553710938 10.9053802490234375 11.140057563781738281 8.7879247665405273438 8.2969226837158203125 14.492679595947265625 7.4738755226135253906 8.2334794998168945312 8.0938558578491210938 9.24416351318359375 7.7388715744018554688 8.670013427734375 7.7926249504089355469 12.335658073425292969 8.2437410354614257812 8.122303009033203125 7.4753780364990234375
-9999 -9999 -9999 -9999 -9999 -9999 -9999 -9999 -9999 -9999 -9999 -9999 -9999 -9999 8.9413251876831054688 9.3421916961669921875 7.8784875869750976562 7.9161958694458007812 8.4950532913208007812 9.37856292724609375 12.238411903381347656 9.3202276229858398438 9.1776418685913085938 9.2834253311157226562 10.062907218933105469 10.254503250122070312 8.5803241729736328125 7.803863525390625 7.9912390708923339844 9.286083221435546875 10.031492233276367188 8.6853504180908203125 8.2628221511840820312 7.1809864044189453125 7.8571829795837402344 7.7385625839233398438 7.6648969650268554688 8.1060552597045898438 14.240781784057617188 9.48587799072265625 8.3064422607421875 8.1190862655639648438 8.9079847335815429688 8.1368665695190429688 9.6035089492797851562 12.001704216003417969 7.4055829048156738281 6.8901948928833007812 7.5869379043579101562
-9999 -9999 -9999 -9999 -9999 -9999 -9999 -9999 -9999 -9999 -9999 -9999 -9999 -9999 8.2680311203002929688 9.8436784744262695312 8.3832950592041015625 7.8159742355346679688 7.8105635643005371094 8.1695098876953125 11.746384620666503906 10.179585456848144531 9.3887395858764648438 8.631664276123046875 9.8600091934204101562 11.323040962219238281 10.698204994201660156 9.7605409622192382812 8.369503021240234375 9.3170013427734375 8.3381052017211914062 7.9941759109497070312 7.630626678466796875 9.4259128570556640625 7.4301714897155761719 7.1345615386962890625 7.0834207534790039062 7.67377471923828125 8.0307378768920898438 13.805623054504394531 9.3457460403442382812 8.24900054931640625 7.4019837379455566406 9.19826507568359375 13.086770057678222656 8.1921977996826171875 8.8440227508544921875 7.6383633613586425781 7.6954865455627441406
-9999 -9999 -9999 -9999 -9999 -9999 -9999 -9999 -9999 -9999 -9999 -9999 -9999 -9999 -9999 8.2545146942138671875 11.149545669555664062 12.096297264099121094 11.007597923278808594 11.300190925598144531 8.6639223098754882812 11.762406349182128906 9.7292041778564453125 8.5632762908935546875 8.0043973922729492188 7.5273318290710449219 9.4190568923950195312 9.1327733993530273438 8.7016801834106445312 9.4159612655639648438 11.293423652648925781 7.52967071533203125 7.9149599075317382812 9.5306501388549804688 8.7411289215087890625 7.8977866172790527344 7.1587128639221191406 7.4154372215270996094 7.9550695419311523438 8.7645788192749023438 11.709880828857421875 8.4899539947509765625 8.25395965576171875 10.650975227355957031 12.018237113952636719 7.4776735305786132812 7.5695619583129882812 8.7143945693969726562 8.464664459228515625
-9999 -9999 -9999 -9999 -9999 -9999 -9999 -9999 -9999 -9999 -9999 -9999 -9999 -9999 -9999 8.4743776321411132812 7.8934226036071777344 7.456493377685546875 8.4824419021606445312 8.80307769775390625 11.09999847412109375 12.315473556518554688 14.217400550842285156 8.7097949981689453125 8.2581882476806640625 8.3034887313842773438 8.1303739547729492188 9.6129283905029296875 8.5739374160766601562 8.10121917724609375 10.28106689453125 8.4978790283203125 7.6145644187927246094 9.33924102783203125 7.1806712150573730469 8.4201335906982421875 7.4518160820007324219 8.1168117523193359375 8.8634052276611328125 9.4031982421875 8.3197154998779296875 9.9914264678955078125 8.5853481292724609375 15.590822219848632812 6.9622550010681152344 6.7936496734619140625 7.1816143989562988281 7.2497925758361816406 7.5010590553283691406
-9999 -9999 -9999 -9999 -9999 -9999 -9999 -9999 -9999 -9999 -9999 -9999 -9999 -9999 -9999 -9999 -9999 7.7561588287353515625 7.5400032997131347656 7.3847942352294921875 8.4126157760620117188 8.480743408203125 9.7901525497436523438 14.826005935668945312 9.1616239547729492188 8.0269412994384765625 7.97759246826171875 9.232501983642578125 10.405376434326171875 8.2517118453979492188 8.86884307861328125 10.686056137084960938 7.7457761764526367188 9.6421461105346679688 6.9493589401245117188 7.9031991958618164062 7.3723502159118652344 8.1272039413452148438 8.5759763717651367188 9.1301422119140625 7.8791799545288085938 8.9506654739379882812 10.324275970458984375 13.515462875366210938 7.6409411430358886719 6.8066282272338867188 7.1305661201477050781 8.3621931076049804688 8.1574735641479492188
-9999 -9999 -9999 -9999 -9999 8.3196773529052734375 -9999 -9999 -9999 -9999 -9999 -9999 -9999 -9999 -9999 -9999 -9999 9.0006008148193359375 8.7377920150756835938 9.0586328506469726562 8.06255340576171875 7.964412689208984375 7.8237233161926269531 8.8420515060424804688 14.71734619140625 9.4180917739868164062 8.5043973922729492188 8.0379800796508789062 9.030239105224609375 10.673055648803710938 8.622814178466796875 8.6002178192138671875 11.123414993286132812 7.3705434799194335938 7.6366181373596191406 7.2263312339782714844 7.8037786483764648438 7.3866133689880371094 8.25261688232421875 9.218776702880859375 9.743297576904296875 10.196516036987304688 10.587773323059082031 14.491499900817871094 8.3333501815795898438 7.5035572052001953125 8.2776012420654296875 7.080535888671875 8.9260044097900390625
-9999 -9999 -9999 9.4388675689697265625 9.4774560928344726562 8.2231616973876953125 8.2417430877685546875 -9999 -9999 -9999 -9999 -9999 -9999 -9999 -9999 -9999 10.4674224853515625 10.60065460205078125 9.1520185470581054688 9.539623260498046875 8.2706518173217773438 9.0488557815551757812 8.439212799072265625 8.1928472518920898438 9.4300479888916015625 13.006999015808105469 13.387975692749023438 8.6549997329711914062 8.5389051437377929688 9.6234750747680664062 11.398159027099609375 9.0271434783935546875 11.49925994873046875 8.4793272018432617188 8.4591455459594726562 7.1206297874450683594 7.8359632492065429688 7.1959686279296875 7.388690948486328125 7.8456554412841796875 7.81215667724609375 8.1045579910278320312 9.2730150222778320312 14.0844268798828125 7.9315571784973144531 8.5219545364379882812 7.4007716178894042969 8.58437347412109375 6.897617340087890625
-9999 -9999 -9999 -9999 8.95891571044921875 9.4965572357177734375 9.1294393539428710938 -9999 -9999 -9999 -9999 -9999 -9999 -9999 -9999 -9999 8.5768871307373046875 9.4034757614135742188 9.8012990951538085938 8.9658956527709960938 9.1919393539428710938 9.6468029022216796875 10.210035324096679688 8.648487091064453125 8.304950714111328125 8.4567022323608398438 9.3794994354248046875 13.050940513610839844 9.0024662017822265625 10.02820587158203125 12.029163360595703125 8.9903078079223632812 8.7185077667236328125 11.817193031311035156 9.1516981124877929688 7.8174343109130859375 8.0765600204467773438 6.9161663055419921875 8.6224842071533203125 7.3944292068481445312 7.7363271713256835938 8.7721261978149414062 8.8779964447021484375 9.018932342529296875 13.975132942199707031 10.176642417907714844 8.9125690460205078125 7.3114247322082519531 7.3052506446838378906
-9999 -9999 -9999 -9999 8.6422443389892578125 10.397343635559082031 9.7230587005615234375 8.2742357254028320312 8.4747018814086914062 -9999 -9999 -9999 -9999 -9999 10.002686500549316406 8.6380710601806640625 8.5561838150024414062 8.3852634429931640625 9.4314012527465820312 10.394287109375 8.9177989959716796875 9.6899385452270507812 9.1492481231689453125 10.477508544921875 8.688968658447265625 8.340160369873046875 8.9573421478271484375 8.5513296127319335938 13.5740509033203125 9.1622343063354492188 12.145182609558105469 9.2760257720947265625 7.889743804931640625 11.739887237548828125 8.6354169845581054688 9.66551971435546875 10.357541084289550781 7.7788538932800292969 13.73732757568359375 12.887297630310058594 12.629604339599609375 13.242647171020507812 13.558990478515625 8.7319164276123046875 9.1594266891479492188 13.251979827880859375 6.9775624275207519531 7.7608990669250488281 7.1499128341674804688
-9999 -9999 -9999 9.3227682113647460938 10.564179420471191406 13.527540206909179688 12.208659172058105469 9.4104557037353515625 9.175083160400390625 8.869838714599609375 8.0093946456909179688 7.8906030654907226562 7.9609308242797851562 -9999 9.0344533920288085938 8.83971405029296875 8.6713895797729492188 8.6200323104858398438 7.962848663330078125 10.577219963073730469 8.7304010391235351562 9.8682184219360351562 10.797949790954589844 9.356304168701171875 11.300640106201171875 10.682274818420410156 10.460903167724609375 10.708112716674804688 13.273243904113769531 9.3352909088134765625 12.187410354614257812 8.5012388229370117188 8.8354425430297851562 12.163491249084472656 12.338248252868652344 12.064350128173828125 12.933839797973632812 12.686796188354492188 7.5712423324584960938 7.0178852081298828125 7.2128210067749023438 7.904285430908203125 8.6441516876220703125 12.977299690246582031 8.163761138916015625 13.523808479309082031 9.2353982925415039062 7.8571624755859375 8.1561594009399414062
-9999 -9999 8.2189855575561523438 9.104915618896484375 8.1164865493774414062 8.560821533203125 8.2163105010986328125 11.596987724304199219 12.869408607482910156 8.1392307281494140625 7.4222898483276367188 8.9874324798583984375 8.38297271728515625 8.2307081222534179688 9.03284454345703125 9.1669263839721679688 10.296637535095214844 8.2046356201171875 8.0286417007446289062 10.831501007080078125 9.2833604812622070312 9.3902940750122070312 11.484210014343261719 9.8262271881103515625 10.422272682189941406 8.9777765274047851562 9.5072641372680664062 9.6686677932739257812 9.834674835205078125 13.888077735900878906 9.0369548797607421875 11.785914421081542969 13.094335556030273438 9.22814178466796875 7.2955965995788574219 7.7854905128479003906 8.5073003768920898438 7.2564821243286132812 9.5778741836547851562 7.0623493194580078125 7.2438664436340332031 6.9830522537231445312 7.3727869987487792969 12.743302345275878906 12.708102226257324219 14.326989173889160156 9.8541202545166015625 9.1274118423461914062 7.7413883209228515625
-9999 -9999 -9999 8.6528453826904296875 7.1419343948364257812 8.04433441162109375 6.7991709709167480469 8.1922693252563476562 8.8058614730834960938 12.154268264770507812 9.5997076034545898438 7.0029916763305664062 7.3904962539672851562 8.3981866836547851562 8.5546941757202148438 7.9899773597717285156 7.9011311531066894531 10.941861152648925781 8.1972064971923828125 8.4350118637084960938 11.88469696044921875 10.28467559814453125 11.503767013549804688 9.9862871170043945312 9.0501832962036132812 9.0916223526000976562 8.7348175048828125 8.2497663497924804688 8.93456268310546875 12.821888923645019531 9.3241100311279296875 9.9247531890869140625 9.544406890869140625 7.9059987068176269531 7.2697401046752929688 7.2582616806030273438 8.2211246490478515625 8.949863433837890625 7.8532214164733886719 7.1366248130798339844 7.4628262519836425781 8.0498704910278320312 7.0154213905334472656 7.5665502548217773438 7.7514734268188476562 8.6109437942504882812 14.15738677978515625 7.8443884849548339844 6.8553028106689453125
