gis/160m/twi_dinf.asc
ncols        64
nrows        71
xllcorner    726726.000000000000
yllcorner    7127190.000000000000
cellsize     160.000000000000
NODATA_value -9999
[rows 22 to 43 of 71, columns 0 to 48 of 64]
-9999 -9999 -9999 -9999 12.600888252258300781 12.79297637939453125 12.471652030944824219 12.144230842590332031 12.683837890625 13.140826225280761719 18.8253631591796875 13.098120689392089844 12.744050025939941406 13.21051025390625 13.751574516296386719 13.221896171569824219 13.959980010986328125 14.544047355651855469 15.805140495300292969 13.896129608154296875 16.80037689208984375 16.626550674438476562 16.770259857177734375 16.519216537475585938 14.788559913635253906 15.0624847412109375 14.587970733642578125 13.327405929565429688 13.716134071350097656 14.431143760681152344 18.772785186767578125 15.007798194885253906 14.029570579528808594 12.934462547302246094 12.609537124633789062 12.885352134704589844 13.857036590576171875 15.221913337707519531 13.490807533264160156 12.768801689147949219 13.236628532409667969 12.227204322814941406 13.424479484558105469 13.148453712463378906 13.482391357421875 13.521854400634765625 19.314924240112304688 13.943192481994628906 13.341252326965332031
-9999 -9999 -9999 -9999 -9999 13.255343437194824219 12.599395751953125 12.246554374694824219 12.058487892150878906 12.880610466003417969 15.586012840270996094 16.784978866577148438 12.965047836303710938 12.733304023742675781 12.426483154296875 13.274469375610351562 13.115347862243652344 13.570672035217285156 15.191926002502441406 15.97203826904296875 16.93778228759765625 13.579918861389160156 14.919470787048339844 18.761257171630859375 16.224740982055664062 15.835138320922851562 16.385942459106445312 14.879182815551757812 13.359005928039550781 -9999 18.575359344482421875 16.166620254516601562 13.863333702087402344 13.199580192565917969 13.126459121704101562 14.23851776123046875 14.167247772216796875 14.450010299682617188 14.305601119995117188 12.869433403015136719 13.039675712585449219 12.300475120544433594 12.77086639404296875 14.241147041320800781 14.47599029541015625 14.782353401184082031 20.6797943115234375 13.640128135681152344 14.489542007446289062
-9999 -9999 -9999 13.825591087341308594 12.320239067077636719 12.171140670776367188 12.776707649230957031 12.8319244384765625 12.750001907348632812 12.043779373168945312 12.569932937622070312 16.567470550537109375 16.730005264282226562 11.978424072265625 14.126989364624023438 12.669119834899902344 13.045775413513183594 12.623953819274902344 13.232289314270019531 15.881619453430175781 16.8669586181640625 13.317823410034179688 13.215013504028320312 13.796869277954101562 13.977295875549316406 -9999 14.303392410278320312 15.828734397888183594 -9999 -9999 -9999 15.681955337524414062 13.617039680480957031 12.988961219787597656 12.8202056884765625 13.942841529846191406 14.091174125671386719 14.004057884216308594 13.792706489562988281 14.417850494384765625 15.240998268127441406 13.165617942810058594 12.539572715759277344 12.519278526306152344 12.138230323791503906 13.928761482238769531 20.467927932739257812 14.829792022705078125 15.021389007568359375
-9999 -9999 12.610415458679199219 12.20063018798828125 13.85994720458984375 12.5973968505859375 12.317110061645507812 12.571221351623535156 13.366929054260253906 12.850786209106445312 12.884494781494140625 14.1348114013671875 18.07764434814453125 12.193511009216308594 11.782889366149902344 12.295538902282714844 13.420543670654296875 12.911378860473632812 12.743834495544433594 12.966942787170410156 17.090999603271484375 14.951282501220703125 13.501531600952148438 14.040387153625488281 14.825916290283203125 12.984930038452148438 -9999 13.676700592041015625 14.865788459777832031 -9999 -9999 16.6996307373046875 14.182133674621582031 13.306211471557617188 13.338152885437011719 14.081896781921386719 14.531864166259765625 15.172899246215820312 12.857468605041503906 13.104541778564453125 13.269796371459960938 14.449183464050292969 14.554282188415527344 13.157855987548828125 12.460629463195800781 18.258958816528320312 13.967745780944824219 16.14034271240234375 15.724711418151855469
-9999 12.988519668579101562 13.153109550476074219 14.572123527526855469 11.942646026611328125 12.20697021484375 12.703484535217285156 12.056615829467773438 12.331933021545410156 13.219975471496582031 12.923672676086425781 12.82880401611328125 17.4860992431640625 13.320569992065429688 11.470055580139160156 11.88234710693359375 12.69472503662109375 14.041492462158203125 12.806435585021972656 12.741274833679199219 14.107130050659179688 17.471391677856445312 13.547086715698242188 13.541996002197265625 14.292632102966308594 14.542450904846191406 12.930135726928710938 13.373700141906738281 14.320256233215332031 -9999 -9999 16.234209060668945312 14.035099983215332031 13.285357475280761719 12.7247772216796875 13.1628265380859375 14.328780174255371094 14.890027999877929688 12.604671478271484375 12.525502204895019531 13.281443595886230469 13.115038871765136719 14.104000091552734375 14.573732376098632812 14.342965126037597656 13.623335838317871094 19.777975082397460938 17.458974838256835938 15.209003448486328125
-9999 -9999 13.183549880981445312 14.212177276611328125 12.775380134582519531 12.900735855102539062 12.859251022338867188 12.664010047912597656 12.110870361328125 12.111169815063476562 13.11270904541015625 12.337840080261230469 13.282214164733886719 16.906034469604492188 12.586744308471679688 12.30846405029296875 12.368747711181640625 12.77303314208984375 14.320909500122070312 12.785352706909179688 13.868985176086425781 12.912929534912109375 16.527200698852539062 13.353456497192382812 14.288481712341308594 15.246564865112304688 13.417966842651367188 13.330793380737304688 14.247351646423339844 -9999 15.61496734619140625 14.910688400268554688 14.167485237121582031 12.79270172119140625 12.636495590209960938 13.069214820861816406 13.807732582092285156 14.99846649169921875 13.273446083068847656 12.940081596374511719 12.814937591552734375 14.320878982543945312 12.831135749816894531 13.710485458374023438 14.635442733764648438 15.100616455078125 18.966434478759765625 18.8675537109375 13.244526863098144531
-9999 13.862176895141601562 12.309453010559082031 14.372648239135742188 13.181470870971679688 13.526600837707519531 13.169317245483398438 13.071103096008300781 12.804883956909179688 13.04532623291015625 12.272971153259277344 12.581465721130371094 12.607572555541992188 17.71999359130859375 12.809686660766601562 12.236621856689453125 12.001959800720214844 12.7328643798828125 13.109082221984863281 14.572281837463378906 13.868204116821289062 12.087349891662597656 12.848272323608398438 16.24652862548828125 13.058650016784667969 13.35141754150390625 15.563735008239746094 13.227081298828125 14.054394721984863281 -9999 13.429912567138671875 14.214276313781738281 15.368971824645996094 13.136394500732421875 12.347155570983886719 13.2111663818359375 14.239727020263671875 15.514131546020507812 14.604150772094726562 13.164370536804199219 12.774973869323730469 12.913737297058105469 13.376305580139160156 13.73583221435546875 14.059802055358886719 13.09572601318359375 19.36196136474609375 16.50079345703125 13.251310348510742188
-9999 13.111779212951660156 13.060561180114746094 15.110546112060546875 12.458285331726074219 13.998385429382324219 13.510731697082519531 13.550322532653808594 13.568415641784667969 13.467451095581054688 12.037206649780273438 12.547941207885742188 12.933767318725585938 17.337022781372070312 14.251366615295410156 12.371424674987792969 12.455206871032714844 12.2914886474609375 12.448915481567382812 14.418546676635742188 15.296833038330078125 13.155236244201660156 12.508166313171386719 12.903372764587402344 16.413265228271484375 14.337435722351074219 16.223165512084960938 14.597086906433105469 13.6064453125 14.737736701965332031 13.47293853759765625 13.592844009399414062 15.37400054931640625 14.256943702697753906 12.902540206909179688 13.247031211853027344 14.15643310546875 15.347003936767578125 15.396108627319335938 13.694959640502929688 13.212127685546875 13.5343780517578125 12.793802261352539062 14.012056350708007812 13.203500747680664062 13.687627792358398438 13.718675613403320312 17.976865768432617188 17.031280517578125
14.217412948608398438 15.912885665893554688 15.201594352722167969 16.51163482666015625 13.000971794128417969 13.051135063171386719 15.302486419677734375 12.590317726135253906 14.32128143310546875 13.623395919799804688 12.716362953186035156 12.37469482421875 12.717227935791015625 12.735585212707519531 17.915311813354492188 13.247834205627441406 12.373320579528808594 12.22943878173828125 12.996613502502441406 16.097545623779296875 14.722110748291015625 12.879201889038085938 12.254610061645507812 12.043496131896972656 12.771158218383789062 17.16390228271484375 14.2415771484375 16.658987045288085938 13.756447792053222656 13.17211151123046875 13.044839859008789062 13.973090171813964844 15.749128341674804688 15.907823562622070312 13.249608039855957031 14.98210906982421875 12.80014801025390625 13.256695747375488281 15.390145301818847656 14.262578010559082031 13.742649078369140625 13.898730278015136719 13.029889106750488281 12.822681427001953125 13.018980026245117188 13.047644615173339844 14.438776016235351562 19.227994918823242188 15.656545639038085938
-9999 13.938716888427734375 14.795007705688476562 16.042530059814453125 17.298357009887695312 13.201809883117675781 13.183852195739746094 15.980875968933105469 15.096792221069335938 12.923593521118164062 14.577230453491210938 12.584776878356933594 12.568408966064453125 12.782488822937011719 13.27556610107421875 17.092021942138671875 12.785162925720214844 12.439470291137695312 15.551578521728515625 12.955409049987792969 13.180788040161132812 13.478264808654785156 12.532847404479980469 12.359735488891601562 12.912758827209472656 14.048043251037597656 18.692394256591796875 15.324942588806152344 15.508805274963378906 14.549169540405273438 13.66333770751953125 14.262820243835449219 13.829305648803710938 16.267309188842773438 16.6574859619140625 12.835506439208984375 12.725327491760253906 13.280260086059570312 13.570055007934570312 15.071124076843261719 14.058674812316894531 14.780982017517089844 13.810526847839355469 12.601261138916015625 13.08061981201171875 12.356962203979492188 12.954257965087890625 14.253543853759765625 19.09732818603515625
-9999 -9999 13.457628250122070312 13.63593292236328125 15.98734283447265625 17.4705047607421875 17.8909912109375 18.562740325927734375 16.114530563354492188 16.850473403930664062 13.013112068176269531 13.051448822021484375 13.125513076782226562 13.173749923706054688 12.936671257019042969 17.679279327392578125 12.861520767211914062 12.370080947875976562 15.450259208679199219 12.774161338806152344 12.694746017456054688 12.338006973266601562 13.319461822509765625 13.218515396118164062 14.101238250732421875 14.638860702514648438 19.6314239501953125 14.4745635986328125 13.678804397583007812 15.518581390380859375 14.282222747802734375 14.76187896728515625 14.479181289672851562 13.7630767822265625 15.018033027648925781 16.392528533935546875 12.904592514038085938 14.139598846435546875 13.490387916564941406 13.926087379455566406 14.930899620056152344 15.018096923828125 15.418125152587890625 13.628596305847167969 12.931573867797851562 12.704937934875488281 13.092413902282714844 15.101233482360839844 15.935082435607910156
-9999 -9999 13.392116546630859375 14.000797271728515625 14.327385902404785156 14.654439926147460938 15.475848197937011719 15.664582252502441406 19.22904205322265625 16.985368728637695312 15.970524787902832031 13.824493408203125 14.649668693542480469 12.957427024841308594 13.274411201477050781 18.074277877807617188 13.963750839233398438 15.404238700866699219 12.442474365234375 12.4380035400390625 12.9714508056640625 12.951482772827148438 13.656939506530761719 13.806370735168457031 13.393774986267089844 14.095745086669921875 13.575400352478027344 13.984662055969238281 13.340892791748046875 14.025463104248046875 15.713000297546386719 13.224326133728027344 15.350184440612792969 14.121085166931152344 14.203952789306640625 17.486955642700195312 14.009879112243652344 15.054033279418945312 14.240970611572265625 14.566982269287109375 14.496953010559082031 14.854208946228027344 16.223255157470703125 14.124952316284179688 13.25246429443359375 12.939545631408691406 13.236125946044921875 16.199266433715820312 12.886563301086425781
-9999 -9999 -9999 14.035074234008789062 -9999 -9999 14.528469085693359375 14.028798103332519531 13.983297348022460938 18.696893692016601562 18.44806671142578125 19.595117568969726562 13.444643974304199219 13.204408645629882812 13.371133804321289062 18.130617141723632812 14.960767745971679688 12.472954750061035156 12.169763565063476562 12.817023277282714844 13.375700950622558594 13.472838401794433594 14.240279197692871094 14.104391098022460938 13.365113258361816406 12.910480499267578125 15.709566116333007812 13.867760658264160156 13.984074592590332031 13.255296707153320312 15.715254783630371094 14.782826423645019531 15.325932502746582031 14.144146919250488281 13.7174072265625 14.031393051147460938 13.748948097229003906 15.913360595703125 14.148626327514648438 14.363702774047851562 15.004314422607421875 13.267040252685546875 15.333287239074707031 16.10511016845703125 13.584796905517578125 13.157375335693359375 12.944222450256347656 16.363613128662109375 13.751897811889648438
-9999 -9999 -9999 -9999 -9999 -9999 -9999 -9999 -9999 13.761926651000976562 14.26772308349609375 15.613985061645507812 18.843349456787109375 13.765759468078613281 13.24364471435546875 18.043455123901367188 13.08386993408203125 12.972493171691894531 12.776613235473632812 13.9015350341796875 12.86968231201171875 13.836659431457519531 13.951966285705566406 13.937219619750976562 13.46703338623046875 13.279397010803222656 13.5823516845703125 15.629390716552734375 14.743625640869140625 13.422205924987792969 14.181014060974121094 16.30254364013671875 16.430295944213867188 14.426774978637695312 13.262892723083496094 13.758329391479492188 13.878014564514160156 13.813796043395996094 16.126983642578125 15.110348701477050781 14.597982406616210938 14.677412033081054688 15.124960899353027344 17.220684051513671875 14.785340309143066406 13.794855117797851562 13.188526153564453125 13.058964729309082031 17.44366455078125
-9999 -9999 -9999 -9999 -9999 -9999 -9999 -9999 -9999 14.157604217529296875 14.498670578002929688 14.551103591918945312 15.261876106262207031 19.931577682495117188 18.88343048095703125 20.506704330444335938 13.986884117126464844 14.766139030456542969 12.824799537658691406 14.411643028259277344 13.77104949951171875 14.049506187438964844 13.948236465454101562 12.500859260559082031 14.471856117248535156 13.173370361328125 13.252764701843261719 15.04349517822265625 14.503684043884277344 13.555886268615722656 13.376082420349121094 14.339887619018554688 17.382322311401367188 13.731691360473632812 13.929085731506347656 14.334890365600585938 14.325953483581542969 13.132725715637207031 13.717657089233398438 16.684003829956054688 14.622533798217773438 15.984087944030761719 18.141542434692382812 16.753530502319335938 13.716013908386230469 14.655198097229003906 13.344432830810546875 12.926158905029296875 17.0641326904296875
-9999 -9999 -9999 -9999 -9999 -9999 -9999 -9999 -9999 14.770132064819335938 14.386577606201171875 15.227194786071777344 16.933935165405273438 15.42722320556640625 14.349783897399902344 13.982396125793457031 20.62860107421875 13.849924087524414062 14.365523338317871094 14.8245391845703125 14.405178070068359375 14.351136207580566406 14.63780975341796875 13.39604949951171875 13.48041534423828125 13.348828315734863281 13.333324432373046875 14.897336006164550781 13.984930038452148438 13.413701057434082031 13.445122718811035156 14.056029319763183594 13.908112525939941406 16.986326217651367188 14.57366943359375 13.6931610107421875 13.338045120239257812 15.277457237243652344 14.381321907043457031 14.997447013854980469 21.37520599365234375 19.095495223999023438 15.443783760070800781 12.915313720703125 13.11457061767578125 14.004991531372070312 14.975423812866210938 14.909928321838378906 18.00742340087890625
-9999 -9999 -9999 -9999 -9999 -9999 -9999 -9999 -9999 15.985820770263671875 15.91446685791015625 15.422419548034667969 14.733366012573242188 14.601920127868652344 15.400468826293945312 16.476854324340820312 14.286625862121582031 21.264875411987304688 20.324354171752929688 19.390714645385742188 13.868084907531738281 15.06555938720703125 15.054616928100585938 14.59593963623046875 14.29846954345703125 14.051218986511230469 13.873257637023925781 15.478197097778320312 13.902008056640625 13.392838478088378906 13.464145660400390625 13.860157966613769531 14.216471672058105469 18.322126388549804688 14.805048942565917969 14.440387725830078125 14.372034072875976562 15.563669204711914062 16.91823577880859375 16.674764633178710938 14.498994827270507812 16.81423187255859375 15.541436195373535156 12.989477157592773438 16.0461273193359375 13.151404380798339844 12.876942634582519531 12.563199043273925781 14.332078933715820312
-9999 -9999 -9999 -9999 -9999 -9999 -9999 -9999 -9999 -9999 15.375010490417480469 15.57384490966796875 18.38977813720703125 16.796007156372070312 15.223155021667480469 15.00115203857421875 14.853626251220703125 14.851644515991210938 14.122180938720703125 14.106863021850585938 19.675577163696289062 15.78548431396484375 15.77889251708984375 16.006223678588867188 14.819757461547851562 16.240690231323242188 15.715558052062988281 16.799642562866210938 14.963387489318847656 13.959011077880859375 13.973776817321777344 13.430325508117675781 13.55185699462890625 14.434208869934082031 16.587345123291015625 15.960784912109375 13.851151466369628906 14.512582778930664062 13.285945892333984375 13.343957901000976562 12.810207366943359375 14.163336753845214844 15.391880989074707031 14.798618316650390625 14.473219871520996094 13.162832260131835938 13.83644866943359375 14.475331306457519531 15.68077850341796875
-9999 -9999 -9999 -9999 -9999 -9999 -9999 -9999 -9999 -9999 -9999 -9999 15.002058029174804688 15.030156135559082031 15.915111541748046875 16.210474014282226562 16.10480499267578125 16.397266387939453125 13.85984039306640625 19.306863784790039062 18.520885467529296875 16.758159637451171875 14.284832000732421875 14.750065803527832031 18.248090744018554688 15.537627220153808594 14.734899520874023438 18.711944580078125 16.685766220092773438 16.480052947998046875 14.662531852722167969 13.68096923828125 13.68798065185546875 13.417448043823242188 15.794329643249511719 16.061740875244140625 13.783077239990234375 13.283966064453125 13.6123809814453125 13.644944190979003906 13.263514518737792969 13.072230339050292969 14.782317161560058594 13.777852058410644531 14.161608695983886719 13.172457695007324219 13.79476165771484375 12.97031402587890625 13.713667869567871094
-9999 -9999 -9999 -9999 -9999 -9999 -9999 -9999 -9999 -9999 -9999 -9999 -9999 -9999 -9999 -9999 -9999 15.16156768798828125 14.229258537292480469 14.765082359313964844 22.113676071166992188 20.151611328125 19.4913482666015625 20.144763946533203125 15.740082740783691406 14.536513328552246094 14.746281623840332031 14.371352195739746094 14.288504600524902344 14.742337226867675781 18.479497909545898438 17.569490432739257812 14.657163619995117188 14.051441192626953125 14.660962104797363281 15.06756591796875 13.425784111022949219 12.579397201538085938 12.619350433349609375 12.801405906677246094 13.407784461975097656 13.871339797973632812 14.147088050842285156 14.041090965270996094 13.911357879638671875 14.070565223693847656 12.937378883361816406 13.069670677185058594 13.488689422607421875
-9999 -9999 -9999 -9999 -9999 -9999 -9999 -9999 -9999 -9999 -9999 -9999 -9999 -9999 -9999 -9999 -9999 -9999 -9999 -9999 14.353156089782714844 14.257177352905273438 14.511673927307128906 15.21006011962890625 17.96099853515625 17.085613250732421875 16.072080612182617188 16.33997344970703125 16.229391098022460938 14.217382431030273438 14.276067733764648438 14.789499282836914062 19.476301193237304688 16.264316558837890625 14.448146820068359375 14.782222747802734375 15.519144058227539062 13.640511512756347656 13.577752113342285156 13.502361297607421875 12.930013656616210938 13.407159805297851562 13.875947952270507812 14.351815223693847656 14.013911247253417969 14.750314712524414062 13.932849884033203125 12.681227684020996094 12.695509910583496094
-9999 -9999 -9999 -9999 -9999 -9999 -9999 -9999 -9999 -9999 -9999 -9999 -9999 -9999 -9999 -9999 -9999 -9999 -9999 -9999 -9999 -9999 14.325190544128417969 13.883289337158203125 14.282868385314941406 18.829481124877929688 14.604822158813476562 14.546435356140136719 16.136831283569335938 15.270260810852050781 15.185495376586914062 15.5888824462890625 14.998212814331054688 14.836108207702636719 16.0933074951171875 16.82483673095703125 16.964328765869140625 18.56075286865234375 15.024062156677246094 13.876603126525878906 13.486523628234863281 13.718756675720214844 13.624439239501953125 13.266016960144042969 14.481714248657226562 13.283370018005371094 13.152803421020507812 12.868947029113769531 13.017992019653320312
