gis/160m/twi_d8.asc
ncols        64
nrows        71
xllcorner    726726.000000000000
yllcorner    7127190.000000000000
cellsize     160.000000000000
NODATA_value -9999
[rows 22 to 43 of 71, columns 0 to 48 of 64]
-9999 -9999 -9999 -9999 7.4005031585693359375 7.7868242263793945312 7.5740966796875 6.7872838973999023438 7.6086640357971191406 8.0656528472900390625 13.757786750793457031 7.9539923667907714844 7.5368204116821289062 8.2564344406127929688 8.6764011383056640625 8.1467218399047851562 8.9558706283569335938 9.588409423828125 10.688654899597167969 8.4839944839477539062 11.725202560424804688 11.509924888610839844 10.897500038146972656 11.690140724182128906 9.688838958740234375 10.262311935424804688 9.5127973556518554688 8.252231597900390625 8.85826873779296875 9.497295379638671875 13.685609817504882812 9.9326238632202148438 8.9686269760131835938 7.5644903182983398438 7.5343637466430664062 7.8101787567138671875 8.7818632125854492188 10.146739006042480469 8.1264171600341796875 7.6936278343200683594 8.1614542007446289062 7.1520304679870605469 8.5796670913696289062 7.3061952590942382812 8.269138336181640625 7.6435475349426269531 14.244019508361816406 9.2372751235961914062 8.7351541519165039062
-9999 -9999 -9999 -9999 -9999 8.1801700592041015625 7.5242218971252441406 7.1713809967041015625 6.9833135604858398438 7.6461725234985351562 8.864788055419921875 12.025443077087402344 7.9887170791625976562 7.6581301689147949219 7.3513092994689941406 8.1992959976196289062 7.8530364036560058594 8.2886219024658203125 9.7250833511352539062 11.276810646057128906 11.8486328125 8.5047454833984375 9.8442964553833007812 13.686082839965820312 11.304057121276855469 10.7599639892578125 11.316287040710449219 9.7876348495483398438 8.283832550048828125 -9999 13.503371238708496094 11.427347183227539062 8.8722734451293945312 8.1502466201782226562 8.0512847900390625 9.1633443832397460938 9.0920743942260742188 9.374835968017578125 9.230426788330078125 7.7942600250244140625 7.9645013809204101562 7.2253007888793945312 7.9590702056884765625 9.4788608551025390625 9.5782041549682617188 10.189313888549804688 15.617064476013183594 8.0099287033081054688 8.9064960479736328125
-9999 -9999 -9999 8.7504167556762695312 7.2450652122497558594 7.0959672927856445312 7.7015333175659179688 7.7567501068115234375 7.3782148361206054688 6.96860504150390625 7.0702056884765625 9.8589801788330078125 11.645009040832519531 6.9032497406005859375 9.0518159866333007812 7.5939459800720214844 7.9706010818481445312 7.5487804412841796875 8.0973358154296875 10.886294364929199219 11.692526817321777344 8.2426500320434570312 8.1398401260375976562 8.7216958999633789062 8.90212249755859375 -9999 9.22821807861328125 10.753561019897460938 -9999 -9999 -9999 10.69586944580078125 8.6503648757934570312 7.9886631965637207031 7.7450323104858398438 8.7584772109985351562 8.9221982955932617188 9.098522186279296875 8.717533111572265625 9.6302328109741210938 10.225535392761230469 7.385547637939453125 7.4643988609313964844 7.4441051483154296875 7.0630559921264648438 7.4017519950866699219 15.405162811279296875 8.3443546295166015625 10.19484710693359375
-9999 -9999 7.5352411270141601562 7.1254563331604003906 8.7847738265991210938 7.5222225189208984375 7.24193572998046875 7.4960474967956542969 8.4812793731689453125 8.2479753494262695312 8.2938051223754882812 9.455898284912109375 12.992751121520996094 6.8877439498901367188 6.7077155113220214844 7.2203650474548339844 8.3453702926635742188 7.83620452880859375 7.4958648681640625 8.005367279052734375 12.015711784362792969 9.7632770538330078125 8.426357269287109375 8.965213775634765625 9.6177616119384765625 7.909755706787109375 -9999 8.6015262603759765625 9.4981536865234375 -9999 -9999 11.593912124633789062 8.9384889602661132812 8.1378660202026367188 8.2629795074462890625 9.0067224502563476562 9.4190235137939453125 10.113409996032714844 7.7822947502136230469 8.0293674468994140625 8.1946229934692382812 9.4984350204467773438 9.7387208938598632812 7.3392610549926757812 7.0572733879089355469 13.178389549255371094 8.5450000762939453125 11.045370101928710938 11.084600448608398438
-9999 7.8504347801208496094 8.0538654327392578125 9.5112590789794921875 6.8674721717834472656 7.3408489227294921875 7.4656357765197753906 6.9577393531799316406 7.2567591667175292969 7.5658736228942871094 7.82532501220703125 7.1491951942443847656 12.419604301452636719 8.3935594558715820312 6.3948812484741210938 6.8071737289428710938 7.6195507049560546875 8.9663190841674804688 7.7312617301940917969 7.3278627395629882812 8.8219461441040039062 12.39621734619140625 8.4719133377075195312 8.4668226242065429688 9.2515344619750976562 9.4424610137939453125 7.854961395263671875 8.2985258102416992188 9.8367090225219726562 -9999 -9999 11.159035682678222656 8.4014596939086914062 8.46880340576171875 7.6496033668518066406 8.0876522064208984375 8.6408452987670898438 10.022977828979492188 7.4368901252746582031 7.4503283500671386719 8.2062702178955078125 8.14781951904296875 8.5457925796508789062 9.690586090087890625 7.9244570732116699219 7.3265919685363769531 14.695197105407714844 12.598201751708984375 8.2590055465698242188
-9999 -9999 8.1399717330932617188 9.0731859207153320312 7.7911734580993652344 7.9711995124816894531 7.699825286865234375 7.7590584754943847656 6.7598218917846679688 7.0359954833984375 7.4852404594421386719 7.2626662254333496094 8.1293497085571289062 11.827534675598144531 7.1206173896789550781 7.2332901954650878906 7.2935733795166015625 7.6978592872619628906 9.1224613189697265625 7.710178375244140625 9.0142316818237304688 7.6321840286254882812 11.452027320861816406 8.27828216552734375 9.2133083343505859375 10.133696556091308594 8.5325794219970703125 8.255619049072265625 9.1384983062744140625 -9999 10.539793968200683594 9.5780544281005859375 9.277225494384765625 7.2522106170654296875 7.5613217353820800781 7.7660665512084960938 8.8695554733276367188 9.90506744384765625 8.2746858596801757812 7.8649077415466308594 7.7397637367248535156 9.2457056045532226562 7.5779109001159667969 8.199188232421875 10.045516014099121094 10.38584136962890625 14.481922149658203125 12.210294723510742188 8.003849029541015625
-9999 8.9945211410522460938 7.0699243545532226562 9.2447195053100585938 8.0829257965087890625 8.4015245437622070312 8.2886075973510742188 8.0913333892822265625 7.8303475379943847656 7.4927449226379394531 7.1977972984313964844 7.5062918663024902344 7.156642913818359375 12.636929512023925781 7.7795190811157226562 7.1614484786987304688 6.9267864227294921875 7.6576905250549316406 8.2530517578125 9.3397617340087890625 8.7930307388305664062 7.0121760368347167969 8.0295610427856445312 11.177785873413085938 7.9834761619567871094 8.2762441635131835938 10.488561630249023438 8.1519079208374023438 9.9303655624389648438 -9999 9.047885894775390625 8.9455785751342773438 10.303440093994140625 8.1320466995239257812 7.2719821929931640625 8.2820920944213867188 9.077808380126953125 10.580056190490722656 9.1729211807250976562 8.0148677825927734375 7.7801003456115722656 7.8385634422302246094 8.3011322021484375 8.6239452362060546875 8.9520854949951171875 8.0111551284790039062 14.317265510559082031 10.019561767578125 8.4996442794799804688
-9999 8.0366048812866210938 7.484210968017578125 9.9118986129760742188 7.1119251251220703125 8.782001495361328125 8.8130388259887695312 8.6527948379516601562 8.3146820068359375 8.251556396484375 6.9620327949523925781 7.4727678298950195312 8.11742401123046875 12.252977371215820312 9.4338836669921875 7.2605109214782714844 7.3800330162048339844 7.2163147926330566406 7.3737421035766601562 8.952075958251953125 10.495370864868164062 8.0800619125366210938 7.0597529411315917969 7.6179447174072265625 11.334928512573242188 9.3409709930419921875 11.2328643798828125 9.09735870361328125 8.5312709808349609375 9.8857069015502929688 8.3977651596069335938 8.517669677734375 10.452610015869140625 8.9390192031860351562 7.2417464256286621094 8.3698577880859375 9.0641078948974609375 10.867508888244628906 9.5070438385009765625 8.555126190185546875 8.206085205078125 8.4592046737670898438 7.7186288833618164062 8.9368829727172851562 8.3252134323120117188 8.6391324996948242188 8.6387929916381835938 11.078925132751464844 12.080859184265136719
9.142238616943359375 10.769816398620605469 10.202511787414550781 11.319838523864746094 7.9257979393005371094 7.7427415847778320312 10.327948570251464844 7.5151438713073730469 8.8743686676025390625 8.787929534912109375 7.5652794837951660156 7.0713953971862792969 7.6420540809631347656 7.6604113578796386719 12.850544929504394531 7.9861826896667480469 7.3150477409362792969 7.1212968826293945312 7.6483449935913085938 11.045058250427246094 9.2372064590454101562 7.804027557373046875 7.1794362068176269531 6.9683222770690917969 7.7433257102966308594 12.088727951049804688 9.1664028167724609375 11.583813667297363281 8.6812734603881835938 8.0969381332397460938 7.9696660041809082031 8.8979167938232421875 9.09307861328125 11.159823417663574219 7.8352150917053222656 9.9147090911865234375 7.7249736785888671875 8.1815214157104492188 11.14546966552734375 9.3175144195556640625 8.6484727859497070312 8.6380481719970703125 8.180393218994140625 7.7475070953369140625 7.6382112503051757812 7.9382929801940917969 9.3039264678955078125 13.999379158020019531 8.0639219284057617188
-9999 8.8635435104370117188 9.7151193618774414062 10.967355728149414062 11.945421218872070312 8.1266355514526367188 8.1086778640747070312 10.955640792846679688 9.7919292449951171875 7.5332369804382324219 9.6337432861328125 7.6404047012329101562 7.2739253044128417969 7.7073144912719726562 7.8333773612976074219 12.025790214538574219 7.4505186080932617188 7.1611161231994628906 10.489947319030761719 7.8802351951599121094 8.1056146621704101562 8.4030914306640625 7.4576730728149414062 7.2845621109008789062 7.83758544921875 8.972869873046875 13.617220878601074219 10.249769210815429688 10.507079124450683594 9.1628751754760742188 8.8408946990966796875 9.1876468658447265625 8.7541322708129882812 10.117266654968261719 11.655219078063964844 7.7603325843811035156 7.6501536369323730469 7.8003244400024414062 8.7818603515625 10.0986480712890625 9.4096403121948242188 9.2785196304321289062 8.8750104904174804688 7.4502568244934082031 8.0054454803466796875 7.2817883491516113281 8.161407470703125 8.9561100006103515625 13.876634597778320312
-9999 -9999 8.3824548721313476562 8.3608789443969726562 11.328934669494628906 12.365970611572265625 12.779314994812011719 13.422966957092285156 11.180693626403808594 11.857913017272949219 7.9379377365112304688 8.0869054794311523438 8.0345516204833984375 7.7459125518798828125 7.8614978790283203125 12.616388320922851562 8.0364923477172851562 7.2949075698852539062 10.387014389038085938 7.6989874839782714844 7.6195726394653320312 7.2595801353454589844 8.3547611236572265625 7.8729238510131835938 9.0260648727416992188 9.5636873245239257812 14.556250572204589844 9.3993892669677734375 8.60363006591796875 10.384008407592773438 9.6626644134521484375 9.646526336669921875 9.186000823974609375 8.6879024505615234375 9.4525547027587890625 11.385059356689453125 7.6671643257141113281 9.3714141845703125 8.0717039108276367188 8.8509130477905273438 9.9405584335327148438 9.964778900146484375 10.249982833862304688 8.7177724838256835938 7.7628154754638671875 7.6297636032104492188 8.0464811325073242188 10.243510246276855469 10.808923721313476562
-9999 -9999 8.3169422149658203125 9.034191131591796875 9.1989536285400390625 8.9623765945434570312 10.340478897094726562 10.673079490661621094 14.110501289367675781 12.001168251037597656 10.990563392639160156 8.1665449142456054688 9.6556711196899414062 7.8822536468505859375 8.1992368698120117188 12.997849464416503906 7.0365419387817382812 10.359116554260253906 7.3673005104064941406 7.3628292083740234375 8.0207529067993164062 7.8822584152221679688 8.6957263946533203125 8.439731597900390625 8.3186006546020507812 9.0313129425048828125 8.5002269744873046875 8.9094877243041992188 8.2657194137573242188 8.971996307373046875 10.68984222412109375 8.1491527557373046875 10.126070022583007812 9.3157854080200195312 9.1287784576416015625 12.366260528564453125 8.4404659271240234375 10.235790252685546875 9.0890254974365234375 9.37389373779296875 8.4731960296630859375 10.129617691040039062 10.99564361572265625 9.4215850830078125 7.7594785690307617188 7.8643712997436523438 8.1771697998046875 11.118326187133789062 7.8113894462585449219
-9999 -9999 -9999 8.9599008560180664062 -9999 -9999 9.4532957077026367188 8.9536237716674804688 8.9081239700317382812 13.582232475280761719 13.355480194091796875 14.501679420471191406 8.3694705963134765625 8.1292352676391601562 8.29595947265625 13.063135147094726562 10.183279037475585938 7.0638723373413085938 7.0945897102355957031 7.8215236663818359375 8.1615591049194335938 8.4219036102294921875 9.36331939697265625 8.825794219970703125 8.2899389266967773438 7.8037562370300292969 10.634392738342285156 8.7925863265991210938 8.908901214599609375 8.1801233291625976562 10.914215087890625 8.7448854446411132812 10.247577667236328125 8.7544193267822265625 8.6422328948974609375 8.956218719482421875 9.3669214248657226562 10.9784698486328125 9.2461452484130859375 9.2083940505981445312 9.4075479507446289062 7.9990754127502441406 10.209974288940429688 11.124479293823242188 8.4616594314575195312 8.0822010040283203125 7.7830462455749511719 11.28574371337890625 8.6767244338989257812
-9999 -9999 -9999 -9999 -9999 -9999 -9999 -9999 -9999 8.6867523193359375 9.1925487518310546875 10.665056228637695312 13.753904342651367188 8.4101991653442382812 8.1684713363647460938 12.975918769836425781 8.120861053466796875 7.1534352302551269531 7.7810602188110351562 8.920654296875 7.2962121963500976562 8.8196859359741210938 8.969203948974609375 8.7381687164306640625 8.508472442626953125 8.2042236328125 8.5071773529052734375 10.581691741943359375 9.5533809661865234375 8.3470325469970703125 9.1961584091186523438 11.307227134704589844 11.167883872985839844 9.4352273941040039062 8.1877193450927734375 8.683155059814453125 8.8028402328491210938 8.6178493499755859375 11.1788330078125 9.9906282424926757812 9.3493032455444335938 9.1052980422973632812 10.583125114440917969 12.099326133728027344 9.9602060317993164062 8.6746501922607421875 8.1133527755737304688 7.9837908744812011719 12.34940338134765625
-9999 -9999 -9999 -9999 -9999 -9999 -9999 -9999 -9999 9.0824298858642578125 9.423496246337890625 9.47592926025390625 10.186701774597167969 14.840125083923339844 13.792157173156738281 15.4287872314453125 8.3645782470703125 9.6478281021118164062 7.48876953125 9.4205160140991210938 8.1065959930419921875 8.9763402938842773438 9.2053174972534179688 7.4256854057312011719 9.4872407913208007812 8.188259124755859375 8.229503631591796875 10.061643600463867188 9.1005449295043945312 8.480712890625 8.3009080886840820312 9.44647216796875 12.307147979736328125 8.4087848663330078125 9.0053853988647460938 9.2597169876098632812 9.2507791519165039062 8.057552337646484375 8.6424837112426757812 11.909881591796875 9.547359466552734375 10.962925910949707031 13.062465667724609375 11.611588478088378906 8.6408405303955078125 9.5507688522338867188 8.2692594528198242188 7.7513208389282226562 12.018129348754882812
-9999 -9999 -9999 -9999 -9999 -9999 -9999 -9999 -9999 9.8408708572387695312 9.0711812973022460938 10.152021408081054688 11.858760833740234375 10.352049827575683594 9.2746105194091796875 8.907222747802734375 15.547053337097167969 8.7747507095336914062 8.304412841796875 10.053854942321777344 8.8040227890014648438 9.3860769271850585938 9.8296298980712890625 7.6812839508056640625 8.0619955062866210938 8.4892301559448242188 8.3020181655883789062 9.7379198074340820312 8.9584321975708007812 8.6101808547973632812 8.3699483871459960938 8.9808549880981445312 8.8329381942749023438 11.898730278015136719 9.6356058120727539062 8.6179876327514648438 8.26287078857421875 10.24609375 9.4364748001098632812 9.24610137939453125 16.2969512939453125 14.02010345458984375 10.645986557006835938 7.8401403427124023438 8.0393972396850585938 8.8390483856201171875 9.8936910629272460938 9.8413028717041015625 12.944127082824707031
-9999 -9999 -9999 -9999 -9999 -9999 -9999 -9999 -9999 11.005519866943359375 10.71726226806640625 10.407968521118164062 9.6581926345825195312 9.5267467498779296875 10.32529449462890625 11.401681900024414062 9.2114515304565429688 16.184385299682617188 15.238634109497070312 14.305319786071777344 8.4482927322387695312 10.219435691833496094 10.26753997802734375 8.807498931884765625 8.9525632858276367188 9.197345733642578125 8.9160375595092773438 10.174242973327636719 9.3817644119262695312 7.6315426826477050781 8.6583356857299804688 9.0541162490844726562 8.754734039306640625 13.225899696350097656 8.9726810455322265625 9.5381803512573242188 9.2878675460815429688 10.796617507934570312 11.875832557678222656 11.634326934814453125 9.455303192138671875 11.802530288696289062 10.332541465759277344 7.9143037796020507812 10.970952987670898438 7.8689303398132324219 7.8017687797546386719 7.4880251884460449219 9.2918643951416015625
-9999 -9999 -9999 -9999 -9999 -9999 -9999 -9999 -9999 -9999 10.299836158752441406 10.498670578002929688 13.37261199951171875 11.839035987854003906 9.7793560028076171875 9.9259786605834960938 9.7784519195556640625 9.7764711380004882812 9.0470066070556640625 9.0316896438598632812 14.588084220886230469 11.053323745727539062 11.108976364135742188 10.106098175048828125 9.5034379959106445312 11.187282562255859375 10.841742515563964844 11.429026603698730469 10.420343399047851562 7.9849262237548828125 9.3959512710571289062 8.0476121902465820312 8.2918920516967773438 9.2328672409057617188 12.205318450927734375 10.997536659240722656 8.7759771347045898438 9.5098285675048828125 8.3438129425048828125 8.2866420745849609375 7.7350335121154785156 9.0881633758544921875 10.448064804077148438 9.6073551177978515625 9.3980455398559570312 8.0876588821411132812 8.5713367462158203125 9.3671360015869140625 10.558680534362792969
-9999 -9999 -9999 -9999 -9999 -9999 -9999 -9999 -9999 -9999 -9999 -9999 9.9268846511840820312 9.954982757568359375 10.839938163757324219 11.032014846801757812 10.930750846862792969 11.155970573425292969 8.7846670150756835938 14.542370796203613281 9.0211362838745117188 12.035759925842285156 9.2096576690673828125 9.6748914718627929688 12.572102546691894531 10.462452888488769531 9.6597261428833007812 13.480319023132324219 12.104618072509765625 11.466327667236328125 10.292885780334472656 8.0042819976806640625 8.6962957382202148438 8.3422746658325195312 10.654083251953125 11.069314956665039062 8.7079029083251953125 8.2087926864624023438 8.5372066497802734375 8.5697698593139648438 8.1883411407470703125 7.9970569610595703125 9.7071437835693359375 8.97600555419921875 8.6955347061157226562 8.0972843170166015625 8.7826480865478515625 8.0201435089111328125 8.6655797958374023438
-9999 -9999 -9999 -9999 -9999 -9999 -9999 -9999 -9999 -9999 -9999 -9999 -9999 -9999 -9999 -9999 -9999 10.086394309997558594 9.8472318649291992188 9.4408817291259765625 17.0355682373046875 15.107047080993652344 14.284881591796875 14.873783111572265625 10.135109901428222656 9.4613389968872070312 9.671108245849609375 9.2961778640747070312 9.2133312225341796875 9.6671628952026367188 13.602679252624511719 12.604172706604003906 9.96189117431640625 8.9762678146362304688 9.5857877731323242188 9.9904327392578125 8.5294218063354492188 7.5042238235473632812 7.5441761016845703125 7.7262325286865234375 8.332611083984375 8.79616546630859375 9.0719146728515625 8.9659166336059570312 8.8361845016479492188 8.9953908920288085938 7.8622045516967773438 7.9944968223571777344 8.6727304458618164062
-9999 -9999 -9999 -9999 -9999 -9999 -9999 -9999 -9999 -9999 -9999 -9999 -9999 -9999 -9999 -9999 -9999 -9999 -9999 -9999 9.2779817581176757812 9.182003021240234375 9.0908441543579101562 10.407418251037597656 12.854879379272460938 12.0858612060546875 10.996907234191894531 11.264799118041992188 11.154217720031738281 9.1422090530395507812 9.2008943557739257812 9.714324951171875 14.511362075805664062 11.356326103210449219 9.3729734420776367188 8.974224090576171875 10.595048904418945312 8.60671234130859375 8.7035799026489257812 8.265720367431640625 7.8548398017883300781 8.3319854736328125 8.80077362060546875 9.2766408920288085938 8.9387378692626953125 9.675140380859375 8.8576765060424804688 7.6060543060302734375 7.124359130859375
-9999 -9999 -9999 -9999 -9999 -9999 -9999 -9999 -9999 -9999 -9999 -9999 -9999 -9999 -9999 -9999 -9999 -9999 -9999 -9999 -9999 -9999 9.2500162124633789062 8.8081159591674804688 9.2076940536499023438 13.675373077392578125 9.5296487808227539062 9.4712619781494140625 11.061657905578613281 10.195087432861328125 10.110321998596191406 10.513709068298339844 9.9230394363403320312 9.6134977340698242188 11.121858596801757812 11.664027214050292969 11.751566886901855469 13.453382492065429688 10.348935127258300781 8.5816659927368164062 8.396747589111328125 8.4396276473999023438 8.5492649078369140625 8.1908426284790039062 9.4065408706665039062 8.2081966400146484375 8.0776300430297851562 7.793773651123046875 7.935428619384765625
