gis/160m/twi_dinf.asc
ncols        64
nrows        71
xllcorner    726726.000000000000
yllcorner    7127190.000000000000
cellsize     160.000000000000
NODATA_value -9999
[rows 0 to 21 of 71, columns 0 to 48 of 64]
-9999.0 -9999 -9999 -9999 -9999 -9999 -9999 -9999 -9999 -9999 -9999 -9999 -9999 -9999 -9999 -9999 -9999 -9999 -9999 -9999 -9999 -9999 -9999 -9999 -9999 -9999 -9999 -9999 -9999 -9999 -9999 -9999 15.68801116943359375 14.140397071838378906 13.722034454345703125 13.568533897399902344 13.4593505859375 -9999 -9999 -9999 -9999 -9999 -9999 -9999 -9999 -9999 -9999 -9999 -9999
-9999 -9999 -9999 -9999 -9999 -9999 -9999 -9999 -9999 -9999 -9999 -9999 -9999 -9999 -9999 -9999 -9999 -9999 -9999 -9999 -9999 -9999 -9999 -9999 -9999 -9999 -9999 -9999 14.000535011291503906 15.067953109741210938 16.410991668701171875 15.318598747253417969 15.389934539794921875 13.93009185791015625 13.838070869445800781 13.583318710327148438 13.117695808410644531 -9999 -9999 -9999 -9999 -9999 -9999 -9999 -9999 -9999 -9999 -9999 -9999
-9999 -9999 -9999 -9999 -9999 -9999 -9999 -9999 -9999 -9999 -9999 -9999 -9999 -9999 -9999 -9999 -9999 -9999 -9999 -9999 -9999 -9999 -9999 -9999 -9999 -9999 14.33579254150390625 14.661961555480957031 14.719328880310058594 15.078618049621582031 14.632689476013183594 16.23883056640625 15.379529953002929688 15.787964820861816406 13.581492424011230469 13.470072746276855469 13.404915809631347656 13.740714073181152344 15.018103599548339844 -9999 14.952193260192871094 14.050929069519042969 13.75357818603515625 13.016765594482421875 13.426959037780761719 -9999 -9999 -9999 -9999
-9999 -9999 -9999 -9999 -9999 -9999 -9999 -9999 -9999 -9999 -9999 -9999 -9999 -9999 -9999 -9999 -9999 -9999 -9999 -9999 -9999 -9999 -9999 -9999 -9999 -9999 -9999 14.019657135009765625 13.43837738037109375 13.728775978088378906 16.110591888427734375 16.826959609985351562 17.577610015869140625 14.709586143493652344 14.325592041015625 13.441794395446777344 12.965442657470703125 13.06044769287109375 14.095244407653808594 13.262778282165527344 14.078406333923339844 14.03934478759765625 13.8367462158203125 13.0629119873046875 12.86260986328125 13.963418960571289062 15.211812973022460938 13.854971885681152344 13.177350044250488281
-9999 -9999 -9999 -9999 -9999 -9999 -9999 -9999 -9999 -9999 -9999 -9999 -9999 -9999 -9999 -9999 -9999 -9999 -9999 -9999 13.800512313842773438 -9999 -9999 14.533906936645507812 14.04116058349609375 13.71823883056640625 14.112051963806152344 14.427915573120117188 13.6995391845703125 14.186946868896484375 14.650472640991210938 14.829758644104003906 18.42494964599609375 16.194898605346679688 13.301226615905761719 12.995923042297363281 12.908478736877441406 13.107617378234863281 13.08132171630859375 13.731227874755859375 13.556047439575195312 13.262663841247558594 13.98851776123046875 14.098756790161132812 14.829702377319335938 17.880922317504882812 14.817984580993652344 14.395391464233398438 12.8679962158203125
-9999 -9999 -9999 -9999 -9999 -9999 -9999 -9999 -9999 -9999 -9999 -9999 -9999 -9999 -9999 -9999 -9999 -9999 13.900958061218261719 13.145815849304199219 13.925630569458007812 14.675876617431640625 14.035580635070800781 17.089612960815429688 14.86205291748046875 13.710778236389160156 15.599374771118164062 13.760560989379882812 13.759234428405761719 13.391243934631347656 17.406785964965820312 17.136343002319335938 14.046875953674316406 18.083772659301757812 14.620934486389160156 13.501529693603515625 14.341718673706054688 12.802371025085449219 14.309146881103515625 15.24676513671875 15.362308502197265625 15.166141510009765625 13.259449005126953125 12.973785400390625 13.342882156372070312 17.45551300048828125 13.467716217041015625 12.866633415222167969 14.217813491821289062
-9999 -9999 -9999 -9999 -9999 -9999 -9999 -9999 -9999 -9999 -9999 -9999 -9999 -9999 -9999 -9999 -9999 -9999 13.97786712646484375 13.370599746704101562 12.997706413269042969 13.336003303527832031 14.782466888427734375 15.233768463134765625 14.20996856689453125 15.342304229736328125 13.871823310852050781 18.536716461181640625 18.551761627197265625 17.587253570556640625 15.166509628295898438 13.166050910949707031 12.918316841125488281 13.5270843505859375 18.072612762451171875 16.657985687255859375 13.330271720886230469 16.110521316528320312 15.579249382019042969 13.2900543212890625 13.170246124267578125 13.980187416076660156 13.053476333618164062 13.183290481567382812 12.892258644104003906 17.326007843017578125 13.42615509033203125 13.517535209655761719 13.830278396606445312
-9999 -9999 -9999 -9999 -9999 -9999 -9999 -9999 -9999 -9999 -9999 -9999 -9999 -9999 -9999 -9999 -9999 14.292989730834960938 15.234272956848144531 13.805002212524414062 13.441923141479492188 14.357929229736328125 13.504059791564941406 14.057527542114257812 15.964784622192382812 15.894495964050292969 16.639749526977539062 16.961347579956054688 13.842534065246582031 17.648166656494140625 14.135931015014648438 14.302636146545410156 13.912657737731933594 12.9883880615234375 14.12093353271484375 18.6936492919921875 16.679666519165039062 13.121191978454589844 12.742232322692871094 12.774089813232421875 14.083239555358886719 13.101838111877441406 13.331846237182617188 14.309395790100097656 14.877909660339355469 17.690992355346679688 14.9380035400390625 15.807613372802734375 16.5209197998046875
-9999 -9999 -9999 -9999 -9999 -9999 -9999 -9999 -9999 -9999 -9999 -9999 -9999 -9999 -9999 14.376503944396972656 13.268218994140625 13.473223686218261719 15.789076805114746094 14.288939476013183594 14.393576622009277344 13.653919219970703125 14.826404571533203125 14.76885223388671875 15.147475242614746094 14.8155670166015625 13.178849220275878906 13.74897003173828125 13.704016685485839844 13.736722946166992188 15.821688652038574219 13.999982833862304688 13.552193641662597656 13.180649757385253906 13.263604164123535156 16.984798431396484375 19.090183258056640625 13.129279136657714844 14.113537788391113281 12.523715972900390625 12.871489524841308594 13.691835403442382812 13.078753471374511719 13.156968116760253906 12.953907012939453125 17.97234344482421875 14.718622207641601562 13.33289337158203125 15.004314422607421875
-9999 -9999 -9999 -9999 -9999 -9999 -9999 -9999 -9999 -9999 -9999 -9999 -9999 -9999 14.403388023376464844 13.09360504150390625 13.486379623413085938 12.64589691162109375 13.696943283081054688 16.129560470581054688 14.231512069702148438 13.967602729797363281 14.572038650512695312 14.792881965637207031 16.702968597412109375 13.871523857116699219 14.088934898376464844 12.739296913146972656 13.303358078002929688 13.199053764343261719 13.905481338500976562 14.487399101257324219 15.393817901611328125 15.967034339904785156 16.16988372802734375 13.883030891418457031 13.932809829711914062 19.5724945068359375 12.54904937744140625 13.093094825744628906 13.496762275695800781 14.202527999877929688 13.099776268005371094 13.875914573669433594 13.185939788818359375 17.408481597900390625 13.47064208984375 13.243077278137207031 13.319540977478027344
-9999 -9999 -9999 -9999 -9999 -9999 -9999 -9999 -9999 -9999 -9999 -9999 -9999 -9999 14.016498565673828125 14.41736602783203125 12.953660964965820312 12.991370201110839844 13.289540290832519531 14.305978775024414062 17.350864410400390625 14.425868988037109375 14.25281524658203125 14.358598709106445312 15.138081550598144531 15.048836708068847656 14.054074287414550781 12.879036903381347656 13.066412925720214844 14.361257553100585938 15.108561515808105469 13.781390190124511719 13.312802314758300781 12.256160736083984375 12.754700660705566406 12.826412200927734375 12.799674034118652344 12.889128684997558594 19.321002960205078125 14.456028938293457031 13.381615638732910156 13.1942596435546875 13.896856307983398438 13.440342903137207031 14.816404342651367188 17.033905029296875 12.443903923034667969 11.965368270874023438 12.662112236022949219
-9999 -9999 -9999 -9999 -9999 -9999 -9999 -9999 -9999 -9999 -9999 -9999 -9999 -9999 13.343205451965332031 14.681446075439453125 13.92433929443359375 12.891148567199707031 12.885737419128417969 13.244683265686035156 16.83661651611328125 15.007875442504882812 14.743466377258300781 13.706837654113769531 14.893489837646484375 16.398214340209960938 15.837131500244140625 15.166968345642089844 13.444677352905273438 14.392175674438476562 13.413279533386230469 13.069349288940429688 12.705801010131835938 14.501086235046386719 12.505345344543457031 12.209734916687011719 12.158594131469726562 12.522803306579589844 13.183001518249511719 18.886026382446289062 14.420919418334960938 13.509459495544433594 12.4771575927734375 14.175706863403320312 18.152011871337890625 13.977075576782226562 13.520244598388671875 12.727684974670410156 12.770660400390625
-9999 -9999 -9999 -9999 -9999 -9999 -9999 -9999 -9999 -9999 -9999 -9999 -9999 -9999 -9999 13.586270332336425781 16.11513519287109375 17.175394058227539062 16.07279205322265625 16.39360809326171875 13.739096641540527344 16.842975616455078125 14.934283256530761719 13.63845062255859375 13.079570770263671875 12.602505683898925781 14.494230270385742188 14.20794677734375 13.776853561401367188 14.315585136413574219 16.207918167114257812 12.604844093322753906 12.990133285522460938 14.605823516845703125 13.796879768371582031 12.972960472106933594 12.23388671875 12.830502510070800781 13.505290985107421875 13.839753150939941406 16.535297393798828125 13.565127372741699219 13.426060676574707031 15.395260810852050781 17.111368179321289062 12.784995079040527344 13.477718353271484375 13.777360916137695312 13.61159515380859375
-9999 -9999 -9999 -9999 -9999 -9999 -9999 -9999 -9999 -9999 -9999 -9999 -9999 -9999 -9999 13.549551010131835938 12.968596458435058594 12.592691421508789062 13.36566925048828125 13.755208969116210938 16.159925460815429688 17.39064788818359375 19.297159194946289062 14.233533859252929688 13.630398750305175781 13.378662109375 13.205547332763671875 14.816744804382324219 13.649110794067382812 13.570468902587890625 15.356240272521972656 13.573052406311035156 12.689738273620605469 14.358994483947753906 12.311946868896484375 13.495306968688964844 12.526989936828613281 13.175733566284179688 13.927110671997070312 14.469782829284667969 14.122845649719238281 15.002459526062011719 14.173781394958496094 20.678682327270507812 12.307440757751464844 11.879946708679199219 12.256788253784179688 12.552382469177246094 12.57623291015625
-9999 -9999 -9999 -9999 -9999 -9999 -9999 -9999 -9999 -9999 -9999 -9999 -9999 -9999 -9999 -9999 -9999 12.831332206726074219 12.615177154541015625 12.459967613220214844 13.487789154052734375 13.432612419128417969 14.797747611999511719 19.906253814697265625 14.046929359436035156 13.102114677429199219 13.052765846252441406 14.077097892761230469 15.435194015502929688 13.326885223388671875 13.944016456604003906 15.727193832397460938 13.845478057861328125 14.488712310791015625 12.024532318115234375 12.978372573852539062 12.447524070739746094 13.166880607604980469 13.725816726684570312 13.903429985046386719 12.954354286193847656 14.109641075134277344 15.164072990417480469 18.583965301513671875 12.5308837890625 11.881802558898925781 12.607957839965820312 13.038511276245117188 12.969864845275878906
-9999 -9999 -9999 -9999 -9999 13.394850730895996094 -9999 -9999 -9999 -9999 -9999 -9999 -9999 -9999 -9999 -9999 -9999 14.075774192810058594 13.812966346740722656 14.133807182312011719 13.137727737426757812 13.039587020874023438 12.898897171020507812 13.917224884033203125 19.800745010375976562 14.439523696899414062 13.579570770263671875 13.113154411315917969 14.248517990112304688 15.745280265808105469 13.697987556457519531 13.725087165832519531 16.021984100341796875 14.053388595581054688 12.7117919921875 12.301505088806152344 12.8789520263671875 12.558905601501464844 13.223339080810546875 14.600583076477050781 14.8227386474609375 15.284593582153320312 15.752138137817382812 19.539724349975585938 13.481752395629882812 13.213134765625 13.336225509643554688 13.417354583740234375 13.919023513793945312
-9999 -9999 -9999 14.514041900634765625 14.497903823852539062 13.399547576904296875 13.31691741943359375 -9999 -9999 -9999 -9999 -9999 -9999 -9999 -9999 -9999 15.542595863342285156 15.67662811279296875 14.227191925048828125 14.614797592163085938 13.345826148986816406 14.124030113220214844 13.514387130737304688 13.2680206298828125 14.323583602905273438 18.072174072265625 18.462137222290039062 13.730173110961914062 13.83000946044921875 14.797695159912109375 16.4935302734375 14.102316856384277344 16.43814849853515625 14.674333572387695312 13.390566825866699219 12.509418487548828125 12.778622627258300781 12.271142959594726562 12.463864326477050781 12.920828819274902344 12.887331008911132812 13.179732322692871094 14.255480766296386719 19.160219192504882812 14.065229415893554688 13.414313316345214844 13.029057502746582031 13.295871734619140625 12.752963066101074219
-9999 -9999 -9999 -9999 14.043217658996582031 14.660052299499511719 13.989130020141601562 -9999 -9999 -9999 -9999 -9999 -9999 -9999 -9999 -9999 13.652060508728027344 14.477447509765625 14.876953125 14.076620101928710938 14.25225067138671875 14.86617279052734375 15.285208702087402344 13.723661422729492188 13.380124092102050781 13.7961273193359375 14.495316505432128906 18.114862442016601562 13.950760841369628906 14.833065986633300781 17.1232147216796875 14.065481185913085938 13.64676666259765625 16.896825790405273438 14.285755157470703125 13.285908699035644531 12.711712837219238281 11.99134063720703125 13.697657585144042969 12.469602584838867188 13.114404678344726562 13.652631759643554688 13.953169822692871094 14.094105720520019531 19.064954757690429688 15.099505424499511719 13.656662940979003906 12.821567535400390625 12.344304084777832031
-9999 -9999 -9999 -9999 14.261053085327148438 15.532237052917480469 14.313166618347167969 13.349409103393554688 13.549876213073730469 -9999 -9999 -9999 -9999 -9999 15.077859878540039062 13.713244438171386719 13.631357192993164062 13.460436820983886719 14.759578704833984375 15.237654685974121094 14.161004066467285156 14.635024070739746094 14.224422454833984375 15.552682876586914062 13.764142036437988281 13.415333747863769531 14.032515525817871094 14.566159248352050781 18.652502059936523438 14.745183944702148438 17.188596725463867188 14.351200103759765625 12.964918136596679688 16.80951690673828125 14.920528411865234375 14.55319976806640625 15.234850883483886719 12.854027748107910156 18.8125 17.96247100830078125 17.702327728271484375 18.317819595336914062 18.634164810180664062 13.807089805603027344 14.073815345764160156 18.333093643188476562 13.321936607360839844 12.972085952758789062 12.555888175964355469
-9999 -9999 -9999 14.683832168579101562 15.657818794250488281 18.406751632690429688 17.256229400634765625 14.573353767395019531 14.039340019226074219 13.83103179931640625 13.084568977355957031 12.965776443481445312 13.036105155944824219 -9999 14.182037353515625 13.94501495361328125 13.843347549438476562 13.5091705322265625 13.124062538146972656 15.682586669921875 14.306139945983886719 15.208170890808105469 15.476084709167480469 14.654176712036132812 16.301736831665039062 15.757449150085449219 15.042445182800292969 15.425445556640625 18.318658828735351562 14.410464286804199219 17.256238937377929688 13.576413154602050781 13.910615921020507812 17.249500274658203125 17.402370452880859375 17.166164398193359375 18.040250778198242188 17.76197052001953125 12.64641571044921875 12.093058586120605469 12.287995338439941406 12.979459762573242188 13.719326019287109375 18.052473068237304688 13.238935470581054688 18.608179092407226562 14.044037818908691406 13.205919265747070312 12.77408599853515625
-9999 -9999 13.294158935546875 13.891021728515625 13.666609764099121094 13.3446502685546875 13.598283767700195312 16.683450698852539062 17.938755035400390625 13.66893768310546875 12.497463226318359375 14.033635139465332031 13.384083747863769531 13.305881500244140625 14.108018875122070312 14.266823768615722656 15.343852043151855469 13.279809951782226562 13.103815078735351562 15.4952850341796875 16.057773590087890625 15.01996612548828125 16.39896392822265625 14.901401519775390625 15.497446060180664062 14.052950859069824219 15.595192909240722656 15.242784500122070312 15.348563194274902344 18.95374298095703125 14.2479400634765625 16.890268325805664062 18.180690765380859375 14.085270881652832031 12.731977462768554688 12.920398712158203125 13.667811393737792969 12.331655502319335938 14.608484268188476562 12.137523651123046875 12.319040298461914062 12.058225631713867188 12.447960853576660156 17.82933807373046875 17.794107437133789062 19.419603347778320312 14.724536895751953125 13.568355560302734375 12.801529884338378906
-9999 -9999 -9999 13.519916534423828125 12.628648757934570312 12.926431655883789062 12.578330039978027344 13.030101776123046875 13.855767250061035156 17.229442596435546875 14.6535491943359375 12.078165054321289062 12.599129676818847656 13.6788330078125 13.6298675537109375 13.065151214599609375 13.241199493408203125 16.002725601196289062 13.609601974487304688 13.734934806823730469 16.971361160278320312 15.760595321655273438 16.444061279296875 15.030713081359863281 14.125356674194335938 14.166796684265136719 13.809990882873535156 13.671299934387207031 14.260197639465332031 17.901887893676757812 14.39928436279296875 14.842077255249023438 14.502240180969238281 12.793121337890625 12.344914436340332031 12.676093101501464844 13.319610595703125 14.000733375549316406 12.744844436645507812 12.211798667907714844 12.538000106811523438 13.125043869018554688 13.003625869750976562 12.6417236328125 12.826646804809570312 13.600269317626953125 19.23484039306640625 13.414022445678710938 12.540848731994628906
