testcase_input/hyytiala/dem.asc
ncols        375
nrows        250
xllcorner    348000.000000000000
yllcorner    6857000.000000000000
cellsize     32.000000000000
NODATA_value  -9999
[rows 34 to 50 of 250, columns 0 to 36 of 375]
1.426959991455078125e+02 1.423247680664062500e+02 1.412835540771484375e+02 1.396914215087890625e+02 1.372667388916015625e+02 1.344008789062500000e+02 1.316469726562500000e+02 1.286094207763671875e+02 1.256351928710937500e+02 1.234584274291992188e+02 1.225200424194335938e+02 1.209235382080078125e+02 1.152748413085937500e+02 1.133400497436523438e+02 1.180369186401367188e+02 1.231442337036132812e+02 1.254874191284179688e+02 1.280032653808593750e+02 1.319320526123046875e+02 1.352034454345703125e+02 1.385827484130859375e+02 1.423938140869140625e+02 1.454210510253906250e+02 1.479514617919921875e+02 1.487842864990234375e+02 1.503230133056640625e+02 1.515069122314453125e+02 1.514096527099609375e+02 1.510662536621093750e+02 1.493887786865234375e+02 1.475715942382812500e+02 1.458784332275390625e+02 1.432709960937500000e+02 1.410934295654296875e+02 1.402579040527343750e+02 1.399057617187500000e+02 1.396242980957031250e+02
1.468421173095703125e+02 1.461204528808593750e+02 1.448653564453125000e+02 1.431756744384765625e+02 1.408471679687500000e+02 1.378055877685546875e+02 1.346504364013671875e+02 1.315235137939453125e+02 1.286135406494140625e+02 1.259406585693359375e+02 1.242469863891601562e+02 1.228929519653320312e+02 1.193688201904296875e+02 1.136475677490234375e+02 1.154142608642578125e+02 1.193263244628906250e+02 1.223155364990234375e+02 1.269908370971679688e+02 1.315976867675781250e+02 1.351268157958984375e+02 1.380617370605468750e+02 1.405909423828125000e+02 1.428660888671875000e+02 1.461286468505859375e+02 1.476149139404296875e+02 1.487174682617187500e+02 1.504728546142578125e+02 1.514536285400390625e+02 1.516589050292968750e+02 1.511475830078125000e+02 1.494316558837890625e+02 1.478387756347656250e+02 1.458141326904296875e+02 1.427482299804687500e+02 1.410036315917968750e+02 1.403540344238281250e+02 1.399554595947265625e+02
1.505745849609375000e+02 1.491420288085937500e+02 1.475906372070312500e+02 1.466453399658203125e+02 1.454674987792968750e+02 1.434146118164062500e+02 1.391498107910156250e+02 1.349228210449218750e+02 1.319574890136718750e+02 1.289740447998046875e+02 1.263990249633789062e+02 1.250537796020507812e+02 1.231673278808593750e+02 1.163553237915039062e+02 1.150214767456054688e+02 1.206045532226562500e+02 1.244052505493164062e+02 1.271164550781250000e+02 1.315993652343750000e+02 1.353632202148437500e+02 1.381852111816406250e+02 1.400988311767578125e+02 1.416069641113281250e+02 1.444020690917968750e+02 1.464552307128906250e+02 1.472320556640625000e+02 1.489078826904296875e+02 1.511350250244140625e+02 1.521068878173828125e+02 1.520123596191406250e+02 1.509583587646484375e+02 1.496694946289062500e+02 1.477960662841796875e+02 1.446788330078125000e+02 1.424123382568359375e+02 1.410223541259765625e+02 1.404292297363281250e+02
1.536740570068359375e+02 1.520872344970703125e+02 1.495564117431640625e+02 1.478069458007812500e+02 1.473428344726562500e+02 1.463415374755859375e+02 1.429953155517578125e+02 1.392410278320312500e+02 1.375313110351562500e+02 1.346107177734375000e+02 1.308261566162109375e+02 1.278131713867187500e+02 1.245899124145507812e+02 1.201831665039062500e+02 1.182146835327148438e+02 1.192046737670898438e+02 1.267262878417968750e+02 1.294315795898437500e+02 1.317448272705078125e+02 1.357384338378906250e+02 1.387664642333984375e+02 1.401937713623046875e+02 1.409990844726562500e+02 1.430866088867187500e+02 1.450386047363281250e+02 1.462208099365234375e+02 1.477986297607421875e+02 1.501131896972656250e+02 1.520243835449218750e+02 1.523077087402343750e+02 1.517228393554687500e+02 1.510763397216796875e+02 1.497288665771484375e+02 1.466598205566406250e+02 1.440921783447265625e+02 1.421824188232421875e+02 1.411768493652343750e+02
1.556291503906250000e+02 1.549107360839843750e+02 1.522717285156250000e+02 1.488893432617187500e+02 1.476079101562500000e+02 1.466964569091796875e+02 1.444993896484375000e+02 1.420251159667968750e+02 1.412817535400390625e+02 1.395384521484375000e+02 1.356665344238281250e+02 1.315954895019531250e+02 1.275144882202148438e+02 1.245714111328125000e+02 1.223529891967773438e+02 1.192853622436523438e+02 1.242042770385742188e+02 1.289527893066406250e+02 1.312456512451171875e+02 1.349126129150390625e+02 1.382647552490234375e+02 1.398134155273437500e+02 1.406459045410156250e+02 1.423450012207031250e+02 1.442621765136718750e+02 1.460892486572265625e+02 1.480610961914062500e+02 1.497595672607421875e+02 1.517641754150390625e+02 1.527735595703125000e+02 1.519999084472656250e+02 1.514299163818359375e+02 1.507980194091796875e+02 1.483670959472656250e+02 1.454652252197265625e+02 1.432400207519531250e+02 1.417779998779296875e+02
1.559097900390625000e+02 1.561216888427734375e+02 1.544703063964843750e+02 1.510146179199218750e+02 1.487562866210937500e+02 1.471148529052734375e+02 1.452435913085937500e+02 1.431828002929687500e+02 1.419036407470703125e+02 1.406290893554687500e+02 1.377124176025390625e+02 1.341694641113281250e+02 1.306546325683593750e+02 1.283162078857421875e+02 1.266005172729492188e+02 1.227701797485351562e+02 1.242315444946289062e+02 1.296149597167968750e+02 1.321162567138671875e+02 1.343824310302734375e+02 1.368862609863281250e+02 1.388356933593750000e+02 1.401338348388671875e+02 1.418003845214843750e+02 1.443639068603515625e+02 1.471368713378906250e+02 1.495394897460937500e+02 1.506400299072265625e+02 1.519190063476562500e+02 1.529978027343750000e+02 1.522601776123046875e+02 1.513614807128906250e+02 1.509365234375000000e+02 1.495744628906250000e+02 1.470131378173828125e+02 1.443800659179687500e+02 1.423949737548828125e+02
1.559052124023437500e+02 1.562598571777343750e+02 1.554188079833984375e+02 1.525327758789062500e+02 1.501014251708984375e+02 1.481745605468750000e+02 1.460915374755859375e+02 1.436792755126953125e+02 1.416131896972656250e+02 1.401800231933593750e+02 1.381202697753906250e+02 1.355580596923828125e+02 1.330660095214843750e+02 1.308930511474609375e+02 1.288690948486328125e+02 1.246111984252929688e+02 1.248055953979492188e+02 1.289159393310546875e+02 1.325630645751953125e+02 1.347413177490234375e+02 1.366322326660156250e+02 1.381959838867187500e+02 1.395360565185546875e+02 1.414090423583984375e+02 1.449918212890625000e+02 1.489954071044921875e+02 1.515778808593750000e+02 1.520408782958984375e+02 1.522142181396484375e+02 1.528025207519531250e+02 1.524027404785156250e+02 1.513561401367187500e+02 1.510485687255859375e+02 1.504681549072265625e+02 1.486241760253906250e+02 1.458751525878906250e+02 1.434575500488281250e+02
1.561028289794921875e+02 1.560295257568359375e+02 1.555558776855468750e+02 1.535263824462890625e+02 1.509876403808593750e+02 1.486587371826171875e+02 1.467919769287109375e+02 1.440685729980468750e+02 1.415486145019531250e+02 1.401851196289062500e+02 1.387702941894531250e+02 1.365974731445312500e+02 1.350539703369140625e+02 1.324940948486328125e+02 1.278600082397460938e+02 1.246529388427734375e+02 1.279257278442382812e+02 1.316901855468750000e+02 1.343133697509765625e+02 1.365414886474609375e+02 1.384212646484375000e+02 1.397882690429687500e+02 1.398931274414062500e+02 1.414434204101562500e+02 1.450619354248046875e+02 1.491701660156250000e+02 1.525671997070312500e+02 1.532629089355468750e+02 1.524788818359375000e+02 1.525062103271484375e+02 1.520368041992187500e+02 1.511520996093750000e+02 1.508524627685546875e+02 1.508992462158203125e+02 1.495977172851562500e+02 1.470115356445312500e+02 1.444443511962890625e+02
1.573149566650390625e+02 1.560226898193359375e+02 1.557888641357421875e+02 1.545109405517578125e+02 1.517611694335937500e+02 1.487342987060546875e+02 1.467731170654296875e+02 1.449014739990234375e+02 1.422719421386718750e+02 1.404158020019531250e+02 1.394995117187500000e+02 1.377653808593750000e+02 1.363857727050781250e+02 1.339343414306640625e+02 1.293883056640625000e+02 1.271668701171875000e+02 1.305405578613281250e+02 1.338709716796875000e+02 1.368816375732421875e+02 1.390952911376953125e+02 1.406853942871093750e+02 1.413852844238281250e+02 1.412019805908203125e+02 1.420917663574218750e+02 1.445100708007812500e+02 1.480704956054687500e+02 1.521448822021484375e+02 1.537911071777343750e+02 1.526626739501953125e+02 1.518809051513671875e+02 1.514265289306640625e+02 1.509166107177734375e+02 1.506303710937500000e+02 1.507940521240234375e+02 1.501404724121093750e+02 1.478577728271484375e+02 1.455021209716796875e+02
1.590352325439453125e+02 1.568528442382812500e+02 1.557259826660156250e+02 1.547607116699218750e+02 1.523261871337890625e+02 1.491544342041015625e+02 1.468784484863281250e+02 1.454463500976562500e+02 1.435258331298828125e+02 1.411169738769531250e+02 1.393827667236328125e+02 1.380459136962890625e+02 1.366048278808593750e+02 1.348790893554687500e+02 1.328453216552734375e+02 1.303836059570312500e+02 1.320844573974609375e+02 1.350585174560546875e+02 1.378732910156250000e+02 1.406711273193359375e+02 1.419146881103515625e+02 1.423829040527343750e+02 1.429180145263671875e+02 1.435316162109375000e+02 1.452952575683593750e+02 1.480096282958984375e+02 1.511498107910156250e+02 1.534795227050781250e+02 1.526925506591796875e+02 1.511420440673828125e+02 1.506694335937500000e+02 1.504345397949218750e+02 1.503905792236328125e+02 1.500599670410156250e+02 1.497257385253906250e+02 1.481554412841796875e+02 1.466282958984375000e+02
1.599085388183593750e+02 1.581288604736328125e+02 1.563090667724609375e+02 1.553504943847656250e+02 1.532193908691406250e+02 1.493671417236328125e+02 1.471000976562500000e+02 1.456321105957031250e+02 1.439231414794921875e+02 1.420190277099609375e+02 1.390357208251953125e+02 1.372061767578125000e+02 1.361173553466796875e+02 1.349304962158203125e+02 1.341915588378906250e+02 1.323956146240234375e+02 1.320304107666015625e+02 1.348077545166015625e+02 1.370961303710937500e+02 1.401582794189453125e+02 1.428491973876953125e+02 1.444576110839843750e+02 1.452135620117187500e+02 1.457870788574218750e+02 1.471686096191406250e+02 1.489162750244140625e+02 1.504335327148437500e+02 1.519539337158203125e+02 1.523094482421875000e+02 1.506994628906250000e+02 1.498315582275390625e+02 1.496114196777343750e+02 1.496512451171875000e+02 1.495160217285156250e+02 1.490436401367187500e+02 1.482462158203125000e+02 1.479694366455078125e+02
1.599520874023437500e+02 1.584844207763671875e+02 1.570692138671875000e+02 1.562332153320312500e+02 1.542965393066406250e+02 1.499098052978515625e+02 1.472874145507812500e+02 1.458551483154296875e+02 1.441348266601562500e+02 1.422077178955078125e+02 1.392280578613281250e+02 1.368961029052734375e+02 1.361266326904296875e+02 1.354168701171875000e+02 1.342387542724609375e+02 1.324782257080078125e+02 1.323128051757812500e+02 1.345408782958984375e+02 1.373795471191406250e+02 1.407647857666015625e+02 1.439282379150390625e+02 1.459890899658203125e+02 1.465063171386718750e+02 1.470513305664062500e+02 1.486424865722656250e+02 1.502230682373046875e+02 1.500232696533203125e+02 1.501998291015625000e+02 1.509463653564453125e+02 1.501501159667968750e+02 1.492214813232421875e+02 1.490303955078125000e+02 1.489667663574218750e+02 1.489385375976562500e+02 1.487606964111328125e+02 1.483124542236328125e+02 1.486986846923828125e+02
1.595078277587890625e+02 1.580910949707031250e+02 1.568085327148437500e+02 1.560777130126953125e+02 1.547056274414062500e+02 1.512787475585937500e+02 1.474938201904296875e+02 1.456128845214843750e+02 1.439938507080078125e+02 1.417295074462890625e+02 1.388126525878906250e+02 1.368994598388671875e+02 1.363723144531250000e+02 1.359851837158203125e+02 1.350153503417968750e+02 1.327663421630859375e+02 1.330500488281250000e+02 1.350688476562500000e+02 1.387814178466796875e+02 1.432669525146484375e+02 1.459769744873046875e+02 1.470778961181640625e+02 1.471288299560546875e+02 1.473876953125000000e+02 1.493096160888671875e+02 1.521857299804687500e+02 1.513058471679687500e+02 1.497094879150390625e+02 1.495999603271484375e+02 1.492793884277343750e+02 1.490023345947265625e+02 1.488836517333984375e+02 1.487707519531250000e+02 1.487023162841796875e+02 1.486837768554687500e+02 1.485556640625000000e+02 1.495192565917968750e+02
1.592308349609375000e+02 1.578519592285156250e+02 1.559948577880859375e+02 1.549547119140625000e+02 1.544418487548828125e+02 1.521620635986328125e+02 1.480032501220703125e+02 1.449453582763671875e+02 1.426986694335937500e+02 1.399281158447265625e+02 1.377195434570312500e+02 1.369573974609375000e+02 1.366588134765625000e+02 1.363354339599609375e+02 1.349823303222656250e+02 1.332238922119140625e+02 1.341594696044921875e+02 1.355226440429687500e+02 1.383889007568359375e+02 1.440353393554687500e+02 1.484276123046875000e+02 1.497070159912109375e+02 1.494047698974609375e+02 1.492778930664062500e+02 1.509232940673828125e+02 1.531143188476562500e+02 1.529983215332031250e+02 1.504658355712890625e+02 1.492601928710937500e+02 1.491169738769531250e+02 1.491106414794921875e+02 1.489523010253906250e+02 1.487148132324218750e+02 1.486827850341796875e+02 1.488185882568359375e+02 1.488863220214843750e+02 1.499102630615234375e+02
1.590073547363281250e+02 1.569608459472656250e+02 1.541144409179687500e+02 1.523208007812500000e+02 1.521716461181640625e+02 1.507940216064453125e+02 1.474441986083984375e+02 1.434425506591796875e+02 1.400759735107421875e+02 1.382030181884765625e+02 1.373764495849609375e+02 1.370131683349609375e+02 1.369115905761718750e+02 1.364409332275390625e+02 1.345632019042968750e+02 1.346615447998046875e+02 1.358743743896484375e+02 1.362641906738281250e+02 1.373563385009765625e+02 1.419769439697265625e+02 1.490394744873046875e+02 1.524166717529296875e+02 1.524770812988281250e+02 1.520318298339843750e+02 1.526389007568359375e+02 1.544640960693359375e+02 1.545370788574218750e+02 1.517418518066406250e+02 1.495383300781250000e+02 1.492513732910156250e+02 1.492244415283203125e+02 1.491012725830078125e+02 1.489744567871093750e+02 1.488961029052734375e+02 1.489253997802734375e+02 1.489996490478515625e+02 1.494522705078125000e+02
1.578759155273437500e+02 1.541990661621093750e+02 1.510183563232421875e+02 1.490723266601562500e+02 1.480556030273437500e+02 1.471461639404296875e+02 1.445827484130859375e+02 1.408424835205078125e+02 1.385566864013671875e+02 1.376642913818359375e+02 1.373066558837890625e+02 1.369695587158203125e+02 1.369489746093750000e+02 1.364741516113281250e+02 1.349527740478515625e+02 1.354703826904296875e+02 1.364714202880859375e+02 1.367447814941406250e+02 1.371882781982421875e+02 1.397103118896484375e+02 1.471100769042968750e+02 1.528014678955078125e+02 1.542396697998046875e+02 1.547356567382812500e+02 1.545824584960937500e+02 1.554623413085937500e+02 1.560726013183593750e+02 1.529231567382812500e+02 1.499387817382812500e+02 1.493530578613281250e+02 1.493269500732421875e+02 1.492240753173828125e+02 1.491114196777343750e+02 1.491267700195312500e+02 1.490901947021484375e+02 1.490942077636718750e+02 1.492270050048828125e+02
1.549320068359375000e+02 1.515184020996093750e+02 1.495266876220703125e+02 1.482702484130859375e+02 1.461368560791015625e+02 1.441194458007812500e+02 1.416967926025390625e+02 1.392102355957031250e+02 1.379256439208984375e+02 1.369956512451171875e+02 1.364927368164062500e+02 1.365580902099609375e+02 1.364703063964843750e+02 1.360681610107421875e+02 1.356888732910156250e+02 1.361307373046875000e+02 1.366986083984375000e+02 1.370605621337890625e+02 1.377274017333984375e+02 1.395117797851562500e+02 1.448177337646484375e+02 1.510242919921875000e+02 1.541325531005859375e+02 1.558674163818359375e+02 1.569449615478515625e+02 1.569025268554687500e+02 1.563930664062500000e+02 1.536950225830078125e+02 1.504461517333984375e+02 1.494769134521484375e+02 1.494707031250000000e+02 1.494211883544921875e+02 1.492844696044921875e+02 1.494080047607421875e+02 1.492464904785156250e+02 1.491951293945312500e+02 1.492122497558593750e+02
