testcase_input/hyytiala/dem.asc
ncols        375
nrows        250
xllcorner    348000.000000000000
yllcorner    6857000.000000000000
cellsize     32.000000000000
NODATA_value  -9999
[rows 102 to 118 of 250, columns 185 to 221 of 375]
1.685473480224609375e+02 1.695039367675781250e+02 1.697495880126953125e+02 1.689904022216796875e+02 1.668312988281250000e+02 1.644021606445312500e+02 1.624564971923828125e+02 1.615431060791015625e+02 1.593945617675781250e+02 1.588771362304687500e+02 1.624071044921875000e+02 1.652045135498046875e+02 1.664045715332031250e+02 1.667843780517578125e+02 1.669749755859375000e+02 1.670056457519531250e+02 1.669410705566406250e+02 1.666873168945312500e+02 1.663794555664062500e+02 1.660226440429687500e+02 1.661688079833984375e+02 1.667545623779296875e+02 1.668268127441406250e+02 1.665876770019531250e+02 1.661031799316406250e+02 1.670930633544921875e+02 1.683971099853515625e+02 1.656844329833984375e+02 1.631730041503906250e+02 1.620256042480468750e+02 1.608437652587890625e+02 1.604120178222656250e+02 1.605270385742187500e+02 1.605727233886718750e+02 1.608190917968750000e+02 1.611854705810546875e+02 1.609324493408203125e+02
1.685953521728515625e+02 1.709067230224609375e+02 1.709224853515625000e+02 1.683618316650390625e+02 1.675785064697265625e+02 1.656520690917968750e+02 1.631776275634765625e+02 1.612989959716796875e+02 1.595591583251953125e+02 1.613905639648437500e+02 1.640623779296875000e+02 1.659213562011718750e+02 1.667035064697265625e+02 1.670306396484375000e+02 1.671904907226562500e+02 1.673047790527343750e+02 1.673570861816406250e+02 1.672087402343750000e+02 1.668277435302734375e+02 1.666887817382812500e+02 1.675452270507812500e+02 1.665105438232421875e+02 1.660041961669921875e+02 1.658370513916015625e+02 1.663014831542968750e+02 1.675219116210937500e+02 1.673479919433593750e+02 1.646898040771484375e+02 1.628970031738281250e+02 1.624891052246093750e+02 1.618268127441406250e+02 1.604631042480468750e+02 1.604936828613281250e+02 1.610215148925781250e+02 1.611613311767578125e+02 1.610461273193359375e+02 1.610601196289062500e+02
1.682260742187500000e+02 1.692793426513671875e+02 1.695485992431640625e+02 1.679748229980468750e+02 1.679730682373046875e+02 1.673333740234375000e+02 1.647551879882812500e+02 1.612853393554687500e+02 1.610639801025390625e+02 1.633303833007812500e+02 1.645069885253906250e+02 1.661021575927734375e+02 1.668048400878906250e+02 1.669878387451171875e+02 1.670852508544921875e+02 1.671819915771484375e+02 1.672186737060546875e+02 1.669392852783203125e+02 1.665855865478515625e+02 1.678028564453125000e+02 1.688990631103515625e+02 1.672179260253906250e+02 1.657209625244140625e+02 1.655205688476562500e+02 1.667235565185546875e+02 1.680685882568359375e+02 1.670177154541015625e+02 1.648081359863281250e+02 1.634419708251953125e+02 1.628393707275390625e+02 1.621066284179687500e+02 1.604891967773437500e+02 1.608427581787109375e+02 1.618546752929687500e+02 1.621640472412109375e+02 1.617007904052734375e+02 1.617505645751953125e+02
1.664602661132812500e+02 1.661463775634765625e+02 1.669388732910156250e+02 1.681285095214843750e+02 1.681526947021484375e+02 1.679847564697265625e+02 1.646036376953125000e+02 1.611174011230468750e+02 1.623305511474609375e+02 1.639591217041015625e+02 1.647941741943359375e+02 1.662414093017578125e+02 1.664669342041015625e+02 1.665191192626953125e+02 1.668582458496093750e+02 1.674389190673828125e+02 1.677453918457031250e+02 1.674297790527343750e+02 1.670177917480468750e+02 1.686087493896484375e+02 1.696763458251953125e+02 1.677043609619140625e+02 1.661667633056640625e+02 1.655935974121093750e+02 1.654405364990234375e+02 1.656794738769531250e+02 1.649232635498046875e+02 1.634569854736328125e+02 1.626407165527343750e+02 1.623703613281250000e+02 1.608663024902343750e+02 1.602288208007812500e+02 1.615045776367187500e+02 1.618698425292968750e+02 1.610069274902343750e+02 1.607786254882812500e+02 1.610503845214843750e+02
1.651967773437500000e+02 1.650095977783203125e+02 1.652884674072265625e+02 1.667194366455078125e+02 1.678325500488281250e+02 1.679569549560546875e+02 1.642713623046875000e+02 1.615876464843750000e+02 1.630660705566406250e+02 1.644784698486328125e+02 1.652573089599609375e+02 1.656547088623046875e+02 1.658469085693359375e+02 1.665070343017578125e+02 1.682504730224609375e+02 1.699132537841796875e+02 1.698374176025390625e+02 1.697258453369140625e+02 1.689897308349609375e+02 1.684062957763671875e+02 1.699528656005859375e+02 1.683001556396484375e+02 1.672662811279296875e+02 1.670148773193359375e+02 1.646665802001953125e+02 1.638056640625000000e+02 1.630358581542968750e+02 1.617843627929687500e+02 1.608192901611328125e+02 1.603261566162109375e+02 1.599971923828125000e+02 1.599157867431640625e+02 1.601733093261718750e+02 1.604408874511718750e+02 1.599788818359375000e+02 1.598032531738281250e+02 1.597592315673828125e+02
1.648001098632812500e+02 1.647511901855468750e+02 1.645563964843750000e+02 1.643802490234375000e+02 1.640837402343750000e+02 1.640780944824218750e+02 1.627342376708984375e+02 1.621049652099609375e+02 1.631078338623046875e+02 1.650786132812500000e+02 1.664775848388671875e+02 1.657340850830078125e+02 1.662424621582031250e+02 1.681552124023437500e+02 1.703475646972656250e+02 1.719184570312500000e+02 1.715580291748046875e+02 1.719788360595703125e+02 1.710171203613281250e+02 1.681757965087890625e+02 1.688343353271484375e+02 1.685545043945312500e+02 1.674927368164062500e+02 1.670282897949218750e+02 1.651151275634765625e+02 1.630449981689453125e+02 1.620012512207031250e+02 1.611475067138671875e+02 1.607030181884765625e+02 1.601663665771484375e+02 1.598773803710937500e+02 1.598204803466796875e+02 1.597692565917968750e+02 1.597169342041015625e+02 1.597714996337890625e+02 1.596389007568359375e+02 1.593566131591796875e+02
1.645762176513671875e+02 1.644545135498046875e+02 1.641134338378906250e+02 1.642050323486328125e+02 1.637298583984375000e+02 1.625399169921875000e+02 1.620329589843750000e+02 1.625384979248046875e+02 1.631957244873046875e+02 1.645509796142578125e+02 1.669771270751953125e+02 1.667388763427734375e+02 1.680722351074218750e+02 1.709699859619140625e+02 1.720422363281250000e+02 1.730116119384765625e+02 1.730152130126953125e+02 1.728525543212890625e+02 1.713120880126953125e+02 1.679643554687500000e+02 1.674242401123046875e+02 1.687256927490234375e+02 1.682463836669921875e+02 1.665990905761718750e+02 1.650762023925781250e+02 1.632379760742187500e+02 1.616054077148437500e+02 1.607675933837890625e+02 1.603108673095703125e+02 1.600355377197265625e+02 1.599007415771484375e+02 1.598539276123046875e+02 1.598147430419921875e+02 1.597863616943359375e+02 1.601602325439453125e+02 1.600327758789062500e+02 1.595800018310546875e+02
1.645245056152343750e+02 1.645126037597656250e+02 1.644504089355468750e+02 1.649162445068359375e+02 1.642975769042968750e+02 1.628722839355468750e+02 1.624279327392578125e+02 1.627400512695312500e+02 1.633651580810546875e+02 1.642224731445312500e+02 1.664078216552734375e+02 1.679774627685546875e+02 1.694092712402343750e+02 1.720911102294921875e+02 1.734779357910156250e+02 1.744888153076171875e+02 1.736392364501953125e+02 1.719336853027343750e+02 1.697770233154296875e+02 1.676080169677734375e+02 1.672229309082031250e+02 1.684406890869140625e+02 1.681495208740234375e+02 1.668112182617187500e+02 1.647843780517578125e+02 1.632644348144531250e+02 1.618662109375000000e+02 1.606058959960937500e+02 1.600895843505859375e+02 1.599788360595703125e+02 1.599334869384765625e+02 1.598981475830078125e+02 1.598652038574218750e+02 1.598732604980468750e+02 1.599799041748046875e+02 1.598082122802734375e+02 1.597094116210937500e+02
1.662630004882812500e+02 1.662490386962890625e+02 1.653490447998046875e+02 1.660709686279296875e+02 1.658170776367187500e+02 1.634656066894531250e+02 1.628026733398437500e+02 1.628862762451171875e+02 1.637394866943359375e+02 1.644555816650390625e+02 1.664010620117187500e+02 1.687222900390625000e+02 1.698461608886718750e+02 1.718011322021484375e+02 1.728569488525390625e+02 1.735608978271484375e+02 1.729415283203125000e+02 1.704640960693359375e+02 1.689495849609375000e+02 1.680548400878906250e+02 1.671453094482421875e+02 1.680040435791015625e+02 1.677727966308593750e+02 1.669724731445312500e+02 1.654127044677734375e+02 1.632793426513671875e+02 1.622456817626953125e+02 1.605546112060546875e+02 1.600791931152343750e+02 1.599761047363281250e+02 1.599482727050781250e+02 1.599157562255859375e+02 1.598800048828125000e+02 1.598507690429687500e+02 1.598587188720703125e+02 1.598232421875000000e+02 1.597785034179687500e+02
1.682145843505859375e+02 1.676474304199218750e+02 1.665731048583984375e+02 1.677515563964843750e+02 1.676907501220703125e+02 1.640881347656250000e+02 1.630653076171875000e+02 1.631974182128906250e+02 1.641148376464843750e+02 1.649286499023437500e+02 1.667034149169921875e+02 1.692597198486328125e+02 1.710281982421875000e+02 1.723231658935546875e+02 1.722717132568359375e+02 1.723297271728515625e+02 1.718916320800781250e+02 1.698303222656250000e+02 1.693135986328125000e+02 1.694399108886718750e+02 1.671777954101562500e+02 1.667503662109375000e+02 1.667186279296875000e+02 1.667499694824218750e+02 1.659476623535156250e+02 1.634724884033203125e+02 1.615379028320312500e+02 1.603590393066406250e+02 1.601179504394531250e+02 1.601852569580078125e+02 1.600115051269531250e+02 1.599308471679687500e+02 1.599108734130859375e+02 1.598982696533203125e+02 1.598833007812500000e+02 1.598528747558593750e+02 1.598188934326171875e+02
1.687678833007812500e+02 1.680938568115234375e+02 1.677229156494140625e+02 1.689604492187500000e+02 1.676360931396484375e+02 1.641168212890625000e+02 1.632287445068359375e+02 1.634339599609375000e+02 1.641424255371093750e+02 1.649533691406250000e+02 1.669510803222656250e+02 1.699359741210937500e+02 1.714672546386718750e+02 1.718978881835937500e+02 1.718652038574218750e+02 1.715420074462890625e+02 1.710038604736328125e+02 1.695547790527343750e+02 1.696168823242187500e+02 1.700250701904296875e+02 1.674017639160156250e+02 1.660708465576171875e+02 1.662220611572265625e+02 1.671555480957031250e+02 1.667754058837890625e+02 1.640107421875000000e+02 1.614279479980468750e+02 1.603023986816406250e+02 1.602540588378906250e+02 1.607791900634765625e+02 1.606169586181640625e+02 1.603424530029296875e+02 1.600936584472656250e+02 1.599763946533203125e+02 1.599207153320312500e+02 1.598837280273437500e+02 1.598607330322265625e+02
1.691715698242187500e+02 1.681215667724609375e+02 1.685590515136718750e+02 1.693336791992187500e+02 1.668193817138671875e+02 1.638577117919921875e+02 1.634821929931640625e+02 1.634865264892578125e+02 1.638417053222656250e+02 1.647924041748046875e+02 1.669095458984375000e+02 1.696884307861328125e+02 1.708832244873046875e+02 1.711439208984375000e+02 1.717294006347656250e+02 1.717985992431640625e+02 1.702764282226562500e+02 1.694803771972656250e+02 1.706030426025390625e+02 1.704479675292968750e+02 1.674812469482421875e+02 1.660681457519531250e+02 1.670505065917968750e+02 1.685275726318359375e+02 1.677813873291015625e+02 1.641979064941406250e+02 1.614852600097656250e+02 1.603632049560546875e+02 1.605545043945312500e+02 1.613648071289062500e+02 1.615247192382812500e+02 1.613727264404296875e+02 1.609667205810546875e+02 1.606408081054687500e+02 1.606018524169921875e+02 1.606112213134765625e+02 1.605112152099609375e+02
1.706556854248046875e+02 1.685520629882812500e+02 1.686131896972656250e+02 1.686875305175781250e+02 1.657649078369140625e+02 1.640095520019531250e+02 1.637835845947265625e+02 1.636925506591796875e+02 1.638098449707031250e+02 1.643958740234375000e+02 1.657892150878906250e+02 1.687721710205078125e+02 1.705396118164062500e+02 1.715299987792968750e+02 1.725105743408203125e+02 1.718851318359375000e+02 1.705016632080078125e+02 1.699232482910156250e+02 1.707064208984375000e+02 1.697868194580078125e+02 1.675020904541015625e+02 1.658060760498046875e+02 1.675160827636718750e+02 1.696585998535156250e+02 1.686906280517578125e+02 1.641997833251953125e+02 1.614960784912109375e+02 1.605527954101562500e+02 1.611356048583984375e+02 1.618368377685546875e+02 1.616156158447265625e+02 1.613398132324218750e+02 1.611270751953125000e+02 1.609793090820312500e+02 1.610557861328125000e+02 1.610021514892578125e+02 1.607566680908203125e+02
1.737000122070312500e+02 1.704504241943359375e+02 1.684287567138671875e+02 1.673291778564453125e+02 1.649478454589843750e+02 1.646787567138671875e+02 1.642141113281250000e+02 1.639926910400390625e+02 1.640180206298828125e+02 1.646271972656250000e+02 1.659181823730468750e+02 1.689461822509765625e+02 1.709664764404296875e+02 1.712908020019531250e+02 1.716381378173828125e+02 1.715486450195312500e+02 1.702002105712890625e+02 1.691091308593750000e+02 1.689471588134765625e+02 1.677717590332031250e+02 1.661560516357421875e+02 1.648370513916015625e+02 1.661665344238281250e+02 1.688869628906250000e+02 1.686418151855468750e+02 1.646057586669921875e+02 1.613356018066406250e+02 1.608039550781250000e+02 1.615901184082031250e+02 1.616077880859375000e+02 1.612796936035156250e+02 1.610917510986328125e+02 1.609210662841796875e+02 1.607697753906250000e+02 1.607284393310546875e+02 1.605364837646484375e+02 1.602530822753906250e+02
1.756087799072265625e+02 1.716933898925781250e+02 1.675872802734375000e+02 1.657631988525390625e+02 1.648679809570312500e+02 1.647562561035156250e+02 1.646008453369140625e+02 1.642849731445312500e+02 1.643545532226562500e+02 1.648018035888671875e+02 1.661269531250000000e+02 1.686543731689453125e+02 1.703662109375000000e+02 1.700521240234375000e+02 1.682132415771484375e+02 1.670098571777343750e+02 1.653934783935546875e+02 1.648301849365234375e+02 1.650540618896484375e+02 1.642556304931640625e+02 1.632372131347656250e+02 1.629061584472656250e+02 1.629183807373046875e+02 1.647345581054687500e+02 1.655546112060546875e+02 1.637685089111328125e+02 1.613252868652343750e+02 1.608401489257812500e+02 1.609847717285156250e+02 1.609034576416015625e+02 1.608068542480468750e+02 1.607151031494140625e+02 1.604870605468750000e+02 1.603507385253906250e+02 1.602573547363281250e+02 1.600404815673828125e+02 1.597676391601562500e+02
1.753477783203125000e+02 1.711206512451171875e+02 1.670849456787109375e+02 1.652225799560546875e+02 1.652511291503906250e+02 1.649714355468750000e+02 1.648143463134765625e+02 1.646786804199218750e+02 1.647449340820312500e+02 1.647858276367187500e+02 1.658475189208984375e+02 1.674047393798828125e+02 1.670640106201171875e+02 1.654571533203125000e+02 1.640366516113281250e+02 1.640841369628906250e+02 1.647680664062500000e+02 1.658764343261718750e+02 1.657825622558593750e+02 1.652325439453125000e+02 1.629777526855468750e+02 1.621789398193359375e+02 1.617564086914062500e+02 1.616731109619140625e+02 1.617652893066406250e+02 1.615297546386718750e+02 1.610326080322265625e+02 1.608676147460937500e+02 1.607254180908203125e+02 1.604543762207031250e+02 1.603470916748046875e+02 1.602429656982421875e+02 1.600901489257812500e+02 1.600091247558593750e+02 1.599385375976562500e+02 1.597841491699218750e+02 1.596761322021484375e+02
1.745431060791015625e+02 1.702972259521484375e+02 1.664944610595703125e+02 1.652009124755859375e+02 1.651565704345703125e+02 1.649830322265625000e+02 1.648667297363281250e+02 1.648762359619140625e+02 1.649510803222656250e+02 1.648924865722656250e+02 1.648849182128906250e+02 1.651402587890625000e+02 1.656580657958984375e+02 1.661035461425781250e+02 1.660171356201171875e+02 1.691414489746093750e+02 1.714190673828125000e+02 1.736825714111328125e+02 1.737769317626953125e+02 1.738177490234375000e+02 1.678399810791015625e+02 1.632017059326171875e+02 1.623661651611328125e+02 1.619729003906250000e+02 1.613398284912109375e+02 1.609496002197265625e+02 1.608259429931640625e+02 1.607373352050781250e+02 1.605924072265625000e+02 1.603648986816406250e+02 1.601691284179687500e+02 1.600537109375000000e+02 1.600060424804687500e+02 1.599007263183593750e+02 1.598371429443359375e+02 1.598427276611328125e+02 1.599078979492187500e+02
