testcase_input/hyytiala/dem.asc
ncols        375
nrows        250
xllcorner    348000.000000000000
yllcorner    6857000.000000000000
cellsize     32.000000000000
NODATA_value  -9999
[rows 119 to 135 of 250, columns 148 to 184 of 375]
1.667514801025390625e+02 1.659240570068359375e+02 1.656416015625000000e+02 1.658748779296875000e+02 1.659589996337890625e+02 1.659788970947265625e+02 1.663624114990234375e+02 1.667933654785156250e+02 1.665424499511718750e+02 1.660830993652343750e+02 1.657642364501953125e+02 1.655407409667968750e+02 1.657371063232421875e+02 1.660658111572265625e+02 1.662182006835937500e+02 1.662437896728515625e+02 1.663724212646484375e+02 1.664466094970703125e+02 1.671309051513671875e+02 1.694405364990234375e+02 1.713767547607421875e+02 1.732873992919921875e+02 1.766232452392578125e+02 1.807876892089843750e+02 1.812481689453125000e+02 1.787497711181640625e+02 1.748851470947265625e+02 1.742447052001953125e+02 1.765384826660156250e+02 1.798000793457031250e+02 1.808046569824218750e+02 1.835078125000000000e+02 1.864444427490234375e+02 1.879854278564453125e+02 1.874028015136718750e+02 1.841055755615234375e+02 1.797535247802734375e+02
1.673484344482421875e+02 1.663105010986328125e+02 1.658023529052734375e+02 1.658984069824218750e+02 1.660564422607421875e+02 1.660103302001953125e+02 1.663385467529296875e+02 1.664851379394531250e+02 1.664794006347656250e+02 1.662160034179687500e+02 1.658227386474609375e+02 1.655121917724609375e+02 1.656262054443359375e+02 1.660087890625000000e+02 1.666573333740234375e+02 1.666583099365234375e+02 1.664222717285156250e+02 1.669734039306640625e+02 1.693347473144531250e+02 1.721268768310546875e+02 1.727317810058593750e+02 1.733366394042968750e+02 1.754131622314453125e+02 1.785484924316406250e+02 1.792265014648437500e+02 1.766116943359375000e+02 1.723256530761718750e+02 1.713732299804687500e+02 1.748147125244140625e+02 1.784813690185546875e+02 1.797727050781250000e+02 1.822437438964843750e+02 1.862576141357421875e+02 1.886006774902343750e+02 1.878916778564453125e+02 1.847169647216796875e+02 1.797765350341796875e+02
1.678202362060546875e+02 1.665906829833984375e+02 1.659580383300781250e+02 1.658818206787109375e+02 1.661203002929687500e+02 1.661969451904296875e+02 1.661943664550781250e+02 1.663057861328125000e+02 1.664145965576171875e+02 1.663641662597656250e+02 1.658088684082031250e+02 1.654839324951171875e+02 1.656144409179687500e+02 1.663475036621093750e+02 1.688577117919921875e+02 1.694417724609375000e+02 1.676059112548828125e+02 1.680174713134765625e+02 1.708536071777343750e+02 1.733335876464843750e+02 1.731662597656250000e+02 1.728892669677734375e+02 1.735245208740234375e+02 1.759228057861328125e+02 1.767140350341796875e+02 1.731888275146484375e+02 1.695830078125000000e+02 1.707954864501953125e+02 1.754638061523437500e+02 1.771322174072265625e+02 1.776764373779296875e+02 1.801754760742187500e+02 1.841125488281250000e+02 1.871842346191406250e+02 1.872249298095703125e+02 1.847904052734375000e+02 1.809703674316406250e+02
1.682702941894531250e+02 1.670713195800781250e+02 1.661742401123046875e+02 1.659494476318359375e+02 1.660917510986328125e+02 1.662808380126953125e+02 1.662696075439453125e+02 1.662269592285156250e+02 1.662886505126953125e+02 1.663595123291015625e+02 1.659283447265625000e+02 1.655332489013671875e+02 1.655643005371093750e+02 1.664582977294921875e+02 1.694322204589843750e+02 1.717660827636718750e+02 1.703168334960937500e+02 1.700237426757812500e+02 1.720127563476562500e+02 1.739163665771484375e+02 1.733371124267578125e+02 1.727484283447265625e+02 1.729082183837890625e+02 1.736987762451171875e+02 1.731103973388671875e+02 1.698671569824218750e+02 1.687738037109375000e+02 1.724456024169921875e+02 1.756148223876953125e+02 1.759563598632812500e+02 1.762245025634765625e+02 1.776608123779296875e+02 1.800150756835937500e+02 1.827742919921875000e+02 1.841095581054687500e+02 1.839048919677734375e+02 1.821153106689453125e+02
1.684640350341796875e+02 1.676240386962890625e+02 1.664947357177734375e+02 1.661097717285156250e+02 1.663580017089843750e+02 1.662474670410156250e+02 1.661396331787109375e+02 1.661996154785156250e+02 1.662605590820312500e+02 1.663389892578125000e+02 1.661600952148437500e+02 1.656519470214843750e+02 1.655378723144531250e+02 1.657988739013671875e+02 1.675867614746093750e+02 1.709753875732421875e+02 1.718970642089843750e+02 1.715492095947265625e+02 1.726606292724609375e+02 1.738242645263671875e+02 1.730880889892578125e+02 1.726724700927734375e+02 1.720691528320312500e+02 1.711134796142578125e+02 1.698809509277343750e+02 1.686397552490234375e+02 1.704836120605468750e+02 1.745934295654296875e+02 1.756341705322265625e+02 1.757253570556640625e+02 1.757134704589843750e+02 1.759339447021484375e+02 1.772804412841796875e+02 1.793733215332031250e+02 1.812672424316406250e+02 1.825573883056640625e+02 1.813447723388671875e+02
1.685160064697265625e+02 1.678446807861328125e+02 1.670256500244140625e+02 1.662808685302734375e+02 1.664881896972656250e+02 1.666064300537109375e+02 1.663628387451171875e+02 1.662726135253906250e+02 1.663215484619140625e+02 1.663537902832031250e+02 1.663067321777343750e+02 1.658461914062500000e+02 1.655501556396484375e+02 1.656320343017578125e+02 1.662077484130859375e+02 1.679997558593750000e+02 1.704582519531250000e+02 1.713352966308593750e+02 1.718557434082031250e+02 1.722834014892578125e+02 1.718011474609375000e+02 1.712555999755859375e+02 1.700987701416015625e+02 1.692383270263671875e+02 1.682327728271484375e+02 1.691196594238281250e+02 1.729916992187500000e+02 1.754499359130859375e+02 1.758596801757812500e+02 1.766451873779296875e+02 1.767551574707031250e+02 1.749882965087890625e+02 1.753110046386718750e+02 1.774877471923828125e+02 1.802812805175781250e+02 1.823824310302734375e+02 1.796936187744140625e+02
1.685906372070312500e+02 1.680235900878906250e+02 1.675433197021484375e+02 1.667172241210937500e+02 1.663292999267578125e+02 1.666118011474609375e+02 1.665861968994140625e+02 1.664958038330078125e+02 1.663821716308593750e+02 1.663881683349609375e+02 1.663404693603515625e+02 1.660197601318359375e+02 1.656137390136718750e+02 1.656147766113281250e+02 1.659174804687500000e+02 1.664391326904296875e+02 1.675421600341796875e+02 1.687353515625000000e+02 1.697481994628906250e+02 1.711068572998046875e+02 1.697342376708984375e+02 1.687237701416015625e+02 1.678501892089843750e+02 1.679566650390625000e+02 1.681644592285156250e+02 1.701480407714843750e+02 1.724218444824218750e+02 1.740750579833984375e+02 1.750396423339843750e+02 1.760920410156250000e+02 1.764406585693359375e+02 1.739879302978515625e+02 1.742742156982421875e+02 1.760248870849609375e+02 1.796494903564453125e+02 1.810492095947265625e+02 1.766252288818359375e+02
1.684649658203125000e+02 1.683016815185546875e+02 1.677868652343750000e+02 1.673834686279296875e+02 1.665709838867187500e+02 1.664667663574218750e+02 1.666792907714843750e+02 1.668186492919921875e+02 1.667115783691406250e+02 1.664400024414062500e+02 1.663378143310546875e+02 1.661112213134765625e+02 1.657506408691406250e+02 1.656019744873046875e+02 1.657837371826171875e+02 1.661578216552734375e+02 1.665626220703125000e+02 1.669798736572265625e+02 1.675018005371093750e+02 1.686432037353515625e+02 1.678590850830078125e+02 1.673618469238281250e+02 1.673349304199218750e+02 1.677050323486328125e+02 1.691922607421875000e+02 1.711058959960937500e+02 1.712348480224609375e+02 1.720749816894531250e+02 1.728735809326171875e+02 1.730036010742187500e+02 1.731584625244140625e+02 1.720657653808593750e+02 1.735070190429687500e+02 1.751549377441406250e+02 1.769257049560546875e+02 1.777728729248046875e+02 1.724588317871093750e+02
1.681875762939453125e+02 1.683016204833984375e+02 1.680758819580078125e+02 1.676963958740234375e+02 1.672038726806640625e+02 1.664804382324218750e+02 1.664611968994140625e+02 1.667170104980468750e+02 1.668301544189453125e+02 1.666025848388671875e+02 1.663896484375000000e+02 1.662473754882812500e+02 1.660418090820312500e+02 1.656876220703125000e+02 1.656838836669921875e+02 1.659502410888671875e+02 1.663283996582031250e+02 1.666789855957031250e+02 1.668611145019531250e+02 1.670592498779296875e+02 1.671468658447265625e+02 1.672165374755859375e+02 1.673725280761718750e+02 1.685639648437500000e+02 1.699374542236328125e+02 1.710240173339843750e+02 1.710170135498046875e+02 1.711887054443359375e+02 1.717566833496093750e+02 1.715812835693359375e+02 1.714860076904296875e+02 1.713066253662109375e+02 1.729658355712890625e+02 1.741274261474609375e+02 1.743740844726562500e+02 1.742801666259765625e+02 1.694458923339843750e+02
1.679676361083984375e+02 1.680534210205078125e+02 1.682760467529296875e+02 1.679269409179687500e+02 1.675551147460937500e+02 1.670350189208984375e+02 1.665032348632812500e+02 1.664948577880859375e+02 1.666505126953125000e+02 1.666310729980468750e+02 1.664518280029296875e+02 1.663743286132812500e+02 1.662745056152343750e+02 1.659065704345703125e+02 1.656687011718750000e+02 1.657657775878906250e+02 1.660013732910156250e+02 1.663100128173828125e+02 1.665513305664062500e+02 1.667701110839843750e+02 1.670593719482421875e+02 1.672967071533203125e+02 1.678984832763671875e+02 1.695103607177734375e+02 1.699615631103515625e+02 1.705221252441406250e+02 1.710326995849609375e+02 1.715183105468750000e+02 1.726053466796875000e+02 1.732212677001953125e+02 1.737201232910156250e+02 1.715586242675781250e+02 1.719389648437500000e+02 1.733128509521484375e+02 1.729293365478515625e+02 1.709284973144531250e+02 1.682067413330078125e+02
1.680316009521484375e+02 1.679635467529296875e+02 1.681416168212890625e+02 1.681488342285156250e+02 1.677773742675781250e+02 1.674348449707031250e+02 1.670214996337890625e+02 1.665859680175781250e+02 1.665999908447265625e+02 1.666416015625000000e+02 1.665118255615234375e+02 1.664622039794921875e+02 1.664287567138671875e+02 1.662415618896484375e+02 1.658700561523437500e+02 1.657584381103515625e+02 1.659001007080078125e+02 1.661332702636718750e+02 1.662893981933593750e+02 1.664243316650390625e+02 1.667875671386718750e+02 1.671231231689453125e+02 1.679453277587890625e+02 1.693997955322265625e+02 1.696321411132812500e+02 1.698219909667968750e+02 1.706410369873046875e+02 1.713494567871093750e+02 1.728195800781250000e+02 1.739183044433593750e+02 1.742174377441406250e+02 1.717920837402343750e+02 1.710975341796875000e+02 1.723908386230468750e+02 1.717651519775390625e+02 1.685646057128906250e+02 1.677814483642578125e+02
1.680404510498046875e+02 1.680074005126953125e+02 1.679357757568359375e+02 1.680636596679687500e+02 1.680340576171875000e+02 1.678313446044921875e+02 1.674610748291015625e+02 1.670723419189453125e+02 1.667927093505859375e+02 1.667093505859375000e+02 1.665646820068359375e+02 1.665403594970703125e+02 1.665652923583984375e+02 1.665930633544921875e+02 1.662792510986328125e+02 1.659813232421875000e+02 1.659190521240234375e+02 1.660522918701171875e+02 1.661765899658203125e+02 1.662703094482421875e+02 1.665222015380859375e+02 1.669030914306640625e+02 1.673287048339843750e+02 1.685619506835937500e+02 1.691997985839843750e+02 1.693342132568359375e+02 1.698347473144531250e+02 1.705736389160156250e+02 1.717248229980468750e+02 1.726938629150390625e+02 1.727914276123046875e+02 1.704416656494140625e+02 1.696057128906250000e+02 1.701905670166015625e+02 1.696041107177734375e+02 1.673988494873046875e+02 1.673424530029296875e+02
1.680095214843750000e+02 1.680015106201171875e+02 1.679006347656250000e+02 1.678519134521484375e+02 1.680204162597656250e+02 1.680688018798828125e+02 1.677654418945312500e+02 1.674010009765625000e+02 1.671160278320312500e+02 1.669020843505859375e+02 1.667400207519531250e+02 1.667301025390625000e+02 1.666571960449218750e+02 1.665966339111328125e+02 1.664718170166015625e+02 1.661997833251953125e+02 1.660151672363281250e+02 1.660545501708984375e+02 1.661151885986328125e+02 1.662148590087890625e+02 1.663628540039062500e+02 1.666186828613281250e+02 1.668609008789062500e+02 1.674710998535156250e+02 1.682657623291015625e+02 1.688824157714843750e+02 1.691394653320312500e+02 1.698327636718750000e+02 1.710012969970703125e+02 1.711029663085937500e+02 1.714205322265625000e+02 1.692392578125000000e+02 1.676502990722656250e+02 1.675399322509765625e+02 1.673271942138671875e+02 1.669231872558593750e+02 1.669587249755859375e+02
1.681322326660156250e+02 1.680964508056640625e+02 1.680852966308593750e+02 1.682370147705078125e+02 1.681949310302734375e+02 1.681137390136718750e+02 1.679402618408203125e+02 1.677221984863281250e+02 1.674649353027343750e+02 1.671819000244140625e+02 1.669944763183593750e+02 1.668712921142578125e+02 1.667871246337890625e+02 1.666986236572265625e+02 1.666025085449218750e+02 1.664181518554687500e+02 1.661901092529296875e+02 1.661992034912109375e+02 1.661880187988281250e+02 1.661850891113281250e+02 1.662565765380859375e+02 1.664043121337890625e+02 1.665326995849609375e+02 1.667430267333984375e+02 1.671243438720703125e+02 1.678419189453125000e+02 1.678093566894531250e+02 1.685487823486328125e+02 1.695352935791015625e+02 1.696579437255859375e+02 1.693991241455078125e+02 1.677237396240234375e+02 1.669434967041015625e+02 1.668159790039062500e+02 1.666629028320312500e+02 1.665820770263671875e+02 1.664419250488281250e+02
1.682930145263671875e+02 1.680054016113281250e+02 1.678035430908203125e+02 1.680718994140625000e+02 1.683691406250000000e+02 1.682518920898437500e+02 1.680467987060546875e+02 1.678110198974609375e+02 1.676139831542968750e+02 1.674498596191406250e+02 1.673406829833984375e+02 1.672843780517578125e+02 1.670587768554687500e+02 1.669352416992187500e+02 1.668552093505859375e+02 1.666754150390625000e+02 1.663990783691406250e+02 1.664006347656250000e+02 1.663822937011718750e+02 1.663211975097656250e+02 1.663044281005859375e+02 1.663535614013671875e+02 1.664104614257812500e+02 1.664848175048828125e+02 1.667224121093750000e+02 1.669537811279296875e+02 1.668203582763671875e+02 1.669982604980468750e+02 1.672268218994140625e+02 1.674190979003906250e+02 1.673677825927734375e+02 1.668027801513671875e+02 1.666834564208984375e+02 1.665682220458984375e+02 1.664891357421875000e+02 1.664470520019531250e+02 1.663823852539062500e+02
1.684647521972656250e+02 1.683781280517578125e+02 1.681882934570312500e+02 1.678829650878906250e+02 1.680497741699218750e+02 1.681445770263671875e+02 1.680339050292968750e+02 1.678613586425781250e+02 1.674875793457031250e+02 1.672290649414062500e+02 1.671877746582031250e+02 1.672715454101562500e+02 1.673763275146484375e+02 1.672704315185546875e+02 1.671502990722656250e+02 1.669440460205078125e+02 1.666746826171875000e+02 1.665185546875000000e+02 1.664094390869140625e+02 1.664332122802734375e+02 1.664315185546875000e+02 1.663473663330078125e+02 1.663043670654296875e+02 1.663691711425781250e+02 1.665387573242187500e+02 1.666503448486328125e+02 1.667873992919921875e+02 1.668446807861328125e+02 1.667845458984375000e+02 1.666888885498046875e+02 1.666333923339843750e+02 1.665935058593750000e+02 1.665951538085937500e+02 1.665456848144531250e+02 1.665119476318359375e+02 1.664577789306640625e+02 1.664177246093750000e+02
1.686024322509765625e+02 1.683780975341796875e+02 1.682562103271484375e+02 1.679735870361328125e+02 1.679617004394531250e+02 1.680961303710937500e+02 1.680200653076171875e+02 1.678996276855468750e+02 1.676858673095703125e+02 1.673734130859375000e+02 1.671030273437500000e+02 1.670136718750000000e+02 1.671621856689453125e+02 1.673872222900390625e+02 1.674702148437500000e+02 1.672122344970703125e+02 1.667721710205078125e+02 1.665869293212890625e+02 1.665590667724609375e+02 1.665552215576171875e+02 1.665720977783203125e+02 1.665284576416015625e+02 1.664075775146484375e+02 1.663747253417968750e+02 1.664816894531250000e+02 1.666253204345703125e+02 1.668703308105468750e+02 1.669554901123046875e+02 1.669126586914062500e+02 1.668537292480468750e+02 1.667684631347656250e+02 1.667127838134765625e+02 1.666947174072265625e+02 1.665879974365234375e+02 1.665609588623046875e+02 1.665299682617187500e+02 1.665987396240234375e+02
