testcase_input/hyytiala/dem.asc
ncols        375
nrows        250
xllcorner    348000.000000000000
yllcorner    6857000.000000000000
cellsize     32.000000000000
NODATA_value  -9999
[rows 119 to 135 of 250, columns 259 to 295 of 375]
1.457938537597656250e+02 1.434064331054687500e+02 1.418815307617187500e+02 1.414808197021484375e+02 1.414770050048828125e+02 1.414770050048828125e+02 1.414770050048828125e+02 1.414769897460937500e+02 1.414767150878906250e+02 1.414761657714843750e+02 1.414764556884765625e+02 1.414962463378906250e+02 1.418885650634765625e+02 1.471720123291015625e+02 1.576094818115234375e+02 1.630485229492187500e+02 1.633957366943359375e+02 1.617482299804687500e+02 1.639387207031250000e+02 1.672116394042968750e+02 1.666168518066406250e+02 1.664086303710937500e+02 1.692786560058593750e+02 1.737723541259765625e+02 1.768725585937500000e+02 1.805104370117187500e+02 1.826842651367187500e+02 1.841087493896484375e+02 1.857057952880859375e+02 1.861930999755859375e+02 1.871744537353515625e+02 1.885839233398437500e+02 1.886747283935546875e+02 1.884151763916015625e+02 1.897754516601562500e+02 1.918028869628906250e+02 1.916354370117187500e+02
1.480112152099609375e+02 1.452966156005859375e+02 1.425539550781250000e+02 1.415230865478515625e+02 1.414777679443359375e+02 1.414770050048828125e+02 1.414770050048828125e+02 1.414767913818359375e+02 1.414762420654296875e+02 1.414760131835937500e+02 1.414759979248046875e+02 1.414759979248046875e+02 1.415285644531250000e+02 1.452123107910156250e+02 1.575983428955078125e+02 1.658077545166015625e+02 1.652365112304687500e+02 1.626756896972656250e+02 1.631940307617187500e+02 1.649549713134765625e+02 1.659074096679687500e+02 1.678381805419921875e+02 1.726031494140625000e+02 1.779670257568359375e+02 1.829798736572265625e+02 1.855679168701171875e+02 1.860080718994140625e+02 1.862542419433593750e+02 1.875596313476562500e+02 1.879584960937500000e+02 1.889873504638671875e+02 1.886371765136718750e+02 1.878980560302734375e+02 1.880971984863281250e+02 1.912137451171875000e+02 1.946433258056640625e+02 1.934586791992187500e+02
1.504607086181640625e+02 1.465354919433593750e+02 1.429005432128906250e+02 1.418004455566406250e+02 1.415054626464843750e+02 1.414770202636718750e+02 1.414768676757812500e+02 1.414763336181640625e+02 1.414760131835937500e+02 1.414759979248046875e+02 1.414759979248046875e+02 1.414759979248046875e+02 1.414803466796875000e+02 1.430223846435546875e+02 1.529280700683593750e+02 1.657225952148437500e+02 1.677370605468750000e+02 1.646082153320312500e+02 1.634900360107421875e+02 1.637557373046875000e+02 1.659906616210937500e+02 1.695256042480468750e+02 1.738856964111328125e+02 1.794645690917968750e+02 1.861814727783203125e+02 1.881025543212890625e+02 1.881260070800781250e+02 1.875420684814453125e+02 1.880566406250000000e+02 1.883509063720703125e+02 1.882539215087890625e+02 1.877802276611328125e+02 1.873384399414062500e+02 1.874055175781250000e+02 1.899429626464843750e+02 1.932031097412109375e+02 1.921349945068359375e+02
1.537453613281250000e+02 1.488918457031250000e+02 1.440644531250000000e+02 1.423029022216796875e+02 1.416324157714843750e+02 1.414797973632812500e+02 1.414764404296875000e+02 1.414760437011718750e+02 1.414759979248046875e+02 1.414759979248046875e+02 1.414759979248046875e+02 1.414759979248046875e+02 1.414760131835937500e+02 1.416845397949218750e+02 1.469705505371093750e+02 1.611724243164062500e+02 1.670712127685546875e+02 1.656248626708984375e+02 1.640967102050781250e+02 1.636740417480468750e+02 1.655022125244140625e+02 1.689491424560546875e+02 1.731026000976562500e+02 1.793313751220703125e+02 1.853549499511718750e+02 1.882541656494140625e+02 1.890196990966796875e+02 1.880968017578125000e+02 1.874233093261718750e+02 1.864280853271484375e+02 1.860701599121093750e+02 1.868350524902343750e+02 1.869538726806640625e+02 1.865494232177734375e+02 1.877027435302734375e+02 1.897283630371093750e+02 1.897036132812500000e+02
1.556520996093750000e+02 1.524833984375000000e+02 1.463104400634765625e+02 1.429968261718750000e+02 1.418641967773437500e+02 1.414930267333984375e+02 1.414760742187500000e+02 1.414759979248046875e+02 1.414759979248046875e+02 1.414759979248046875e+02 1.414759979248046875e+02 1.414759979248046875e+02 1.414759979248046875e+02 1.414821624755859375e+02 1.441912078857421875e+02 1.576102447509765625e+02 1.649246368408203125e+02 1.649810791015625000e+02 1.656623382568359375e+02 1.649307098388671875e+02 1.652309265136718750e+02 1.680408477783203125e+02 1.718418273925781250e+02 1.770722961425781250e+02 1.818596801757812500e+02 1.859704589843750000e+02 1.884368743896484375e+02 1.874916076660156250e+02 1.850637054443359375e+02 1.841063537597656250e+02 1.858301544189453125e+02 1.862959747314453125e+02 1.862264862060546875e+02 1.849763183593750000e+02 1.862915649414062500e+02 1.880450439453125000e+02 1.876181640625000000e+02
1.561582489013671875e+02 1.551285552978515625e+02 1.498565063476562500e+02 1.446734008789062500e+02 1.421752471923828125e+02 1.414944000244140625e+02 1.414763031005859375e+02 1.414762878417968750e+02 1.414762878417968750e+02 1.414762878417968750e+02 1.414762878417968750e+02 1.414762878417968750e+02 1.414762878417968750e+02 1.414763031005859375e+02 1.424291992187500000e+02 1.507351226806640625e+02 1.601198120117187500e+02 1.635027160644531250e+02 1.669890747070312500e+02 1.669675598144531250e+02 1.657319793701171875e+02 1.674831085205078125e+02 1.703771362304687500e+02 1.752930450439453125e+02 1.797434692382812500e+02 1.830979003906250000e+02 1.861192016601562500e+02 1.846101074218750000e+02 1.824321594238281250e+02 1.824159088134765625e+02 1.839326782226562500e+02 1.845357513427734375e+02 1.846459045410156250e+02 1.834343261718750000e+02 1.851558837890625000e+02 1.881891021728515625e+02 1.883056182861328125e+02
1.561015930175781250e+02 1.558420562744140625e+02 1.535445098876953125e+02 1.480293731689453125e+02 1.435849456787109375e+02 1.416665496826171875e+02 1.414802703857421875e+02 1.414797821044921875e+02 1.414797821044921875e+02 1.414797821044921875e+02 1.414797821044921875e+02 1.414797821044921875e+02 1.414797821044921875e+02 1.414797821044921875e+02 1.416190795898437500e+02 1.444566040039062500e+02 1.529973907470703125e+02 1.596470642089843750e+02 1.654245300292968750e+02 1.688459320068359375e+02 1.675003662109375000e+02 1.677488403320312500e+02 1.698506011962890625e+02 1.741981353759765625e+02 1.783162689208984375e+02 1.794674530029296875e+02 1.807866668701171875e+02 1.801557769775390625e+02 1.806312103271484375e+02 1.808245086669921875e+02 1.799002990722656250e+02 1.816064605712890625e+02 1.825155792236328125e+02 1.828976287841796875e+02 1.842581024169921875e+02 1.864582061767578125e+02 1.882988433837890625e+02
1.563148803710937500e+02 1.559711608886718750e+02 1.554672393798828125e+02 1.520034637451171875e+02 1.464316711425781250e+02 1.425824584960937500e+02 1.415160675048828125e+02 1.414819641113281250e+02 1.414819641113281250e+02 1.414819641113281250e+02 1.414819641113281250e+02 1.414819641113281250e+02 1.414819641113281250e+02 1.414819641113281250e+02 1.414950714111328125e+02 1.429072570800781250e+02 1.489056091308593750e+02 1.552743072509765625e+02 1.634608001708984375e+02 1.698482055664062500e+02 1.694727935791015625e+02 1.690411376953125000e+02 1.703729705810546875e+02 1.715903472900390625e+02 1.744982147216796875e+02 1.746996917724609375e+02 1.738698272705078125e+02 1.757639770507812500e+02 1.778487548828125000e+02 1.781376647949218750e+02 1.755565338134765625e+02 1.766340942382812500e+02 1.794123840332031250e+02 1.825617675781250000e+02 1.839566192626953125e+02 1.853283538818359375e+02 1.875265655517578125e+02
1.569296264648437500e+02 1.562719268798828125e+02 1.559903411865234375e+02 1.546941223144531250e+02 1.499220123291015625e+02 1.444747314453125000e+02 1.417684478759765625e+02 1.414830474853515625e+02 1.414819946289062500e+02 1.414819946289062500e+02 1.414819946289062500e+02 1.414819946289062500e+02 1.414819946289062500e+02 1.414819946289062500e+02 1.414935913085937500e+02 1.433163146972656250e+02 1.490784759521484375e+02 1.539792327880859375e+02 1.633350830078125000e+02 1.708681030273437500e+02 1.703167114257812500e+02 1.694311828613281250e+02 1.693981781005859375e+02 1.690671997070312500e+02 1.696774749755859375e+02 1.697628479003906250e+02 1.695271911621093750e+02 1.710361633300781250e+02 1.727771911621093750e+02 1.725838775634765625e+02 1.709211120605468750e+02 1.707970123291015625e+02 1.733807525634765625e+02 1.781340179443359375e+02 1.823165893554687500e+02 1.838224029541015625e+02 1.847677001953125000e+02
1.587963256835937500e+02 1.574112548828125000e+02 1.563208160400390625e+02 1.556968688964843750e+02 1.533442687988281250e+02 1.475466003417968750e+02 1.427273254394531250e+02 1.415153656005859375e+02 1.414819946289062500e+02 1.414819946289062500e+02 1.414819946289062500e+02 1.414819946289062500e+02 1.414819946289062500e+02 1.414819946289062500e+02 1.415519256591796875e+02 1.436667785644531250e+02 1.486665649414062500e+02 1.521000366210937500e+02 1.592709960937500000e+02 1.690381622314453125e+02 1.707647247314453125e+02 1.692761383056640625e+02 1.686109313964843750e+02 1.684814910888671875e+02 1.686415863037109375e+02 1.687395019531250000e+02 1.698143157958984375e+02 1.718960723876953125e+02 1.719880065917968750e+02 1.712193298339843750e+02 1.707098083496093750e+02 1.708488006591796875e+02 1.718251647949218750e+02 1.731007843017578125e+02 1.767187805175781250e+02 1.809086303710937500e+02 1.830194549560546875e+02
1.633956604003906250e+02 1.613684692382812500e+02 1.581648712158203125e+02 1.562410278320312500e+02 1.552514648437500000e+02 1.507467346191406250e+02 1.444963073730468750e+02 1.417255554199218750e+02 1.414823913574218750e+02 1.414819946289062500e+02 1.414819946289062500e+02 1.414819946289062500e+02 1.414819946289062500e+02 1.414819946289062500e+02 1.415488433837890625e+02 1.436882171630859375e+02 1.500024261474609375e+02 1.533119964599609375e+02 1.566104736328125000e+02 1.646735992431640625e+02 1.692356567382812500e+02 1.690943450927734375e+02 1.687076568603515625e+02 1.697109832763671875e+02 1.713061828613281250e+02 1.708811645507812500e+02 1.745923461914062500e+02 1.797914276123046875e+02 1.801288146972656250e+02 1.785956726074218750e+02 1.773841247558593750e+02 1.779132537841796875e+02 1.793024444580078125e+02 1.788958587646484375e+02 1.768198852539062500e+02 1.770395355224609375e+02 1.794180145263671875e+02
1.689234161376953125e+02 1.665891265869140625e+02 1.623142852783203125e+02 1.579012756347656250e+02 1.562202301025390625e+02 1.534716796875000000e+02 1.473392333984375000e+02 1.425864257812500000e+02 1.415047912597656250e+02 1.414819946289062500e+02 1.414819946289062500e+02 1.414819946289062500e+02 1.414819946289062500e+02 1.414819946289062500e+02 1.414864501953125000e+02 1.433481140136718750e+02 1.531748199462890625e+02 1.597906036376953125e+02 1.624727630615234375e+02 1.664416809082031250e+02 1.698314361572265625e+02 1.701217956542968750e+02 1.699497985839843750e+02 1.736875305175781250e+02 1.771074676513671875e+02 1.763639373779296875e+02 1.792815856933593750e+02 1.841941375732421875e+02 1.861786804199218750e+02 1.856340179443359375e+02 1.853707580566406250e+02 1.854024047851562500e+02 1.865462646484375000e+02 1.871956634521484375e+02 1.853692016601562500e+02 1.820338439941406250e+02 1.794689025878906250e+02
1.747629394531250000e+02 1.712918548583984375e+02 1.674368743896484375e+02 1.609880676269531250e+02 1.573555908203125000e+02 1.557260131835937500e+02 1.507094573974609375e+02 1.444339141845703125e+02 1.416885681152343750e+02 1.414820861816406250e+02 1.414819946289062500e+02 1.414819946289062500e+02 1.414819946289062500e+02 1.414819946289062500e+02 1.414841156005859375e+02 1.437045440673828125e+02 1.552131958007812500e+02 1.637591247558593750e+02 1.666106414794921875e+02 1.684227600097656250e+02 1.700871276855468750e+02 1.704247436523437500e+02 1.727048034667968750e+02 1.775702362060546875e+02 1.800468292236328125e+02 1.799169769287109375e+02 1.812881317138671875e+02 1.855006561279296875e+02 1.878370361328125000e+02 1.888805541992187500e+02 1.907844848632812500e+02 1.911743164062500000e+02 1.905004425048828125e+02 1.893860015869140625e+02 1.896248474121093750e+02 1.880201416015625000e+02 1.845284271240234375e+02
1.771027679443359375e+02 1.755972137451171875e+02 1.722183685302734375e+02 1.645920257568359375e+02 1.583578796386718750e+02 1.569965209960937500e+02 1.536444091796875000e+02 1.472242126464843750e+02 1.424370269775390625e+02 1.414941406250000000e+02 1.414819946289062500e+02 1.414819946289062500e+02 1.414819946289062500e+02 1.414819946289062500e+02 1.414842834472656250e+02 1.435156250000000000e+02 1.541404876708984375e+02 1.629041290283203125e+02 1.662664489746093750e+02 1.671118011474609375e+02 1.685740509033203125e+02 1.715402679443359375e+02 1.759095916748046875e+02 1.791012878417968750e+02 1.808202056884765625e+02 1.813965759277343750e+02 1.831433715820312500e+02 1.864796295166015625e+02 1.883405303955078125e+02 1.900520782470703125e+02 1.933230895996093750e+02 1.946374969482421875e+02 1.933605041503906250e+02 1.901600952148437500e+02 1.899110260009765625e+02 1.890881042480468750e+02 1.867766723632812500e+02
1.751337280273437500e+02 1.781286010742187500e+02 1.767671051025390625e+02 1.694419403076171875e+02 1.601223297119140625e+02 1.574987640380859375e+02 1.549393768310546875e+02 1.493368530273437500e+02 1.437995910644531250e+02 1.416520843505859375e+02 1.414819793701171875e+02 1.414819946289062500e+02 1.414819946289062500e+02 1.414819946289062500e+02 1.414823455810546875e+02 1.421813201904296875e+02 1.492999877929687500e+02 1.592408142089843750e+02 1.633710937500000000e+02 1.644441223144531250e+02 1.683020629882812500e+02 1.741654205322265625e+02 1.774854278564453125e+02 1.787354431152343750e+02 1.793975524902343750e+02 1.803711547851562500e+02 1.824386138916015625e+02 1.862302398681640625e+02 1.885871887207031250e+02 1.902497863769531250e+02 1.934661407470703125e+02 1.961618957519531250e+02 1.958222961425781250e+02 1.919031219482421875e+02 1.890705718994140625e+02 1.886250915527343750e+02 1.872455749511718750e+02
1.716246337890625000e+02 1.779082031250000000e+02 1.792260894775390625e+02 1.724442138671875000e+02 1.618874511718750000e+02 1.569616699218750000e+02 1.541932067871093750e+02 1.507332305908203125e+02 1.452309265136718750e+02 1.418792114257812500e+02 1.414820098876953125e+02 1.414819946289062500e+02 1.414819946289062500e+02 1.414819946289062500e+02 1.414819946289062500e+02 1.415922393798828125e+02 1.448362274169921875e+02 1.534387054443359375e+02 1.594258575439453125e+02 1.627182617187500000e+02 1.693952941894531250e+02 1.758483734130859375e+02 1.780652465820312500e+02 1.779740447998046875e+02 1.770291442871093750e+02 1.786740722656250000e+02 1.814331512451171875e+02 1.856913604736328125e+02 1.890914611816406250e+02 1.904061279296875000e+02 1.924816741943359375e+02 1.957080993652343750e+02 1.962812957763671875e+02 1.936645965576171875e+02 1.894251098632812500e+02 1.871733703613281250e+02 1.858718872070312500e+02
1.692706298828125000e+02 1.734172058105468750e+02 1.765517272949218750e+02 1.722973327636718750e+02 1.626876525878906250e+02 1.578143310546875000e+02 1.567040710449218750e+02 1.531133728027343750e+02 1.463708190917968750e+02 1.419863281250000000e+02 1.414826202392578125e+02 1.414819946289062500e+02 1.414819946289062500e+02 1.414819946289062500e+02 1.414819946289062500e+02 1.414866027832031250e+02 1.423666839599609375e+02 1.484926300048828125e+02 1.560939941406250000e+02 1.627609405517578125e+02 1.692206115722656250e+02 1.750505371093750000e+02 1.776316680908203125e+02 1.769688415527343750e+02 1.757881317138671875e+02 1.783144989013671875e+02 1.814698638916015625e+02 1.847031402587890625e+02 1.886933441162109375e+02 1.908964538574218750e+02 1.926737670898437500e+02 1.942401123046875000e+02 1.954926300048828125e+02 1.944276733398437500e+02 1.907034301757812500e+02 1.868030548095703125e+02 1.832390136718750000e+02
