testcase_input/hyytiala/flow_accumulation.asc
ncols        375
nrows        250
xllcorner    348000.000000000000
yllcorner    6857000.000000000000
cellsize     32.000000000000
NODATA_value  -9999
[rows 170 to 186 of 250, columns 37 to 73 of 375]
4.000000000000000000e+00 2.000000000000000000e+00 1.000000000000000000e+00 2.000000000000000000e+00 1.000000000000000000e+00 6.000000000000000000e+00 9.700000000000000000e+01 5.750000000000000000e+02 5.730000000000000000e+02 4.300000000000000000e+02 1.000000000000000000e+00 3.280000000000000000e+02 3.250000000000000000e+02 1.000000000000000000e+00 3.000000000000000000e+00 2.000000000000000000e+00 2.000000000000000000e+00 3.000000000000000000e+00 2.820000000000000000e+02 2.780000000000000000e+02 2.690000000000000000e+02 3.000000000000000000e+00 2.000000000000000000e+00 3.000000000000000000e+00 2.000000000000000000e+00 6.000000000000000000e+00 1.280000000000000000e+02 1.230000000000000000e+02 5.000000000000000000e+00 5.500000000000000000e+01 5.300000000000000000e+01 4.000000000000000000e+01 3.000000000000000000e+01 2.200000000000000000e+01 2.000000000000000000e+00 1.000000000000000000e+00 5.000000000000000000e+00
8.000000000000000000e+00 1.000000000000000000e+00 1.000000000000000000e+00 1.000000000000000000e+00 3.000000000000000000e+00 1.000000000000000000e+00 6.800000000000000000e+02 1.000000000000000000e+00 1.360000000000000000e+02 1.000000000000000000e+00 1.000000000000000000e+00 2.000000000000000000e+00 6.000000000000000000e+00 1.000000000000000000e+00 2.000000000000000000e+00 1.000000000000000000e+00 1.000000000000000000e+00 2.000000000000000000e+00 3.000000000000000000e+00 5.000000000000000000e+00 3.300000000000000000e+01 2.230000000000000000e+02 2.220000000000000000e+02 2.170000000000000000e+02 1.590000000000000000e+02 1.520000000000000000e+02 2.100000000000000000e+01 1.400000000000000000e+01 3.000000000000000000e+00 4.000000000000000000e+00 1.000000000000000000e+00 2.000000000000000000e+00 9.000000000000000000e+00 8.000000000000000000e+00 7.000000000000000000e+00 6.000000000000000000e+00 5.000000000000000000e+00
1.000000000000000000e+00 1.000000000000000000e+00 1.000000000000000000e+00 2.000000000000000000e+00 5.000000000000000000e+00 6.830000000000000000e+02 1.000000000000000000e+00 1.000000000000000000e+00 3.000000000000000000e+00 1.320000000000000000e+02 1.000000000000000000e+00 1.000000000000000000e+00 4.000000000000000000e+00 3.000000000000000000e+00 1.000000000000000000e+00 1.000000000000000000e+00 1.000000000000000000e+00 1.000000000000000000e+00 1.000000000000000000e+00 4.000000000000000000e+00 1.000000000000000000e+00 3.100000000000000000e+01 2.000000000000000000e+00 2.000000000000000000e+00 5.200000000000000000e+01 1.000000000000000000e+00 2.000000000000000000e+00 6.000000000000000000e+00 5.000000000000000000e+00 2.000000000000000000e+00 3.000000000000000000e+00 1.000000000000000000e+00 1.000000000000000000e+00 2.000000000000000000e+00 1.000000000000000000e+00 1.000000000000000000e+00 7.000000000000000000e+00
2.000000000000000000e+00 2.000000000000000000e+00 4.000000000000000000e+00 3.000000000000000000e+00 6.890000000000000000e+02 4.000000000000000000e+00 3.000000000000000000e+00 1.000000000000000000e+00 2.000000000000000000e+00 1.000000000000000000e+00 1.290000000000000000e+02 3.000000000000000000e+00 2.000000000000000000e+00 1.000000000000000000e+00 1.000000000000000000e+00 1.000000000000000000e+00 1.000000000000000000e+00 2.000000000000000000e+00 3.000000000000000000e+00 1.000000000000000000e+00 2.700000000000000000e+01 1.000000000000000000e+00 1.000000000000000000e+00 1.000000000000000000e+00 4.900000000000000000e+01 1.000000000000000000e+00 1.000000000000000000e+00 1.000000000000000000e+00 5.000000000000000000e+00 4.000000000000000000e+00 1.000000000000000000e+00 1.000000000000000000e+00 1.000000000000000000e+00 3.000000000000000000e+00 1.000000000000000000e+00 2.000000000000000000e+00 8.000000000000000000e+00
1.000000000000000000e+00 1.000000000000000000e+00 1.000000000000000000e+00 5.000000000000000000e+00 7.040000000000000000e+02 7.000000000000000000e+00 6.000000000000000000e+00 2.000000000000000000e+00 1.000000000000000000e+00 1.000000000000000000e+00 3.000000000000000000e+00 1.220000000000000000e+02 2.000000000000000000e+00 1.000000000000000000e+00 1.000000000000000000e+00 1.000000000000000000e+00 2.000000000000000000e+00 1.000000000000000000e+00 1.000000000000000000e+00 1.000000000000000000e+00 2.300000000000000000e+01 2.000000000000000000e+00 1.000000000000000000e+00 1.000000000000000000e+00 1.000000000000000000e+00 4.700000000000000000e+01 3.000000000000000000e+00 1.000000000000000000e+00 4.000000000000000000e+00 2.000000000000000000e+00 1.000000000000000000e+00 1.000000000000000000e+00 2.000000000000000000e+00 5.000000000000000000e+00 1.000000000000000000e+00 3.000000000000000000e+00 9.000000000000000000e+00
2.000000000000000000e+00 1.000000000000000000e+00 1.000000000000000000e+00 7.140000000000000000e+02 3.000000000000000000e+00 2.000000000000000000e+00 2.000000000000000000e+00 1.000000000000000000e+00 1.000000000000000000e+00 1.000000000000000000e+00 1.000000000000000000e+00 1.190000000000000000e+02 1.000000000000000000e+00 1.000000000000000000e+00 2.000000000000000000e+00 2.000000000000000000e+00 3.000000000000000000e+00 2.000000000000000000e+00 3.000000000000000000e+00 7.000000000000000000e+00 1.300000000000000000e+01 8.000000000000000000e+00 5.000000000000000000e+00 2.000000000000000000e+00 1.000000000000000000e+00 4.200000000000000000e+01 1.100000000000000000e+01 1.000000000000000000e+00 3.000000000000000000e+00 1.000000000000000000e+00 1.000000000000000000e+00 3.000000000000000000e+00 3.000000000000000000e+00 6.000000000000000000e+00 2.000000000000000000e+00 2.600000000000000000e+01 1.700000000000000000e+01
1.146000000000000000e+03 1.000000000000000000e+00 7.160000000000000000e+02 6.000000000000000000e+00 4.000000000000000000e+00 1.000000000000000000e+00 1.000000000000000000e+00 1.000000000000000000e+00 1.000000000000000000e+00 1.000000000000000000e+00 1.000000000000000000e+00 2.000000000000000000e+00 1.140000000000000000e+02 2.000000000000000000e+00 1.100000000000000000e+01 8.000000000000000000e+00 2.000000000000000000e+00 1.000000000000000000e+00 2.000000000000000000e+00 2.000000000000000000e+00 3.000000000000000000e+00 2.000000000000000000e+00 2.000000000000000000e+00 1.000000000000000000e+00 4.000000000000000000e+00 2.500000000000000000e+01 1.000000000000000000e+00 1.000000000000000000e+01 2.000000000000000000e+00 1.000000000000000000e+00 4.000000000000000000e+00 9.000000000000000000e+00 1.600000000000000000e+01 7.000000000000000000e+00 1.000000000000000000e+00 2.000000000000000000e+00 1.000000000000000000e+00
1.000000000000000000e+00 1.142000000000000000e+03 8.000000000000000000e+00 1.000000000000000000e+00 1.000000000000000000e+00 2.000000000000000000e+00 1.000000000000000000e+00 1.000000000000000000e+00 2.000000000000000000e+00 3.000000000000000000e+00 1.000000000000000000e+00 3.400000000000000000e+01 3.600000000000000000e+01 7.500000000000000000e+01 1.300000000000000000e+01 1.000000000000000000e+00 1.000000000000000000e+00 1.000000000000000000e+00 1.000000000000000000e+00 1.000000000000000000e+00 2.000000000000000000e+00 1.000000000000000000e+00 1.000000000000000000e+00 1.000000000000000000e+00 2.000000000000000000e+00 2.300000000000000000e+01 1.000000000000000000e+00 9.000000000000000000e+00 1.000000000000000000e+00 1.000000000000000000e+00 2.000000000000000000e+00 4.000000000000000000e+00 1.000000000000000000e+00 1.800000000000000000e+01 8.000000000000000000e+00 1.000000000000000000e+00 2.000000000000000000e+00
1.000000000000000000e+00 2.000000000000000000e+00 4.150000000000000000e+02 1.000000000000000000e+00 5.000000000000000000e+00 3.000000000000000000e+00 1.000000000000000000e+00 1.000000000000000000e+00 2.000000000000000000e+00 8.000000000000000000e+00 3.100000000000000000e+01 1.000000000000000000e+00 1.000000000000000000e+00 2.000000000000000000e+01 4.100000000000000000e+01 3.800000000000000000e+01 2.600000000000000000e+01 1.900000000000000000e+01 4.000000000000000000e+00 3.000000000000000000e+00 1.000000000000000000e+00 1.000000000000000000e+00 1.000000000000000000e+00 1.000000000000000000e+00 2.000000000000000000e+00 2.100000000000000000e+01 2.000000000000000000e+00 7.000000000000000000e+00 1.000000000000000000e+00 1.000000000000000000e+00 2.000000000000000000e+00 3.000000000000000000e+00 1.600000000000000000e+01 2.100000000000000000e+01 4.800000000000000000e+01 2.000000000000000000e+00 1.700000000000000000e+01
1.000000000000000000e+00 2.000000000000000000e+00 4.130000000000000000e+02 8.000000000000000000e+00 2.000000000000000000e+00 1.000000000000000000e+00 1.000000000000000000e+00 1.000000000000000000e+00 2.000000000000000000e+00 2.000000000000000000e+01 2.000000000000000000e+00 1.000000000000000000e+00 1.600000000000000000e+01 3.000000000000000000e+00 2.000000000000000000e+00 2.000000000000000000e+00 8.000000000000000000e+00 5.000000000000000000e+00 1.400000000000000000e+01 4.000000000000000000e+00 1.000000000000000000e+00 1.000000000000000000e+00 1.000000000000000000e+00 3.000000000000000000e+00 1.400000000000000000e+01 2.000000000000000000e+00 1.000000000000000000e+00 1.000000000000000000e+00 5.000000000000000000e+00 2.000000000000000000e+00 5.000000000000000000e+00 1.100000000000000000e+01 4.000000000000000000e+00 4.000000000000000000e+00 2.000000000000000000e+00 7.000000000000000000e+01 1.000000000000000000e+00
1.000000000000000000e+00 1.000000000000000000e+00 4.020000000000000000e+02 3.000000000000000000e+00 2.000000000000000000e+00 1.000000000000000000e+00 1.000000000000000000e+00 3.000000000000000000e+00 7.000000000000000000e+00 1.700000000000000000e+01 6.000000000000000000e+00 2.000000000000000000e+00 1.500000000000000000e+01 2.000000000000000000e+00 1.000000000000000000e+00 1.000000000000000000e+00 7.000000000000000000e+00 4.000000000000000000e+00 7.000000000000000000e+00 2.000000000000000000e+00 3.000000000000000000e+00 1.000000000000000000e+00 1.000000000000000000e+00 2.000000000000000000e+00 1.000000000000000000e+01 2.000000000000000000e+00 1.000000000000000000e+00 2.000000000000000000e+00 2.000000000000000000e+00 1.000000000000000000e+00 2.000000000000000000e+00 5.000000000000000000e+00 3.000000000000000000e+00 3.000000000000000000e+00 1.000000000000000000e+00 2.000000000000000000e+00 7.400000000000000000e+01
1.000000000000000000e+00 1.000000000000000000e+00 3.970000000000000000e+02 2.000000000000000000e+00 1.000000000000000000e+00 1.000000000000000000e+00 1.000000000000000000e+00 1.000000000000000000e+00 2.000000000000000000e+00 3.000000000000000000e+00 3.000000000000000000e+00 1.000000000000000000e+00 1.200000000000000000e+01 2.000000000000000000e+00 1.000000000000000000e+00 1.000000000000000000e+00 5.000000000000000000e+00 3.000000000000000000e+00 4.000000000000000000e+00 2.000000000000000000e+00 1.000000000000000000e+00 1.000000000000000000e+00 1.000000000000000000e+00 2.000000000000000000e+00 3.000000000000000000e+00 2.000000000000000000e+00 1.000000000000000000e+00 1.000000000000000000e+00 1.000000000000000000e+00 1.000000000000000000e+00 2.000000000000000000e+00 2.000000000000000000e+00 2.000000000000000000e+00 2.000000000000000000e+00 1.000000000000000000e+00 1.000000000000000000e+00 2.000000000000000000e+00
2.000000000000000000e+00 3.900000000000000000e+02 3.000000000000000000e+00 2.000000000000000000e+00 1.000000000000000000e+00 1.000000000000000000e+00 1.000000000000000000e+00 1.000000000000000000e+00 1.000000000000000000e+00 1.000000000000000000e+00 1.000000000000000000e+00 1.000000000000000000e+00 5.000000000000000000e+00 6.000000000000000000e+00 1.000000000000000000e+00 1.000000000000000000e+00 3.000000000000000000e+00 2.000000000000000000e+00 3.000000000000000000e+00 1.000000000000000000e+00 1.000000000000000000e+00 2.000000000000000000e+00 2.000000000000000000e+00 5.000000000000000000e+00 2.000000000000000000e+00 1.000000000000000000e+00 1.000000000000000000e+00 1.000000000000000000e+00 1.000000000000000000e+00 1.000000000000000000e+00 1.000000000000000000e+00 1.000000000000000000e+00 1.000000000000000000e+00 1.000000000000000000e+00 2.000000000000000000e+00 3.000000000000000000e+00 4.000000000000000000e+00
2.000000000000000000e+00 1.200000000000000000e+01 3.740000000000000000e+02 3.000000000000000000e+00 2.000000000000000000e+00 1.000000000000000000e+00 2.000000000000000000e+00 1.000000000000000000e+00 1.000000000000000000e+00 3.000000000000000000e+00 1.000000000000000000e+00 1.000000000000000000e+00 4.000000000000000000e+00 3.000000000000000000e+00 2.000000000000000000e+00 1.000000000000000000e+00 2.000000000000000000e+00 1.000000000000000000e+00 2.000000000000000000e+00 1.000000000000000000e+00 1.000000000000000000e+00 2.000000000000000000e+00 5.000000000000000000e+00 1.300000000000000000e+01 2.000000000000000000e+00 1.000000000000000000e+00 1.000000000000000000e+00 4.000000000000000000e+00 1.000000000000000000e+00 1.000000000000000000e+00 1.000000000000000000e+00 1.000000000000000000e+00 1.000000000000000000e+00 1.000000000000000000e+00 2.000000000000000000e+00 3.000000000000000000e+00 4.000000000000000000e+00
2.000000000000000000e+00 9.000000000000000000e+00 3.700000000000000000e+02 3.000000000000000000e+00 2.000000000000000000e+00 3.000000000000000000e+00 2.000000000000000000e+00 1.000000000000000000e+00 1.000000000000000000e+00 5.000000000000000000e+00 2.000000000000000000e+00 1.000000000000000000e+00 1.000000000000000000e+00 3.000000000000000000e+00 2.000000000000000000e+00 1.000000000000000000e+00 1.000000000000000000e+00 1.000000000000000000e+00 2.000000000000000000e+00 3.000000000000000000e+00 5.000000000000000000e+00 1.200000000000000000e+01 1.400000000000000000e+01 2.800000000000000000e+01 3.000000000000000000e+00 2.000000000000000000e+00 1.000000000000000000e+00 5.000000000000000000e+00 2.000000000000000000e+00 1.000000000000000000e+00 1.000000000000000000e+00 2.000000000000000000e+00 2.000000000000000000e+00 2.000000000000000000e+00 1.000000000000000000e+00 2.000000000000000000e+00 4.300000000000000000e+01
4.000000000000000000e+00 2.000000000000000000e+00 3.580000000000000000e+02 8.000000000000000000e+00 7.000000000000000000e+00 6.000000000000000000e+00 2.000000000000000000e+00 1.000000000000000000e+00 1.000000000000000000e+00 8.000000000000000000e+00 2.000000000000000000e+00 2.000000000000000000e+00 5.000000000000000000e+00 4.000000000000000000e+00 2.000000000000000000e+00 1.000000000000000000e+00 1.000000000000000000e+00 1.000000000000000000e+00 1.000000000000000000e+00 3.000000000000000000e+00 6.000000000000000000e+00 1.000000000000000000e+00 2.000000000000000000e+00 3.000000000000000000e+00 4.300000000000000000e+01 8.000000000000000000e+00 6.000000000000000000e+00 5.000000000000000000e+00 2.000000000000000000e+00 1.000000000000000000e+00 1.000000000000000000e+00 2.000000000000000000e+00 7.000000000000000000e+00 3.000000000000000000e+00 4.000000000000000000e+00 4.000000000000000000e+01 1.000000000000000000e+00
1.000000000000000000e+00 2.000000000000000000e+00 3.490000000000000000e+02 6.000000000000000000e+00 5.000000000000000000e+00 4.000000000000000000e+00 3.000000000000000000e+00 2.000000000000000000e+00 2.000000000000000000e+00 9.000000000000000000e+00 5.000000000000000000e+00 8.000000000000000000e+00 2.000000000000000000e+00 1.000000000000000000e+00 3.000000000000000000e+00 2.000000000000000000e+00 1.000000000000000000e+00 1.000000000000000000e+00 1.000000000000000000e+00 1.000000000000000000e+00 1.000000000000000000e+00 1.000000000000000000e+00 1.000000000000000000e+00 2.000000000000000000e+00 5.400000000000000000e+01 8.000000000000000000e+00 7.000000000000000000e+00 1.000000000000000000e+00 1.000000000000000000e+00 2.000000000000000000e+00 1.000000000000000000e+00 2.000000000000000000e+00 1.000000000000000000e+01 1.100000000000000000e+01 3.500000000000000000e+01 3.500000000000000000e+01 3.700000000000000000e+01
