testcase_input/hyytiala/flow_accumulation.asc
ncols        375
nrows        250
xllcorner    348000.000000000000
yllcorner    6857000.000000000000
cellsize     32.000000000000
NODATA_value  -9999
[rows 170 to 186 of 250, columns 333 to 369 of 375]
6.000000000000000000e+00 9.000000000000000000e+00 1.100000000000000000e+01 1.200000000000000000e+01 1.300000000000000000e+01 1.400000000000000000e+01 1.770000000000000000e+02 6.100000000000000000e+01 1.000000000000000000e+00 1.000000000000000000e+00 1.000000000000000000e+00 4.050000000000000000e+02 2.000000000000000000e+00 1.000000000000000000e+00 2.000000000000000000e+00 1.590000000000000000e+02 3.000000000000000000e+00 3.000000000000000000e+00 4.000000000000000000e+00 2.000000000000000000e+00 1.000000000000000000e+00 1.000000000000000000e+00 1.000000000000000000e+00 1.000000000000000000e+00 2.000000000000000000e+00 2.700000000000000000e+01 2.000000000000000000e+00 2.000000000000000000e+00 1.000000000000000000e+00 9.000000000000000000e+00 3.000000000000000000e+00 1.000000000000000000e+00 1.000000000000000000e+00 3.000000000000000000e+00 2.000000000000000000e+00 1.000000000000000000e+00 4.000000000000000000e+00
2.000000000000000000e+00 3.000000000000000000e+00 4.000000000000000000e+00 1.000000000000000000e+00 2.000000000000000000e+00 3.000000000000000000e+00 1.620000000000000000e+02 5.300000000000000000e+01 6.000000000000000000e+00 1.000000000000000000e+00 1.000000000000000000e+00 2.000000000000000000e+00 4.090000000000000000e+02 3.000000000000000000e+00 2.000000000000000000e+00 1.670000000000000000e+02 4.000000000000000000e+00 5.000000000000000000e+00 3.000000000000000000e+00 2.000000000000000000e+00 1.000000000000000000e+00 1.000000000000000000e+00 1.000000000000000000e+00 1.000000000000000000e+00 2.000000000000000000e+00 3.000000000000000000e+01 5.000000000000000000e+00 2.000000000000000000e+00 1.000000000000000000e+01 2.000000000000000000e+00 1.000000000000000000e+00 1.000000000000000000e+00 2.000000000000000000e+00 2.000000000000000000e+00 4.000000000000000000e+00 3.000000000000000000e+00 2.000000000000000000e+00
1.000000000000000000e+00 2.000000000000000000e+00 3.000000000000000000e+00 5.000000000000000000e+00 6.000000000000000000e+00 7.000000000000000000e+00 1.580000000000000000e+02 5.200000000000000000e+01 4.000000000000000000e+00 1.000000000000000000e+00 1.000000000000000000e+00 1.000000000000000000e+00 1.000000000000000000e+00 4.110000000000000000e+02 4.150000000000000000e+02 5.830000000000000000e+02 1.400000000000000000e+01 4.000000000000000000e+00 1.000000000000000000e+00 2.000000000000000000e+00 2.000000000000000000e+00 2.000000000000000000e+00 1.000000000000000000e+00 1.000000000000000000e+00 2.000000000000000000e+00 3.000000000000000000e+00 3.800000000000000000e+01 1.000000000000000000e+00 1.300000000000000000e+01 1.000000000000000000e+00 1.000000000000000000e+00 1.000000000000000000e+00 1.000000000000000000e+00 4.000000000000000000e+00 3.000000000000000000e+00 5.000000000000000000e+00 4.000000000000000000e+00
1.000000000000000000e+00 1.000000000000000000e+00 2.000000000000000000e+00 4.000000000000000000e+00 5.000000000000000000e+00 1.490000000000000000e+02 1.500000000000000000e+02 5.100000000000000000e+01 2.000000000000000000e+00 1.000000000000000000e+00 1.000000000000000000e+00 2.000000000000000000e+00 5.000000000000000000e+00 9.000000000000000000e+00 1.500000000000000000e+01 1.600000000000000000e+01 6.030000000000000000e+02 5.000000000000000000e+00 3.000000000000000000e+00 1.000000000000000000e+00 5.000000000000000000e+00 2.000000000000000000e+00 1.000000000000000000e+00 1.000000000000000000e+00 1.000000000000000000e+00 3.000000000000000000e+00 4.200000000000000000e+01 1.500000000000000000e+01 2.000000000000000000e+00 2.000000000000000000e+00 1.000000000000000000e+00 1.000000000000000000e+00 2.000000000000000000e+00 1.000000000000000000e+00 5.000000000000000000e+00 9.000000000000000000e+00 1.600000000000000000e+01
3.000000000000000000e+00 5.000000000000000000e+00 1.340000000000000000e+02 1.420000000000000000e+02 1.430000000000000000e+02 1.000000000000000000e+00 2.000000000000000000e+00 5.000000000000000000e+01 2.000000000000000000e+00 1.000000000000000000e+00 1.000000000000000000e+00 2.000000000000000000e+00 3.000000000000000000e+00 5.000000000000000000e+00 2.000000000000000000e+00 5.000000000000000000e+00 6.280000000000000000e+02 3.000000000000000000e+00 2.000000000000000000e+00 1.000000000000000000e+00 6.000000000000000000e+00 3.000000000000000000e+00 2.000000000000000000e+00 2.000000000000000000e+00 1.000000000000000000e+00 2.000000000000000000e+00 4.600000000000000000e+01 1.800000000000000000e+01 5.000000000000000000e+00 2.000000000000000000e+00 1.000000000000000000e+00 1.000000000000000000e+00 2.000000000000000000e+00 3.000000000000000000e+00 2.000000000000000000e+00 1.000000000000000000e+00 1.000000000000000000e+00
8.800000000000000000e+01 1.280000000000000000e+02 5.000000000000000000e+00 2.000000000000000000e+00 3.000000000000000000e+00 4.000000000000000000e+00 5.000000000000000000e+00 4.500000000000000000e+01 2.000000000000000000e+00 1.000000000000000000e+00 1.000000000000000000e+00 2.000000000000000000e+00 4.000000000000000000e+00 1.000000000000000000e+00 2.000000000000000000e+00 2.000000000000000000e+00 6.310000000000000000e+02 4.000000000000000000e+00 3.000000000000000000e+00 1.000000000000000000e+00 1.000000000000000000e+00 8.000000000000000000e+00 1.400000000000000000e+01 3.000000000000000000e+00 2.000000000000000000e+00 1.000000000000000000e+00 6.700000000000000000e+01 9.000000000000000000e+00 3.000000000000000000e+00 2.000000000000000000e+00 1.000000000000000000e+00 1.000000000000000000e+00 2.000000000000000000e+00 6.000000000000000000e+00 3.000000000000000000e+00 1.000000000000000000e+00 1.000000000000000000e+00
3.900000000000000000e+01 4.000000000000000000e+00 1.000000000000000000e+00 4.000000000000000000e+00 5.000000000000000000e+00 6.000000000000000000e+00 1.000000000000000000e+01 3.700000000000000000e+01 2.000000000000000000e+00 1.000000000000000000e+00 1.000000000000000000e+00 3.000000000000000000e+00 1.000000000000000000e+00 1.000000000000000000e+00 1.000000000000000000e+00 1.000000000000000000e+00 2.000000000000000000e+00 6.370000000000000000e+02 1.000000000000000000e+00 1.000000000000000000e+00 1.000000000000000000e+00 1.000000000000000000e+00 2.000000000000000000e+00 2.000000000000000000e+01 3.000000000000000000e+00 2.000000000000000000e+00 7.700000000000000000e+01 2.000000000000000000e+00 1.000000000000000000e+00 1.000000000000000000e+00 2.000000000000000000e+00 2.000000000000000000e+00 3.000000000000000000e+00 7.000000000000000000e+00 5.000000000000000000e+00 1.000000000000000000e+00 1.000000000000000000e+00
1.500000000000000000e+01 3.000000000000000000e+00 3.000000000000000000e+00 1.000000000000000000e+00 2.000000000000000000e+00 3.000000000000000000e+00 7.000000000000000000e+00 1.800000000000000000e+01 6.000000000000000000e+00 1.000000000000000000e+00 1.000000000000000000e+00 1.000000000000000000e+00 1.000000000000000000e+00 2.000000000000000000e+00 1.000000000000000000e+00 2.000000000000000000e+00 3.000000000000000000e+00 6.450000000000000000e+02 5.000000000000000000e+00 3.000000000000000000e+00 1.000000000000000000e+00 1.000000000000000000e+00 2.000000000000000000e+00 3.000000000000000000e+00 2.400000000000000000e+01 3.000000000000000000e+00 8.200000000000000000e+01 2.000000000000000000e+00 1.000000000000000000e+00 1.000000000000000000e+00 3.000000000000000000e+00 5.000000000000000000e+00 4.000000000000000000e+00 1.300000000000000000e+01 2.000000000000000000e+00 4.000000000000000000e+00 2.000000000000000000e+00
1.000000000000000000e+00 1.000000000000000000e+00 2.000000000000000000e+00 2.000000000000000000e+00 4.000000000000000000e+00 6.000000000000000000e+00 8.000000000000000000e+00 2.000000000000000000e+00 3.000000000000000000e+00 1.000000000000000000e+00 1.000000000000000000e+00 1.000000000000000000e+00 2.000000000000000000e+00 4.000000000000000000e+00 1.000000000000000000e+00 2.000000000000000000e+00 3.000000000000000000e+00 6.510000000000000000e+02 2.000000000000000000e+00 1.000000000000000000e+00 1.000000000000000000e+00 1.000000000000000000e+00 2.000000000000000000e+00 4.000000000000000000e+00 8.000000000000000000e+00 1.100000000000000000e+02 1.000000000000000000e+00 2.000000000000000000e+00 1.000000000000000000e+00 1.000000000000000000e+00 1.000000000000000000e+00 5.000000000000000000e+00 1.500000000000000000e+01 2.600000000000000000e+01 1.000000000000000000e+01 4.000000000000000000e+00 2.000000000000000000e+00
1.000000000000000000e+00 1.000000000000000000e+00 1.000000000000000000e+00 1.000000000000000000e+00 1.000000000000000000e+00 7.000000000000000000e+00 1.000000000000000000e+00 1.000000000000000000e+00 1.000000000000000000e+00 1.000000000000000000e+00 2.000000000000000000e+00 2.000000000000000000e+00 2.000000000000000000e+00 7.000000000000000000e+00 1.000000000000000000e+00 1.000000000000000000e+00 2.000000000000000000e+00 6.550000000000000000e+02 1.000000000000000000e+00 2.000000000000000000e+00 1.000000000000000000e+00 1.000000000000000000e+00 1.000000000000000000e+00 1.000000000000000000e+00 2.000000000000000000e+00 1.210000000000000000e+02 2.000000000000000000e+00 3.000000000000000000e+00 2.000000000000000000e+00 1.000000000000000000e+00 1.000000000000000000e+00 1.000000000000000000e+00 4.600000000000000000e+01 4.000000000000000000e+00 2.000000000000000000e+00 1.000000000000000000e+00 1.000000000000000000e+00
1.000000000000000000e+00 1.000000000000000000e+00 2.000000000000000000e+00 3.000000000000000000e+00 6.000000000000000000e+00 3.000000000000000000e+00 4.000000000000000000e+00 5.000000000000000000e+00 1.000000000000000000e+00 1.000000000000000000e+00 1.000000000000000000e+00 3.000000000000000000e+00 3.000000000000000000e+00 1.000000000000000000e+01 1.000000000000000000e+00 2.000000000000000000e+00 3.000000000000000000e+00 6.620000000000000000e+02 3.000000000000000000e+00 2.000000000000000000e+00 2.000000000000000000e+00 1.000000000000000000e+00 1.000000000000000000e+00 1.000000000000000000e+00 2.000000000000000000e+00 3.000000000000000000e+00 1.240000000000000000e+02 4.000000000000000000e+00 3.000000000000000000e+00 2.000000000000000000e+00 2.000000000000000000e+00 4.800000000000000000e+01 3.000000000000000000e+00 2.000000000000000000e+00 1.000000000000000000e+00 1.000000000000000000e+00 1.000000000000000000e+00
1.000000000000000000e+00 1.000000000000000000e+00 1.000000000000000000e+00 2.000000000000000000e+00 2.000000000000000000e+00 2.000000000000000000e+00 3.000000000000000000e+00 4.000000000000000000e+00 7.000000000000000000e+00 1.000000000000000000e+00 2.000000000000000000e+00 2.000000000000000000e+00 4.000000000000000000e+00 1.800000000000000000e+01 2.000000000000000000e+00 1.000000000000000000e+00 1.000000000000000000e+00 6.640000000000000000e+02 6.000000000000000000e+00 1.000000000000000000e+00 3.000000000000000000e+00 2.000000000000000000e+00 2.000000000000000000e+00 1.000000000000000000e+00 1.000000000000000000e+00 2.000000000000000000e+00 1.300000000000000000e+02 5.000000000000000000e+00 4.000000000000000000e+00 3.000000000000000000e+00 3.000000000000000000e+00 5.400000000000000000e+01 2.000000000000000000e+00 1.000000000000000000e+00 1.000000000000000000e+00 1.000000000000000000e+00 1.000000000000000000e+00
6.000000000000000000e+00 2.000000000000000000e+00 1.000000000000000000e+00 1.000000000000000000e+00 1.000000000000000000e+00 1.000000000000000000e+00 2.000000000000000000e+00 3.000000000000000000e+00 1.500000000000000000e+01 1.000000000000000000e+00 3.000000000000000000e+00 6.000000000000000000e+00 9.000000000000000000e+00 1.000000000000000000e+01 2.900000000000000000e+01 3.520000000000000000e+02 3.540000000000000000e+02 1.019000000000000000e+03 8.000000000000000000e+00 1.000000000000000000e+00 4.000000000000000000e+00 3.000000000000000000e+00 3.000000000000000000e+00 2.000000000000000000e+00 1.000000000000000000e+00 1.000000000000000000e+00 2.000000000000000000e+00 1.360000000000000000e+02 5.000000000000000000e+00 4.000000000000000000e+00 5.800000000000000000e+01 3.000000000000000000e+00 2.000000000000000000e+00 1.000000000000000000e+00 1.000000000000000000e+00 1.000000000000000000e+00 2.000000000000000000e+00
7.000000000000000000e+00 9.000000000000000000e+00 2.000000000000000000e+00 1.000000000000000000e+00 1.000000000000000000e+00 1.000000000000000000e+00 2.000000000000000000e+00 3.000000000000000000e+00 2.060000000000000000e+02 2.070000000000000000e+02 1.000000000000000000e+00 2.000000000000000000e+00 3.000000000000000000e+00 4.000000000000000000e+00 3.200000000000000000e+02 1.000000000000000000e+00 3.000000000000000000e+00 4.000000000000000000e+00 1.038000000000000000e+03 5.000000000000000000e+00 1.000000000000000000e+00 4.000000000000000000e+00 4.000000000000000000e+00 4.000000000000000000e+00 1.000000000000000000e+00 1.000000000000000000e+00 1.000000000000000000e+00 1.390000000000000000e+02 6.000000000000000000e+00 5.000000000000000000e+00 6.200000000000000000e+01 2.000000000000000000e+00 1.000000000000000000e+00 1.000000000000000000e+00 1.000000000000000000e+00 2.000000000000000000e+00 4.000000000000000000e+00
1.500000000000000000e+01 2.500000000000000000e+01 2.800000000000000000e+01 1.000000000000000000e+00 3.000000000000000000e+00 1.200000000000000000e+02 1.230000000000000000e+02 1.850000000000000000e+02 2.000000000000000000e+00 1.000000000000000000e+00 2.130000000000000000e+02 2.140000000000000000e+02 2.150000000000000000e+02 2.160000000000000000e+02 9.900000000000000000e+01 1.000000000000000000e+00 1.000000000000000000e+00 2.000000000000000000e+00 1.041000000000000000e+03 2.000000000000000000e+00 1.000000000000000000e+00 5.000000000000000000e+00 5.000000000000000000e+00 5.000000000000000000e+00 2.000000000000000000e+00 2.000000000000000000e+00 2.000000000000000000e+00 1.460000000000000000e+02 1.000000000000000000e+00 6.000000000000000000e+00 6.500000000000000000e+01 1.000000000000000000e+00 2.000000000000000000e+00 1.000000000000000000e+00 2.000000000000000000e+00 1.000000000000000000e+00 7.000000000000000000e+00
1.600000000000000000e+01 1.000000000000000000e+00 8.400000000000000000e+01 1.140000000000000000e+02 1.150000000000000000e+02 2.000000000000000000e+00 2.000000000000000000e+00 5.900000000000000000e+01 1.000000000000000000e+00 4.000000000000000000e+00 2.000000000000000000e+00 5.000000000000000000e+00 6.000000000000000000e+00 9.600000000000000000e+01 2.000000000000000000e+00 1.000000000000000000e+00 2.000000000000000000e+00 3.000000000000000000e+00 4.000000000000000000e+00 1.049000000000000000e+03 1.000000000000000000e+00 6.000000000000000000e+00 6.000000000000000000e+00 6.000000000000000000e+00 3.000000000000000000e+00 3.000000000000000000e+00 3.000000000000000000e+00 1.480000000000000000e+02 1.000000000000000000e+00 7.000000000000000000e+00 6.600000000000000000e+01 2.000000000000000000e+00 3.000000000000000000e+00 2.000000000000000000e+00 3.000000000000000000e+00 2.000000000000000000e+00 8.000000000000000000e+00
1.900000000000000000e+01 8.000000000000000000e+01 2.000000000000000000e+00 1.000000000000000000e+00 1.000000000000000000e+00 1.000000000000000000e+00 1.000000000000000000e+00 5.700000000000000000e+01 3.000000000000000000e+00 1.000000000000000000e+00 2.000000000000000000e+00 1.000000000000000000e+00 6.000000000000000000e+00 8.300000000000000000e+01 1.000000000000000000e+00 2.000000000000000000e+00 3.000000000000000000e+00 4.000000000000000000e+00 5.000000000000000000e+00 1.055000000000000000e+03 8.000000000000000000e+00 1.000000000000000000e+00 1.300000000000000000e+01 1.000000000000000000e+00 1.000000000000000000e+00 1.000000000000000000e+01 1.490000000000000000e+02 1.000000000000000000e+00 1.000000000000000000e+00 7.500000000000000000e+01 1.000000000000000000e+00 3.000000000000000000e+00 4.000000000000000000e+00 3.000000000000000000e+00 4.000000000000000000e+00 3.000000000000000000e+00 1.200000000000000000e+01
