testcase_input/hyytiala/LAI_conif.asc
ncols        375
nrows        250
xllcorner    348000.000000000000
yllcorner    6857000.000000000000
cellsize     32.000000000000
NODATA_value  -9999
[rows 204 to 220 of 250, columns 259 to 295 of 375]
1.101500000000000146e+00 6.356000000000000538e-01 9.858999999999999986e-01 2.112200000000000077e+00 2.304699999999999971e+00 2.239900000000000002e+00 2.115699999999999914e+00 2.156900000000000261e+00 2.041300000000000114e+00 1.993600000000000039e+00 1.788800000000000168e+00 1.705899999999999972e+00 1.794899999999999940e+00 3.134400000000000297e+00 2.364300000000000068e+00 5.623000000000000220e-01 2.847000000000000086e-01 2.377000000000000224e-01 3.511000000000000232e-01 8.260000000000000675e-02 0.000000000000000000e+00 0.000000000000000000e+00 0.000000000000000000e+00 2.686000000000000054e-01 1.225700000000000012e+00 2.516500000000000181e+00 3.246199999999999974e+00 3.159600000000000186e+00 2.788800000000000168e+00 1.517700000000000271e+00 7.914999999999999813e-01 6.796999999999999709e-01 6.990000000000000657e-01 7.910999999999999144e-01 1.723400000000000265e+00 1.935499999999999998e+00 1.774299999999999988e+00
6.524999999999999689e-01 5.212999999999999856e-01 1.081800000000000095e+00 2.052400000000000002e+00 1.977600000000000025e+00 2.213200000000000056e+00 2.286400000000000432e+00 2.129100000000000215e+00 1.890300000000000091e+00 2.143499999999999961e+00 2.083600000000000119e+00 1.358299999999999841e+00 9.501000000000000556e-01 3.197599999999999998e+00 3.430200000000000582e+00 6.486000000000000654e-01 1.640999999999999959e-01 3.703999999999999515e-01 1.109700000000000131e+00 5.779000000000000803e-01 1.395000000000000129e-01 1.619999999999999912e-02 0.000000000000000000e+00 2.980000000000000010e-02 9.927000000000000268e-01 3.015299999999999869e+00 2.907200000000000450e+00 3.495800000000000018e+00 3.248000000000000220e+00 1.738499999999999934e+00 8.309000000000000830e-01 5.452000000000000179e-01 4.841000000000000303e-01 6.827999999999999625e-01 1.517800000000000038e+00 2.215400000000000258e+00 1.893499999999999961e+00
5.814000000000000279e-01 9.136000000000000787e-01 1.962700000000000111e+00 2.253200000000000092e+00 2.182199999999999918e+00 2.095099999999999962e+00 2.200400000000000134e+00 1.919499999999999984e+00 1.927000000000000046e+00 2.230700000000000127e+00 1.971400000000000263e+00 1.501999999999999780e+00 1.654900000000000260e+00 3.315199999999999925e+00 3.096299999999999830e+00 1.219899999999999984e+00 4.671000000000000707e-01 7.910000000000000364e-01 1.609500000000000153e+00 1.356100000000000083e+00 7.391999999999999682e-01 1.965000000000000080e-01 4.700000000000000185e-03 0.000000000000000000e+00 3.549999999999999822e-01 2.223600000000000243e+00 3.681800000000000406e+00 4.002500000000000391e+00 3.473100000000000076e+00 2.456100000000000172e+00 1.979500000000000037e+00 7.777000000000000579e-01 3.290000000000000702e-01 5.705000000000000071e-01 1.699600000000000000e+00 2.588099999999999845e+00 2.127299999999999969e+00
6.206000000000000405e-01 1.142700000000000049e+00 2.035699999999999843e+00 2.659499999999999975e+00 2.731600000000000250e+00 2.136300000000000310e+00 2.532500000000000195e+00 2.431300000000000239e+00 1.981400000000000272e+00 2.033300000000000107e+00 1.599600000000000133e+00 1.612999999999999989e+00 2.221400000000000041e+00 2.804699999999999971e+00 2.272300000000000431e+00 2.066400000000000237e+00 1.324699999999999989e+00 1.023500000000000076e+00 1.456700000000000106e+00 1.191100000000000048e+00 1.288200000000000234e+00 6.405999999999999472e-01 6.270000000000000573e-02 0.000000000000000000e+00 1.830000000000000029e-02 7.822000000000000064e-01 3.288300000000000445e+00 3.823199999999999932e+00 3.743300000000000516e+00 2.536299999999999777e+00 2.120300000000000296e+00 1.485400000000000054e+00 4.283000000000000140e-01 4.973999999999999533e-01 1.556200000000000028e+00 2.417200000000000237e+00 2.285099999999999909e+00
5.271000000000000130e-01 1.020800000000000152e+00 2.110800000000000232e+00 2.053300000000000125e+00 2.502000000000000224e+00 1.711899999999999977e+00 2.017100000000000115e+00 2.281899999999999817e+00 2.206400000000000361e+00 1.717600000000000016e+00 1.497400000000000064e+00 2.078899999999999970e+00 2.630600000000000271e+00 1.943000000000000060e+00 1.567200000000000149e+00 1.631400000000000183e+00 1.452800000000000091e+00 1.412900000000000045e+00 1.479800000000000004e+00 1.165300000000000002e+00 1.833600000000000119e+00 1.585500000000000131e+00 4.442000000000000393e-01 1.619999999999999912e-02 4.700000000000000185e-03 2.293999999999999928e-01 1.388100000000000112e+00 2.729800000000000004e+00 3.489600000000000257e+00 2.808500000000000441e+00 1.679699999999999971e+00 1.462000000000000188e+00 7.387000000000000233e-01 3.678000000000000158e-01 9.708999999999999853e-01 2.246199999999999974e+00 2.673100000000000254e+00
4.221000000000000307e-01 1.630300000000000082e+00 2.483500000000000263e+00 2.361899999999999888e+00 1.904500000000000082e+00 1.842000000000000082e+00 2.142900000000000027e+00 2.350800000000000001e+00 1.746600000000000152e+00 1.774000000000000021e+00 2.376599999999999824e+00 2.937800000000000189e+00 3.571100000000000385e+00 2.114599999999999813e+00 1.762000000000000011e+00 1.086500000000000021e+00 1.163499999999999979e+00 1.124700000000000033e+00 1.166400000000000103e+00 1.287400000000000100e+00 2.117799999999999905e+00 2.140900000000000247e+00 9.185000000000000941e-01 4.649999999999999967e-02 4.180000000000000382e-02 9.331000000000000405e-01 7.859000000000000430e-01 1.269899999999999807e+00 2.831199999999999939e+00 3.024500000000000188e+00 2.328899999999999970e+00 1.877000000000000002e+00 1.231600000000000028e+00 4.425000000000000600e-01 5.499000000000000554e-01 1.921100000000000030e+00 3.035700000000000287e+00
9.486999999999999877e-01 2.218700000000000117e+00 2.645000000000000018e+00 2.407100000000000239e+00 1.447100000000000053e+00 1.479000000000000092e+00 2.005700000000000038e+00 2.316899999999999959e+00 1.980600000000000138e+00 2.028100000000000236e+00 2.657599999999999962e+00 3.030600000000000183e+00 2.490800000000000125e+00 2.371199999999999974e+00 2.154900000000000038e+00 8.571000000000000840e-01 8.185000000000000053e-01 9.763000000000001677e-01 1.076999999999999957e+00 1.492700000000000138e+00 2.021100000000000119e+00 1.847100000000000186e+00 5.125000000000000666e-01 2.090000000000000191e-02 4.440000000000000197e-02 1.377000000000000002e+00 1.624000000000000110e+00 1.184099999999999930e+00 1.949100000000000055e+00 3.056799999999999962e+00 2.983800000000000452e+00 2.036599999999999966e+00 1.337200000000000166e+00 5.195000000000000728e-01 5.153999999999999693e-01 1.640200000000000102e+00 2.301499999999999879e+00
2.863199999999999967e+00 3.387599999999999945e+00 2.489300000000000068e+00 1.764900000000000135e+00 2.608400000000000052e+00 2.162600000000000300e+00 2.239700000000000024e+00 1.987600000000000255e+00 1.899599999999999955e+00 2.147200000000000220e+00 3.316200000000000259e+00 1.793900000000000050e+00 8.405000000000000249e-01 2.268299999999999983e+00 1.915800000000000169e+00 1.024300000000000210e+00 2.092600000000000016e+00 2.364900000000000446e+00 1.614900000000000002e+00 2.091400000000000148e+00 3.194399999999999906e+00 2.747200000000000308e+00 4.091000000000000192e-01 1.149999999999999981e-02 2.090000000000000191e-02 6.265000000000000568e-01 1.939799999999999969e+00 1.295900000000000274e+00 1.649000000000000021e+00 2.885300000000000420e+00 2.940100000000000158e+00 2.415200000000000014e+00 1.825000000000000178e+00 6.985000000000001208e-01 1.398800000000000043e+00 1.775300000000000100e+00 1.853299999999999947e+00
3.834600000000000453e+00 4.038100000000000023e+00 2.297600000000000087e+00 1.612700000000000022e+00 3.541300000000000114e+00 3.934600000000000097e+00 2.597999999999999865e+00 1.716399999999999926e+00 1.516299999999999981e+00 1.707600000000000007e+00 2.661099999999999799e+00 2.658900000000000485e+00 2.214199999999999946e+00 3.044000000000000039e+00 2.283300000000000107e+00 1.947799999999999976e+00 3.132000000000000561e+00 2.867899999999999672e+00 2.915399999999999991e+00 3.555000000000000160e+00 4.051899999999999835e+00 2.902600000000000513e+00 3.993000000000000438e-01 3.189999999999999780e-02 0.000000000000000000e+00 1.358999999999999930e-01 1.676300000000000123e+00 2.227800000000000225e+00 1.462699999999999889e+00 2.527400000000000091e+00 2.678600000000000314e+00 3.062000000000000277e+00 2.294700000000000184e+00 8.296000000000001151e-01 1.632100000000000106e+00 1.600000000000000089e+00 1.744199999999999973e+00
2.763400000000000301e+00 3.788300000000000001e+00 2.800399999999999778e+00 1.584600000000000009e+00 2.901299999999999990e+00 4.800600000000000200e+00 4.183600000000000207e+00 3.092300000000000271e+00 2.607400000000000162e+00 1.337600000000000122e+00 2.095500000000000362e+00 2.877900000000000347e+00 3.297100000000000364e+00 3.249400000000000066e+00 2.209000000000000075e+00 2.116600000000000037e+00 1.876300000000000079e+00 1.691300000000000026e+00 2.803999999999999826e+00 3.784500000000000419e+00 4.267500000000000071e+00 2.304200000000000248e+00 2.775999999999999579e-01 5.439999999999999697e-02 0.000000000000000000e+00 4.180000000000000382e-02 1.240200000000000191e+00 2.522000000000000242e+00 1.860100000000000087e+00 2.013300000000000090e+00 3.161800000000000388e+00 2.829500000000000348e+00 1.985500000000000043e+00 7.628000000000000336e-01 1.855300000000000171e+00 2.135899999999999910e+00 2.084900000000000198e+00
1.255400000000000071e+00 1.509100000000000108e+00 1.547100000000000142e+00 2.186199999999999921e+00 2.809699999999999864e+00 3.985000000000000320e+00 4.258100000000000662e+00 4.261600000000000499e+00 2.987600000000000477e+00 1.220600000000000129e+00 1.897499999999999964e+00 2.351300000000000168e+00 2.495600000000000485e+00 2.637599999999999945e+00 2.286300000000000221e+00 1.884100000000000108e+00 1.662300000000000111e+00 1.721100000000000074e+00 2.159299999999999997e+00 3.718800000000000328e+00 4.793700000000001182e+00 3.216299999999999937e+00 7.577000000000000401e-01 2.299999999999999961e-02 0.000000000000000000e+00 5.849999999999999645e-02 1.375399999999999956e+00 2.846600000000000463e+00 2.686399999999999899e+00 1.656700000000000061e+00 3.061899999999999622e+00 3.356100000000000083e+00 3.192600000000000104e+00 2.267000000000000348e+00 2.466699999999999893e+00 2.519299999999999873e+00 2.270900000000000141e+00
4.090000000000000302e-01 9.861999999999999655e-01 1.866900000000000226e+00 2.402099999999999902e+00 3.003600000000000048e+00 2.238100000000000200e+00 2.167600000000000193e+00 3.842700000000000227e+00 3.173000000000000043e+00 2.043600000000000083e+00 2.235300000000000065e+00 2.269200000000000106e+00 2.138000000000000345e+00 1.782999999999999918e+00 2.094300000000000050e+00 1.069500000000000117e+00 7.085000000000000187e-01 1.441300000000000026e+00 2.535900000000000265e+00 4.188399999999999679e+00 4.344199999999999839e+00 4.246400000000000396e+00 2.633099999999999774e+00 3.334000000000000297e-01 1.619999999999999912e-02 9.400000000000000369e-03 3.389999999999999680e-01 2.256899999999999906e+00 3.406699999999999839e+00 2.355999999999999872e+00 2.063600000000000101e+00 2.871100000000000207e+00 3.322599999999999998e+00 3.094300000000000050e+00 2.631800000000000139e+00 2.700600000000000112e+00 2.466200000000000170e+00
5.262000000000001121e-01 1.482700000000000129e+00 2.087200000000000166e+00 1.946300000000000141e+00 1.384900000000000020e+00 6.192000000000000837e-01 8.537000000000000144e-01 1.494500000000000162e+00 2.037200000000000344e+00 1.651500000000000190e+00 1.218500000000000139e+00 8.367000000000001103e-01 6.566000000000000725e-01 7.116000000000000103e-01 1.884400000000000075e+00 1.644300000000000095e+00 5.670000000000000595e-01 1.415500000000000203e+00 2.857600000000000584e+00 3.685999999999999943e+00 3.737200000000000522e+00 3.731300000000000061e+00 3.061700000000000088e+00 2.266200000000000436e+00 1.275500000000000078e+00 7.252000000000000668e-01 2.865000000000000324e-01 1.196500000000000119e+00 2.930800000000000072e+00 3.902899999999999814e+00 2.271800000000000264e+00 1.232800000000000118e+00 1.651300000000000212e+00 1.994600000000000151e+00 2.651100000000000456e+00 2.671400000000000219e+00 2.579099999999999948e+00
2.141500000000000181e+00 2.669999999999999929e+00 2.355599999999999916e+00 3.830900000000000638e+00 2.966800000000000104e+00 1.487900000000000222e+00 6.068000000000000060e-01 2.983999999999999986e-01 3.961000000000000076e-01 5.778000000000000913e-01 7.067000000000001059e-01 8.048999999999999488e-01 5.108000000000000318e-01 5.281000000000000139e-01 1.276699999999999946e+00 1.325600000000000112e+00 4.587999999999999856e-01 1.070799999999999974e+00 2.875199999999999978e+00 3.000900000000000567e+00 3.571200000000000152e+00 3.384100000000000108e+00 3.016499999999999737e+00 4.240000000000000213e+00 4.661200000000000898e+00 3.532800000000000384e+00 1.904700000000000060e+00 2.185100000000000264e+00 4.346799999999999997e+00 5.654800000000000715e+00 3.952200000000000379e+00 7.108999999999999764e-01 5.312000000000000055e-01 1.287900000000000045e+00 2.177500000000000213e+00 2.623800000000000132e+00 2.734999999999999876e+00
2.885200000000000209e+00 2.657099999999999795e+00 2.422500000000000320e+00 4.440600000000000769e+00 5.034800000000000608e+00 3.955300000000000260e+00 1.963999999999999968e+00 8.779000000000000137e-01 8.297000000000001041e-01 7.919000000000000483e-01 6.844000000000001194e-01 7.987000000000000766e-01 1.138100000000000112e+00 1.135600000000000165e+00 1.215799999999999992e+00 6.088999999999999968e-01 1.207999999999999907e-01 3.282999999999999807e-01 1.392700000000000049e+00 2.853699999999999903e+00 3.612400000000000055e+00 3.546100000000000474e+00 3.423300000000000232e+00 4.087200000000000166e+00 4.298399999999999999e+00 3.198600000000000332e+00 2.591899999999999871e+00 3.191199999999999815e+00 4.261700000000000266e+00 5.824600000000001110e+00 6.007199999999999207e+00 2.473999999999999755e+00 4.132000000000000117e-01 7.262000000000000677e-01 1.511900000000000022e+00 2.390200000000000102e+00 3.741900000000000226e+00
3.102800000000000225e+00 2.964100000000000179e+00 2.103400000000000158e+00 3.617700000000000138e+00 4.555699999999999861e+00 4.319799999999999862e+00 2.285600000000000076e+00 1.375199999999999978e+00 1.325600000000000112e+00 5.976000000000000201e-01 4.773999999999999910e-01 4.527999999999999803e-01 5.771000000000000574e-01 5.322000000000000064e-01 5.745999999999999996e-01 3.876999999999999891e-01 1.145000000000000046e-01 9.780000000000001192e-02 2.174000000000000099e-01 1.369199999999999973e+00 2.362099999999999866e+00 3.091200000000000170e+00 2.869700000000000362e+00 3.078300000000000036e+00 2.649000000000000021e+00 1.726200000000000179e+00 2.429499999999999993e+00 2.794699999999999740e+00 2.566400000000000237e+00 4.272300000000000431e+00 6.297600000000000087e+00 4.663400000000000212e+00 8.934000000000000830e-01 7.038000000000000922e-01 1.519499999999999851e+00 1.859799999999999898e+00 3.680900000000000283e+00
4.757100000000000328e+00 3.737300000000000288e+00 1.798800000000000399e+00 3.195100000000000051e+00 4.633599999999999497e+00 4.109800000000000786e+00 2.717999999999999972e+00 1.724800000000000111e+00 1.141900000000000137e+00 5.099000000000000199e-01 3.766000000000000458e-01 4.957000000000000295e-01 4.785000000000000364e-01 3.813000000000000278e-01 3.490000000000000324e-01 1.703999999999999959e-01 7.479999999999999150e-02 7.479999999999999150e-02 7.479999999999999150e-02 2.174000000000000099e-01 8.740000000000001101e-01 1.648500000000000076e+00 2.742100000000000204e+00 2.209700000000000220e+00 9.921999999999999709e-01 7.325000000000000400e-01 1.614800000000000013e+00 1.721100000000000074e+00 1.631500000000000172e+00 2.719300000000000050e+00 5.440599999999999881e+00 5.843400000000000816e+00 2.442899999999999849e+00 7.920000000000000373e-01 1.464099999999999957e+00 1.328500000000000014e+00 4.052100000000000257e+00
