testcase_input/hyytiala/LAI_decid.asc
ncols        375
nrows        250
xllcorner    348000.000000000000
yllcorner    6857000.000000000000
cellsize     32.000000000000
NODATA_value  -9999
[rows 102 to 118 of 250, columns 259 to 295 of 375]
5.320000000000000284e-01 6.020000000000000906e-01 7.140000000000000790e-01 5.180000000000000160e-01 4.760000000000000342e-01 5.740000000000000657e-01 6.860000000000000542e-01 6.300000000000000044e-01 5.880000000000000782e-01 5.180000000000000160e-01 6.580000000000000293e-01 5.180000000000000160e-01 3.360000000000000209e-01 3.780000000000000027e-01 4.060000000000000275e-01 4.339999999999999969e-01 4.339999999999999969e-01 4.480000000000000093e-01 4.480000000000000093e-01 2.660000000000000142e-01 4.620000000000000218e-01 3.640000000000000457e-01 4.900000000000000466e-01 8.539999999999999813e-01 8.399999999999999689e-01 9.800000000000000933e-01 1.414000000000000146e+00 1.442000000000000171e+00 8.260000000000000675e-01 1.190000000000000169e+00 8.960000000000000187e-01 9.100000000000000311e-01 8.260000000000000675e-01 8.820000000000000062e-01 8.399999999999999689e-01 8.679999999999999938e-01 6.159999999999999920e-01
-9.999000000000000000e+03 4.199999999999999845e-01 3.500000000000000333e-01 4.760000000000000342e-01 3.500000000000000333e-01 4.480000000000000093e-01 5.740000000000000657e-01 8.960000000000000187e-01 5.040000000000000036e-01 4.760000000000000342e-01 4.760000000000000342e-01 7.560000000000000053e-01 5.600000000000000533e-01 5.600000000000000533e-01 5.600000000000000533e-01 5.320000000000000284e-01 6.720000000000000417e-01 6.300000000000000044e-01 1.539999999999999980e-01 8.400000000000000522e-02 2.940000000000000391e-01 3.780000000000000027e-01 7.700000000000000178e-01 1.176000000000000156e+00 1.456000000000000183e+00 8.539999999999999813e-01 1.428000000000000158e+00 1.526000000000000023e+00 8.260000000000000675e-01 1.022000000000000020e+00 8.960000000000000187e-01 7.560000000000000053e-01 9.240000000000000435e-01 8.120000000000000551e-01 8.820000000000000062e-01 8.960000000000000187e-01 8.120000000000000551e-01
-9.999000000000000000e+03 3.079999999999999960e-01 2.800000000000000266e-01 3.780000000000000027e-01 2.660000000000000142e-01 4.620000000000000218e-01 5.040000000000000036e-01 4.900000000000000466e-01 4.620000000000000218e-01 4.480000000000000093e-01 3.920000000000000151e-01 8.260000000000000675e-01 6.580000000000000293e-01 3.920000000000000151e-01 4.900000000000000466e-01 9.100000000000000311e-01 7.700000000000000178e-01 8.539999999999999813e-01 4.060000000000000275e-01 4.900000000000000466e-01 3.360000000000000209e-01 4.480000000000000093e-01 9.100000000000000311e-01 1.231999999999999984e+00 1.735999999999999988e+00 9.100000000000000311e-01 1.148000000000000131e+00 1.554000000000000048e+00 8.820000000000000062e-01 9.940000000000001057e-01 7.280000000000000915e-01 7.700000000000000178e-01 9.800000000000000933e-01 5.180000000000000160e-01 8.120000000000000551e-01 1.106000000000000094e+00 1.190000000000000169e+00
-9.999000000000000000e+03 -9.999000000000000000e+03 3.640000000000000457e-01 5.880000000000000782e-01 3.360000000000000209e-01 3.079999999999999960e-01 4.480000000000000093e-01 6.720000000000000417e-01 6.860000000000000542e-01 4.760000000000000342e-01 6.159999999999999920e-01 6.720000000000000417e-01 6.159999999999999920e-01 5.320000000000000284e-01 6.720000000000000417e-01 8.399999999999999689e-01 8.679999999999999938e-01 1.092000000000000082e+00 9.240000000000000435e-01 7.140000000000000790e-01 3.920000000000000151e-01 4.760000000000000342e-01 5.880000000000000782e-01 3.500000000000000333e-01 7.560000000000000053e-01 5.880000000000000782e-01 6.580000000000000293e-01 1.302000000000000046e+00 1.344000000000000083e+00 1.302000000000000046e+00 8.960000000000000187e-01 7.140000000000000790e-01 6.159999999999999920e-01 7.140000000000000790e-01 6.580000000000000293e-01 8.260000000000000675e-01 1.218000000000000194e+00
-9.999000000000000000e+03 -9.999000000000000000e+03 3.640000000000000457e-01 3.220000000000000084e-01 6.300000000000000044e-01 6.300000000000000044e-01 4.060000000000000275e-01 6.020000000000000906e-01 6.020000000000000906e-01 6.860000000000000542e-01 1.231999999999999984e+00 1.148000000000000131e+00 8.960000000000000187e-01 8.960000000000000187e-01 4.480000000000000093e-01 8.260000000000000675e-01 1.428000000000000158e+00 1.218000000000000194e+00 7.980000000000000426e-01 6.159999999999999920e-01 4.620000000000000218e-01 7.700000000000000178e-01 3.640000000000000457e-01 5.320000000000000284e-01 6.020000000000000906e-01 6.860000000000000542e-01 6.720000000000000417e-01 5.880000000000000782e-01 1.092000000000000082e+00 1.218000000000000194e+00 8.120000000000000551e-01 5.600000000000000533e-01 3.920000000000000151e-01 5.040000000000000036e-01 9.100000000000000311e-01 9.660000000000000808e-01 9.100000000000000311e-01
-9.999000000000000000e+03 -9.999000000000000000e+03 -9.999000000000000000e+03 2.240000000000000047e-01 3.920000000000000151e-01 6.720000000000000417e-01 4.199999999999999845e-01 3.640000000000000457e-01 4.060000000000000275e-01 6.159999999999999920e-01 1.638000000000000123e+00 2.338000000000000078e+00 2.240000000000000213e+00 1.862000000000000099e+00 8.120000000000000551e-01 9.380000000000000560e-01 1.162000000000000144e+00 4.900000000000000466e-01 4.620000000000000218e-01 1.400000000000000133e+00 1.190000000000000169e+00 8.539999999999999813e-01 4.620000000000000218e-01 7.980000000000000426e-01 3.360000000000000209e-01 3.640000000000000457e-01 7.280000000000000915e-01 5.740000000000000657e-01 8.679999999999999938e-01 7.000000000000000666e-01 6.159999999999999920e-01 4.900000000000000466e-01 4.760000000000000342e-01 7.560000000000000053e-01 6.860000000000000542e-01 9.380000000000000560e-01 5.460000000000000409e-01
-9.999000000000000000e+03 -9.999000000000000000e+03 -9.999000000000000000e+03 -9.999000000000000000e+03 3.640000000000000457e-01 5.880000000000000782e-01 4.900000000000000466e-01 4.620000000000000218e-01 4.339999999999999969e-01 8.539999999999999813e-01 1.946000000000000174e+00 2.044000000000000039e+00 1.162000000000000144e+00 1.512000000000000011e+00 1.750000000000000000e+00 1.386000000000000121e+00 1.078000000000000069e+00 3.920000000000000151e-01 3.500000000000000333e-01 8.679999999999999938e-01 8.960000000000000187e-01 4.480000000000000093e-01 1.820000000000000229e-01 3.360000000000000209e-01 2.099999999999999922e-01 2.800000000000000058e-02 1.260000000000000009e-01 5.880000000000000782e-01 6.440000000000000169e-01 4.760000000000000342e-01 3.920000000000000151e-01 4.339999999999999969e-01 5.180000000000000160e-01 9.660000000000000808e-01 6.580000000000000293e-01 6.020000000000000906e-01 6.020000000000000906e-01
-9.999000000000000000e+03 -9.999000000000000000e+03 -9.999000000000000000e+03 -9.999000000000000000e+03 -9.999000000000000000e+03 7.560000000000000053e-01 5.880000000000000782e-01 5.040000000000000036e-01 3.500000000000000333e-01 8.960000000000000187e-01 1.526000000000000023e+00 1.652000000000000135e+00 4.760000000000000342e-01 3.220000000000000084e-01 1.078000000000000069e+00 1.540000000000000036e+00 1.064000000000000057e+00 5.320000000000000284e-01 3.920000000000000151e-01 3.500000000000000333e-01 4.620000000000000218e-01 3.079999999999999960e-01 9.800000000000000377e-02 2.940000000000000391e-01 2.240000000000000047e-01 8.400000000000000522e-02 3.079999999999999960e-01 6.860000000000000542e-01 6.020000000000000906e-01 5.040000000000000036e-01 2.940000000000000391e-01 3.500000000000000333e-01 3.360000000000000209e-01 8.820000000000000062e-01 1.022000000000000020e+00 7.980000000000000426e-01 5.600000000000000533e-01
-9.999000000000000000e+03 -9.999000000000000000e+03 -9.999000000000000000e+03 -9.999000000000000000e+03 -9.999000000000000000e+03 -9.999000000000000000e+03 4.199999999999999845e-01 4.620000000000000218e-01 5.880000000000000782e-01 5.040000000000000036e-01 8.539999999999999813e-01 1.330000000000000071e+00 9.520000000000000684e-01 5.460000000000000409e-01 8.120000000000000551e-01 1.302000000000000046e+00 7.560000000000000053e-01 6.860000000000000542e-01 6.159999999999999920e-01 4.199999999999999845e-01 3.920000000000000151e-01 1.539999999999999980e-01 2.099999999999999922e-01 2.940000000000000391e-01 2.380000000000000171e-01 2.240000000000000047e-01 2.660000000000000142e-01 3.220000000000000084e-01 5.740000000000000657e-01 4.620000000000000218e-01 4.199999999999999845e-01 3.220000000000000084e-01 4.199999999999999845e-01 6.300000000000000044e-01 6.300000000000000044e-01 6.300000000000000044e-01 7.419999999999999929e-01
-9.999000000000000000e+03 -9.999000000000000000e+03 -9.999000000000000000e+03 -9.999000000000000000e+03 -9.999000000000000000e+03 -9.999000000000000000e+03 -9.999000000000000000e+03 5.320000000000000284e-01 7.140000000000000790e-01 6.720000000000000417e-01 8.260000000000000675e-01 1.176000000000000156e+00 9.520000000000000684e-01 6.580000000000000293e-01 5.180000000000000160e-01 7.140000000000000790e-01 6.860000000000000542e-01 5.460000000000000409e-01 4.760000000000000342e-01 4.900000000000000466e-01 4.339999999999999969e-01 2.520000000000000018e-01 1.820000000000000229e-01 2.240000000000000047e-01 1.260000000000000009e-01 4.900000000000000466e-01 7.700000000000000178e-01 1.204000000000000181e+00 4.900000000000000466e-01 4.339999999999999969e-01 5.320000000000000284e-01 6.440000000000000169e-01 5.600000000000000533e-01 7.140000000000000790e-01 5.460000000000000409e-01 5.600000000000000533e-01 6.300000000000000044e-01
-9.999000000000000000e+03 -9.999000000000000000e+03 -9.999000000000000000e+03 -9.999000000000000000e+03 -9.999000000000000000e+03 -9.999000000000000000e+03 -9.999000000000000000e+03 -9.999000000000000000e+03 4.339999999999999969e-01 8.960000000000000187e-01 1.260000000000000009e+00 1.400000000000000133e+00 6.300000000000000044e-01 7.140000000000000790e-01 7.280000000000000915e-01 5.460000000000000409e-01 6.020000000000000906e-01 6.300000000000000044e-01 5.880000000000000782e-01 3.920000000000000151e-01 6.860000000000000542e-01 1.134000000000000119e+00 6.159999999999999920e-01 4.480000000000000093e-01 9.100000000000000311e-01 1.302000000000000046e+00 8.120000000000000551e-01 6.860000000000000542e-01 5.320000000000000284e-01 5.460000000000000409e-01 4.480000000000000093e-01 1.022000000000000020e+00 7.700000000000000178e-01 5.600000000000000533e-01 4.900000000000000466e-01 5.460000000000000409e-01 5.880000000000000782e-01
-9.999000000000000000e+03 -9.999000000000000000e+03 -9.999000000000000000e+03 -9.999000000000000000e+03 -9.999000000000000000e+03 -9.999000000000000000e+03 -9.999000000000000000e+03 -9.999000000000000000e+03 -9.999000000000000000e+03 8.399999999999999689e-01 1.218000000000000194e+00 1.288000000000000034e+00 7.419999999999999929e-01 6.580000000000000293e-01 5.880000000000000782e-01 3.920000000000000151e-01 4.900000000000000466e-01 7.419999999999999929e-01 8.820000000000000062e-01 7.700000000000000178e-01 9.380000000000000560e-01 8.120000000000000551e-01 6.440000000000000169e-01 8.399999999999999689e-01 2.029999999999999805e+00 1.638000000000000123e+00 7.560000000000000053e-01 5.320000000000000284e-01 7.140000000000000790e-01 6.440000000000000169e-01 9.380000000000000560e-01 1.036000000000000032e+00 9.240000000000000435e-01 5.880000000000000782e-01 7.280000000000000915e-01 7.140000000000000790e-01 6.020000000000000906e-01
-9.999000000000000000e+03 -9.999000000000000000e+03 -9.999000000000000000e+03 -9.999000000000000000e+03 -9.999000000000000000e+03 -9.999000000000000000e+03 -9.999000000000000000e+03 -9.999000000000000000e+03 -9.999000000000000000e+03 -9.999000000000000000e+03 5.320000000000000284e-01 6.159999999999999920e-01 4.620000000000000218e-01 3.360000000000000209e-01 4.060000000000000275e-01 4.480000000000000093e-01 6.860000000000000542e-01 6.860000000000000542e-01 9.380000000000000560e-01 8.960000000000000187e-01 8.820000000000000062e-01 7.700000000000000178e-01 6.580000000000000293e-01 1.414000000000000146e+00 2.016000000000000014e+00 9.240000000000000435e-01 7.980000000000000426e-01 7.560000000000000053e-01 6.580000000000000293e-01 6.720000000000000417e-01 8.539999999999999813e-01 7.280000000000000915e-01 9.520000000000000684e-01 8.399999999999999689e-01 5.180000000000000160e-01 5.320000000000000284e-01 7.000000000000000666e-01
-9.999000000000000000e+03 -9.999000000000000000e+03 -9.999000000000000000e+03 -9.999000000000000000e+03 -9.999000000000000000e+03 -9.999000000000000000e+03 -9.999000000000000000e+03 -9.999000000000000000e+03 -9.999000000000000000e+03 -9.999000000000000000e+03 4.199999999999999845e-01 2.940000000000000391e-01 2.940000000000000391e-01 3.079999999999999960e-01 2.520000000000000018e-01 3.360000000000000209e-01 5.600000000000000533e-01 5.320000000000000284e-01 6.300000000000000044e-01 8.820000000000000062e-01 6.440000000000000169e-01 7.280000000000000915e-01 1.288000000000000034e+00 1.707999999999999963e+00 1.106000000000000094e+00 7.280000000000000915e-01 6.860000000000000542e-01 8.960000000000000187e-01 6.720000000000000417e-01 4.060000000000000275e-01 3.220000000000000084e-01 4.060000000000000275e-01 7.280000000000000915e-01 6.020000000000000906e-01 5.600000000000000533e-01 4.339999999999999969e-01 6.580000000000000293e-01
-9.999000000000000000e+03 -9.999000000000000000e+03 -9.999000000000000000e+03 -9.999000000000000000e+03 -9.999000000000000000e+03 -9.999000000000000000e+03 -9.999000000000000000e+03 -9.999000000000000000e+03 -9.999000000000000000e+03 -9.999000000000000000e+03 5.460000000000000409e-01 5.040000000000000036e-01 4.060000000000000275e-01 3.640000000000000457e-01 2.940000000000000391e-01 2.660000000000000142e-01 5.040000000000000036e-01 7.840000000000000302e-01 5.320000000000000284e-01 6.440000000000000169e-01 7.419999999999999929e-01 1.176000000000000156e+00 1.442000000000000171e+00 1.469999999999999973e+00 7.840000000000000302e-01 7.700000000000000178e-01 7.280000000000000915e-01 9.940000000000001057e-01 8.820000000000000062e-01 9.100000000000000311e-01 7.560000000000000053e-01 4.199999999999999845e-01 4.480000000000000093e-01 5.600000000000000533e-01 5.740000000000000657e-01 4.480000000000000093e-01 5.740000000000000657e-01
-9.999000000000000000e+03 -9.999000000000000000e+03 -9.999000000000000000e+03 -9.999000000000000000e+03 -9.999000000000000000e+03 -9.999000000000000000e+03 -9.999000000000000000e+03 -9.999000000000000000e+03 -9.999000000000000000e+03 -9.999000000000000000e+03 -9.999000000000000000e+03 6.440000000000000169e-01 7.140000000000000790e-01 5.460000000000000409e-01 3.360000000000000209e-01 2.800000000000000266e-01 7.280000000000000915e-01 1.540000000000000036e+00 7.980000000000000426e-01 6.580000000000000293e-01 6.860000000000000542e-01 1.316000000000000059e+00 1.344000000000000083e+00 1.148000000000000131e+00 7.140000000000000790e-01 6.720000000000000417e-01 7.280000000000000915e-01 8.120000000000000551e-01 6.440000000000000169e-01 7.560000000000000053e-01 7.700000000000000178e-01 6.720000000000000417e-01 5.320000000000000284e-01 3.780000000000000027e-01 3.780000000000000027e-01 4.900000000000000466e-01 6.159999999999999920e-01
4.060000000000000275e-01 3.220000000000000084e-01 -9.999000000000000000e+03 -9.999000000000000000e+03 -9.999000000000000000e+03 -9.999000000000000000e+03 -9.999000000000000000e+03 -9.999000000000000000e+03 -9.999000000000000000e+03 -9.999000000000000000e+03 -9.999000000000000000e+03 -9.999000000000000000e+03 2.800000000000000266e-01 5.600000000000000533e-01 4.060000000000000275e-01 3.079999999999999960e-01 7.419999999999999929e-01 2.128000000000000114e+00 1.428000000000000158e+00 6.300000000000000044e-01 8.120000000000000551e-01 1.582000000000000073e+00 1.231999999999999984e+00 8.399999999999999689e-01 8.399999999999999689e-01 5.880000000000000782e-01 8.260000000000000675e-01 7.280000000000000915e-01 5.880000000000000782e-01 7.280000000000000915e-01 8.260000000000000675e-01 7.419999999999999929e-01 5.320000000000000284e-01 4.339999999999999969e-01 4.339999999999999969e-01 5.040000000000000036e-01 4.060000000000000275e-01
