testcase_input/hyytiala/LAI_conif.asc
ncols        375
nrows        250
xllcorner    348000.000000000000
yllcorner    6857000.000000000000
cellsize     32.000000000000
NODATA_value  -9999
[rows 102 to 118 of 250, columns 185 to 221 of 375]
2.835399999999999920e+00 2.951500000000000234e+00 3.017700000000000493e+00 3.008399999999999963e+00 3.092500000000000249e+00 3.503899999999999793e+00 3.402300000000000324e+00 3.351399999999999935e+00 3.236800000000000122e+00 4.120000000000000107e+00 4.290700000000000180e+00 4.615000000000000213e+00 5.700300000000000367e+00 6.251900000000000013e+00 6.243000000000000327e+00 6.201600000000000001e+00 6.037799999999999834e+00 6.093100000000000627e+00 6.485100000000000087e+00 6.291700000000000514e+00 6.059900000000000730e+00 5.044700000000000628e+00 4.722100000000000186e+00 5.097300000000000608e+00 5.050399999999999778e+00 5.543300000000000338e+00 5.318800000000000416e+00 5.963600000000000456e+00 6.638300000000000090e+00 6.510800000000000587e+00 5.708400000000000141e+00 2.959600000000000009e+00 2.133700000000000152e+00 2.675100000000000033e+00 3.442800000000000082e+00 4.783199999999999896e+00 5.656900000000000261e+00
3.276299999999999990e+00 3.147899999999999920e+00 3.175200000000000244e+00 3.099999999999999645e+00 3.338000000000000078e+00 3.236600000000000144e+00 3.070199999999999818e+00 4.162800000000000722e+00 5.335500000000000576e+00 6.058599999999999319e+00 6.443999999999999950e+00 6.480900000000000105e+00 6.123000000000000220e+00 6.075099999999999945e+00 5.815900000000000958e+00 6.090800000000001546e+00 6.219200000000000728e+00 6.856400000000000716e+00 7.235600000000000698e+00 6.830800000000000871e+00 6.250600000000000378e+00 5.401300000000000878e+00 4.905499999999999972e+00 4.641500000000000625e+00 4.785600000000000520e+00 5.660600000000000520e+00 6.046999999999999709e+00 6.514500000000000846e+00 6.949600000000000222e+00 6.681099999999999817e+00 6.201200000000000045e+00 4.542200000000000237e+00 3.777700000000000280e+00 5.270599999999999952e+00 5.903400000000000425e+00 6.148800000000000487e+00 5.841300000000000381e+00
2.152500000000000302e+00 2.072899999999999743e+00 2.949500000000000011e+00 3.111099999999999977e+00 3.236600000000000144e+00 3.405200000000000227e+00 2.755799999999999805e+00 3.829600000000000115e+00 5.696099999999999497e+00 6.840200000000001168e+00 7.077300000000001035e+00 6.809400000000001008e+00 6.141200000000000436e+00 5.754199999999999982e+00 5.790300000000000225e+00 6.112500000000000711e+00 6.386600000000000499e+00 6.555400000000000560e+00 6.962299999999999933e+00 6.389200000000000657e+00 5.974199999999999733e+00 5.781799999999999606e+00 6.053100000000000591e+00 5.475300000000000722e+00 4.444399999999999906e+00 5.313700000000000756e+00 6.198900000000000077e+00 5.525100000000000122e+00 5.883100000000000662e+00 6.158000000000000362e+00 5.643299999999999983e+00 5.131800000000000139e+00 5.153400000000000425e+00 5.962800000000000544e+00 5.602200000000000735e+00 5.979800000000000004e+00 6.226900000000000546e+00
1.401600000000000179e+00 1.450699999999999878e+00 2.279300000000000104e+00 3.282000000000000028e+00 3.449100000000000055e+00 3.934499999999999886e+00 2.455000000000000071e+00 3.503800000000000026e+00 4.825300000000000367e+00 5.623199999999999754e+00 6.851499999999999702e+00 7.073500000000001009e+00 6.679200000000000692e+00 6.386299999999999422e+00 6.124500000000000277e+00 6.129100000000001103e+00 6.111600000000000144e+00 6.729300000000000281e+00 6.674100000000000144e+00 5.825700000000000323e+00 5.917900000000001270e+00 5.951600000000000001e+00 5.996500000000000163e+00 5.820900000000000851e+00 5.030200000000000671e+00 5.676000000000001044e+00 5.089800000000000324e+00 4.869000000000000661e+00 4.900000000000000355e+00 4.735800000000000232e+00 3.952700000000000102e+00 3.050300000000000011e+00 3.775299999999999656e+00 4.338700000000000223e+00 4.095800000000000551e+00 4.451000000000000512e+00 4.856000000000000760e+00
1.540999999999999925e+00 1.565900000000000070e+00 2.195400000000000240e+00 2.506800000000000139e+00 2.532300000000000217e+00 3.282200000000000006e+00 3.049599999999999866e+00 3.942900000000000293e+00 5.018100000000000449e+00 5.443999999999999950e+00 6.050300000000000900e+00 6.326200000000000934e+00 6.132300000000000750e+00 6.243199999999999861e+00 6.114700000000000912e+00 6.382600000000000939e+00 6.066500000000001336e+00 6.317800000000000082e+00 6.646900000000000475e+00 6.235300000000000509e+00 5.929300000000000459e+00 6.032000000000000028e+00 5.533500000000000085e+00 5.916699999999999626e+00 6.019800000000000040e+00 6.063000000000000611e+00 5.122799999999999798e+00 5.007000000000000561e+00 4.819900000000000517e+00 3.678900000000000059e+00 1.887800000000000145e+00 1.625700000000000145e+00 2.059699999999999864e+00 2.359799999999999898e+00 2.836899999999999977e+00 3.126900000000000013e+00 2.767100000000000115e+00
1.928300000000000125e+00 2.346299999999999830e+00 2.411399999999999988e+00 2.107899999999999885e+00 3.116300000000000736e+00 3.845200000000000173e+00 4.278800000000000381e+00 4.914400000000000546e+00 5.083600000000000563e+00 4.873899999999999899e+00 5.799199999999999910e+00 6.138500000000001400e+00 6.650200000000000777e+00 6.869700000000000806e+00 7.223799999999999777e+00 7.443100000000001160e+00 7.129700000000000593e+00 7.262800000000000367e+00 7.227300000000000502e+00 6.071100000000000385e+00 5.651299999999999990e+00 6.088900000000001533e+00 6.097500000000000142e+00 5.825400000000000134e+00 6.198900000000000965e+00 6.208500000000000796e+00 5.610000000000001208e+00 5.468399999999999928e+00 5.063200000000001033e+00 3.054300000000000459e+00 1.838900000000000201e+00 1.784699999999999953e+00 1.966699999999999893e+00 2.034699999999999953e+00 3.150100000000000122e+00 3.150400000000000311e+00 2.032500000000000195e+00
2.210799999999999876e+00 2.096299999999999830e+00 2.038900000000000379e+00 2.334200000000000053e+00 3.866200000000000081e+00 5.422900000000000276e+00 5.112499999999999822e+00 3.772000000000000242e+00 3.674700000000000077e+00 4.949399999999999800e+00 6.060200000000000031e+00 6.721900000000000652e+00 6.782400000000000873e+00 6.859800000000000786e+00 7.427000000000000490e+00 7.001199999999999868e+00 5.711100000000000065e+00 5.961700000000000443e+00 6.248500000000000831e+00 5.949200000000000266e+00 5.754900000000000126e+00 5.716700000000000337e+00 5.501100000000000989e+00 5.575400000000000134e+00 6.372099999999999653e+00 5.908300000000000551e+00 5.251300000000001411e+00 5.806600000000000428e+00 4.280200000000000671e+00 2.311100000000000154e+00 1.966099999999999959e+00 2.062899999999999956e+00 2.054499999999999993e+00 2.117700000000000138e+00 2.904900000000000038e+00 2.471900000000000208e+00 1.753499999999999837e+00
2.382200000000000095e+00 1.922900000000000054e+00 2.288699999999999957e+00 3.462899999999999867e+00 5.033700000000000507e+00 5.847800000000000331e+00 5.162599999999999412e+00 3.157600000000000406e+00 2.974000000000000199e+00 3.798000000000000487e+00 5.348899999999999544e+00 5.898100000000000342e+00 6.524200000000000443e+00 6.644200000000000550e+00 6.500900000000001455e+00 6.423700000000000188e+00 6.711500000000000021e+00 6.247600000000000264e+00 5.534400000000000652e+00 6.256800000000000139e+00 7.118000000000000327e+00 6.214000000000000412e+00 6.041700000000000514e+00 6.185300000000000686e+00 5.966600000000000570e+00 5.767600000000000726e+00 5.616100000000000314e+00 6.040399999999999991e+00 3.490800000000000125e+00 1.949100000000000055e+00 1.844899999999999984e+00 2.049300000000000122e+00 2.090599999999999792e+00 2.009599999999999831e+00 2.166999999999999815e+00 1.853199999999999958e+00 1.898300000000000098e+00
1.962400000000000144e+00 1.527800000000000047e+00 2.968500000000000139e+00 4.936200000000000365e+00 5.163400000000001100e+00 5.478000000000000647e+00 5.676800000000000068e+00 4.346300000000000274e+00 4.934700000000000308e+00 4.711100000000000065e+00 4.706199999999999939e+00 5.676899999999999835e+00 6.031700000000000728e+00 6.091799999999999216e+00 6.431200000000000472e+00 6.971999999999999531e+00 6.411600000000000854e+00 5.685000000000000497e+00 5.860700000000000465e+00 6.263100000000000556e+00 6.078700000000000436e+00 5.450099999999999945e+00 5.470799999999999663e+00 5.625700000000000145e+00 6.164399999999999658e+00 6.389800000000000146e+00 6.250300000000001077e+00 5.714400000000000368e+00 2.709200000000000053e+00 1.985600000000000254e+00 1.985500000000000043e+00 2.026000000000000245e+00 2.268200000000000216e+00 2.215899999999999981e+00 2.206900000000000084e+00 2.272299999999999986e+00 2.242300000000000182e+00
1.631500000000000172e+00 1.087500000000000133e+00 2.687200000000000255e+00 3.730000000000000426e+00 4.456199999999999939e+00 6.024200000000000443e+00 6.274200000000000443e+00 5.463400000000000034e+00 5.384000000000000341e+00 4.548000000000000043e+00 3.950700000000000323e+00 5.589299999999999713e+00 6.128900000000000681e+00 5.386700000000001154e+00 4.367900000000000560e+00 5.219500000000000028e+00 4.964500000000000135e+00 5.492499999999999716e+00 7.176400000000000112e+00 6.528900000000000148e+00 5.310300000000000686e+00 4.067000000000000171e+00 4.595100000000000406e+00 5.378400000000000070e+00 5.897200000000000664e+00 5.349600000000000577e+00 6.216000000000000192e+00 5.469500000000000028e+00 3.250900000000000123e+00 3.359999999999999876e+00 3.366299999999999848e+00 2.617700000000000138e+00 2.854300000000000281e+00 2.586600000000000232e+00 2.449000000000000288e+00 2.449699999999999989e+00 2.584900000000000198e+00
1.223300000000000054e+00 1.229700000000000015e+00 2.915700000000000180e+00 3.238500000000000156e+00 4.018900000000000361e+00 5.879900000000000126e+00 5.258100000000000662e+00 4.979700000000000237e+00 5.011500000000000732e+00 4.631700000000000372e+00 3.264000000000000234e+00 4.541800000000000281e+00 6.274300000000000210e+00 7.010399999999999743e+00 5.134800000000000253e+00 4.988199999999999967e+00 5.184900000000000730e+00 5.957499999999999574e+00 7.135799999999999699e+00 6.545200000000000351e+00 5.237700000000001133e+00 4.321600000000000108e+00 5.139500000000000846e+00 5.942099999999999937e+00 5.783800000000001162e+00 5.696200000000000152e+00 5.743100000000000094e+00 5.221799999999999997e+00 4.784500000000000419e+00 4.940700000000000536e+00 4.401400000000000645e+00 4.506699999999999484e+00 4.807199999999999918e+00 4.131000000000000227e+00 4.014100000000000001e+00 4.170900000000000496e+00 4.677500000000000213e+00
1.963000000000000300e+00 1.807500000000000107e+00 3.293900000000000272e+00 3.280100000000000016e+00 4.735599999999999810e+00 4.825600000000000556e+00 4.716300000000000381e+00 4.447200000000000486e+00 5.578000000000000291e+00 4.950600000000000556e+00 3.742299999999999738e+00 3.517700000000000493e+00 4.847000000000000419e+00 6.023399999999999643e+00 5.173300000000000232e+00 4.980700000000000571e+00 4.803399999999999892e+00 5.181000000000000050e+00 6.065800000000000303e+00 6.219100000000000961e+00 5.338200000000000500e+00 5.105800000000000338e+00 5.544200000000000017e+00 5.602300000000000502e+00 6.081500000000000128e+00 6.205400000000000027e+00 6.001800000000000246e+00 5.746100000000000207e+00 5.377800000000000580e+00 4.451900000000000190e+00 3.997500000000000497e+00 4.415200000000000458e+00 4.684400000000000119e+00 4.782499999999999751e+00 4.873200000000000642e+00 5.320400000000000240e+00 4.674599999999999866e+00
2.971600000000000463e+00 3.282000000000000028e+00 3.432299999999999685e+00 3.445000000000000284e+00 4.979200000000000514e+00 4.834100000000000286e+00 4.616600000000000037e+00 4.668400000000000105e+00 4.881600000000000605e+00 3.701200000000000045e+00 3.459400000000000031e+00 3.395000000000000018e+00 3.745400000000000063e+00 4.758799999999999919e+00 4.311400000000000787e+00 4.938500000000001222e+00 5.805699999999999861e+00 5.188700000000000756e+00 4.354000000000000092e+00 4.368000000000000327e+00 5.250099999999999767e+00 5.782800000000000828e+00 5.527499999999999858e+00 4.995900000000000674e+00 5.497099999999999653e+00 5.826100000000000279e+00 5.741400000000000503e+00 4.995300000000000296e+00 4.863599999999999923e+00 4.727899999999999991e+00 4.403100000000000236e+00 4.566200000000000259e+00 4.296699999999999520e+00 4.887000000000000455e+00 4.985199999999999854e+00 4.860400000000000276e+00 4.795700000000000074e+00
3.654500000000000526e+00 4.246500000000000163e+00 3.859100000000000641e+00 4.149600000000000399e+00 4.447400000000000020e+00 3.718599999999999905e+00 4.344100000000000072e+00 4.838200000000000500e+00 4.611700000000000799e+00 3.736499999999999932e+00 3.534299999999999997e+00 3.907600000000000406e+00 4.303600000000000314e+00 3.929899999999999949e+00 3.711000000000000298e+00 4.686900000000000510e+00 6.237400000000000055e+00 6.644800000000000928e+00 6.187400000000000233e+00 5.015300000000000757e+00 4.251500000000000057e+00 4.895999999999999908e+00 5.389499999999999957e+00 5.249400000000000510e+00 5.401699999999999946e+00 6.044100000000000250e+00 5.291000000000000369e+00 4.092600000000000016e+00 5.238500000000000156e+00 5.403500000000000192e+00 5.281699999999999839e+00 5.652000000000000135e+00 5.342200000000000060e+00 5.290700000000000180e+00 4.978500000000000369e+00 4.401600000000000179e+00 3.987100000000000311e+00
4.457100000000000506e+00 3.385600000000000165e+00 3.839399999999999924e+00 3.701800000000000423e+00 3.705900000000000194e+00 3.661800000000000388e+00 3.724000000000000199e+00 3.236299999999999955e+00 3.033400000000000318e+00 2.801300000000000345e+00 2.854200000000000070e+00 3.323999999999999844e+00 4.266999999999999460e+00 4.144499999999999851e+00 3.560400000000000453e+00 4.245400000000000063e+00 5.810600000000000875e+00 6.174999999999999822e+00 6.511200000000000543e+00 6.349400000000001043e+00 5.613800000000001234e+00 3.797900000000000276e+00 6.085600000000000342e+00 5.762400000000001299e+00 5.618299999999999628e+00 5.176500000000000767e+00 4.207100000000000506e+00 4.248700000000000365e+00 4.630099999999999660e+00 4.705700000000000216e+00 4.279200000000000337e+00 4.555000000000000604e+00 4.960199999999999498e+00 4.603299999999999947e+00 4.760100000000000442e+00 4.536699999999999733e+00 4.791600000000000747e+00
3.887300000000000644e+00 3.075800000000000090e+00 4.014100000000000890e+00 3.768700000000000383e+00 3.336500000000000021e+00 3.218500000000000583e+00 3.089100000000000179e+00 2.716099999999999959e+00 2.334500000000000242e+00 2.288000000000000256e+00 3.459200000000000497e+00 4.155000000000000249e+00 4.772899999999999920e+00 4.804199999999999804e+00 4.674100000000000144e+00 5.689300000000000246e+00 6.770400000000001306e+00 6.388300000000000090e+00 6.096000000000000085e+00 6.112400000000000055e+00 6.121900000000001008e+00 4.462000000000000632e+00 5.258200000000000429e+00 3.910600000000000520e+00 3.372700000000000031e+00 2.478500000000000369e+00 2.518899999999999917e+00 3.628199999999999648e+00 5.114600000000000257e+00 5.075199999999999712e+00 3.902600000000000069e+00 2.661599999999999966e+00 3.078800000000000203e+00 4.310900000000000176e+00 4.577700000000000102e+00 4.882800000000000473e+00 5.442400000000000126e+00
4.416400000000000325e+00 3.234899999999999665e+00 4.234499999999999709e+00 4.014599999999999724e+00 3.792100000000000470e+00 2.343499999999999694e+00 2.105599999999999916e+00 2.257600000000000051e+00 2.294100000000000250e+00 2.603600000000000136e+00 4.020500000000000185e+00 4.409600000000000186e+00 4.650999999999999801e+00 5.514400000000000190e+00 5.964900000000000091e+00 6.555900000000000283e+00 6.353400000000000603e+00 6.624900000000000233e+00 6.068199999999999150e+00 5.801200000000001467e+00 6.569499999999999673e+00 6.366800000000000459e+00 6.153900000000000148e+00 4.577399999999999913e+00 2.678700000000000081e+00 1.364900000000000002e+00 1.787199999999999900e+00 2.716099999999999959e+00 3.559800000000000075e+00 4.343799999999999883e+00 3.648200000000000109e+00 2.751199999999999868e+00 2.850200000000000067e+00 3.631800000000000139e+00 5.315900000000000070e+00 5.788400000000000212e+00 5.051600000000000534e+00
