testcase_input/hyytiala/LAI_conif.asc
ncols        375
nrows        250
xllcorner    348000.000000000000
yllcorner    6857000.000000000000
cellsize     32.000000000000
NODATA_value  -9999
[rows 68 to 84 of 250, columns 74 to 110 of 375]
5.343400000000000816e+00 4.820800000000000196e+00 5.081000000000000405e+00 4.061700000000000088e+00 4.104200000000000514e+00 3.057999999999999829e+00 3.220200000000000173e+00 3.254500000000000171e+00 2.883499999999999730e+00 3.637799999999999923e+00 4.351700000000000124e+00 3.629900000000000126e+00 3.334000000000000075e+00 3.177800000000000402e+00 3.162700000000000067e+00 3.110599999999999810e+00 1.757400000000000073e+00 6.945999999999999952e-01 3.469999999999999751e-01 2.180000000000000271e-01 1.647000000000000131e-01 1.693999999999999950e-01 1.851000000000000145e-01 5.632999999999999119e-01 1.404500000000000082e+00 1.303399999999999892e+00 6.180000000000001048e-01 1.206299999999999928e+00 1.837200000000000166e+00 1.935000000000000053e+00 2.185999999999999943e+00 2.377699999999999925e+00 3.268200000000000216e+00 3.614199999999999857e+00 3.538499999999999979e+00 3.012100000000000222e+00 3.215499999999999581e+00
4.938699999999999868e+00 5.356899999999999551e+00 5.138899999999999579e+00 5.147400000000000198e+00 5.079299999999999926e+00 3.516099999999999781e+00 2.445500000000000007e+00 3.347700000000000564e+00 2.612000000000000099e+00 2.668400000000000105e+00 4.136300000000000310e+00 4.776600000000000179e+00 3.987900000000000222e+00 3.818900000000000183e+00 3.094899999999999984e+00 2.221799999999999997e+00 7.007000000000001005e-01 6.375000000000000666e-01 4.274999999999999911e-01 1.022899999999999920e+00 8.354000000000000314e-01 1.882000000000000062e-01 2.039000000000000257e-01 1.067300000000000137e+00 1.812799999999999967e+00 1.031299999999999883e+00 3.933999999999999719e-01 4.608000000000000429e-01 1.479400000000000048e+00 1.821300000000000141e+00 2.326200000000000045e+00 1.832200000000000273e+00 2.302699999999999747e+00 2.511899999999999800e+00 2.907099999999999795e+00 3.197000000000000064e+00 3.234899999999999665e+00
3.945299999999999585e+00 4.611900000000000333e+00 3.986900000000000333e+00 4.740499999999999936e+00 5.525000000000000355e+00 4.890600000000000058e+00 3.387000000000000455e+00 2.421199999999999797e+00 1.861400000000000166e+00 3.129399999999999959e+00 3.241999999999999993e+00 4.091000000000000192e+00 4.980700000000000571e+00 3.235700000000000465e+00 3.072500000000000231e+00 2.923500000000000210e+00 1.542799999999999949e+00 8.408999999999999808e-01 5.253000000000001002e-01 1.171000000000000041e+00 8.186999999999999833e-01 1.552999999999999936e-01 1.652000000000000135e-01 1.403499999999999970e+00 1.869300000000000184e+00 1.378300000000000081e+00 7.271000000000000796e-01 4.507999999999999785e-01 7.470000000000001084e-01 1.527900000000000258e+00 2.263100000000000112e+00 2.254400000000000404e+00 2.198999999999999844e+00 2.364799999999999791e+00 2.709500000000000242e+00 3.090700000000000003e+00 2.797299999999999898e+00
4.698900000000000077e+00 3.896700000000000053e+00 3.062600000000000211e+00 4.327199999999999491e+00 5.211500000000000909e+00 4.606400000000000716e+00 3.083300000000000374e+00 1.959499999999999797e+00 3.019600000000000062e+00 3.550399999999999778e+00 2.874100000000000321e+00 3.218100000000000183e+00 4.363799999999999457e+00 3.447999999999999954e+00 3.475200000000000067e+00 4.363699999999999690e+00 4.079600000000000115e+00 2.399000000000000021e+00 2.070500000000000007e+00 1.789400000000000102e+00 1.556500000000000217e+00 1.031200000000000117e+00 4.076000000000000734e-01 1.039400000000000102e+00 1.234199999999999964e+00 8.720000000000001084e-01 6.906000000000001027e-01 6.964000000000000190e-01 1.080100000000000060e+00 1.812500000000000000e+00 2.013600000000000279e+00 1.968200000000000172e+00 2.260600000000000165e+00 2.680700000000000305e+00 2.650900000000000034e+00 2.921699999999999964e+00 2.921699999999999964e+00
4.552999999999999936e+00 5.439600000000000435e+00 5.369699999999999918e+00 4.713400000000000034e+00 3.445500000000000007e+00 2.319100000000000161e+00 1.928100000000000147e+00 3.304800000000000182e+00 4.444300000000000139e+00 4.046800000000000175e+00 2.852999999999999758e+00 2.521900000000000031e+00 3.011199999999999655e+00 2.836000000000000298e+00 3.079499999999999904e+00 3.439300000000000246e+00 3.765800000000000036e+00 3.688899999999999846e+00 3.849200000000000177e+00 3.350900000000000212e+00 3.189999999999999947e+00 2.816100000000000048e+00 1.839700000000000113e+00 1.005800000000000027e+00 8.538000000000001144e-01 7.796000000000000707e-01 5.563000000000000167e-01 4.994000000000000661e-01 1.579100000000000170e+00 2.490000000000000213e+00 2.368300000000000072e+00 1.992500000000000160e+00 2.066399999999999793e+00 2.177799999999999958e+00 2.965600000000000236e+00 3.109200000000000408e+00 3.696300000000000363e+00
3.315800000000000303e+00 4.723100000000000520e+00 5.536100000000000243e+00 4.649200000000000443e+00 2.255099999999999660e+00 1.786300000000000221e+00 1.646700000000000053e+00 3.538400000000000212e+00 4.710200000000000387e+00 4.751100000000000101e+00 3.146199999999999886e+00 2.507299999999999862e+00 2.955000000000000071e+00 3.850800000000000445e+00 3.152099999999999902e+00 2.828999999999999737e+00 2.881899999999999906e+00 2.658300000000000551e+00 2.754699999999999704e+00 3.442700000000000315e+00 3.241999999999999549e+00 2.285899999999999821e+00 1.645199999999999996e+00 1.031500000000000083e+00 9.248000000000000664e-01 9.694000000000000394e-01 7.894999999999999796e-01 6.310999999999999943e-01 1.877699999999999925e+00 2.235899999999999999e+00 2.446000000000000174e+00 2.317200000000000149e+00 1.984300000000000175e+00 1.842100000000000071e+00 3.567400000000000126e+00 4.220699999999999896e+00 4.186899999999999622e+00
2.810799999999999965e+00 3.384400000000000297e+00 5.082099999999999618e+00 5.233100000000000307e+00 2.792699999999999960e+00 2.214999999999999858e+00 2.389800000000000146e+00 2.771800000000000264e+00 2.824500000000000011e+00 3.313099999999999934e+00 2.278400000000000425e+00 2.087099999999999955e+00 2.174700000000000077e+00 3.196299999999999919e+00 3.215400000000000258e+00 3.624200000000000088e+00 4.164600000000000080e+00 4.011099999999999888e+00 4.705100000000000726e+00 3.511000000000000121e+00 2.449200000000000266e+00 2.281499999999999861e+00 1.598400000000000043e+00 1.114700000000000024e+00 1.159000000000000030e+00 1.027400000000000091e+00 1.098100000000000076e+00 1.027300000000000102e+00 2.362600000000000033e+00 3.261700000000000266e+00 4.262800000000000367e+00 4.230000000000000426e+00 3.734999999999999876e+00 3.387799999999999923e+00 2.694599999999999884e+00 2.756599999999999717e+00 3.306799999999999962e+00
2.579400000000000137e+00 3.014800000000000146e+00 3.334299999999999820e+00 4.501000000000000334e+00 4.257600000000000051e+00 3.345299999999999940e+00 3.774700000000000166e+00 3.659300000000000441e+00 2.342200000000000060e+00 2.270199999999999996e+00 2.324200000000000266e+00 1.559300000000000130e+00 1.249600000000000044e+00 1.867399999999999949e+00 2.528399999999999981e+00 2.922500000000000320e+00 3.886900000000000244e+00 3.576900000000000190e+00 3.865699999999999914e+00 3.493900000000000006e+00 2.912300000000000111e+00 2.440100000000000158e+00 1.605399999999999938e+00 1.788300000000000001e+00 1.762100000000000000e+00 1.298200000000000021e+00 1.291399999999999881e+00 1.328400000000000025e+00 2.200500000000000345e+00 3.916799999999999837e+00 3.776600000000000179e+00 5.054199999999999804e+00 6.502299999999999969e+00 6.130100000000000549e+00 5.130700000000000927e+00 4.461700000000000443e+00 3.799900000000000055e+00
2.660499999999999865e+00 2.815000000000000391e+00 3.327499999999999680e+00 3.750700000000000145e+00 3.616200000000000081e+00 3.535800000000000054e+00 3.688000000000000611e+00 4.481799999999999784e+00 4.215400000000000702e+00 2.402800000000000047e+00 1.930000000000000160e+00 1.538899999999999935e+00 1.592600000000000016e+00 1.132300000000000084e+00 1.093600000000000128e+00 1.427800000000000180e+00 2.002400000000000180e+00 2.252600000000000158e+00 3.466499999999999915e+00 4.325499999999999901e+00 4.283800000000000274e+00 2.847800000000000331e+00 1.292400000000000215e+00 2.155899999999999928e+00 1.387300000000000200e+00 1.288699999999999957e+00 1.410600000000000076e+00 1.486699999999999910e+00 1.928100000000000147e+00 2.485100000000000087e+00 2.530299999999999994e+00 3.661200000000000010e+00 4.472999999999999865e+00 5.127299999999999969e+00 5.267199999999999882e+00 5.089600000000000790e+00 5.318200000000000927e+00
2.584999999999999964e+00 2.752600000000000158e+00 3.080000000000000071e+00 3.171499999999999986e+00 3.186300000000000132e+00 3.218700000000000117e+00 3.399100000000000232e+00 4.064899999999999736e+00 3.695100000000000051e+00 3.337900000000000311e+00 3.667600000000000637e+00 2.624300000000000299e+00 2.093300000000000161e+00 1.433100000000000041e+00 1.345400000000000151e+00 1.313099999999999934e+00 1.353299999999999947e+00 2.031000000000000583e+00 3.416599999999999859e+00 4.801800000000000068e+00 5.530599999999999739e+00 3.972800000000000331e+00 2.100400000000000045e+00 1.665399999999999991e+00 1.896900000000000031e+00 1.850999999999999979e+00 2.258200000000000429e+00 2.047800000000000509e+00 1.970799999999999885e+00 1.699300000000000033e+00 1.495199999999999863e+00 1.945599999999999996e+00 2.508100000000000218e+00 3.144999999999999574e+00 4.587900000000000311e+00 4.185000000000000497e+00 5.916400000000000325e+00
2.889400000000000190e+00 2.951800000000000423e+00 3.494400000000000173e+00 3.284600000000000186e+00 3.609900000000000109e+00 3.471800000000000441e+00 3.594400000000000261e+00 3.204400000000000581e+00 2.718300000000000161e+00 3.180900000000000283e+00 3.579500000000000348e+00 3.292499999999999982e+00 2.984100000000000197e+00 2.325700000000000323e+00 2.325300000000000367e+00 1.748400000000000176e+00 2.369099999999999984e+00 3.908500000000000085e+00 4.793700000000000294e+00 4.972100000000000186e+00 5.336500000000000021e+00 5.437599999999999767e+00 4.605999999999999872e+00 3.835200000000000387e+00 2.479900000000000215e+00 2.300000000000000266e+00 2.605700000000000127e+00 2.311400000000000343e+00 2.174199999999999910e+00 1.841900000000000093e+00 1.146600000000000064e+00 1.209300000000000042e+00 2.075999999999999623e+00 2.552300000000000235e+00 3.285899999999999821e+00 5.077200000000000379e+00 5.867400000000000837e+00
2.885200000000000209e+00 3.177799999999999958e+00 3.103500000000000369e+00 3.041400000000000325e+00 3.172500000000000320e+00 3.119800000000000129e+00 3.140500000000000291e+00 2.826299999999999812e+00 2.736399999999999721e+00 3.105700000000000127e+00 2.966199999999999726e+00 3.280700000000000394e+00 3.347900000000000098e+00 3.174700000000000522e+00 2.485999999999999766e+00 1.696600000000000108e+00 2.601900000000000102e+00 3.876300000000000079e+00 3.528500000000000192e+00 3.827500000000000124e+00 3.916999999999999815e+00 4.247500000000000497e+00 4.060399999999999565e+00 3.973800000000000221e+00 2.951700000000000212e+00 2.828699999999999992e+00 3.347999999999999865e+00 3.287399999999999878e+00 3.105399999999999938e+00 1.957700000000000218e+00 5.237000000000000544e-01 1.645999999999999963e-01 5.219000000000000306e-01 1.515000000000000124e+00 2.097799999999999887e+00 3.619899999999999896e+00 5.099000000000000199e+00
2.487500000000000266e+00 2.959500000000000242e+00 2.835300000000000153e+00 2.805099999999999927e+00 3.090700000000000003e+00 3.096700000000000230e+00 2.836300000000000043e+00 2.498599999999999710e+00 2.423999999999999932e+00 3.013500000000000068e+00 2.906100000000000350e+00 2.836100000000000065e+00 2.950600000000000112e+00 3.035499999999999865e+00 3.185299999999999798e+00 3.048599999999999977e+00 3.761800000000000477e+00 3.743500000000000494e+00 3.292400000000000215e+00 3.236000000000000210e+00 3.031299999999999883e+00 3.182800000000000296e+00 3.344999999999999751e+00 3.405100000000000016e+00 3.083300000000000374e+00 3.235400000000000276e+00 3.374500000000000277e+00 4.018000000000000682e+00 3.570100000000000495e+00 2.303100000000000147e+00 4.826000000000000290e-01 2.066000000000000059e-01 2.379000000000000281e-01 4.718000000000001082e-01 1.086100000000000065e+00 2.587100000000000399e+00 3.999000000000000110e+00
2.959900000000000198e+00 2.921899999999999942e+00 2.733999999999999986e+00 2.812699999999999978e+00 3.050400000000000222e+00 3.028900000000000148e+00 2.684600000000000097e+00 2.538199999999999790e+00 2.387199999999999989e+00 2.658300000000000551e+00 3.027700000000000280e+00 3.038600000000000190e+00 3.349000000000000199e+00 2.843500000000000139e+00 2.696600000000000108e+00 2.888399999999999856e+00 3.388200000000000323e+00 3.376800000000000246e+00 3.051400000000000112e+00 3.444799999999999862e+00 3.394099999999999895e+00 3.086199999999999832e+00 2.817800000000000082e+00 2.927100000000000257e+00 4.090900000000000425e+00 4.181600000000000428e+00 3.677799999999999958e+00 3.824800000000000200e+00 2.515200000000000102e+00 9.092000000000000082e-01 8.210000000000000631e-02 7.479999999999999150e-02 1.903999999999999859e-01 1.569000000000000117e-01 2.441000000000000114e-01 1.329900000000000082e+00 2.536100000000000243e+00
2.830900000000000194e+00 2.987800000000000011e+00 3.258700000000000152e+00 2.935400000000000453e+00 2.960300000000000153e+00 3.011099999999999888e+00 2.981000000000000316e+00 2.925199999999999800e+00 2.693800000000000416e+00 2.612400000000000055e+00 2.908199999999999896e+00 3.456500000000000128e+00 3.687000000000000277e+00 3.704000000000000625e+00 3.113999999999999879e+00 3.332000000000000295e+00 3.376900000000000013e+00 3.449800000000000200e+00 3.378099999999999881e+00 3.161799999999999944e+00 3.148800000000000043e+00 2.934299999999999908e+00 3.007600000000000051e+00 3.015900000000000247e+00 3.519800000000000040e+00 4.455300000000000260e+00 4.281800000000000495e+00 2.954500000000000348e+00 1.343100000000000183e+00 1.613999999999999879e-01 0.000000000000000000e+00 0.000000000000000000e+00 5.439999999999999697e-02 1.224000000000000088e-01 2.719999999999999848e-02 2.499000000000000110e-01 2.089500000000000135e+00
3.307900000000000063e+00 3.133099999999999774e+00 3.288700000000000401e+00 2.787500000000000089e+00 2.944099999999999717e+00 3.010899999999999910e+00 2.869299999999999962e+00 2.857800000000000118e+00 2.380500000000000504e+00 2.812000000000000277e+00 3.822400000000000020e+00 3.928600000000000314e+00 4.642000000000000348e+00 5.056300000000000239e+00 3.099800000000000111e+00 3.160800000000000054e+00 2.869600000000000151e+00 3.242700000000000138e+00 3.141900000000000137e+00 2.661000000000000032e+00 2.286399999999999988e+00 2.169900000000000162e+00 2.448100000000000165e+00 3.015500000000000291e+00 2.688700000000000312e+00 2.934200000000000141e+00 3.344200000000000284e+00 3.298100000000000698e+00 1.744300000000000184e+00 1.521000000000000130e-01 0.000000000000000000e+00 0.000000000000000000e+00 0.000000000000000000e+00 6.799999999999999621e-03 6.120000000000000440e-02 9.778000000000000025e-01 2.190100000000000158e+00
3.138500000000000068e+00 2.905700000000000394e+00 3.180000000000000160e+00 2.904900000000000038e+00 2.811799999999999855e+00 2.967699999999999783e+00 2.852899999999999991e+00 3.045700000000000074e+00 2.780700000000000394e+00 2.942400000000000126e+00 3.474200000000000621e+00 3.154300000000000104e+00 3.623599999999999710e+00 3.655600000000000183e+00 2.706299999999999706e+00 3.302800000000000402e+00 2.964599999999999902e+00 3.580799999999999983e+00 3.592699999999999783e+00 3.440599999999999881e+00 3.082300000000000040e+00 2.618900000000000006e+00 2.592200000000000060e+00 3.008399999999999963e+00 2.890100000000000335e+00 2.876500000000000057e+00 3.179800000000000182e+00 3.052900000000000169e+00 2.680200000000000138e+00 1.097599999999999909e+00 3.239999999999999825e-02 0.000000000000000000e+00 0.000000000000000000e+00 1.149999999999999981e-02 4.076000000000000734e-01 1.909399999999999986e+00 2.112800000000000011e+00
