testcase_input/hyytiala/LAI_conif.asc
ncols        375
nrows        250
xllcorner    348000.000000000000
yllcorner    6857000.000000000000
cellsize     32.000000000000
NODATA_value  -9999
[rows 204 to 220 of 250, columns 333 to 369 of 375]
3.657399999999999984e+00 3.958600000000000119e+00 4.811200000000000365e+00 4.058400000000000674e+00 4.093400000000000816e+00 5.359200000000000408e+00 4.485100000000000087e+00 2.872800000000000242e+00 1.985200000000000076e+00 1.765200000000000102e+00 7.666999999999999371e-01 2.497999999999999665e-01 2.597000000000000419e-01 8.811999999999999833e-01 2.247500000000000053e+00 3.530400000000000205e+00 2.450700000000000323e+00 1.793200000000000127e+00 2.458499999999999908e+00 2.612299999999999844e+00 2.801899999999999835e+00 2.712800000000000544e+00 4.906300000000000772e+00 6.244200000000000195e+00 4.839100000000000179e+00 2.508399999999999963e+00 9.136999999999999567e-01 1.902999999999999969e-01 4.939000000000000057e-01 1.123000000000000109e-01 0.000000000000000000e+00 0.000000000000000000e+00 0.000000000000000000e+00 0.000000000000000000e+00 0.000000000000000000e+00 0.000000000000000000e+00 0.000000000000000000e+00
2.689799999999999969e+00 3.188000000000000167e+00 4.212500000000000355e+00 4.090199999999999392e+00 3.458600000000000119e+00 5.971799999999999997e+00 6.006600000000000605e+00 4.692200000000000593e+00 3.228499999999999925e+00 2.776600000000000179e+00 8.470000000000000862e-01 2.225999999999999923e-01 2.268000000000000016e-01 1.781000000000000361e-01 1.286799999999999944e+00 3.477300000000000502e+00 3.590500000000000025e+00 2.177599999999999980e+00 1.610000000000000098e+00 2.212799999999999656e+00 2.281600000000000072e+00 3.754900000000000126e+00 5.449800000000000644e+00 5.811100000000000598e+00 5.014999999999999680e+00 2.957500000000000462e+00 4.566000000000000059e-01 9.100000000000001144e-02 1.166000000000000092e-01 1.830000000000000029e-02 4.390000000000000152e-02 1.619999999999999912e-02 0.000000000000000000e+00 0.000000000000000000e+00 0.000000000000000000e+00 0.000000000000000000e+00 4.700000000000000185e-03
4.433000000000000718e+00 4.523100000000000342e+00 4.031600000000000072e+00 4.406399999999999650e+00 4.864100000000000534e+00 6.080199999999999605e+00 6.843700000000000117e+00 6.662900000000000489e+00 4.575499999999999901e+00 3.524099999999999788e+00 1.327500000000000124e+00 3.533000000000000584e-01 1.385000000000000120e-01 1.551000000000000156e-01 1.038200000000000012e+00 3.253900000000000237e+00 3.398900000000000254e+00 2.619899999999999896e+00 2.171899999999999942e+00 2.720000000000000195e+00 2.761599999999999611e+00 4.766299999999999315e+00 6.348300000000000942e+00 6.249900000000000233e+00 5.468400000000000816e+00 2.665200000000000014e+00 2.905999999999999694e-01 8.160000000000000586e-02 8.160000000000000586e-02 7.740000000000001046e-02 2.963999999999999968e-01 1.908000000000000251e-01 5.330000000000000016e-02 4.700000000000000185e-03 4.700000000000000185e-03 5.120000000000000245e-02 1.776000000000000079e-01
4.890200000000000102e+00 5.118199999999999861e+00 3.891399999999999970e+00 3.238300000000000622e+00 4.177400000000000446e+00 5.519400000000000084e+00 6.293000000000001037e+00 6.867099999999999760e+00 5.906900000000000261e+00 4.132400000000000517e+00 3.040200000000000458e+00 8.250999999999999446e-01 1.176000000000000101e-01 1.332000000000000128e-01 7.869000000000000439e-01 2.013800000000000257e+00 1.979300000000000281e+00 1.825600000000000112e+00 2.002600000000000158e+00 2.430600000000000094e+00 4.248199999999999754e+00 5.573900000000000965e+00 5.479900000000000659e+00 5.571899999999999409e+00 4.103000000000000647e+00 1.202199999999999935e+00 1.025000000000000078e-01 8.840000000000000635e-02 8.840000000000000635e-02 3.740999999999999881e-01 9.633999999999999231e-01 7.116999999999999993e-01 8.772999999999999687e-01 5.450999999999999179e-01 4.682000000000000051e-01 6.927000000000000934e-01 1.111199999999999966e+00
3.923200000000000465e+00 4.015000000000000568e+00 3.320599999999999774e+00 2.770500000000000185e+00 2.987199999999999633e+00 3.672499999999999876e+00 4.000000000000000000e+00 5.219300000000000495e+00 6.145500000000001073e+00 5.451000000000000512e+00 3.756000000000000227e+00 2.361700000000000355e+00 8.055999999999999828e-01 1.054600000000000204e+00 9.954000000000000625e-01 1.206399999999999917e+00 1.655800000000000161e+00 2.553900000000000059e+00 2.124200000000000088e+00 1.878800000000000026e+00 3.968299999999999716e+00 5.171800000000000175e+00 5.283300000000000551e+00 5.616400000000000503e+00 3.040300000000000225e+00 3.145999999999999908e-01 8.840000000000000635e-02 8.840000000000000635e-02 1.166000000000000092e-01 1.159299999999999997e+00 2.036500000000000199e+00 1.611900000000000110e+00 2.274500000000000188e+00 2.107199999999999740e+00 1.988300000000000178e+00 1.996200000000000196e+00 1.975700000000000234e+00
2.560999999999999943e+00 2.882299999999999862e+00 3.317200000000000149e+00 3.182299999999999685e+00 2.918700000000000294e+00 2.317200000000000149e+00 2.645300000000000207e+00 3.869900000000000340e+00 5.093300000000000161e+00 5.301500000000000767e+00 3.602100000000000080e+00 2.596400000000000041e+00 3.106100000000000527e+00 2.823999999999999844e+00 2.425400000000000222e+00 1.594100000000000072e+00 1.736600000000000144e+00 2.863400000000000389e+00 3.063400000000000123e+00 2.652700000000000280e+00 3.530000000000000249e+00 4.525500000000000078e+00 4.345400000000000595e+00 4.105399999999999494e+00 1.603900000000000103e+00 1.166000000000000092e-01 8.840000000000000635e-02 8.840000000000000635e-02 4.744000000000000439e-01 2.631700000000000372e+00 2.255799999999999805e+00 1.047600000000000087e+00 1.142500000000000071e+00 1.792699999999999960e+00 2.500700000000000145e+00 2.297800000000000065e+00 1.984399999999999942e+00
2.166900000000000048e+00 2.731800000000000228e+00 2.818299999999999805e+00 3.160000000000000142e+00 2.753299999999999859e+00 2.812100000000000044e+00 2.234300000000000175e+00 2.724800000000000111e+00 3.398499999999999854e+00 4.248400000000000176e+00 5.424999999999999822e+00 4.610899999999999999e+00 4.988999999999999879e+00 3.995000000000000107e+00 3.068900000000000183e+00 9.413000000000000256e-01 1.311100000000000154e+00 2.909600000000000186e+00 3.124600000000000044e+00 3.324800000000000200e+00 3.675600000000000200e+00 2.845299999999999940e+00 2.314499999999999780e+00 1.480600000000000138e+00 3.453000000000000513e-01 3.189999999999999780e-02 8.680000000000000215e-02 1.118999999999999995e-01 1.383299999999999974e+00 3.548200000000000021e+00 1.461899999999999977e+00 3.621000000000000330e-01 2.769000000000000350e-01 7.152000000000000579e-01 1.681600000000000206e+00 2.162900000000000045e+00 2.145300000000000207e+00
1.457200000000000273e+00 2.141100000000000225e+00 2.639000000000000234e+00 2.723100000000000076e+00 2.537900000000000045e+00 2.728100000000000414e+00 2.595600000000000129e+00 2.619699999999999918e+00 2.577100000000000168e+00 3.772199999999999775e+00 4.750500000000000611e+00 5.182200000000000806e+00 4.673700000000000188e+00 3.873899999999999899e+00 3.070600000000000218e+00 1.059099999999999930e+00 1.224699999999999900e+00 3.190500000000000114e+00 3.619800000000000129e+00 3.878100000000000325e+00 5.218999999999999417e+00 3.975500000000000256e+00 2.527899999999999814e+00 8.386000000000000121e-01 5.120000000000000245e-02 4.700000000000000185e-03 1.071000000000000146e-01 1.667000000000000148e-01 1.626300000000000079e+00 2.961699999999999999e+00 8.628000000000000114e-01 4.102000000000000091e-01 1.990999999999999992e-01 5.444999999999999840e-01 1.276000000000000023e+00 2.080900000000000194e+00 2.234500000000000153e+00
9.048000000000000487e-01 1.269100000000000117e+00 1.617799999999999905e+00 2.395799999999999930e+00 2.425899999999999945e+00 2.890900000000000247e+00 2.650799999999999823e+00 2.379400000000000404e+00 3.173499999999999766e+00 4.020900000000000141e+00 3.247900000000000009e+00 3.675100000000000477e+00 2.964800000000000324e+00 2.673099999999999810e+00 3.139700000000000379e+00 2.070100000000000051e+00 1.631099999999999994e+00 3.012299999999999756e+00 3.527200000000000113e+00 3.408400000000000318e+00 4.063100000000000378e+00 4.942300000000000360e+00 2.837200000000000166e+00 3.447999999999999954e-01 4.700000000000000185e-03 0.000000000000000000e+00 1.410000000000000142e-02 1.897000000000000075e-01 1.435200000000000031e+00 2.277000000000000135e+00 8.151000000000000467e-01 3.469999999999999751e-01 3.224000000000000199e-01 3.839999999999999525e-01 8.585000000000000409e-01 2.079900000000000304e+00 2.451600000000000001e+00
8.586000000000000298e-01 7.177000000000000046e-01 1.378800000000000026e+00 1.949899999999999967e+00 1.982500000000000151e+00 2.517400000000000304e+00 2.233900000000000219e+00 2.269299999999999873e+00 2.685700000000000198e+00 2.826400000000000468e+00 2.014800000000000146e+00 2.245899999999999785e+00 2.377500000000000391e+00 2.818599999999999994e+00 2.792100000000000470e+00 2.375700000000000145e+00 3.585600000000000342e+00 4.401500000000000412e+00 4.747300000000000075e+00 4.676499999999999879e+00 4.197000000000000064e+00 4.592000000000000526e+00 2.476400000000000379e+00 1.212000000000000022e-01 0.000000000000000000e+00 0.000000000000000000e+00 0.000000000000000000e+00 3.099000000000000088e-01 1.591700000000000115e+00 3.259700000000000486e+00 1.835199999999999942e+00 5.748999999999999666e-01 4.843999999999999972e-01 2.407999999999999863e-01 3.485000000000000320e-01 1.145199999999999996e+00 2.581799999999999873e+00
1.197600000000000220e+00 1.071500000000000119e+00 1.548900000000000166e+00 1.790000000000000036e+00 1.669499999999999984e+00 2.728200000000000180e+00 2.510900000000000354e+00 2.277800000000000047e+00 2.505399999999999849e+00 2.168200000000000127e+00 1.592500000000000249e+00 1.749300000000000077e+00 2.300300000000000011e+00 3.185900000000000176e+00 2.618300000000000072e+00 2.067400000000000126e+00 5.107400000000000162e+00 6.058200000000000252e+00 6.248800000000000132e+00 6.220500000000000362e+00 5.925800000000000622e+00 5.109600000000000364e+00 1.969700000000000006e+00 1.101999999999999924e-01 0.000000000000000000e+00 1.149999999999999981e-02 1.625000000000000056e-01 9.188000000000000611e-01 1.815800000000000081e+00 3.458400000000000585e+00 2.819200000000000372e+00 6.407000000000000473e-01 4.253000000000000114e-01 4.363000000000000211e-01 2.721999999999999975e-01 8.672000000000000819e-01 2.987600000000000033e+00
2.120099999999999874e+00 1.355399999999999938e+00 1.158799999999999830e+00 1.042699999999999960e+00 9.393000000000000238e-01 1.679100000000000259e+00 2.771300000000000097e+00 2.416600000000000303e+00 2.604100000000000303e+00 1.866500000000000048e+00 1.800499999999999989e+00 1.792100000000000026e+00 2.546000000000000263e+00 3.803500000000000103e+00 2.751999999999999780e+00 1.997400000000000064e+00 4.420500000000000540e+00 3.476800000000000335e+00 3.128099999999999881e+00 3.177799999999999958e+00 4.207600000000000229e+00 3.482000000000000206e+00 1.104200000000000070e+00 1.431000000000000050e-01 7.630000000000000671e-02 1.678000000000000047e-01 1.022799999999999931e+00 3.094800000000000217e+00 3.719100000000000517e+00 3.887199999999999989e+00 3.425899999999999945e+00 1.454400000000000137e+00 2.545000000000000040e-01 3.225000000000000089e-01 2.901000000000000245e-01 1.081399999999999917e+00 2.881499999999999950e+00
2.772699999999999942e+00 1.777800000000000047e+00 1.005200000000000093e+00 9.094999999999999751e-01 9.482000000000000428e-01 1.378600000000000048e+00 2.914699999999999847e+00 2.638400000000000301e+00 2.390299999999999869e+00 2.265000000000000124e+00 2.039200000000000124e+00 1.913900000000000157e+00 1.847000000000000197e+00 3.068500000000000227e+00 2.601900000000000102e+00 1.513500000000000068e+00 2.409000000000000252e+00 1.314100000000000046e+00 4.477999999999999758e-01 3.609999999999999876e-01 1.148900000000000254e+00 1.160800000000000054e+00 4.419000000000000705e-01 1.259000000000000119e-01 9.670000000000000817e-02 1.145000000000000046e-01 8.777000000000001467e-01 3.323599999999999888e+00 5.006299999999999528e+00 3.973399999999999821e+00 3.920300000000000118e+00 1.977800000000000225e+00 1.557999999999999940e-01 8.840000000000000635e-02 1.092999999999999944e-01 7.841000000000000192e-01 1.299199999999999910e+00
3.527300000000000324e+00 3.067800000000000527e+00 2.103900000000000325e+00 1.260600000000000165e+00 9.528000000000000913e-01 2.179700000000000415e+00 2.349299999999999944e+00 2.425600000000000200e+00 2.365800000000000125e+00 2.126600000000000268e+00 1.946799999999999864e+00 2.001300000000000079e+00 1.705700000000000216e+00 1.815300000000000136e+00 1.286299999999999999e+00 3.986000000000000654e-01 4.638999999999999790e-01 8.501000000000000778e-01 4.369000000000000661e-01 1.912000000000000088e-01 3.829000000000000181e-01 1.751000000000000056e-01 8.160000000000000586e-02 8.160000000000000586e-02 8.160000000000000586e-02 1.260000000000000009e-01 8.046999999999999709e-01 3.280499999999999972e+00 4.673700000000000188e+00 4.388099999999999667e+00 4.800300000000000011e+00 1.681899999999999951e+00 1.396000000000000019e-01 9.519999999999999296e-02 1.156000000000000083e-01 9.100000000000001144e-02 6.950000000000000622e-02
3.158500000000000085e+00 3.425100000000000033e+00 3.824399999999999800e+00 3.378800000000000026e+00 3.287300000000000555e+00 3.918699999999999850e+00 2.205999999999999961e+00 2.182400000000000340e+00 1.991400000000000059e+00 2.038800000000000168e+00 2.722700000000000120e+00 2.153799999999999937e+00 6.875000000000000000e-01 3.548000000000000043e-01 1.557000000000000051e-01 1.212000000000000022e-01 1.927999999999999992e-01 5.664000000000000146e-01 5.732999999999999208e-01 3.093000000000000194e-01 2.989000000000000545e-01 1.275999999999999912e-01 8.840000000000000635e-02 8.160000000000000586e-02 1.260000000000000009e-01 1.094300000000000050e+00 3.622700000000000475e+00 4.728900000000000325e+00 4.312899999999999956e+00 4.588400000000000034e+00 3.963100000000000289e+00 1.185200000000000031e+00 1.092999999999999944e-01 1.087999999999999939e-01 9.519999999999999296e-02 2.719999999999999848e-02 0.000000000000000000e+00
2.470400000000000151e+00 2.299700000000000522e+00 2.576900000000000190e+00 3.488300000000000622e+00 4.415900000000000603e+00 4.026099999999999568e+00 2.498000000000000220e+00 1.991900000000000226e+00 1.284599999999999964e+00 1.263400000000000079e+00 1.411300000000000221e+00 4.561000000000000609e-01 8.880000000000000393e-02 5.169999999999999596e-02 1.871000000000000163e-01 3.653000000000000691e-01 4.332000000000000295e-01 4.896000000000000352e-01 5.743000000000000327e-01 3.596000000000000307e-01 1.511000000000000121e-01 1.156000000000000083e-01 1.156000000000000083e-01 8.160000000000000586e-02 5.835000000000000187e-01 3.136099999999999888e+00 4.119800000000000573e+00 3.436800000000000299e+00 3.533300000000000551e+00 4.392600000000000726e+00 2.711100000000000065e+00 4.934999999999999942e-01 8.840000000000000635e-02 7.479999999999999150e-02 2.040000000000000147e-02 6.799999999999999621e-03 0.000000000000000000e+00
2.219899999999999984e+00 2.165599999999999969e+00 1.976500000000000146e+00 2.484700000000000131e+00 3.857699999999999907e+00 4.571699999999999875e+00 3.277200000000000113e+00 1.749000000000000110e+00 1.444600000000000106e+00 1.719400000000000261e+00 7.749000000000000332e-01 8.830000000000000349e-02 1.677000000000000157e-01 8.569999999999999840e-02 3.020999999999999797e-01 2.587000000000000410e-01 4.467999999999999750e-01 4.911999999999999700e-01 4.587999999999999856e-01 3.281999999999999917e-01 1.370000000000000107e-01 1.134999999999999898e-01 1.019999999999999934e-01 9.519999999999999296e-02 1.550300000000000011e+00 3.776399999999999757e+00 3.684099999999999930e+00 3.009600000000000275e+00 3.106600000000000250e+00 3.641000000000000458e+00 1.582100000000000062e+00 1.506000000000000116e-01 4.080000000000000293e-02 6.799999999999999621e-03 0.000000000000000000e+00 6.799999999999999621e-03 0.000000000000000000e+00
