testcase_input/hyytiala/slope.asc
ncols        375
nrows        250
xllcorner    348000.000000000000
yllcorner    6857000.000000000000
cellsize     32.000000000000
NODATA_value  -9999
[rows 85 to 101 of 250, columns 259 to 295 of 375]
3.413355249721476692e-02 8.680902094091821897e-02 1.993260383605957031e-01 1.821298599243164062e-01 2.630401674304300857e-02 1.388788223266601562e-02 4.462480545043945312e-02 5.876207351684570312e-02 8.706903457641601562e-02 1.328277587890625000e-01 1.613593101501464844e-01 1.616511344909667969e-01 6.845816497802914569e-03 6.250000001983835318e-07 4.419417383818705141e-07 2.342529632568357556e-02 1.964416503906250000e-01 1.379102202990427350e-01 5.223680404440205621e-02 4.878109964129683646e-02 5.075289780203050272e-02 3.728437423706054688e-02 3.283500671386718750e-02 3.610568783273652299e-02 4.306059218661020815e-02 5.636644363403320312e-02 7.608604431152343750e-02 7.292413711547851562e-02 6.587791442871093750e-02 6.866836547851562500e-02 6.923075053878262330e-02 7.984029242073295562e-02 5.132575776699057485e-02 5.593999474196325455e-02 2.251982688903808594e-01 1.998256266354865029e-01 6.919783523559530636e-02
5.911247232307526717e-02 1.334939049246772202e-01 1.510553165874084502e-01 1.514363288879394531e-01 1.441219914199723569e-02 2.414417266845703125e-02 1.003189086914062500e-01 9.128093719482421875e-02 1.008067131042480469e-01 9.544563293457031250e-02 8.343322696258964610e-02 1.694073677062988281e-01 4.749827209472634593e-02 6.250000001983835318e-07 6.250000001983835318e-07 4.419417383818705141e-07 1.566572648620603303e-01 2.395558357238769531e-01 8.522558212280273438e-02 5.197751663236303832e-02 4.825443262230470765e-02 4.156827926635742188e-02 3.603553771972656250e-02 3.235731571357165076e-02 5.984313008886012891e-02 6.731256316935481376e-02 6.630677077649083095e-02 7.477997320112096669e-02 9.286594390869140625e-02 1.111984252929687500e-01 1.033973693847656250e-01 7.941747523647166296e-02 3.311629616155582767e-02 6.248725477703957754e-02 2.743062973022460938e-01 1.562791655792427070e-01 4.664387630049987576e-02
8.934356382296933241e-02 1.407032012939453125e-01 1.031103134155273438e-01 7.765722274780273438e-02 3.860473632812500000e-03 2.305364608764648438e-02 1.363677978515625000e-01 8.192586898803710938e-02 6.647443771362304688e-02 4.980273924920090856e-02 1.133012771606445312e-01 1.192674636840820312e-01 4.588450698852497567e-02 6.250000001983835318e-07 1.015858474731423655e-02 4.371688995361111552e-03 9.729099273681640625e-02 2.619733810424804688e-01 1.065866824857463063e-01 5.115615884858273898e-02 4.498080260476654268e-02 4.516860896173108958e-02 4.060220718383789062e-02 4.623937606811523438e-02 7.802190878857893919e-02 6.607580604665114210e-02 5.492981907685414583e-02 6.810188293457031250e-02 1.153068542480468750e-01 1.506643295288085938e-01 1.356034278869628906e-01 8.882808685302734375e-02 7.276582717895507812e-02 6.497324448960614673e-02 2.304134368896484375e-01 1.309432983398437500e-01 4.651697093929160753e-02
6.788778305053710938e-02 1.256589889526367188e-01 9.275865554809570312e-02 3.646646485598977611e-02 1.530504226684570312e-02 4.147720336914062500e-02 1.464924812316894531e-01 7.377451798304508757e-02 4.542493820190429688e-02 3.231011124323945188e-02 9.332627241985477773e-02 1.193109846385792538e-01 9.575284707944314855e-02 8.684577255248981942e-02 1.042919158935546875e-01 5.033445358276367188e-02 5.396988245517002347e-02 2.302746772766113281e-01 1.573758125305175781e-01 3.825989755382534080e-02 2.828559297263119957e-02 3.074123695426993208e-02 4.407882690429687500e-02 7.861423492431640625e-02 8.816480076381665032e-02 5.994293382613392202e-02 4.113464979705639540e-02 6.564044952392578125e-02 1.267714500427246094e-01 1.528897285461425781e-01 1.502327919006347656e-01 1.200346946716308594e-01 1.011395454406738281e-01 8.010625839233398438e-02 1.412141960475087610e-01 9.512758255004882812e-02 6.613413728499020761e-02
1.813554763793945312e-02 1.029849052429199219e-01 1.129183769226074219e-01 2.442730187254991622e-02 2.191638946533203125e-02 8.477258682250976562e-02 1.435187857240844411e-01 7.406077937813107526e-02 4.106712341308593750e-02 3.795441719581837958e-02 7.820364599935791805e-02 1.169234499641341324e-01 1.221551895141601562e-01 1.597652435302734375e-01 1.435019269846800893e-01 1.149692535400390625e-01 7.481336593627929688e-02 1.499750085663772159e-01 1.690564155578613281e-01 3.575974650015910361e-02 2.465118593183978843e-02 2.589464187622070312e-02 5.643177032470703125e-02 9.328176534782726959e-02 7.597289760137330983e-02 3.511709135406498872e-02 1.915119078856215851e-02 6.137371063232421875e-02 1.361684799194335938e-01 1.335616770570827450e-01 1.521774342821625159e-01 1.513414382934570312e-01 1.085243225097656250e-01 8.373546600341796875e-02 7.253641216118905666e-02 6.110334396362304688e-02 1.423244476318359375e-01
4.914221383933817938e-02 1.057528492348067811e-01 1.309418678283691406e-01 9.901137652179224646e-03 3.146982192993164062e-02 1.447420120239257812e-01 1.364384523490423384e-01 6.163386538839098899e-02 5.711460113525390625e-02 3.533840179443359375e-02 2.227680107413006205e-02 5.388390288420779467e-02 8.842039108276367188e-02 5.582284927368164062e-02 5.632066507771364694e-02 4.462099075317382812e-02 6.120729446411132812e-02 1.062596229413017707e-01 1.317272186279296875e-01 4.244423667398689731e-02 1.719379425048828125e-02 1.277399063110351562e-02 6.093072891235351562e-02 7.476446316086896027e-02 2.715302285944645733e-02 5.296707153320312500e-03 2.471113204956054688e-02 7.253408432006835938e-02 1.347155570983886719e-01 1.537909507751464844e-01 1.313676807109996347e-01 1.539765989513955380e-01 6.937932968139648438e-02 3.211498260498046875e-02 3.748136096813210055e-02 8.229998249982872771e-02 1.825757026672363281e-01
6.578044093228678502e-02 1.006431579589843750e-01 5.976537124633818365e-02 6.249999993102051121e-07 3.840640441894560553e-02 1.850538253784179688e-01 9.977238001850495530e-02 3.701572258578374880e-02 7.727432250976562500e-02 4.009008407592773438e-02 1.254796981811523438e-02 5.828380584716796875e-03 3.675272625107577074e-02 8.269262313842773438e-02 3.586292198531377401e-02 4.921579360961914062e-02 6.193780899047851562e-02 8.310819046687363543e-02 7.995319366455078125e-02 7.114219665527343750e-02 4.631280899047851562e-02 3.772918443737616201e-02 5.409025385451713547e-02 8.175713109100840592e-02 5.001354217529296875e-02 4.587888717651367188e-02 5.169010162353515625e-02 9.623777671498734421e-02 1.296848413436566538e-01 1.375632286071777344e-01 9.421825408935546875e-02 1.576857566833496094e-01 8.589628878956628855e-02 7.627391815185546875e-02 1.127576828002929688e-01 1.474354080625047969e-01 1.993232362012366532e-01
5.581153114770204954e-02 1.025085449218750000e-01 1.934227432250956724e-02 4.419417383818705141e-07 5.939740112304647823e-02 1.907811164855957031e-01 7.389783859252929688e-02 1.637725380696915950e-02 7.494926452636718750e-02 3.729861223298886613e-02 1.709175109863281250e-02 1.597738265991210938e-02 1.192924400252344530e-02 6.097806042556148248e-02 3.025960922241210938e-02 6.996440887451171875e-02 6.308412551879882812e-02 3.789709748184356269e-02 2.717366729736347963e-02 2.294191802978495787e-02 2.402165786743193365e-02 5.055856704711914062e-02 5.615234375000000000e-02 1.117673731047054003e-01 9.075801205899494684e-02 3.785419464111328125e-02 6.103841471262907992e-02 1.194745144108015217e-01 1.275626632274361183e-01 1.098613240276487268e-01 9.602308273315429688e-02 1.268454924531747519e-01 7.832840067095016290e-02 1.138286590576171875e-01 1.376047399410357808e-01 1.578733279773187614e-01 1.897299391305810046e-01
6.862735748291015625e-02 9.533819641113261412e-02 7.281451568603714009e-03 5.275436734411584165e-03 9.555721282958984375e-02 1.645951271057128906e-01 6.315708160400390625e-02 6.065368652343750000e-03 5.827283859252929688e-02 4.915285110473632812e-02 4.872512862647436840e-03 1.858949661254882812e-02 4.491168177320867434e-03 5.468334430676243668e-02 6.541728973388671875e-02 5.436673718074860190e-02 1.933023060103643623e-02 4.294013977050781250e-02 2.888374104669780978e-02 4.419417383818705141e-07 6.249999993102051121e-07 3.469022674560839903e-03 2.108860015869140625e-02 1.029782295227050781e-01 1.085872650146484375e-01 8.987474441528320312e-02 9.759187066394534038e-02 1.427335056426294602e-01 1.196508568249711052e-01 6.991454100902336211e-02 6.375408172607421875e-02 7.738127669121334928e-02 6.784343719482421875e-02 1.134748458862304688e-01 1.501206680748308764e-01 1.454585522799498321e-01 1.538950026526784698e-01
1.001179841762942918e-01 9.013700485229492188e-02 8.502006530761718750e-03 1.260471343994140625e-02 1.164364814758300781e-01 1.349301338195800781e-01 7.000827789306640625e-02 9.224414825439453125e-03 4.020269868278351227e-02 4.405188606358644010e-02 1.842084442138691713e-02 3.450309606495828574e-02 7.224655151367187500e-02 8.081483840942382812e-02 1.261777877807617188e-01 1.306395530700683594e-01 1.366286277770996094e-01 1.327719688415527344e-01 8.977890014648437500e-02 6.129187515258749386e-02 2.641728775024443365e-02 4.419417383818705141e-07 2.696407180786142277e-02 7.720756530761718750e-02 1.087255477905273438e-01 1.321625709533691406e-01 1.636295318603515625e-01 1.230516017376181159e-01 9.182348438935034052e-02 4.806291734267120058e-02 3.248207038516389561e-02 3.343694938502671243e-02 8.117151260375976562e-02 1.013341736369246376e-01 1.320652953475519586e-01 1.266897177010784803e-01 1.153353567122436391e-01
9.037059822748280680e-02 6.531906127929687500e-02 1.610183715820312500e-02 1.443276680407055111e-02 9.933185577392578125e-02 1.479001045227050781e-01 9.434223175048828125e-02 2.196187982205665898e-02 4.007762971034100480e-02 2.129525115966757198e-02 6.250000001983835318e-07 7.037562301635702511e-02 6.159400939941406250e-02 6.701898574829101562e-02 6.922198399429235760e-02 6.477928161621093750e-02 6.796646118164062500e-02 5.875135812503392424e-02 6.929397583007812500e-02 4.276895523071289062e-02 2.327745395216026386e-02 1.073634963989267277e-02 5.017042160034179688e-02 7.679560408430596841e-02 7.644033432006835938e-02 1.523237228393554688e-01 2.169475555419921875e-01 1.017222618180129573e-01 6.122858129311023467e-02 3.530624641018188098e-02 1.520321119484969487e-03 2.621126174926757812e-02 7.598209381103515625e-02 8.725308013682898933e-02 1.017900339504184681e-01 1.102497493835251224e-01 7.833244676840721288e-02
4.552936553955078125e-02 2.585363388061523438e-02 1.955209161159778344e-02 1.657315235884779248e-02 9.156560897827148438e-02 1.804161071777343750e-01 7.831048965454101562e-02 1.846267987128819357e-02 2.493718521118193365e-02 4.419417377538335414e-07 1.941222122192343136e-02 8.725500106811523438e-02 3.834924887266843302e-02 4.053163528442382812e-02 3.443566110734085778e-02 1.676230741496468474e-02 2.115164880628323321e-02 3.753948211669921875e-02 6.407499313354492188e-02 6.022119522094726562e-02 7.687585168387071032e-03 1.075553894042968750e-02 5.892133712768554688e-02 9.481954574584960938e-02 8.972828025617678172e-02 1.377620697021484375e-01 2.195258140563964844e-01 8.874170682623376549e-02 2.605214717634190408e-02 8.818469407631378959e-03 5.392222747802932759e-03 6.427368606567362974e-02 9.941666061707300772e-02 8.649409968884481936e-02 8.530218681295673178e-02 8.949158355493959383e-02 5.110423393121731744e-02
1.787185668945312500e-02 4.647912292480071983e-03 1.974105834960937500e-02 6.568288803100585938e-02 1.257677078247070312e-01 1.567073775601133812e-01 5.395740698801079760e-02 1.132822036743164062e-02 1.225757598876953125e-02 1.979383392334277403e-03 3.265476226806640625e-02 7.131528854370117188e-02 1.822280883789062500e-02 5.178022384643554688e-02 2.018699173756589166e-02 1.306990631062228229e-02 3.041552610897774178e-02 3.351354598999023438e-02 6.721782684326171875e-02 4.229640960693359375e-02 7.923603057861328125e-03 1.034927368164062500e-02 5.929708480834960938e-02 1.101012229919433594e-01 8.848094940185546875e-02 1.167120933532714844e-01 1.989645957946777344e-01 1.179012568495868690e-01 1.742114695088698220e-02 4.419417383818705141e-07 2.243074859619120787e-02 8.680534362792968750e-02 1.039000737742678676e-01 8.186064375095117307e-02 5.702738343354431944e-02 6.282308086597437891e-02 6.251591463402697557e-02
6.710381164550582866e-03 4.419417383818705141e-07 4.571074417114218136e-02 1.553764343261718750e-01 1.560748376576618912e-01 1.066332126065023256e-01 3.416204452514648438e-02 8.363957793289899037e-03 2.626895904541015625e-02 8.407115936279296875e-03 3.541135787963867188e-02 6.498336791992187500e-02 2.908182144165039062e-02 4.904794692993164062e-02 1.493414571395614704e-02 1.706886291503906250e-02 3.707408905029296875e-02 2.828311920166015625e-02 4.826736450195312500e-02 3.729186873722712542e-02 2.469158172607421875e-02 7.466793060302734375e-03 5.035781860351562500e-02 1.000761985778808594e-01 7.826328277587890625e-02 1.207274559233333794e-01 1.640644073486328125e-01 1.347583103800040483e-01 7.368449231462581572e-02 4.087907130768633768e-02 5.219916810902379412e-02 7.704477625270236829e-02 1.061601563788160535e-01 1.117653500559768753e-01 4.612874984741210938e-02 4.850461631506537002e-02 6.304190730344294558e-02
7.726802210755475200e-03 2.210468902587692241e-03 9.399318695068359375e-02 1.972880363464355469e-01 1.081484761041659887e-01 4.020977935333334280e-02 4.594659805297851562e-02 4.999351501464843750e-02 4.781675338745117188e-02 1.467924157416226026e-02 5.772495269775390625e-02 5.799388885498046875e-02 2.525405445293961437e-02 3.629970550537109375e-02 1.934371759255992460e-02 1.627610137054301409e-02 3.549575805664062500e-02 2.983474731445312500e-02 3.142833709716796875e-02 2.738952636718750000e-02 1.946640014648437500e-02 6.639003753662109375e-03 5.299329757690429688e-02 7.412910461425781250e-02 5.428218841552734375e-02 1.262426239320749155e-01 1.585180061721414013e-01 1.270609471427624482e-01 9.341933266136683012e-02 5.763632110082971688e-02 3.772115707397460938e-02 4.945207746959026651e-02 8.076179111657513787e-02 9.759187066394534038e-02 5.274492645004939806e-02 2.775858877885098094e-02 7.982206344604492188e-02
3.537030961991844552e-02 3.152608871459960938e-02 1.453080177307128906e-01 1.923676574977867815e-01 7.182699640705368649e-02 6.499958038330078125e-02 8.072853088378906250e-03 2.539370727538958761e-03 1.876661605834950564e-02 3.073498114812160328e-02 7.672357559204101562e-02 4.517973572973796315e-02 1.849222183227539062e-02 1.861953735351562500e-02 1.879311116361360307e-02 2.340937118731480429e-02 3.416929302475200936e-02 3.827372172013691204e-02 3.729867935180664062e-02 2.057981491088867188e-02 9.994535068479366846e-03 8.632331237793167134e-03 5.398973907470683287e-02 3.876066207885742188e-02 2.611351298777376748e-02 9.859228134155273438e-02 1.496419906616210938e-01 1.186234852456695549e-01 1.069053126604886661e-01 6.719623786746474481e-02 1.969909667968750000e-02 2.889204025268554688e-02 6.597280502319335938e-02 7.009267807006835938e-02 5.646610260009765625e-02 3.724431991577148438e-02 1.241593360900878906e-01
1.010980606079101562e-01 1.613016128540039062e-01 2.309960870949913925e-01 1.936758956755649519e-01 6.135771923694761237e-02 9.773969650268554688e-02 4.604885406494130251e-02 6.250000001983835318e-07 6.250000001983835318e-07 6.559154815673817751e-02 6.735658645629882812e-02 3.112506866455078125e-02 1.540088653564453125e-02 9.002566841926963950e-03 2.137755591430162694e-02 3.229932165002066119e-02 3.490871733502712987e-02 3.496435117506151158e-02 3.001832962036132812e-02 1.680106094360311886e-02 4.419417383818705141e-07 1.887449707031230162e-02 3.873824381117071253e-02 2.069983459024644923e-02 2.938270568847656250e-02 7.601070404052734375e-02 1.184449195861816406e-01 1.102142333984375000e-01 1.225748062133789062e-01 1.010236740112304688e-01 4.885325504594748708e-02 2.600932597825483458e-02 6.197690963745117188e-02 9.321546554565429688e-02 8.436012268066406250e-02 5.929319800948998354e-02 1.108546409533534699e-01
