testcase_input/hyytiala/slope.asc
ncols        375
nrows        250
xllcorner    348000.000000000000
yllcorner    6857000.000000000000
cellsize     32.000000000000
NODATA_value  -9999
[rows 119 to 135 of 250, columns 0 to 36 of 375]
0.000000000000000000e+00 3.702617500421444968e-02 6.379365921020507812e-02 1.057991981506347656e-01 4.578327860041396524e-02 1.334470376291331181e-02 3.002035725733959853e-02 4.332733154296875000e-02 3.321632827758769224e-02 4.419417383818705141e-07 9.447755126952728233e-03 5.737447738647460938e-02 4.022598266601562500e-02 9.688043186108144869e-03 7.527351379394531250e-03 1.808774150693528288e-02 3.782987594604492188e-02 2.499628067016601562e-02 1.284669660090858798e-02 9.836400092866492625e-03 1.234599204059916647e-02 2.883958816528320312e-02 3.337717056274414062e-02 7.077298801949325618e-03 8.989334106445312500e-03 2.368545532226562500e-02 5.118110978290118379e-02 2.803406058071818488e-02 1.055504720716771150e-02 5.942153930664062500e-02 7.445287704467773438e-02 4.230546951293945312e-02 2.189242181571070603e-02 6.657743453979492188e-02 1.392703056335449219e-01 1.305131912231445312e-01 1.001152992248535156e-01
0.000000000000000000e+00 5.842025248313234553e-02 5.577073299834350156e-02 5.781126022338867188e-02 5.575656890869140625e-02 2.058755538581342678e-02 3.060400681551845789e-02 4.008536185652918082e-02 4.355290786743193365e-02 6.249999993102051121e-07 1.318457977294951178e-02 1.065692901611328125e-01 1.003770828247070312e-01 2.295351028442382812e-02 2.564907073974609375e-03 1.743745803833007812e-02 7.322978973388671875e-02 6.079673767089843750e-02 3.979206085205078125e-02 1.401972768866379011e-02 1.794579092115058949e-02 4.586362838745117188e-02 3.953981304940416830e-02 1.761245727539062500e-02 2.447223663330078125e-02 3.412815770060537157e-02 2.660083532350999633e-02 6.250000001983835318e-07 6.596745758056243858e-03 5.709791183471679688e-02 7.303285598754882812e-02 4.159975051879882812e-02 2.667999267578125000e-02 1.156415939331054688e-01 1.647169646511237040e-01 1.260173911736326979e-01 1.608819961547851562e-01
0.000000000000000000e+00 5.475347666268456231e-02 3.447376185839470808e-02 2.918584965682389717e-02 4.943418502807617188e-02 1.883694388606493506e-02 2.617645263671875000e-02 2.928161621093750000e-02 1.530674672873028053e-02 1.752999679565458990e-02 2.046484663688753411e-02 5.740690231323242188e-02 1.041650931577043776e-01 6.258344650268554688e-02 1.415824890136718750e-02 1.839827948676354963e-02 6.339359283447265625e-02 2.458333969116210938e-02 2.431266244460028592e-02 1.127338409423828125e-02 3.201103210449218750e-02 5.827796472255956928e-02 3.276664590630945506e-02 2.277469635009765625e-02 1.942969716352214646e-02 1.745587595405995868e-02 1.180362701416015625e-02 1.467484405517538448e-02 3.247928619384765625e-02 6.449681651403900429e-02 8.942604064941406250e-02 5.818557883062368957e-02 5.684518814086914062e-02 9.518241962827454772e-02 1.501321792602539062e-01 1.243207276399781597e-01 1.528749465942382812e-01
0.000000000000000000e+00 4.522390562697738148e-02 2.164257529773812652e-02 1.891617996126541620e-02 3.402996063232421875e-02 2.090501785278320312e-02 2.996206283569335938e-02 3.573465347290039062e-02 2.705192565917968750e-02 5.265617370605468750e-02 2.982044219970703125e-02 3.346088879498090168e-02 6.530974492811712773e-02 8.848713986122797026e-02 6.874847412109375000e-02 5.790424346923828125e-02 5.943143967260571675e-02 1.994991302490234375e-02 1.442130286127558773e-02 1.221752166748046875e-02 5.307674407958984375e-02 5.295667221696812726e-02 1.836152743486204816e-02 2.117919921875000000e-02 2.381753921508789062e-02 3.494215011596679688e-02 6.807518005371093750e-02 6.846666336059570312e-02 8.619642257690429688e-02 9.431756629683100968e-02 1.008236910077607018e-01 5.918327902857357242e-02 7.565784454345703125e-02 1.173506504206405510e-01 1.044975474987583086e-01 1.488356590270996094e-01 1.507430076599121094e-01
0.000000000000000000e+00 3.174972674543860562e-02 2.004504115178120174e-02 2.042099104049837494e-02 3.299525041263254299e-02 4.303216934204101562e-02 3.564780447051416751e-02 4.729753057371336583e-02 4.244895712102011998e-02 3.064075886741995935e-02 2.699375152587890625e-02 3.111347792031814510e-02 3.391000561271298452e-02 3.942753384497114932e-02 3.006029129028320312e-02 2.726078033447265625e-02 1.981373924715341267e-02 1.627048934936503599e-02 2.006969105645024787e-03 1.656341552734375000e-02 6.184816360473632812e-02 2.980793714084469317e-02 2.243852615356445312e-02 3.379011154174804688e-02 6.605768203735351562e-02 1.128892898559570312e-01 1.053806082687585577e-01 1.021008491516113281e-01 1.050963401794433594e-01 8.586425718469800628e-02 5.696635479690054238e-02 3.264236450195312500e-02 6.825017929077148438e-02 1.420211791992187500e-01 1.170434841886931476e-01 1.622352600097656250e-01 2.041845321655273438e-01
0.000000000000000000e+00 2.469348907470703125e-02 2.200099209747477177e-02 2.628277473139351700e-02 3.678172328285126552e-02 6.013250350952148438e-02 3.357957432038757850e-02 4.930574361156044721e-02 2.456082308863243024e-02 1.901245117187500000e-02 4.821920394897460938e-02 5.128125069496306671e-02 3.440332412719726562e-02 1.938668487548866892e-02 1.138026031494110413e-02 1.404545135498036501e-02 1.146591049194345402e-02 8.303540039058532329e-04 6.250000001983835318e-07 4.656189849853475948e-02 7.366898227437380930e-02 3.130004034508063887e-02 2.280515396706262951e-02 2.160120010375976562e-02 5.079639334969374836e-02 1.487689018249511719e-01 1.375203132629394531e-01 1.097307205200195312e-01 8.131037449679293094e-02 4.571104049682617188e-02 7.392220054022725223e-03 1.509523391723632812e-02 1.006999015808105469e-01 1.079869693806722458e-01 9.073070090115988029e-02 1.454514716094000015e-01 2.344179153442382812e-01
0.000000000000000000e+00 5.697917938232421875e-02 2.864980697631835938e-02 2.436795910984657781e-02 3.007666544695015293e-02 5.483531951904296875e-02 4.849767684936523438e-02 4.888056620378254669e-02 2.512963695613545587e-02 3.584673759548558797e-02 5.612712674935162183e-02 4.820489883422851562e-02 2.140164184574189221e-04 6.249999993102051121e-07 6.250000001983835318e-07 6.250000001983835318e-07 6.250000001983835318e-07 4.419417377538335414e-07 1.975411346435507198e-02 8.298158645629882812e-02 8.413994531842031166e-02 2.895674194335917662e-02 4.419417383818705141e-07 3.297032623290618858e-03 4.273796081542968750e-02 1.791758537292480469e-01 1.526222229003906250e-01 1.085414886474609375e-01 5.121612548828125000e-02 5.864177631890560294e-02 6.741189956665039062e-02 2.262375393107174046e-02 3.703696459743323344e-02 8.457756042480468750e-02 1.093215071919211995e-01 1.695958838347447761e-01 1.729593276977539062e-01
0.000000000000000000e+00 6.865930557250976562e-02 5.016660690307617188e-02 3.358316421508789062e-02 2.842248593659458394e-02 5.145788192749023438e-02 6.109857559204101562e-02 4.354882127976041073e-02 4.291868209838867188e-02 5.851331272464439792e-02 4.877853393554687500e-02 1.367641174316425179e-02 6.250000001983835318e-07 6.249999993102051121e-07 6.250000001983835318e-07 4.419417383818705141e-07 1.415193420410165714e-02 3.210309402465849615e-02 5.155563354492187500e-02 1.015759279599831311e-01 7.536699450718070681e-02 5.258846282958984375e-02 1.492422988891561886e-02 4.419417377538335414e-07 4.363921539306669928e-02 1.190867424011230469e-01 1.815447807312011719e-01 1.220363684506877017e-01 1.710723722317784162e-02 2.369900433028166928e-02 6.678589615036267801e-02 8.403301239013671875e-02 3.687174895127053043e-02 9.227228164672851562e-02 1.526943232323001165e-01 1.873378753662109375e-01 1.067504882812500000e-01
0.000000000000000000e+00 5.203955679337107787e-02 3.923845291137695312e-02 4.088735580444335938e-02 3.576993942260742188e-02 4.461058468744685118e-02 2.674359252929647823e-02 4.924392700195312500e-02 4.988288879394531250e-02 4.092530349731404726e-02 1.232776809692381903e-02 6.250000001983835318e-07 6.250000001983835318e-07 6.249999993102051121e-07 4.419417383818705141e-07 1.144430465698231814e-02 6.782913208007812500e-02 8.045864105224609375e-02 7.403414256987218833e-02 7.824579284786881139e-02 5.233907699584960938e-02 3.971481323242187500e-02 5.969028147444687023e-03 5.970033569336230528e-03 3.404331207275390625e-02 5.619621276855468750e-02 1.289496421813964844e-01 1.753662931580683149e-01 5.763362370252501921e-02 4.478119513021894954e-02 6.213092803955078125e-02 7.940912246704101562e-02 8.445554092006989089e-02 4.568147659301757812e-02 1.645555496215820312e-01 1.417679786682128906e-01 5.365467071533203125e-02
0.000000000000000000e+00 4.604425188639341832e-02 3.614616394042968750e-02 3.212070465087890625e-02 2.280950546264648438e-02 1.543967548824908172e-02 6.250000001983835318e-07 1.383485107421478233e-03 4.249850311278891013e-03 6.250000001983835318e-07 4.419417383818705141e-07 6.090261230468740905e-03 2.294755661010761116e-02 1.506716522216855481e-02 2.581173690795868225e-02 1.584658643839501405e-02 7.782888412475585938e-02 8.292198181152343750e-02 5.045888138681850488e-02 3.299903869628906250e-02 2.963429212497981080e-03 1.964245445480514163e-02 5.038807468132020656e-02 6.137275695800781250e-02 7.282924652099609375e-02 7.763910293579101562e-02 9.237337112426757812e-02 1.867027838831345488e-01 1.305756571337829131e-01 5.958047092894023372e-02 4.427099227905273438e-02 3.638520573206076997e-02 7.421827316284179688e-02 3.626820608059452833e-02 7.756031650368762353e-02 6.657791137695312500e-02 3.353834152221679688e-02
0.000000000000000000e+00 4.122973308729697278e-02 4.095125198364257812e-02 4.002237319946289062e-02 3.869104385375976562e-02 2.940163101196269224e-02 2.330368927001913448e-02 2.178621292114257812e-02 1.758432388305664062e-02 1.681498626708943789e-02 2.666754379272440190e-02 4.781675338745117188e-02 6.644582748413085938e-02 4.197058166503886412e-02 4.419417383818705141e-07 6.249999993102051121e-07 6.946900741577177740e-02 1.125674247741699219e-01 6.819915771484375000e-02 1.562231945644202390e-02 3.897778842553791673e-02 5.865294250488251038e-02 3.196326492309609080e-02 2.576119537353704914e-03 8.335210571289053405e-03 2.630705490112283940e-02 3.959271334599642062e-02 1.472849845886230469e-01 1.699256407774940303e-01 8.323260796367779046e-02 1.395195555625827234e-02 1.720619201660156250e-02 6.693357870754484962e-02 1.230859756469726562e-01 5.412817001342773438e-02 2.816421004891982507e-02 1.504516601562500000e-02
0.000000000000000000e+00 3.725737503051718136e-02 5.154572336971089547e-02 4.477310180664062500e-02 6.514739990234375000e-02 6.339645385742187500e-02 4.429101943969726562e-02 3.897333145141601562e-02 3.820800781250000000e-02 4.840278625488281250e-02 6.094932556152343750e-02 6.312990992313369243e-02 5.038706315695594407e-02 6.958007812500000000e-02 1.599969177245696983e-03 1.241114990234404303e-02 5.247449874877929688e-02 2.967882156372070312e-02 2.399876968383818365e-02 3.918302398681650089e-02 1.957485504150380251e-02 4.419417383818705141e-07 6.249999993102051121e-07 6.250000001983835318e-07 6.250000001983835318e-07 6.250000001983835318e-07 1.789660110473612065e-02 6.691837310791015625e-02 1.239562034606933594e-01 1.307378382068528355e-01 7.985108201395174632e-02 4.310750961303710938e-02 2.974758285377709227e-02 1.028120107331106370e-01 1.166334152221679688e-01 2.214527130126953125e-02 4.076480865478515625e-03
0.000000000000000000e+00 6.250000001983835318e-07 2.914065292358358761e-02 5.303096771240234375e-02 3.577852249145507812e-02 1.823157241821249386e-02 4.419417377538335414e-07 1.026729003906279303e-02 3.984498977661132812e-02 6.581163406372070312e-02 6.632709503173828125e-02 4.937250421960170249e-02 3.718519210815429688e-02 5.920047494276601402e-02 6.161212921142578125e-02 9.748172760009765625e-02 8.011171812514310264e-02 1.847148256091714737e-03 1.249999999508588644e-06 6.250000001983835318e-07 6.629126075728057448e-07 6.629126075728057448e-07 6.249999993102051121e-07 6.250000001983835318e-07 6.250000001983835318e-07 3.017045745849600280e-03 3.143781578987177652e-03 2.063751220703125000e-02 4.208469390869140625e-02 1.080493927001953125e-01 1.550191433961610188e-01 1.187974674363225236e-01 8.181571960449218750e-02 7.814168930053710938e-02 1.095600128173828125e-01 3.399276733398437500e-02 5.321502685546875000e-04
0.000000000000000000e+00 1.124161651611288448e-02 1.499799938979211669e-02 2.785348892211914062e-02 9.544372558593750000e-03 4.419417383818705141e-07 6.249999993102051121e-07 2.637246505737333990e-02 4.017305374145507812e-02 3.884388428679228650e-02 1.421663776490668732e-02 7.873535156250000000e-03 2.483056291910215249e-02 5.176914261332517947e-02 7.584619522094726562e-02 6.346944493473745397e-02 7.260179519653320312e-02 4.718632354736129741e-03 8.838834761357040026e-07 3.125000000991917659e-07 6.250000001983835318e-07 9.375000002975752977e-07 6.249999993102051121e-07 9.790813903808981422e-03 1.594600845336913153e-02 2.910041809082031250e-02 6.758213043212890625e-03 7.847406017940381298e-03 1.042509078979492188e-02 4.419374465942382812e-02 1.217865943908691406e-01 1.521558550957249345e-01 1.457775196294802678e-01 9.349870681762695312e-02 9.566068649291992188e-02 3.619289398193359375e-02 2.440935931850392836e-03
0.000000000000000000e+00 6.117677688598632812e-02 3.614664077758789062e-02 1.984206192935273477e-02 6.375460968017776509e-03 7.117123260497848491e-03 2.119162933349638678e-02 3.730875035056931133e-02 3.162530924863444365e-02 1.391935348510742188e-02 5.375240471685380737e-03 3.216838836669921875e-02 4.455900192260742188e-02 3.011178970336914062e-02 1.547098159790039062e-02 5.012512207031250000e-03 3.736162185668945312e-02 1.201999526977548527e-02 6.250000001983835318e-07 2.209708691909352571e-07 6.250000001983835318e-07 9.375000002975752977e-07 1.680905136108368225e-02 9.151201904398765380e-03 6.539842189738404379e-03 1.441961698733515256e-02 1.002883911132812500e-02 9.698832779326933828e-03 1.039273849321029237e-02 4.989175339325591270e-03 2.854251861572265625e-02 8.723354339599609375e-02 1.341989374065674645e-01 9.075531466069024222e-02 7.906866073608398438e-02 1.857042312622070312e-02 2.404064788818160991e-03
0.000000000000000000e+00 3.407218668578290699e-02 4.393768310546875000e-02 3.762817382812500000e-02 2.977642501831034849e-02 3.784465789794921875e-02 4.723453521728515625e-02 5.499691685968349092e-02 2.714762806283706198e-02 1.272463932762103733e-02 1.943969726562500000e-02 3.782055880494777922e-02 3.343343734741210938e-02 7.450103759765625000e-03 6.407260894775390625e-03 3.843118234617361097e-03 3.427600860595703125e-02 2.215978927612294314e-02 6.629126075728057448e-07 6.250000001983835318e-07 4.419417383818705141e-07 9.375000002975752977e-07 1.298015441894229127e-03 8.535153503418158039e-03 1.552909542890504313e-02 1.294279098510742188e-02 1.405954360961914062e-02 1.721334457397460938e-02 1.112171038505471721e-02 5.808510074377371685e-03 4.049469204926697992e-03 1.784658432006835938e-02 6.910657882690429688e-02 9.718036651611328125e-02 6.764221191406250000e-02 2.183866500854492188e-02 9.896426544189651509e-03
0.000000000000000000e+00 2.747154235839843750e-02 4.270124435424804688e-02 3.620862960815429688e-02 3.510475158691406250e-02 3.225818632587403034e-02 4.425891138347195358e-02 4.751399678766531770e-02 2.490282058715820312e-02 2.309942245483398438e-02 3.643004997887636098e-02 5.208844713764371193e-02 3.534460067749023438e-02 1.563930511474609375e-02 9.013019260357666568e-03 6.650435520230990778e-03 2.500438690185546875e-02 2.848583969116180725e-02 6.629126075728057448e-07 9.375000002975752977e-07 9.375000002975752977e-07 6.629126075728057448e-07 6.249999993102051121e-07 6.250000001983835318e-07 1.818919860839862679e-02 1.774011430041742832e-02 2.349376678466796875e-03 5.282878875732421875e-03 5.081176757812500000e-03 9.695529937744140625e-03 5.990982055664062500e-03 2.954325493219627733e-03 1.116800308227539062e-02 1.996660232543945312e-02 1.088380813598632812e-02 3.326229284479756583e-03 1.720602943608737917e-03
