testcase_input/hyytiala/slope.asc
ncols        375
nrows        250
xllcorner    348000.000000000000
yllcorner    6857000.000000000000
cellsize     32.000000000000
NODATA_value  -9999
[rows 102 to 118 of 250, columns 37 to 73 of 375]
2.493070383116403541e-02 4.172897338867187500e-02 7.018375396728515625e-02 2.896567452020298514e-02 3.996431610760588921e-02 1.127038002014160156e-01 8.433213494762999141e-02 5.320072174072265625e-03 1.808234671032588753e-02 7.660139140636776367e-02 1.220040321350097656e-01 1.206181976318365656e-02 6.250000001983835318e-07 2.497442184448228630e-02 1.900924020277746859e-02 1.878595352172851562e-02 2.865007891855341285e-02 5.118036270141601562e-02 1.539809822236406882e-02 2.795410156250000000e-02 5.642050476073912080e-03 6.250000001983835318e-07 6.250000001983835318e-07 6.250000001983835318e-07 1.038562652587859958e-02 6.226873397827148438e-02 7.193860126191053972e-02 9.791421890258789062e-02 7.335406102230040970e-02 1.014902855638089990e-01 8.772039413452148438e-02 2.467683212280302740e-02 4.419417383818705141e-07 3.443324905395517277e-02 3.176489961090252223e-02 3.873632552939248325e-02 3.532123565673828125e-02
4.070980956406658469e-02 3.640172729667703888e-02 5.083370208740234375e-02 3.130483627319335938e-02 4.592609405517578125e-02 1.897735595703125000e-01 1.501297950744628906e-01 1.422772407531738281e-01 5.674219131469726562e-02 5.658674240112304688e-02 8.499978515625006281e-02 6.250000001983835318e-07 6.250000001983835318e-07 2.152274581909185969e-02 9.671184446703787879e-03 9.405761108398635884e-03 1.094064752385191623e-02 5.304527282714843750e-02 3.715935904550887042e-02 3.761779663085906833e-02 6.250000001983835318e-07 4.419417383818705141e-07 6.250000001983835318e-07 6.250000001983835318e-07 3.419808807373136972e-03 8.343505859375000000e-02 9.375718179903015648e-02 7.004603917637734767e-02 5.283784866333007812e-02 9.593915939331054688e-02 4.942372695922880865e-02 6.249999993102051121e-07 2.421411437988574278e-03 3.138351440429687500e-02 3.247165679931640625e-02 2.449642270410778283e-02 3.357485387335435584e-02
5.971938694163213962e-02 5.339956283569335938e-02 4.149104354806451567e-02 1.686952899757640165e-02 3.432321548461914062e-02 1.981611251831054688e-01 1.952757900450384776e-01 1.720886170430730999e-01 1.462254524230957031e-01 8.180093765258789062e-02 8.423747070312526120e-02 6.249999993102051121e-07 6.249999993102051121e-07 2.159489639282252682e-02 6.952466278075775108e-03 6.250000001983835318e-07 4.951657562255462608e-03 5.121564865112304688e-02 4.428529739379882812e-02 3.584498138427427705e-03 4.419417383818705141e-07 1.750605529785165260e-02 4.419417383818705141e-07 6.250000001983835318e-07 6.250000001983835318e-07 3.214462738037138223e-02 9.392690658569335938e-02 1.103509018199512748e-01 4.631757736206054688e-02 7.815599441528320312e-02 5.504673889160116573e-02 4.419417383818705141e-07 1.615376129150192241e-03 2.754735946655273438e-02 2.547422958956052641e-02 3.326749801635742188e-02 9.947667772935252575e-03
5.680147632552592918e-02 3.667989649684894049e-02 2.257156372070312500e-02 1.767200499322382420e-02 1.813494597726748175e-02 1.197438240051269531e-01 2.722907066345214844e-01 1.284936028173447597e-01 1.542470131314414572e-01 1.080065255183813022e-01 1.310787634277339464e-01 4.419417383818705141e-07 6.250000001983835318e-07 2.175526184081988390e-02 1.037382055993872620e-03 3.270329742431243858e-03 4.070164507887512675e-03 2.681922912597656250e-02 1.247328689575155636e-02 6.274950447189400586e-03 8.969032165527313083e-02 8.491420745849609375e-02 1.955851058959989786e-02 6.249999993102051121e-07 6.249999993102051121e-07 6.249999993102051121e-07 4.575165252685575723e-02 9.757947921752929688e-02 8.305188227726308103e-02 7.962450055635716950e-02 7.717775076009621149e-02 3.756126846313456724e-02 3.659394120248549024e-04 1.876544952392578125e-02 2.891543547677800224e-02 4.309463500976562500e-02 5.448670043945114116e-03
5.242443084716796875e-02 3.211151529305611430e-02 1.273012161254882812e-02 6.754875183105468750e-03 3.318309783935546875e-02 5.108231756999165318e-02 2.200989723205566406e-01 2.031049886244221392e-01 1.475820541381835938e-01 1.397380828857421875e-01 1.319532394409179688e-01 8.677822265624968168e-03 6.250000001983835318e-07 1.424379425048805103e-02 6.250000001983835318e-07 2.430123260498007198e-02 3.249549865722656250e-02 1.119801665411270832e-02 6.250000001983835318e-07 6.757754257202108761e-02 1.265990176830830427e-01 8.809566497802734375e-02 5.384038940429647369e-02 4.419417383818705141e-07 6.250000001983835318e-07 6.250000001983835318e-07 6.802787933349208060e-03 9.421348571777343750e-02 1.146440505981445312e-01 5.824728181684363237e-02 7.987738164742254343e-02 7.542657852172851562e-02 2.024030685424804688e-02 7.164964246851985262e-04 2.777814865112304688e-02 4.476833343505859375e-02 1.038330963134725948e-02
5.870103836059570312e-02 1.030206680297851562e-02 3.391978368156751533e-03 3.838539123535156250e-03 2.607965469360351562e-02 3.727388381958007812e-02 9.854316711425781250e-02 1.751837730407714844e-01 1.163286736379483960e-01 1.877741813659667969e-01 1.201699792480468432e-01 6.250000001983835318e-07 6.250000001983835318e-07 9.468418273925749418e-03 4.715052236610737038e-03 4.025697708129882812e-02 2.900299615473036705e-02 2.335581268310527037e-02 7.998170166015228233e-03 1.055078506469726562e-01 9.438736147796504550e-02 8.930613742149166867e-02 8.639812469482421875e-02 2.609481384277323457e-02 4.419417383818705141e-07 6.250000001983835318e-07 9.446228027343295253e-05 5.680179595947265625e-02 1.210522651672363281e-01 7.803708165404285579e-02 6.948666620294076390e-02 1.149395135110293231e-01 6.462478637695312500e-02 1.654023687050274957e-02 9.491147308349212608e-03 3.577804565429687500e-02 1.817277328491240240e-02
5.619001388549804688e-02 1.695251464843750000e-02 6.487242922796808637e-04 1.272296905517578125e-02 1.078419842217947719e-02 5.108547210693359375e-02 7.115554809570312500e-02 8.453798294067382812e-02 7.693099975585937500e-02 1.706066131591796875e-01 1.289157977294923541e-01 6.250000001983835318e-07 6.250000001983835318e-07 3.413359527588255560e-03 1.699018478393554688e-02 4.350233078002929688e-02 2.517582990210339572e-02 1.726722717285156250e-02 3.927373886108398438e-02 1.167349815368652344e-01 5.577140734791967425e-02 7.060777237333054623e-02 1.150217841593225848e-01 9.268093109130859375e-02 9.621191864013667328e-03 4.419417383818705141e-07 6.250000001983835318e-07 1.122765624999999545e-02 9.233236312866210938e-02 1.035652592096973357e-01 6.415694432764715294e-02 1.279945841309757804e-01 1.202464103698730469e-01 4.249590805053671261e-02 4.419417383818705141e-07 2.270159210205058287e-02 2.015912872314462589e-02
4.546183517456015011e-02 4.312086105346679688e-02 1.781968755040599581e-02 7.994461059570312500e-02 8.828735351562500000e-02 8.009553373531493048e-02 1.086775033466747392e-01 9.096031693184723765e-02 4.098606109619140625e-02 1.255016326904296875e-01 1.378738087463382556e-01 4.419417377538335414e-07 6.249999993102051121e-07 6.249999993102051121e-07 2.366701782226598993e-02 3.801155090332031250e-02 2.972364425659179688e-02 1.792758348259388323e-03 7.370042800903320312e-02 1.034202575683593750e-01 1.179740866038136993e-02 1.479482650756835938e-02 1.009025899081730931e-01 1.489219665527343750e-01 5.270385742187500000e-02 3.268301391603500861e-04 6.250000001983835318e-07 8.571344604492381336e-03 4.594993591308593750e-02 1.132144927978515625e-01 9.322343410948820408e-02 6.682871734844975098e-02 1.333112716674804688e-01 4.421186447143554688e-02 1.355394805908183287e-02 6.532817230224807759e-03 4.164916992186462608e-04
6.250000001983835318e-07 3.550709991454681358e-03 2.355718612670898438e-02 1.420574188232421875e-01 1.247849464416503906e-01 8.747482299804687500e-02 1.008570713117813294e-01 8.075639631996574253e-02 1.067686080932617188e-01 1.705718040466308594e-01 8.564090728759765625e-02 1.158888076782194076e-02 6.250000001983835318e-07 6.250000001983835318e-07 1.970131134033170639e-02 2.595710754394531250e-02 1.691770553588867188e-02 1.856551818165477763e-02 1.321511268615722656e-01 1.135635032008456557e-01 2.249622344970703125e-02 9.014705134298101746e-03 9.165048599243164062e-02 1.602091789245605469e-01 8.675813674926757812e-02 4.247533416748439095e-03 9.374999994093968780e-07 1.058183822631875159e-02 5.368566513061523438e-02 5.032097689849086147e-02 8.540296554565429688e-02 6.323881737968584105e-02 1.097083091735839844e-01 4.332923889160156250e-02 2.051698108815291910e-02 2.381882156372050474e-02 2.046877655029266663e-02
4.419417383818705141e-07 6.249999993102051121e-07 2.981856719970732428e-02 2.234148979187011719e-01 1.690823666324880459e-01 1.658911705017089844e-01 1.110299718431587979e-01 6.717870477848421340e-02 1.293311449909532451e-01 2.397851943969726562e-01 6.229496002197265625e-02 2.013252029418932665e-02 6.250000001983835318e-07 6.250000001983835318e-07 1.380441436767565477e-02 2.153158187866210938e-02 5.934122619629000894e-03 6.301879882812500000e-02 1.510772705078125000e-01 1.136349842559201268e-01 6.611347198486328125e-02 2.680540084838867188e-02 9.461784362792968750e-02 1.416511535644531250e-01 1.061010360717773438e-01 2.906116928100566099e-02 1.422982372678077137e-03 2.427577972412109375e-03 4.294443130493164062e-02 5.575522295809149514e-02 7.165336608886718750e-02 7.348589636444248507e-02 8.215045928955078125e-02 3.723621368408203125e-02 3.686331958156835280e-03 1.439904932526183540e-02 3.108549118041992188e-02
6.249999993102051121e-07 4.419417377538335414e-07 6.250000001983835318e-07 1.129101548767090790e-01 2.193770438975081172e-01 1.806282429009564150e-01 6.827259063720703125e-02 4.015207290649414062e-02 1.112761497497558594e-01 2.455644607543945312e-01 1.004137992858886719e-01 1.123870178222663441e-02 6.250000001983835318e-07 4.419417383818705141e-07 8.535988769531321907e-03 8.646849212646579019e-03 6.250000001983835318e-07 5.663669448852548527e-02 1.668910980224609375e-01 1.187866778431037329e-01 4.481626130818001236e-02 8.060407638549804688e-02 1.415341749214034661e-01 1.515044334051405539e-01 1.464525435552307409e-01 9.080505371093750000e-02 8.391380310058593750e-03 1.596927642822265625e-03 1.241636276245117188e-02 4.225349426269531250e-02 4.356702871831711482e-02 6.963443756103515625e-02 7.070723893581626340e-02 4.815483093261718750e-02 3.243446350097656250e-03 4.982769018351936030e-03 2.735137939453125000e-02
5.881341857910449278e-03 6.250000001983835318e-07 4.419417383818705141e-07 9.776476440429782144e-03 1.762108802795410156e-01 2.408759827355211047e-01 1.237495535489585297e-01 9.078734626555852449e-02 1.128901651490356178e-01 2.135496139526367188e-01 1.343135833740234375e-01 6.308025054931221121e-03 6.249999993102051121e-07 2.581871337890895290e-03 5.773533557936006387e-03 7.855119018554290733e-03 4.419417377538335414e-07 1.856091873168974615e-02 1.398215293884277344e-01 1.427941971044851543e-01 4.304474497157011192e-02 5.665636062622070312e-02 1.604771614074707031e-01 1.593477933256238765e-01 1.612744331359863281e-01 1.292772293090820312e-01 1.891088485717773438e-02 1.924930865189551990e-03 2.424240112304687500e-03 1.218271255493164062e-02 2.227444085061345072e-02 4.167842864990234375e-02 5.191884821923587606e-02 2.304935455322265625e-02 1.962661743164062500e-03 4.745483398437500000e-03 1.751470565795898438e-02
2.866268157958984375e-02 1.593101364135751652e-02 6.250000001983835318e-07 4.419417383818705141e-07 8.058187789916981814e-02 2.307524681091308594e-01 2.137533056070025084e-01 1.120634125686459093e-01 1.396736444407385425e-01 1.656843191181457398e-01 1.183905064392085649e-01 6.250000001983835318e-07 6.250000001983835318e-07 3.740733795165596121e-03 1.565607308038942554e-03 6.250000001983835318e-07 6.249999993102051121e-07 6.250000001983835318e-07 9.618461471557626652e-02 1.689872741699218750e-01 1.165589640182119191e-01 3.011948664503722242e-02 1.234779357910156250e-01 1.524243354797363281e-01 1.778526306152343750e-01 1.237721443176269531e-01 2.956295013427734375e-02 3.778934478759765625e-03 2.377756605590597601e-03 5.046495053300407291e-03 1.807661473892840584e-02 2.699565887451171875e-02 4.565245478263615236e-02 1.807762626329266833e-02 1.451969146728515625e-03 1.113587172615437652e-02 1.564018972021064338e-02
3.188180923461914062e-02 1.289088043212860413e-02 6.250000001983835318e-07 1.432821578979481814e-02 2.462773421149901457e-02 7.818555831909179688e-02 1.377778053283691406e-01 1.139950752258300781e-01 1.002016035237398989e-01 9.388399124145507812e-02 3.673229125976540388e-02 6.250000001983835318e-07 6.250000001983835318e-07 3.029589080810524138e-03 1.082468032836914062e-02 8.041562347411712608e-03 4.419417377538335414e-07 6.250000001983835318e-07 6.869447570800790714e-02 1.325378417968750000e-01 1.430602280122859060e-01 8.904516413551220866e-02 4.115589180870588698e-02 1.096630096435546875e-01 1.467518806457519531e-01 1.011999780712659613e-01 7.141971588134765625e-02 1.852607727050781250e-02 4.921740381708160708e-03 4.596366711204059353e-03 8.277416229248046875e-03 3.289699554443359375e-03 3.949165344238281250e-02 3.086767749980261211e-02 8.618861933083785815e-03 1.827239990234375000e-02 1.515845844378479849e-02
2.527379989624023438e-02 1.279077133396115326e-02 1.282936843872040100e-02 1.164673727798144591e-02 6.928941895190977862e-04 2.387428283691406250e-02 5.362939834594726562e-02 8.537054061889648438e-02 9.678602218627929688e-02 6.705379486083984375e-02 1.054597320556638351e-02 6.629126075728057448e-07 9.375000002975752977e-07 6.629126075728057448e-07 1.799464645385739914e-02 1.213073730468750000e-02 3.994497222900683653e-03 2.231958923339938394e-03 4.152822494506835938e-02 9.601068496704101562e-02 1.334841268558226990e-01 1.314027468889606975e-01 7.366527335170484914e-02 1.097942262448193818e-01 1.072115898132324219e-01 6.831599533870218177e-02 8.620075762320898727e-02 7.390499114990234375e-02 3.955888748168945312e-02 4.885999854170922606e-03 7.768154144287109375e-03 7.862916058192390102e-04 2.106428146362304688e-02 4.115285723561310643e-02 1.593488048499881390e-02 4.233229464434196641e-03 1.331294601440458081e-02
4.324367809654153239e-02 4.845619201660156250e-02 3.680706024169921875e-02 8.550752625890179967e-03 9.249210357666015625e-03 1.398601020985507440e-02 3.594586698318321533e-02 5.253362655639648438e-02 4.117888381957968136e-02 1.299333572387695312e-02 1.444140411376970690e-02 6.250000001983835318e-07 3.125000000991917659e-07 6.250000001983835318e-07 1.898613906860369127e-02 5.709717861467835873e-03 7.311820983886718750e-03 6.709575653076171875e-03 3.212368973056594235e-03 5.056557144165019224e-02 1.010433194356929326e-01 1.191359909235620157e-01 1.004484154686196978e-01 9.290552139282226562e-02 6.624746322631835938e-02 2.473783493041992188e-02 8.327003436515546808e-02 9.027821233554692015e-02 9.174203872680664062e-02 2.433109283447265625e-02 4.867076873779296875e-03 4.913798701619398468e-03 6.215785217285052511e-03 3.322458267211914062e-02 3.318373111917326257e-02 2.510468602181700759e-02 9.427051849365319924e-03
5.629638849297137482e-02 4.603385925292968750e-02 2.277851104736328125e-02 9.271632322820511779e-03 2.374315261840820312e-02 2.165889739990234375e-02 1.519823074340820312e-02 8.680241394039001079e-04 6.250000001983835318e-07 4.756629502495751671e-03 3.662258636474646778e-02 4.419417377538335414e-07 6.249999993102051121e-07 6.249999993102051121e-07 1.882463943481482715e-02 4.181861877441406250e-03 1.571234512486129400e-03 4.056634216308196983e-03 6.250000001983835318e-07 4.419417383818705141e-07 7.355851104736288448e-02 9.818900721364769157e-02 8.323717117309570312e-02 6.784486770629882812e-02 2.381600398174791092e-02 1.025921727712778009e-02 5.316686630249023438e-02 4.301102749276140141e-02 8.289051055908203125e-02 5.477809906005859375e-02 4.049777984619140625e-03 6.850932312011615011e-03 4.419417383818705141e-07 3.892305908203219644e-03 1.928237335205107428e-02 3.103729929214828209e-02 2.320841501361486231e-02
