testcase_input/hyytiala/slope.asc
ncols        375
nrows        250
xllcorner    348000.000000000000
yllcorner    6857000.000000000000
cellsize     32.000000000000
NODATA_value  -9999
[rows 17 to 33 of 250, columns 148 to 184 of 375]
6.169033050537109375e-02 4.813406122295758871e-02 3.207071714369757326e-02 2.167662995133493031e-02 3.069257736206054688e-02 1.114907264709472656e-01 1.749968528747558594e-01 8.795676391956687434e-02 7.912379599604775493e-02 8.328962326049804688e-02 6.577014923095703125e-02 4.487895965576171875e-02 2.786540985107421875e-02 2.793073654174804688e-02 1.140308380126953125e-02 1.974105834960937500e-03 4.611876751456068374e-03 2.995797992154347524e-03 2.342700958251953125e-03 4.466056823730468750e-03 1.801538467407226562e-02 2.743449211120605469e-01 2.865466449567140028e-01 9.594726562500000000e-02 1.003169173012657123e-01 1.964926719665527344e-01 6.048583984375000000e-02 1.858663558959960938e-02 1.890096664428710938e-01 3.181724548339843750e-01 2.213286115709565682e-01 9.681569430176871494e-02 9.840679168701171875e-02 3.545055721948318223e-02 1.650479690551787115e-02 6.249999993102051121e-07 3.550233154296478233e-03
4.566907882690429688e-02 5.116728561658961255e-02 4.725032610338116695e-02 3.772041789288589630e-02 3.401621567096044241e-02 7.681989669799804688e-02 1.771731376647949219e-01 1.557976799818542590e-01 7.597896674755888480e-02 8.977784495002559539e-02 7.956218719482421875e-02 5.180555749043859459e-02 3.623179120348112014e-02 5.077695846557617188e-02 1.446723937988281250e-02 3.846168518066406250e-03 5.516516707893897968e-03 5.299038969577684471e-03 2.919259315258564049e-03 3.034591674804687500e-03 5.204296112060546875e-02 3.583178520202636719e-01 2.298284508038455631e-01 9.514263300328026918e-02 1.105191520392067583e-01 2.079567909240722656e-01 7.358603727650436799e-02 1.068859100341796875e-01 1.670114390840567731e-01 1.576700210571289062e-01 2.319078445434570312e-01 1.652507123406656564e-01 6.445884704589843750e-02 6.593275070190429688e-02 1.079195907592733761e-02 4.419417383818705141e-07 6.250000001983835318e-07
2.270030975341796875e-02 3.477382659912109375e-02 3.629779815673828125e-02 3.179693222045898438e-02 3.127098083496093750e-02 4.557943344116210938e-02 1.438560485839843750e-01 2.051067352294921875e-01 9.701193002843544466e-02 8.624076843261718750e-02 7.456254959106445312e-02 5.057352081476813865e-02 3.681948685911702601e-02 6.956720352172851562e-02 1.698255538940429688e-02 2.840222625732025108e-03 5.203746145436518276e-03 6.379009815820833353e-03 5.770409323323523118e-03 2.193546295166015625e-02 9.759473800659179688e-02 3.741068840026855469e-01 1.892528368054376686e-01 9.609651565551757812e-02 1.515883899273742508e-01 1.453952789306640625e-01 4.321241378784179688e-02 1.922969818115234375e-01 2.280407500774074836e-01 1.542800562606739811e-01 9.129749171993438439e-02 1.821222305297851562e-01 9.411020380215741332e-02 4.982662200927734375e-02 3.959836273192962608e-03 6.250000001983835318e-07 4.026308911498979737e-03
1.655595644465534741e-02 3.360891342163085938e-02 3.367280960083007812e-02 2.546739578247070312e-02 2.586221694946289062e-02 3.154373168945312500e-02 8.900260925292968750e-02 2.057332992553710938e-01 1.729996633204845813e-01 8.517789840698242188e-02 7.269239425659179688e-02 4.126453399658203125e-02 3.825759887695312500e-02 8.060073852539062500e-02 1.835793426513632198e-02 6.250000001983835318e-07 3.766717224120696983e-03 4.251003265380859375e-03 1.579761505126953125e-02 3.493595123291015625e-02 9.286975860595703125e-02 3.186841011047363281e-01 2.153630256652832031e-01 1.580328941345214844e-01 1.949582099914550781e-01 5.140263361867444813e-02 5.850505828857421875e-02 2.182946205139160156e-01 1.730259629539553923e-01 1.084823608398437500e-01 3.278485334486615915e-02 9.925508499145507812e-02 1.452555730575213477e-01 2.121639251708984375e-02 8.467807628020740385e-03 3.730839030184339520e-03 1.837501442638553653e-02
1.325511932373046875e-02 3.262233734130859375e-02 3.440952301025390625e-02 2.275761232194234082e-02 1.273273152253513035e-02 2.074909210205078125e-02 4.441976547241210938e-02 1.486816406250000000e-01 1.964521408081054688e-01 9.483194351196289062e-02 8.609867095947265625e-02 4.430308128071136498e-02 3.448152542114257812e-02 8.080101013183593750e-02 1.277656424498645887e-02 7.523684844970901509e-03 8.076347699051557305e-03 7.263756459761520207e-03 1.926136016845703125e-02 2.540915485545970631e-02 1.101145744323730469e-01 2.619357109069824219e-01 2.271871566772460938e-01 1.770210266113281250e-01 2.191705703735351562e-01 1.228332519531250000e-03 9.216451644897460938e-02 1.783941227550909503e-01 1.276588439941406250e-01 9.484827941328018153e-02 6.552115352024777406e-02 3.527498245239257812e-02 1.301398277282714844e-01 3.467539238167081928e-02 5.421066284179687500e-02 6.060885403260604654e-02 4.410010205828290147e-02
1.951599121093750000e-02 2.269590933572239108e-02 3.497552871704101562e-02 1.826286315917968750e-02 9.297257606715136208e-03 1.924180984497070312e-02 2.648115158081054688e-02 1.073422431945800781e-01 1.844458580017089844e-01 9.656572341918945312e-02 8.470058441162109375e-02 4.211920017827087970e-02 3.211164474487304688e-02 7.840633392333984375e-02 1.043218794341648978e-02 4.492282867431640625e-03 5.633853534148226816e-03 6.149056610345394851e-03 1.321315765380859375e-02 4.070806503295898438e-02 1.873321533203125000e-01 2.384185791015625000e-01 1.621012687683105469e-01 1.513047218322753906e-01 2.297968864440917969e-01 1.095342636108398438e-02 1.228113174438476562e-01 1.506915092468261719e-01 1.025533676147460938e-01 8.564424514770507812e-02 1.341390609741210938e-01 7.944107055664062500e-03 8.894062042236328125e-02 8.735086082537427132e-02 5.406833749329147121e-02 1.059117317199707031e-01 9.055031238953326067e-02
2.920436859130859375e-02 2.229871743535572631e-02 2.391850511732640516e-02 1.482868194580078125e-02 9.269714355468750000e-03 1.387500762939453125e-02 2.367973327636718750e-02 9.115171432495117188e-02 1.378746032714843750e-01 9.877737721885976319e-02 8.597230911254882812e-02 3.296524185649278571e-02 2.039432525634765625e-02 6.759500503540039062e-02 1.768279458644261143e-02 8.928298950195312500e-03 8.234482674664431526e-03 8.780479431152343750e-03 1.133311897718536007e-02 7.937383651733398438e-02 2.791905403137207031e-01 2.180613878743920542e-01 1.080786809230319528e-01 1.533346176147460938e-01 2.113823890686035156e-01 1.002502441406250000e-02 1.040134429931640625e-01 1.577057838439941406e-01 1.064243316650390625e-01 9.085559844970703125e-02 1.357765197753906250e-01 7.746580657959079019e-03 3.390979766845703125e-02 1.161165237426757812e-01 7.719469070434570312e-02 1.507609629974083695e-02 8.051490783691406250e-02
2.934646606445312500e-02 3.530406951904296875e-02 2.976680181669805886e-02 1.722963167125347861e-02 8.078033572991992484e-03 5.587100982666015625e-03 1.794862747192382812e-02 5.976581573486328125e-02 1.101823144259076875e-01 1.184225290719696094e-01 9.186601638793945312e-02 3.418350219726562500e-02 1.465766238772468234e-02 6.527662277221679688e-02 2.102708816528320312e-02 3.024578094482421875e-03 5.054250073426412235e-03 3.623485565185546875e-03 9.822368621826171875e-03 1.341075897216796875e-01 3.282628059387207031e-01 1.707469985612743157e-01 4.538237777737834378e-02 1.516203880310058594e-01 1.846017837524414062e-01 1.048517227172851562e-02 8.154344558715820312e-02 1.522509383859655119e-01 1.327632471588923724e-01 9.946319073782904086e-02 9.509933334350595402e-02 6.250000001983835318e-07 2.227342468261728214e-02 9.332609176635742188e-02 9.106349945068359375e-02 1.080274581909179688e-02 2.940197869598776270e-02
1.932334899902343750e-02 2.125167846679687500e-02 2.618169784545898438e-02 2.178525924682617188e-02 9.832382202148437500e-03 6.460268939749836889e-03 6.499718389956033425e-03 2.435588836669921875e-02 6.791114807128906250e-02 1.028952929057681542e-01 1.026269017744507878e-01 5.657434463500976562e-02 5.699514229477545268e-02 4.752320220947225948e-02 1.653374938964446983e-03 2.682241363525683653e-03 8.050441741943359375e-03 3.109763070527805148e-03 2.395963668823242188e-02 1.529612541198730469e-01 3.179178237915039062e-01 1.503772735595703125e-01 6.954432309170367754e-02 1.352763175964355469e-01 1.589612960815429688e-01 1.812786530671765123e-02 5.357980728149414062e-02 1.394786834716796875e-01 1.477705598018634325e-01 1.237903516983170638e-01 5.776837722778349615e-02 6.249999993102051121e-07 1.393464462280302740e-02 7.920122146606445312e-02 6.453525443988093746e-02 7.597303390502929688e-02 4.763908863404565236e-02
3.100681304931640625e-02 1.482119215994695018e-02 1.184528748028974496e-02 1.919839525889436085e-02 1.588201522827148438e-02 4.703044891357421875e-03 1.712952690433028032e-03 5.892225646970672415e-04 2.362632751464843750e-02 4.717493057250976562e-02 9.040403366088867188e-02 9.634017944335937500e-02 7.634705474853475948e-02 6.250000001983835318e-07 4.419417383818705141e-07 6.249999993102051121e-07 8.600744171142871153e-03 1.181745529174804688e-02 6.431818008422851562e-02 1.326127052307128906e-01 2.641611099243164062e-01 1.959349667557488683e-01 1.074962615966796875e-01 1.326084136962890625e-01 1.445708274841308594e-01 4.710230637141090554e-02 5.524110794067382812e-02 1.242047395128761805e-01 1.285157203674316406e-01 9.716669325616744679e-02 2.733341137107308388e-02 4.419417383818705141e-07 2.201956680297811886e-02 6.580495834350585938e-02 4.137370672181019116e-02 1.006615099346907793e-01 1.582045555114746094e-01
3.308916091918945312e-02 2.763319015502929688e-02 1.764535903930664062e-02 2.530328197200033824e-02 2.725923291769390827e-02 1.521682739257812500e-02 2.044529571533004741e-03 4.419417383818705141e-07 1.560372283935507198e-02 1.658529065121893201e-02 3.372927992629827509e-02 6.678438186645507812e-02 5.994892120361328125e-02 3.474461798017898506e-02 2.552649168171403429e-02 8.266004486084277403e-03 8.061534882313554223e-03 3.161001205444335938e-02 8.593177795410156250e-02 1.029475549979216725e-01 1.350049972534179688e-01 1.748190584770028533e-01 1.586161240354747592e-01 1.474499065783925478e-01 1.257061958312988281e-01 5.993045835897469614e-02 4.359149932861328125e-02 1.265468597412109375e-01 1.362252235412597656e-01 9.347429215182503914e-02 3.635327889414278341e-02 2.487511291503707866e-03 1.854276657104492188e-02 5.417633056640625000e-02 8.227975201254349169e-02 7.114691485948190786e-02 1.522064208984375000e-01
3.048161236744282437e-02 2.898120880126953125e-02 2.491712570190429688e-02 1.884975652801224380e-02 2.981872673406348040e-02 3.531950099386757524e-02 5.673170089721679688e-02 1.321084537204271145e-02 3.524684906005859375e-02 4.175167965925588587e-02 2.402606387472620494e-02 1.402616500854492188e-02 1.605188013646505554e-02 3.693866729736328125e-02 4.187536239624023438e-02 7.677555084228515625e-03 1.037788391113281250e-02 7.439279556274414062e-02 1.059787563428251644e-01 8.202113895008064648e-02 4.056406021118164062e-02 1.074452400207519531e-01 1.005797386169433594e-01 1.300892829895019531e-01 8.457321492111230521e-02 6.586507180409666151e-02 3.318691253662109375e-02 1.377897262573242188e-01 1.225543022155761719e-01 1.048387683843025053e-01 1.107437104480727963e-01 5.203551069591402789e-02 4.213336151937053901e-03 1.116514205932617188e-02 5.771589279174804688e-02 8.098745346069335938e-02 8.246317509726290573e-02
2.494789974535648047e-02 2.524423599243164062e-02 1.852560043334960938e-02 8.940877227782806358e-03 4.419417383818705141e-07 2.979311431884745787e-02 9.432734436568553094e-02 6.449747085571289062e-02 2.386455715123246210e-02 5.247497558593750000e-02 2.392356273914771070e-02 5.969005273506856370e-03 1.094818115234375000e-02 3.510999679565429688e-02 6.546640396118164062e-02 2.750492095947265625e-02 2.656841278076171875e-02 1.159629821777343750e-01 1.276735937327168058e-01 7.691226656098412717e-02 3.512181180109821138e-02 6.763792037963867188e-02 5.475807189941406250e-02 1.067743301391601562e-01 7.202491800766085139e-02 5.865863505830996166e-02 2.736854553222656250e-02 1.525549888610839844e-01 9.058809280395507812e-02 8.230257034301757812e-02 1.270376820823844455e-01 1.329642033325923178e-01 3.026199340820312500e-02 2.426147460937500000e-03 4.381039662503866637e-03 1.920765808105429073e-02 3.565859406373295820e-02
9.404479189326849647e-03 2.363109588623046875e-02 1.361444359338303232e-02 1.606464385986328125e-02 6.238641052245696983e-03 3.052473068237304688e-02 7.751311203335542466e-02 1.183962821960449219e-01 3.525638580322265625e-02 1.032829284667968750e-03 1.192092895507812500e-02 7.767495593163725731e-03 1.032733917236328125e-02 2.504634857177734375e-02 7.767009735107421875e-02 2.782869338989257812e-02 5.071210861206054688e-02 1.081734270384844404e-01 1.086893081665039062e-01 5.479865808428824314e-02 3.564786911010742188e-02 4.461463078490389422e-02 5.825376510620117188e-02 1.184744834899902344e-01 7.699203491210937500e-02 5.897524218432379645e-02 3.038072586059570312e-02 1.476016044616699219e-01 1.247705188072864152e-01 4.021120071411132812e-02 7.684078550590964229e-02 1.552839279174804688e-01 3.508234024047851562e-02 6.642818450927734375e-03 8.494705810546676616e-03 4.419417383818705141e-07 3.147088319569052439e-02
1.227283477783203125e-02 1.217200984994619602e-02 1.142381899518080460e-02 3.300806305457985174e-02 3.024196624755859375e-02 2.817129071946965560e-02 5.937290191650390625e-02 1.101655960083007812e-01 4.844617843627929688e-02 2.310752868652343750e-03 8.902072906494140625e-03 1.051044464111328125e-02 9.668350219726562500e-03 3.969001770019531250e-02 6.309270858764648438e-02 3.954648971557617188e-02 6.461286544799804688e-02 1.106758117675781250e-01 8.666639600555735290e-02 2.367337904638704485e-02 4.270655865911870269e-02 5.053663253784179688e-02 8.508253097534179688e-02 1.123291063016585850e-01 9.423398971557617188e-02 5.579973003011899635e-02 2.359294891357421875e-02 9.622049331665039062e-02 1.517394442324372927e-01 7.056495117524348715e-02 7.000186927913792934e-02 2.012038230895996094e-01 5.928072254233075766e-02 9.916310517643148192e-04 5.172703190995296685e-03 1.109743118286132812e-02 5.236729068739178622e-02
2.503623953983531367e-02 1.636612703896228246e-02 2.132987976074218750e-02 2.374384857709726029e-02 4.707836696145671629e-02 4.706764221191406250e-02 7.571029663085937500e-02 1.108531951904296875e-01 2.685880661010742188e-02 3.596782684326171875e-03 9.789466857910156250e-03 1.991701126098632812e-02 3.730297088623046875e-02 5.838552347995936559e-02 6.208062198260647091e-02 3.500346345047962437e-02 8.278846740722656250e-02 9.292316436767578125e-02 6.952333450317382812e-02 4.010390646987397473e-02 5.589885941781661677e-02 6.340099845275576351e-02 9.251266965620047467e-02 1.083006858825683594e-01 7.217216491699218750e-02 5.488328895609811964e-02 2.712678909301757812e-02 6.136465072631835938e-02 1.338179298960289754e-01 1.198221416173193693e-01 1.019316473614150786e-01 1.862382888793945312e-01 1.076302384548760427e-01 2.816825614637687158e-02 2.558684596878163520e-02 3.101778030395507812e-02 5.905312956037193223e-02
3.398755581397303049e-02 3.305006027221679688e-02 2.748823165893554688e-02 3.279113769531250000e-02 5.265331268310546875e-02 3.727298694909424170e-02 6.946039199829101562e-02 8.374643325805664062e-02 1.441192626953125000e-02 9.673207495432311134e-03 1.883697509765625000e-02 7.786607742309570312e-02 1.213016510009765625e-01 8.611848697491572557e-02 4.884988329806661672e-02 2.335508604643277489e-02 9.874534606933593750e-02 5.534386971662516586e-02 6.023311614990234375e-02 5.299679601675050256e-02 5.058397323319883954e-02 7.427319949462597715e-02 8.606757358191456653e-02 6.459236145019531250e-02 5.372619628906250000e-02 5.022791665697880908e-02 2.287244796752929688e-02 2.878379821777343750e-02 7.229566574096679688e-02 1.080675541550250723e-01 1.221715755407106474e-01 1.372027397155761719e-01 1.208717667326346806e-01 8.146041727749171735e-02 5.285113650829684900e-02 1.264476776123046875e-02 6.460332870483398438e-02
