testcase_input/hyytiala/twi.asc
ncols        375
nrows        250
xllcorner    348000.000000000000
yllcorner    6857000.000000000000
cellsize     32.000000000000
NODATA_value  -9999
[rows 68 to 84 of 250, columns 74 to 110 of 375]
3.802150462782283302e+00 5.654371356572916341e+00 6.803863883048411942e+00 7.759817332758794706e+00 4.969134939519612715e+00 4.822327039569443308e+00 6.772752275341649586e+00 4.653983452680551913e+00 4.067321071608425598e+00 4.284990647166406319e+00 9.475589545585949125e+00 7.043332652356279588e+00 4.604966251976216896e+00 5.062729060368610590e+00 4.234674314370096226e+00 4.656415636225630372e+00 6.632852026392447087e+00 1.642384724589812706e+01 1.567180854907817000e+01 5.169388348994811366e+00 4.318245251302670340e+00 4.517536004344735900e+00 4.855435599588954432e+00 6.547175954512213458e+00 7.852973795102593968e+00 5.112093445570022432e+00 5.040854918271597818e+00 5.112732681396805923e+00 3.839624780384967018e+00 3.608252709939470559e+00 3.682108081833145974e+00 3.658188658890330736e+00 3.911378362876575920e+00 3.780934036500644524e+00 2.972828485398583354e+00 2.625220041699152684e+00 2.915361954960610458e+00
4.566577536062811582e+00 3.108409218430854271e+00 3.519477207577593525e+00 5.551106090838283436e+00 9.821885789873194383e+00 8.597825555680712384e+00 5.863757755985224307e+00 6.249217297193272458e+00 4.800201254072700152e+00 4.131533121567973588e+00 4.512739705276634261e+00 8.621143141476615313e+00 5.002703531947134685e+00 4.723202726739831547e+00 4.969432331360716937e+00 4.573848870131220323e+00 4.627124722486926522e+00 4.663662419521956259e+00 5.559538674561104621e+00 7.254861487566116374e+00 5.676681114515751858e+00 4.300100485679434037e+00 3.987244631288993979e+00 4.295135649387138876e+00 6.216657571710316077e+00 8.092818898839956532e+00 5.024950817352183741e+00 5.357578077992513066e+00 4.877115540600507337e+00 4.738367179869928059e+00 4.826544640273131570e+00 4.971640206789567529e+00 3.721985540923966163e+00 3.718034209747828722e+00 4.155527145582012416e+00 4.115271229872562664e+00 3.425778572997588256e+00
3.999477085795310582e+00 2.844909665354748540e+00 2.564726271784300238e+00 3.311275750446528665e+00 5.080338930501156369e+00 1.832096723078401013e+01 6.917308006067014681e+00 5.006080457561025376e+00 5.584145009530805837e+00 5.562424003002775841e+00 4.170430282897054752e+00 4.794819099210861246e+00 9.123120575677997834e+00 4.451953736883081270e+00 4.707029882164253110e+00 5.026639748118181039e+00 4.088008868194018319e+00 3.732434308041111759e+00 3.761649260527908822e+00 3.964856256499110998e+00 4.043774110083279361e+00 3.925429878800086314e+00 3.811797531631094138e+00 3.944758129006289860e+00 4.231696625006997614e+00 4.516884883530635442e+00 6.466779057543219800e+00 5.322851727956072310e+00 5.296231327128396060e+00 5.893023773994349845e+00 4.839848625830218687e+00 5.892615736552244243e+00 5.229126264047725847e+00 4.070044646373271569e+00 3.622077192541709678e+00 3.807990539294276999e+00 4.003617439088635876e+00
1.624152568910417216e+01 4.721932087745275730e+00 2.978046426257577650e+00 2.515193529613065415e+00 3.224233102075051871e+00 4.401618595199824568e+00 9.038693586313616635e+00 8.916936048575802687e+00 5.849431942372911308e+00 4.400030124406987930e+00 4.894455498017874717e+00 3.909975995728169007e+00 4.520613228724461585e+00 6.894662185610618721e+00 4.121109509032151230e+00 4.013028026586172636e+00 5.837673495009847890e+00 4.499031273274606058e+00 4.071847380760460489e+00 4.052394613444681326e+00 3.950228972588501808e+00 3.793979954040880287e+00 3.771043180287483754e+00 3.799179488113787695e+00 3.467658142213339012e+00 4.115184686745056553e+00 5.912233123429810888e+00 4.901642016982494354e+00 5.297412859590914458e+00 4.076964924503044152e+00 3.690451961118080604e+00 3.682640020318415086e+00 5.341848706292728899e+00 4.577326630355196713e+00 4.085893733140999906e+00 4.027927050908263418e+00 4.062902927672248587e+00
4.958822147247472500e+00 7.172226529909050186e+00 8.069354929846303648e+00 3.231962530413768686e+00 2.570901547063369375e+00 2.813167325958863874e+00 5.190627393261632250e+00 9.133763344288508890e+00 1.065842125594462253e+01 5.757081489336550284e+00 5.585592298941141287e+00 4.874904843188351933e+00 3.885143808527533160e+00 6.261994905195646943e+00 4.175806602737835327e+00 3.720780803815458171e+00 3.739467723999026827e+00 6.042552509423811280e+00 8.985499108966218174e+00 6.066342881165893708e+00 5.903471073964331239e+00 1.056615024243575895e+01 1.107673169338067076e+01 1.113046490793068166e+01 1.102892125651479382e+01 1.056249051174618891e+01 1.023085453867436989e+01 6.347467876900142691e+00 6.506112489981500602e+00 4.982173244098720311e+00 4.324676246939057833e+00 4.346273302963060914e+00 5.512962871197820469e+00 4.797218576292792136e+00 4.517874957266987401e+00 4.380759217838366304e+00 4.319096476195737999e+00
3.067605709635083944e+00 3.561006494728562899e+00 6.339030387874832861e+00 9.769524979472022252e+00 3.084109384815397092e+00 3.512028690331805425e+00 7.467400799248876453e+00 3.468863652547002907e+00 6.481182712134937240e+00 9.569425876984283263e+00 1.080527593280491061e+01 1.154459282413930410e+01 6.658237815644266533e+00 7.468300725486269442e+00 5.138715345481157826e+00 4.139488146649245692e+00 3.517774013830930357e+00 3.762104126041561525e+00 4.608021649957182220e+00 7.382119304038402774e+00 1.015224135650301740e+01 5.820015822398827865e+00 5.191249732107674930e+00 5.198367874726224080e+00 6.162559645438477673e+00 7.276429458059782363e+00 8.136421113643255154e+00 1.090303866141043976e+01 2.038358846870343299e+01 2.039698152603987324e+01 2.040361138457854295e+01 2.041019757885248254e+01 2.043184344420609122e+01 2.078906676225562933e+01 7.589921632437925503e+00 7.018646850957860117e+00 6.153176925285587906e+00
2.901955546678449682e+00 4.454294619313264647e+00 3.354747053248344102e+00 5.780663716437366872e+00 6.564101378594576097e+00 6.486250619219443792e+00 6.605831650778092978e+00 2.891636645351202795e+00 4.869044504593776246e+00 4.568190714000688324e+00 5.257841826352217751e+00 6.542288185463887906e+00 1.106656174696304795e+01 9.616941548017489794e+00 9.818416204887938648e+00 1.156859045929580709e+01 1.132614803747553012e+01 1.987650116704805114e+01 1.994847466809422443e+01 2.030541104384156625e+01 5.434390116006293958e+00 4.715075250445195820e+00 3.836209063383985818e+00 4.980549149768806139e+00 7.282498443345083672e+00 8.161731341254872873e+00 6.015005341744953604e+00 6.570895554366363633e+00 4.846166761541858214e+00 5.147503240376175349e+00 6.860233152454227046e+00 1.677042083774627912e+01 1.717588594443335737e+01 1.844439726989686434e+01 2.060087218805952958e+01 2.060987315033959177e+01 2.096536740480976491e+01
6.602468041233948703e+00 3.302213866956870802e+00 2.724819716731270880e+00 4.509035434348303006e+00 4.391345808466537548e+00 2.919292280626621050e+00 5.782594461795981466e+00 4.921784694406602156e+00 2.836795130079935223e+00 3.584701383858857948e+00 4.073810288082792219e+00 4.741871405276786078e+00 5.549665922155567976e+00 6.586267102181803779e+00 7.485951309200718384e+00 6.465824105799637067e+00 5.953816347453423141e+00 6.338965270838971655e+00 7.081888638587656715e+00 4.047378615546664449e+00 3.340238404065700717e+00 4.090321400016371456e+00 3.625542381519585522e+00 4.899624377712569867e+00 4.778428325607625204e+00 6.955374602557674812e+00 5.239928407030821411e+00 5.423951573107339996e+00 3.327362227256016602e+00 3.182915740939749050e+00 3.825440456014618462e+00 5.487628523416181459e+00 5.974808695482503929e+00 8.970831900222252742e+00 8.873054807721102222e+00 7.202304915141316322e+00 1.737655663989550803e+01
5.068884259762199029e+00 5.632479072627501360e+00 5.114649871427505268e+00 2.896511106968621796e+00 3.840489585454438970e+00 3.373224768801835527e+00 5.533348773556920008e+00 4.763624315164870282e+00 3.459782811786055401e+00 3.548112897358417062e+00 2.754900230147756091e+00 3.447184262228134788e+00 3.987596374186543446e+00 5.337998011129275966e+00 4.910323382780512169e+00 4.851929286418516618e+00 5.008385738552400213e+00 5.248477399430104384e+00 5.437487584390033213e+00 5.152065952464800702e+00 3.579803806235108965e+00 3.952473101893645868e+00 4.741453998643327061e+00 4.097700924874726702e+00 3.617231224648267407e+00 6.873706277175647195e+00 4.632942442398788607e+00 3.434127300702729979e+00 5.556265030036037444e+00 3.720675278836128808e+00 3.303103176791710727e+00 4.227451184003988338e+00 4.004004541762344438e+00 6.408610689141644556e+00 5.539662673638024337e+00 4.415605368970726197e+00 6.822878327194074721e+00
4.589055922489511552e+00 4.397105757791215375e+00 4.338352436296770698e+00 5.024738733633637544e+00 4.018138369493919448e+00 7.007976013820069738e+00 5.186861639119928924e+00 3.191433004541738949e+00 2.870843548593168482e+00 3.294430263441737949e+00 3.320622973774627340e+00 3.439238554572054074e+00 3.601253503730093897e+00 3.812505293303737997e+00 3.852490707302128836e+00 4.233970097329790683e+00 4.463949988197264851e+00 4.728101097941371123e+00 4.728962654419682110e+00 4.867438395099857651e+00 5.948410570490607618e+00 5.285772656305319117e+00 4.419481135262071092e+00 5.704530212081905027e+00 7.751774744647057069e+00 9.425430456736123119e+00 6.310521341703232423e+00 6.555151897724522669e+00 6.851089290441533031e+00 6.671434682793397464e+00 6.034146973887998477e+00 5.572000223145462172e+00 7.175673350605594081e+00 5.406627938123109267e+00 3.192782555618467022e+00 2.969536413721858725e+00 5.179308417312474155e+00
4.620645392843344190e+00 4.001856630314630792e+00 3.425803707842788981e+00 4.605043434846067818e+00 6.040898576523293428e+00 8.493997050906834545e+00 5.358769206124392781e+00 5.753972456206337682e+00 3.651213193885080699e+00 3.200221740298397677e+00 3.413770440607239109e+00 3.626403594283356124e+00 3.124124707999401451e+00 2.886502916078109049e+00 3.089634887401671470e+00 3.079616640453059162e+00 3.084584408077507334e+00 3.553773980013934075e+00 3.437131741127686713e+00 3.210711970507478696e+00 4.864037971513959668e+00 4.125456703876233533e+00 5.211278801050982956e+00 5.312524530793308664e+00 5.947801367452621335e+00 4.267784219599573881e+00 4.400293173446840456e+00 4.424553650349681178e+00 4.359772555903748348e+00 4.733495815772963411e+00 4.665862504210847028e+00 4.659207634265234432e+00 7.641911039769903269e+00 4.828507245389603852e+00 5.819916144047251549e+00 7.194065272431875435e+00 3.850447427814315926e+00
5.118954861260811562e+00 4.507035477200544982e+00 3.593058806327988908e+00 3.426974906736967252e+00 5.339979732733204365e+00 7.720825600058325300e+00 4.619686667356870835e+00 4.709388522625162388e+00 7.062030490715217823e+00 4.459410417153948814e+00 3.700558977574044839e+00 3.380121446345614178e+00 3.125868209977912038e+00 3.052572838235042330e+00 3.217774420895330501e+00 3.096510766609530840e+00 3.138289927823062708e+00 3.744788642990887428e+00 3.425539641624409715e+00 2.487411622109136466e+00 3.435974681230258287e+00 2.481747046786636712e+00 4.059885148094487306e+00 3.931523571156922081e+00 4.149937778493832496e+00 2.732572304956240039e+00 2.750645355574503625e+00 2.896434417093919134e+00 3.003077515811866771e+00 2.951457461434367602e+00 2.729373537117497417e+00 2.386292561288246628e+00 5.779474408159421372e+00 3.571296103809562972e+00 4.461108897903067749e+00 5.329623643487720663e+00 4.042656059837297811e+00
4.914058475335161269e+00 5.333327067518125908e+00 6.019755106092765651e+00 5.299593075147579491e+00 6.473495838690398685e+00 6.601838897746771906e+00 5.191334635099785544e+00 4.408028986414896266e+00 4.342432897545243087e+00 5.221462392921347728e+00 4.866212535574061526e+00 5.749463766989981295e+00 5.163447836392237811e+00 4.670691832251946174e+00 4.351878547951330667e+00 3.917098343735242238e+00 3.735797526128974422e+00 4.145284793129807355e+00 4.206696965299873803e+00 4.392530472566438249e+00 3.439672484652337658e+00 3.194172482753594444e+00 4.214530300609785840e+00 4.372922536177059172e+00 4.822416460210448896e+00 3.280474242841538768e+00 2.935500532170148613e+00 2.699552259122290465e+00 2.622700378783862529e+00 2.666695056252831986e+00 3.107111493521475865e+00 2.934253166449289907e+00 5.828193240596462488e+00 2.829435042413215751e+00 3.686234086820169509e+00 4.645094239544901527e+00 3.053215570260587874e+00
4.698369176792288826e+00 4.762407852778894224e+00 5.068819185023130558e+00 4.282694380451946614e+00 4.498414227385540087e+00 4.877264444688535150e+00 6.908478866935774398e+00 4.562365972492838040e+00 4.455844696756575019e+00 5.102362837574738741e+00 4.554784770560283746e+00 5.411169715548298953e+00 7.298508811972508781e+00 7.716510554819716816e+00 5.362379615348173978e+00 4.911172147934907528e+00 4.725558622038313672e+00 4.592608820482934284e+00 4.475504095836903673e+00 4.394855258709528201e+00 5.169517597770398432e+00 5.346972106529378266e+00 4.740553200740265538e+00 5.324351736846172578e+00 5.070619031191697879e+00 1.682931235400629433e+01 5.158829368925302639e+00 3.921119223003531662e+00 3.305903329272411817e+00 3.530927428812561164e+00 1.497866136816278981e+01 8.515017727009034587e+00 3.608155652256216150e+00 5.154600869146979569e+00 6.516152546091735331e+00 3.417935318042369275e+00 3.345167370371470383e+00
4.400331862936480043e+00 5.198166480802614231e+00 4.752979563896335691e+00 4.142310373743534058e+00 4.494133150994835901e+00 5.989809997405144415e+00 8.024189049573315913e+00 5.633394121896121653e+00 4.072195813417133436e+00 3.756292371862251400e+00 3.968474355108836171e+00 4.175388565639617688e+00 4.964864615380469637e+00 5.239835717915608981e+00 7.068296860454446495e+00 5.101344177506682342e+00 3.872518144385486139e+00 3.877812434233785854e+00 4.146853918191546029e+00 4.532603613809897958e+00 4.383026859038796630e+00 4.295869016201440793e+00 4.506332368671388977e+00 4.900125678352986291e+00 4.423898662601602361e+00 4.083120040948180929e+00 5.632281152490303811e+00 3.457214429681756851e+00 3.311406220641396114e+00 1.567180854765708453e+01 1.772313023114317332e+01 1.526634344061457149e+01 3.822294788492087037e+00 3.118330547719447843e+00 1.668340945933556441e+01 7.965410085020953268e+00 4.344930992611496734e+00
4.406328610464051998e+00 5.172267834045612744e+00 5.294976222721119008e+00 5.057320309285610271e+00 3.905783102048578925e+00 4.610828950213347710e+00 7.248067095386735659e+00 7.949015446235208060e+00 5.433278391344182445e+00 3.530851628538012488e+00 3.526396423284293924e+00 4.044516829776377165e+00 4.204078722867468976e+00 4.026488303121075418e+00 4.004380684784387689e+00 6.523770073130934044e+00 7.406565715665297311e+00 4.559485694299020508e+00 4.032860691032023936e+00 3.504845109487910726e+00 3.515134590648912649e+00 3.667841771448787647e+00 4.038572545170487693e+00 5.026747620809358885e+00 4.974226586900850400e+00 4.833260160875304301e+00 4.627417330211907931e+00 3.184409937512701294e+00 1.623142433559250719e+01 1.671152931834991051e+01 1.806970382010027976e+01 1.538412647520530285e+01 3.501038079718325147e+00 3.246101200250572472e+00 4.539343461864757678e+00 4.287660663555467266e+00 3.972296812762837526e+00
4.717008982636549774e+00 5.019193744788600142e+00 5.247344902433665581e+00 5.085473772225124200e+00 4.221665780104232546e+00 5.301750939428020004e+00 5.505100908875025567e+00 6.267228179756717310e+00 1.158055527271313423e+01 5.569003903350281171e+00 3.694058834925613599e+00 3.602078241844957507e+00 3.767868234193875843e+00 3.661700009579149206e+00 5.150415719324993979e+00 9.483675763750230914e+00 8.660825057948349226e+00 8.763370712552079667e+00 1.908953523269153507e+01 1.914532659089886479e+01 1.101204113803190054e+01 6.365585466274105819e+00 5.384527385072055417e+00 4.908634966945490952e+00 6.221732841946638892e+00 4.883926247787186981e+00 5.526237745876122709e+00 3.481620087869502278e+00 4.173930670666170073e+00 1.561291702984919461e+01 1.548948699098139059e+01 1.686567999834456444e+01 5.047127021799696855e+00 3.678579934298295662e+00 3.382770400658045240e+00 3.367973560742931305e+00 3.602107586584401222e+00
