testcase_input/hyytiala/twi.asc
ncols        375
nrows        250
xllcorner    348000.000000000000
yllcorner    6857000.000000000000
cellsize     32.000000000000
NODATA_value  -9999
[rows 17 to 33 of 250, columns 259 to 295 of 375]
3.844488459457631624e+00 5.023692275255240425e+00 1.548948699098139059e+01 1.668340946075664988e+01 1.850328878757796502e+01 1.990591505189917143e+01 2.137725630127717125e+01 1.497866136709713913e+01 1.711699442645807423e+01 1.589495209897129513e+01 4.578913314341632734e+00 3.281284196096831529e+00 4.002835911676484670e+00 4.887045407090385929e+00 5.718772539845311975e+00 4.213352384901850378e+00 6.346117911227391772e+00 7.441964877853165738e+00 9.676076809968032322e+00 1.257302774472617202e+01 6.458667870417085233e+00 5.519891410424594191e+00 4.271381929015258372e+00 3.839844225200100603e+00 3.819259139383703872e+00 4.256686216919629118e+00 3.071004845838108288e+00 3.307265667420946187e+00 4.449670159346016618e+00 7.577476229747750480e+00 4.228851598707616510e+00 3.482583943570719764e+00 3.081669845211865155e+00 3.815342214211476346e+00 3.870094529449146670e+00 3.482671988499377314e+00 3.392773492155820581e+00
4.550020198365805513e+00 7.134620534219861199e+00 1.582595922760260443e+01 1.824300569073538369e+01 1.792792464267440167e+01 1.899504438784952853e+01 1.926224792895776972e+01 2.075458058618445989e+01 1.623142433701359266e+01 1.583606058211079493e+01 5.535219961123412524e+00 4.168647074763112137e+00 3.849132428358556179e+00 4.757388014873694004e+00 4.660052634009977268e+00 3.877731659294568978e+00 5.141607318308460961e+00 7.212344303347954622e+00 1.919816907369433068e+01 8.531580992951596443e+00 6.586306756777132954e+00 5.568147738417349224e+00 3.944806223379218491e+00 3.637755989862734296e+00 4.053048805623602924e+00 4.916627117932355517e+00 3.370423525825494870e+00 3.311730130170418285e+00 4.156333746780061844e+00 6.119850472876868785e+00 4.946717564247139265e+00 3.466760705052890135e+00 3.045604997148227522e+00 3.536303965578785569e+00 4.615691112683058428e+00 3.854791331906710194e+00 3.556772936734263979e+00
6.293639268811244136e+00 1.677042083632519365e+01 1.762782005039145972e+01 1.740467650002463884e+01 1.538412647662638832e+01 1.967914173537655387e+01 1.994847466916013801e+01 2.039698152746095872e+01 1.583606058211079493e+01 1.601838213795736010e+01 6.322727673927640346e+00 5.062653787542494399e+00 3.637020076529226209e+00 3.873005682554527151e+00 4.008620206473437086e+00 4.377240670769904973e+00 4.460123463533069987e+00 1.623142433559250719e+01 1.955934146182727673e+01 5.955886547284100274e+00 7.225542180666885805e+00 5.265220605808429433e+00 3.743949436065672653e+00 3.860691906279229979e+00 4.518504019877536138e+00 4.621022286424937064e+00 4.107977747889878906e+00 3.819634023439963055e+00 4.130866380196001053e+00 5.333834251242694613e+00 4.069915104863638611e+00 3.420633152550797806e+00 3.031366759406751932e+00 3.513490393977079851e+00 4.424548395215314400e+00 5.051902254562929073e+00 4.314297851732735722e+00
8.098154143337920274e+00 1.752245953456623795e+01 1.776758199259922222e+01 1.491976984928924921e+01 1.532523495739741470e+01 1.895834302099909863e+01 1.922715660914649760e+01 1.561291702984919461e+01 2.033587025149367022e+01 1.561291702984919461e+01 5.656389376082175957e+00 4.881090929742771145e+00 4.465436735091481424e+00 3.515856319312140599e+00 3.492943346817760197e+00 4.314821680562829442e+00 6.429036962349208295e+00 1.962930005043418902e+01 1.567180854765708453e+01 6.047555627163533565e+00 4.837314049606816546e+00 4.650702232904925459e+00 3.171992155561759841e+00 3.544961461422130533e+00 4.129160815334114609e+00 4.246948612875606877e+00 4.307820265790066827e+00 4.061190260589922829e+00 4.052865569966349391e+00 4.696081194172373685e+00 5.639064548484284956e+00 3.406683566196349489e+00 3.359141945833738152e+00 3.548743449498468649e+00 4.112785895258816993e+00 5.630727884140736883e+00 7.033590417852872534e+00
8.136501518535808941e+00 1.671152931851730372e+01 1.668340945933556441e+01 1.491976984928924921e+01 1.561291702984919461e+01 1.892024317476682782e+01 1.919078896497562425e+01 1.583606058116340520e+01 1.532523495739741470e+01 2.033364555647155925e+01 5.611442020089740801e+00 5.094450816679524152e+00 5.373976010963901651e+00 4.636448274405038816e+00 4.731419162560456471e+00 7.196242584819870558e+00 1.966252569806250960e+01 1.497866136709713913e+01 1.561291702984919461e+01 7.222970115184322637e+00 3.796219133741161933e+00 3.630716257180847784e+00 3.960068990341400585e+00 3.718835683850053808e+00 3.551980470690557112e+00 4.106631577530787780e+00 3.833482446542809896e+00 3.426804561922252024e+00 3.146691653023909296e+00 3.281890491008685906e+00 6.278291432780437553e+00 4.402731868847525654e+00 3.789750355054644970e+00 3.263074298317183874e+00 3.725077613302313573e+00 5.068229515737225910e+00 6.400683688950411288e+00
5.998926675643835082e+00 1.642384724701291532e+01 1.457319626005462609e+01 1.532523495739741470e+01 1.884174318557056438e+01 1.457319625910723637e+01 1.916831610912356609e+01 1.532523495739741470e+01 1.561291702984919461e+01 1.491976985023664071e+01 2.073464637270472721e+01 1.538412647520530285e+01 1.583606058116340520e+01 1.561291702984919461e+01 1.561291702984919461e+01 1.928286847502500123e+01 1.491976984928924921e+01 1.642384724589812706e+01 1.457319625910723637e+01 1.561291703079658433e+01 6.704927153433613896e+00 4.244541512096845715e+00 4.765535095211636651e+00 3.247306415805268465e+00 3.649427052919646641e+00 4.016444201189692365e+00 3.320514135513477960e+00 3.656775188571540269e+00 3.539416126298721377e+00 4.303281387724759099e+00 5.453362786928275696e+00 6.500090511480749456e+00 3.999821530774442468e+00 3.356842786160546321e+00 3.592542685138047975e+00 4.228380422648096548e+00 4.265582481665698644e+00
5.857570068997987711e+00 5.973857438837265832e+00 1.491976985023664071e+01 1.882174251981128421e+01 1.457319626005462609e+01 1.727114510740011610e+01 1.850502189277895226e+01 1.652920776267074032e+01 1.491976985023664071e+01 1.573070006675926891e+01 1.728124645973601048e+01 2.140058098781632268e+01 1.985003459385988833e+01 1.983459027143241471e+01 1.981890367526471408e+01 1.884986237942611709e+01 1.882880896880719845e+01 1.876285100101539882e+01 1.875142230519177744e+01 1.644499843695621877e+01 1.677042083632519365e+01 1.668340945933556441e+01 1.648273876387341375e+01 5.154115871358103007e+00 5.088421693713559790e+00 5.025730956359434565e+00 4.384198360316242216e+00 3.593667248854435670e+00 4.206578988569962263e+00 4.662072478979129464e+00 5.952609587328836049e+00 7.491779940494901702e+00 7.437449995510100997e+00 7.285100134524236992e+00 7.224103881126869631e+00 8.149021733347959540e+00 8.869857461037295110e+00
6.458021398216573061e+00 5.485201912717730721e+00 1.880133364723268841e+01 1.457319625910723637e+01 1.601838213795736010e+01 1.658809927964950148e+01 1.849516959538854977e+01 1.497866136721540009e+01 1.617253281778461727e+01 1.457319625910723637e+01 1.607727365588350921e+01 1.457319625910723637e+01 1.976198649159314868e+01 1.927594677331592976e+01 1.924835881679710070e+01 1.921998812108897070e+01 1.918335398648810397e+01 1.911382792383949436e+01 1.457319625910723637e+01 1.848930254671800810e+01 1.853400942858655398e+01 1.758135105254152109e+01 1.754361072455867543e+01 1.750439001140539474e+01 6.558566211369814880e+00 7.391961872222597485e+00 5.831471743348775050e+00 3.863581464584077807e+00 4.166631210975065613e+00 4.909950632847222884e+00 6.739379298098718607e+00 4.258083910678513107e+00 5.605781916480674809e+00 5.659682722073916317e+00 4.293734770428076608e+00 6.017621324930809479e+00 7.556893563784170098e+00
9.462864670957502611e+00 1.008451161011867470e+01 1.157986019830752689e+01 1.561291702984919461e+01 1.457319625910723637e+01 1.692457151615245081e+01 1.889068437252528554e+01 1.457319625910723637e+01 1.526634343966718177e+01 1.532523495739741470e+01 8.647563924808018498e+00 1.630606421040914000e+01 1.627794435134565987e+01 1.583606058116340520e+01 1.561291702984919461e+01 1.561291703079658433e+01 1.583606058116340520e+01 1.642384724606552382e+01 1.903880702410172177e+01 5.267761801678649825e+00 7.048833186604566592e+00 1.832096723078401013e+01 1.768671156819934964e+01 8.502058999739469769e+00 7.105002298653142034e+00 7.214349453977106030e+00 4.244766284891634989e+00 3.588453808205961604e+00 3.717132688112028127e+00 3.737352554551994110e+00 5.261162987491404763e+00 4.225769229439449326e+00 3.390602820580080223e+00 4.175742317005964210e+00 4.229625415042282732e+00 5.206510505794763155e+00 4.553542177541396896e+00
5.699450329492259826e+00 5.441092065539995026e+00 5.338084156992089824e+00 5.401308001469158349e+00 1.652920776172334882e+01 1.526634343966718177e+01 1.790540076928244062e+01 1.801081230264756528e+01 7.303800554881403784e+00 4.939517426892151342e+00 6.025857885085550869e+00 6.166010012853107014e+00 6.490371901994417492e+00 5.007755059151122623e+00 3.966264558671263263e+00 3.761460138121296204e+00 4.647710146754341132e+00 6.819771812891343821e+00 9.451996170535373665e+00 5.602972194831644437e+00 5.026634384729929295e+00 6.365928865079659715e+00 4.543690817151167849e+00 5.114443723248045082e+00 7.100861473263710977e+00 5.186249271265479521e+00 4.718808141616090523e+00 3.481917795081162836e+00 3.023816740501564571e+00 3.422530660293826354e+00 4.409705760834104815e+00 3.824767301917193940e+00 3.067982098384866685e+00 3.868761435795243564e+00 4.402515985934964071e+00 3.454234339204113269e+00 3.701941023439424328e+00
3.948946049131489833e+00 3.705412913511348272e+00 3.987378547167410581e+00 3.349731282302363944e+00 5.402494318086489500e+00 5.486199917504191781e+00 1.829284737319074949e+01 1.804671430365184293e+01 4.885425186619884563e+00 4.379520688744383605e+00 5.336000630851200910e+00 5.080976270867378908e+00 5.057184929555598174e+00 3.589806061778099799e+00 2.800594524822636711e+00 2.687878044165684432e+00 3.358098118481553040e+00 4.996220093919067295e+00 8.385474023872264482e+00 4.622269313112250089e+00 3.715023976970772690e+00 5.156321074864569809e+00 3.527344367429320116e+00 4.479177189807858284e+00 5.813847378784756437e+00 3.663569910280762176e+00 3.391562106996548920e+00 4.450647609713550779e+00 3.231374036169461839e+00 3.501508356357501128e+00 3.978950729660562402e+00 4.002715201516856780e+00 3.157956616311092368e+00 3.658598802072350775e+00 3.451157117061665502e+00 3.176787525982464278e+00 3.127688638563800083e+00
3.338323495743236613e+00 2.833386526191357557e+00 3.454252003307721086e+00 2.955733460616718933e+00 4.218579105213891900e+00 3.582390008724426700e+00 8.194702284236772272e+00 7.809252736400466688e+00 6.418999626893835853e+00 3.815694942992048588e+00 4.821488029906020323e+00 4.437708743315048388e+00 4.130487886686926124e+00 3.512910003917657509e+00 3.051087370619998573e+00 3.206839513696086108e+00 3.317402088606687727e+00 4.089174738975396295e+00 7.731858478343307084e+00 5.181529724531478642e+00 3.783047856487459004e+00 4.713007468304217795e+00 4.249519389893553267e+00 5.017400647804857172e+00 6.215601729551539556e+00 3.680207268626677575e+00 3.886207295194280764e+00 4.548733690525340378e+00 3.592991203961362956e+00 3.348707995767272738e+00 3.719153740921362861e+00 4.904990691162462113e+00 3.760080549611970913e+00 3.221183505531695523e+00 2.835897457236140173e+00 2.781433152268339981e+00 3.559461845408583347e+00
3.283651171944601099e+00 2.223276428422160667e+00 2.833838063865384616e+00 4.142580239737574388e+00 2.851671671649068429e+00 4.187051358156651304e+00 7.359508536091766473e+00 5.078239219128010795e+00 6.598250992385652047e+00 5.356997183637269622e+00 4.360193449544553346e+00 3.761840606644673457e+00 3.121832038388882236e+00 4.551239662347376758e+00 3.791300849493921987e+00 3.847492273713009947e+00 3.635221474589433122e+00 3.950063373489065999e+00 7.634868735942805351e+00 4.413355746748878872e+00 3.753974370490017698e+00 4.992360231208665233e+00 4.373548277682203000e+00 5.024963512953666722e+00 7.079678493131651429e+00 4.723431820599475195e+00 4.160269046861263753e+00 3.995461498319804239e+00 3.545368802466178693e+00 3.845174911974540866e+00 4.366763478807705212e+00 4.613463089330616995e+00 4.129653720351000423e+00 3.121435090320486605e+00 3.280674276636223130e+00 4.163054383072649856e+00 5.622552339083755513e+00
2.839980692637014137e+00 2.417643013343690583e+00 3.055349394618609438e+00 3.018971705812932615e+00 3.982035666762115955e+00 7.193829834824222225e+00 2.956147973988655142e+00 3.963495178949015152e+00 5.796481004772686241e+00 3.265392115283308527e+00 5.159026931111101888e+00 3.788559068015314502e+00 3.433716763370657787e+00 4.666572159614128523e+00 4.567007054521067033e+00 4.336608779194059515e+00 3.533154656733979326e+00 3.964516521167502638e+00 8.641112525840034309e+00 4.320423518747695368e+00 4.400730530592027456e+00 5.385835702317361751e+00 4.791501874327042998e+00 5.504854741787973182e+00 7.386401638720756502e+00 4.717044212490166366e+00 4.089846320047655581e+00 3.800188522327148544e+00 3.731595991936009771e+00 3.880323935067230501e+00 4.207853025378853751e+00 4.391806725070176221e+00 5.123525788517059532e+00 4.220860533974772011e+00 4.417018294926757349e+00 7.242658194061230681e+00 8.658622440898763983e+00
2.510351595761536547e+00 3.571700044380172745e+00 2.544112863913917000e+00 2.007441886127689923e+00 3.345042161256934765e+00 6.385517610022370505e+00 2.925075611149625221e+00 3.987434398855318474e+00 5.696825366966367987e+00 2.932299035804138310e+00 3.452993800588959328e+00 4.733635633206585425e+00 3.877849250568423223e+00 4.340380311932416468e+00 4.869957806687176927e+00 4.656942970737427245e+00 3.936267713981309591e+00 4.828606037514538762e+00 1.893947453669471770e+01 5.765417927826973710e+00 4.230129941349476397e+00 4.599739258342114390e+00 4.303388785291878627e+00 5.329554181984772931e+00 5.864608302599238598e+00 4.439175274620903444e+00 4.353130196733178359e+00 3.739169264371661416e+00 4.555614368655120927e+00 4.332812982548375658e+00 4.440099442733229651e+00 6.755600069942085284e+00 6.935597221646037092e+00 7.523285541673792487e+00 7.173018487317728287e+00 3.292688041239188568e+00 5.843725532283902346e+00
3.501008663064581139e+00 3.333054909117091569e+00 2.421952398978234555e+00 2.412910800154719926e+00 3.651631761728538983e+00 6.092604617114718124e+00 2.883969661872823664e+00 3.548259181951214813e+00 5.448541904707211891e+00 3.344533008235774041e+00 2.768414193260095857e+00 2.880750553525450286e+00 4.820899850179055868e+00 4.476111744551866778e+00 4.427385788455143079e+00 5.166976870217037998e+00 3.647571597424513090e+00 4.724148201232234889e+00 1.888063403809286811e+01 5.046359890505166312e+00 3.528232262127422025e+00 3.881998540377595841e+00 4.494840818188487575e+00 4.318460538914375313e+00 4.913311772200020577e+00 5.193084582986092990e+00 6.295011420643719546e+00 8.428787716301664901e+00 8.108158650892010044e+00 7.302929877742686315e+00 7.122249526272976361e+00 3.677326362616833322e+00 3.599985367864020347e+00 3.563543802736222066e+00 4.574581399860463193e+00 6.364458401882178151e+00 3.955220209606058912e+00
3.323629619608274410e+00 3.607674364110554421e+00 3.245822767587854152e+00 2.979200019268654742e+00 4.975086358182543300e+00 6.173531341871908218e+00 2.957870757565339570e+00 2.713128254385636318e+00 3.460951885567894681e+00 4.927716238295099416e+00 3.000775828376156973e+00 2.751899201358682046e+00 3.228565591841916493e+00 3.799992779697009215e+00 5.237884505928387391e+00 5.822617048596582023e+00 4.119935137442556794e+00 4.352038177722810985e+00 8.529116192052828893e+00 4.759925836814189459e+00 3.371002083774010227e+00 3.940396961638223061e+00 3.935487366016700239e+00 4.948794062371921321e+00 7.896384497212748599e+00 1.062587991468837956e+01 1.850328878757796502e+01 4.875855879404062065e+00 4.095486261557679697e+00 3.546439027741340233e+00 3.691856042231901558e+00 3.507230212259085711e+00 3.411040924221661275e+00 3.029904875486586935e+00 3.430160630291340329e+00 6.029794704644045211e+00 3.781518087278369578e+00
