testcase_input/hyytiala/twi.asc
ncols        375
nrows        250
xllcorner    348000.000000000000
yllcorner    6857000.000000000000
cellsize     32.000000000000
NODATA_value  -9999
[rows 153 to 169 of 250, columns 259 to 295 of 375]
7.055499968931387755e+00 3.659108822916639525e+00 2.719670628593305217e+00 3.532475513794518740e+00 2.893600524452695222e+00 2.349736737613228765e+00 3.192698187031931312e+00 5.840627995768868708e+00 2.913950772322016824e+00 2.157924499874872559e+00 3.308552854387055486e+00 2.702186000925670850e+00 1.973561812979973240e+00 1.816119040354395642e+00 2.881414468550218988e+00 8.501740431316887836e+00 1.705983601278552086e+01 1.532523495739741470e+01 2.392627240797711607e+01 1.532523495739741470e+01 1.457319625910723637e+01 1.686567999834456444e+01 4.542111325592001592e+00 2.764562728538910719e+00 2.733527578746226538e+00 3.488556647655404852e+00 2.751395776734229415e+00 3.065838168752422987e+00 3.848985531006557714e+00 5.232255611472680812e+00 4.096010555673778697e+00 2.941088875154342475e+00 2.204301938813503003e+00 3.642815678268532587e+00 1.601838213778996334e+01 1.968819156840947215e+01 4.867440000358785213e+00
7.873804098200097634e+00 5.021343880044269348e+00 4.200546052687966103e+00 3.221357825227668226e+00 3.018004898218531462e+00 2.195256107273737545e+00 3.059272413822350600e+00 4.614079929496794463e+00 2.213089787495564842e+00 2.426189880840762925e+00 4.204148655813146895e+00 2.768703633335840575e+00 2.778600203350810371e+00 2.837657701765122553e+00 3.250052903664697457e+00 5.800853189138711841e+00 1.630606421040914000e+01 1.711699442662546744e+01 2.392659747380580981e+01 1.457319625910723637e+01 1.699921139096908718e+01 1.491976984928924921e+01 8.423522857824549348e+00 3.611321674133412873e+00 3.694655844390071664e+00 2.817236565417426064e+00 3.481768708220191577e+00 4.373361151482309417e+00 6.923420186835043566e+00 4.935929021241438619e+00 3.727328439916488101e+00 3.306112561292203544e+00 2.489118550264339813e+00 2.801744844008675628e+00 4.617652420103177668e+00 9.285345818368153203e+00 3.307811562935114580e+00
5.111821317588484348e+00 4.667527667980381878e+00 5.530396170922641907e+00 3.038212428929386810e+00 3.215189887653724821e+00 3.108148469519949941e+00 4.278166511804763594e+00 3.558078561722666677e+00 2.474142028067792154e+00 3.495125372138687236e+00 4.931751577463369784e+00 2.833244000861584233e+00 1.790299322781256475e+00 2.230725770616325487e+00 2.930368745030043520e+00 5.490177035615444900e+00 1.491976984928924921e+01 1.642384724701291532e+01 2.392776683805747595e+01 1.717588594585444284e+01 1.532523495834480443e+01 1.457319625910723637e+01 1.583606058116340520e+01 6.432078301972540046e+00 3.600916998878284314e+00 3.732722190557511865e+00 6.643272474275740969e+00 6.973855796564691012e+00 5.773068020324490845e+00 4.432788662349231856e+00 3.933522041815626036e+00 3.413347997755505681e+00 2.623295296941352106e+00 2.472720771896923520e+00 3.160339993887437693e+00 7.885059738565805887e+00 2.763655875012715590e+00
4.756681356192054011e+00 4.184746762372737905e+00 4.285057363974156708e+00 6.011782942997679235e+00 3.286830960037898652e+00 3.430714959690774890e+00 4.111900223219397965e+00 3.749785944836474982e+00 3.279029020561462726e+00 5.217822293735252082e+00 4.708280154798149653e+00 3.046353793823587175e+00 1.662930832102951451e+00 1.921681969134975132e+00 3.496896377627503050e+00 1.642384724701291532e+01 1.457319626005462609e+01 1.532523495834480443e+01 2.392835100567257101e+01 1.733003662426061808e+01 1.457319626005462609e+01 1.617253281873200876e+01 1.457319626005462609e+01 1.846072917427395410e+01 7.167291408222364879e+00 6.519619278213923508e+00 3.510343957667588555e+00 3.067345371809995225e+00 3.358862407193099919e+00 5.053840621450757631e+00 4.736558307301502069e+00 3.701567991160973126e+00 2.903416237175263870e+00 2.662468641974335526e+00 3.054040480508677380e+00 8.126341957997736287e+00 4.272853785241126801e+00
4.912316301033011534e+00 4.318337828421710434e+00 2.937732245984387092e+00 6.165710033479665064e+00 4.136764293091132139e+00 4.148998168657747065e+00 4.752020366123490547e+00 4.620466686291410774e+00 5.459429967355848845e+00 5.048065588210709720e+00 3.434446530375554474e+00 2.928210659217433065e+00 1.689618953948220259e+00 1.912778585401986309e+00 3.686581044707144095e+00 1.589495209897129513e+01 1.702998304946844499e+01 1.491976984928924921e+01 2.392854565287513324e+01 1.737655663989550803e+01 1.648273876387341375e+01 1.457319625910723637e+01 1.848930254577062016e+01 1.601838213795736010e+01 5.210497767317888496e+00 3.835941254402995604e+00 3.378631758500569848e+00 3.464386736617413476e+00 3.282835348368968731e+00 2.787532823550688210e+00 3.171135037790677735e+00 4.158152233281424692e+00 3.314181962576754792e+00 2.792285648107504681e+00 3.722395171945807490e+00 9.918866399560883451e+00 6.049271841254536319e+00
8.442242709169423875e+00 4.731551313795350211e+00 3.097294541544569402e+00 3.918574076672577178e+00 1.742100840246634164e+01 1.785096360295936080e+01 6.952625775511265260e+00 8.111198000957470455e+00 7.670201792472035152e+00 4.491059308346470047e+00 3.660872158424991252e+00 3.043471772129805686e+00 2.143361547781107213e+00 2.412007552951227041e+00 3.903017886810931092e+00 1.693467286966411933e+01 1.491976984928924921e+01 1.677042083632519365e+01 2.427524898676427512e+01 1.736211688465845526e+01 1.618263417154133776e+01 1.851708210987769476e+01 1.617253281778461727e+01 1.491976984928924921e+01 8.051909747687460595e+00 3.514254309752881333e+00 2.894154168459302845e+00 4.047035248246437789e+00 3.794429111497662266e+00 2.618390628839439849e+00 2.609154773472286859e+00 3.082147552274122404e+00 3.447898899328691869e+00 3.556010900667834651e+00 7.884458994364315743e+00 3.946224174199824741e+00 4.557760317310630249e+00
5.970763085793240776e+00 1.573070006533818344e+01 3.362026561273246283e+00 3.818360069336924845e+00 1.567180854765708453e+01 1.589495210039237882e+01 1.848223537838013186e+01 6.876869606407704616e+00 4.734974829618625591e+00 3.253401624537568537e+00 3.758869386808564972e+00 2.741085437202277042e+00 2.456558223687305365e+00 2.795062664265834940e+00 3.973616001971827849e+00 8.421542225331808851e+00 1.711872753059341079e+01 1.727114510628533139e+01 1.491976984928924921e+01 2.386984874533703405e+01 1.893947453811580317e+01 1.630606421135653150e+01 1.532523495739741470e+01 1.457319625910723637e+01 1.642384724606552382e+01 4.514047601287714429e+00 3.532443018675909485e+00 4.455428965173684475e+00 5.012286335443112861e+00 3.411937244560463434e+00 3.178151443602893700e+00 3.560053365236740763e+00 3.732132140506105422e+00 7.550014975783097881e+00 3.109523608017692897e+00 2.899321126298518791e+00 3.531719574612846912e+00
4.219104795926542195e+00 4.613049912501930194e+00 3.096252124249045945e+00 3.885756474450034581e+00 1.094200689937600934e+01 1.991672596977964460e+01 1.993448842469840088e+01 1.242468960905669739e+01 4.751937505331900624e+00 3.296111347017587789e+00 2.833512694118850206e+00 2.461738198557553492e+00 1.744842935826958596e+00 2.313052133902435248e+00 3.519010154252160127e+00 6.134355649077903649e+00 1.772313023002838861e+01 1.491976985023664071e+01 1.693467287077890404e+01 1.532523495834480443e+01 2.393597870910638292e+01 1.561291703079658433e+01 1.457319626005462609e+01 1.662451794247506598e+01 1.617253281873200876e+01 5.543529538416097857e+00 3.767535755077064952e+00 3.474280381376120719e+00 6.100206632732402490e+00 4.337503263724087788e+00 4.222477988678170924e+00 4.257160228063841423e+00 7.680673359603703787e+00 3.754904355672823435e+00 3.114455396597438419e+00 3.025112609328028057e+00 2.848112186172929938e+00
3.790934946018833074e+00 4.027444588622759447e+00 3.635931079653162090e+00 8.425323904753248883e+00 3.985964914133680814e+00 6.003901836322778962e+00 6.926847642852250075e+00 5.635708084902412374e+00 1.048604227692409729e+01 3.769955052669956785e+00 3.342933476269932758e+00 2.585839215823065196e+00 2.553008216490107340e+00 2.693319833477571645e+00 3.554529898217771766e+00 5.307919635175880835e+00 1.164736656926685221e+01 1.759391849966316812e+01 1.532523495739741470e+01 1.705810290877697355e+01 2.428293859849722125e+01 1.457319625910723637e+01 1.679157202619084188e+01 1.630606421040914000e+01 1.491976985023664071e+01 6.506680218167927521e+00 3.449599412859909897e+00 4.876710365926776980e+00 3.972734859361682691e+00 6.189510709116512466e+00 4.938305106465795014e+00 8.061697399206234849e+00 3.912212360960273916e+00 4.134341711530410635e+00 3.828992192272425044e+00 3.220774544152737118e+00 3.127134986387656745e+00
3.640635387105324305e+00 3.864605939344764263e+00 9.579906408297485854e+00 3.797774607313868511e+00 3.009771660888221234e+00 3.803030578240130577e+00 4.745564008809707524e+00 3.645252827810309793e+00 4.199892482622030521e+00 8.317651542934202169e+00 4.997968258401055408e+00 3.941534934997739992e+00 7.781660295278844508e+00 7.304009065014713364e+00 7.847689339695540944e+00 9.077215674142891544e+00 1.046149818855182723e+01 2.013198451678387357e+01 1.768671156819934964e+01 1.757652675583651458e+01 1.491976984928924921e+01 2.393726579339501015e+01 1.642384724606552382e+01 1.532523495739741470e+01 1.457319625910723637e+01 1.759391849871577662e+01 5.955052663701539295e+00 5.311020841960955252e+00 5.783519369759471118e+00 4.358460800159177140e+00 8.739185136460168479e+00 3.314812952649647482e+00 4.028027746114466012e+00 3.411251272490542163e+00 4.650927233004712669e+00 4.717732417043031035e+00 3.769734624227849551e+00
4.068121995002535130e+00 5.605983464679879624e+00 1.030477607083562397e+01 4.263194973907835639e+00 3.250298866052469648e+00 3.070346515688904265e+00 5.365785564210465708e+00 3.882355585336674242e+00 3.206603014614618719e+00 4.222889114710468128e+00 1.004678863494431518e+01 9.360882530723614536e+00 2.696766401510643618e+00 3.142762546732469797e+00 4.053578246757091108e+00 4.732005822696573105e+00 6.113816636424148854e+00 1.677042083632519365e+01 2.061602405735726506e+01 1.491976984928924921e+01 1.722235494228329600e+01 2.393790871485215632e+01 1.561291702984919461e+01 1.457319625910723637e+01 1.766060987321445097e+01 1.601838213795736010e+01 4.599558467264642125e+00 3.989634111392934557e+00 4.470556085591585571e+00 9.257945745558886941e+00 5.315040059136416417e+00 4.671825174675196202e+00 3.625378261768863020e+00 4.417670965771237412e+00 7.722780945948588993e+00 7.988161452125723372e+00 4.663217026432913137e+00
1.956362884576770966e+01 1.977180011415625671e+01 4.925041060268459781e+00 5.172783300803904361e+00 4.328134290002418005e+00 3.695228982391996375e+00 4.637154425927225709e+00 3.442595024774800283e+00 3.437101218387758284e+00 2.920290689959760488e+00 5.108863558484880940e+00 4.404422301269382167e+00 2.285061852705704943e+00 3.001403784576300193e+00 4.137086149309185501e+00 2.650894368707575666e+00 4.045310581492766566e+00 1.734013797777228305e+01 1.491976984928924921e+01 2.021307467496113119e+01 1.538412647662638832e+01 2.428595945898196362e+01 1.457319626005462609e+01 1.772313023114317332e+01 1.617253281873200876e+01 1.561291702984919461e+01 4.494595049171571155e+00 3.231835089219091017e+00 8.485066549419995496e+00 6.168450873825991998e+00 4.289377519155754825e+00 4.546539077502675497e+00 7.544510877085877532e+00 7.525748921221686594e+00 3.936224044531303257e+00 3.281086431121447600e+00 7.917746893332062719e+00
1.869253078721649430e+01 5.571156371338293667e+00 3.315776322570648027e+00 3.696745179911610002e+00 3.665463691080066866e+00 3.664384248782535991e+00 4.357781214683934756e+00 6.286893859304140797e+00 3.355997593239745225e+00 2.824093799793712556e+00 4.464468528061383168e+00 4.922315076646767373e+00 2.602474808661721095e+00 4.357416035820865119e+00 3.223032340879970370e+00 3.486573929314169984e+00 4.473673589316631727e+00 6.538203960694834116e+00 1.731766512303500960e+01 1.538412647662638832e+01 2.062604920397664188e+01 1.491976984928924921e+01 2.394156549519006560e+01 1.630606421040914000e+01 1.583606058211079493e+01 1.491976985023664071e+01 1.100063367925628555e+01 8.172112791112732921e+00 4.906048265954694010e+00 5.237380858400420003e+00 5.695639417031558516e+00 8.385928125555864199e+00 3.598686216352453560e+00 2.775701865861428974e+00 3.263249327129909005e+00 3.452248982127152477e+00 3.896600850425794960e+00
1.722995316570363400e+01 4.353293421164130983e+00 2.894555420306325288e+00 3.353273990798665505e+00 3.720177766439141998e+00 3.336903588967618184e+00 2.671266042872566082e+00 4.392797856345796781e+00 6.405807341373840558e+00 3.310088128982036526e+00 3.975348438785188954e+00 3.857750533556405070e+00 4.178423406960549258e+00 3.517286088847577208e+00 2.766147378759927555e+00 3.205687928136898623e+00 4.025219867649289185e+00 5.242785223903551284e+00 1.623142433559250719e+01 1.785096360153827533e+01 1.491976984928924921e+01 2.028196627515621486e+01 2.463528884134656849e+01 1.607727365576525003e+01 1.532523495739741470e+01 1.457319625910723637e+01 1.973195420466166539e+01 6.394712466853429866e+00 4.491909355699577056e+00 3.509258296553951606e+00 8.744748113547480273e+00 4.483492441914969540e+00 3.916310791742146691e+00 2.563240117687231034e+00 2.469607266475338569e+00 3.402901897826332789e+00 4.847774391411601158e+00
5.805200414261791231e+00 3.734789340459434115e+00 2.901961760620749065e+00 3.767685417417132143e+00 3.284562838136927621e+00 2.821734206633537134e+00 3.209125580457490301e+00 4.114624109276630470e+00 4.475960228931909590e+00 5.729749518492781135e+00 4.300299821921361065e+00 4.330653003157975967e+00 3.897585596902895855e+00 3.218347588310710883e+00 2.657994991517648398e+00 3.127800170227485133e+00 3.987528946553752895e+00 4.547987870994573356e+00 1.719703713413160884e+01 1.491976984928924921e+01 1.754361072455867543e+01 2.063350265463122213e+01 2.394220565909388299e+01 1.648273876387341375e+01 1.457319625910723637e+01 1.974005141489428539e+01 1.457319625910723637e+01 1.722235494228329600e+01 3.891326300377480951e+00 7.488938965627174760e+00 4.141959877147378677e+00 5.290649610775341571e+00 5.428229582934427810e+00 3.467548843024243599e+00 2.931468437998107301e+00 3.425520007472830475e+00 3.555675906197426794e+00
4.806268197441649015e+00 3.373774943374916457e+00 3.110886290709458102e+00 4.329207546640480686e+00 3.255378264408082867e+00 2.897076823737402940e+00 2.837251739042706333e+00 3.713619027552423013e+00 4.310146954642345207e+00 3.837091504298929756e+00 6.286300763783476242e+00 4.728151193960730581e+00 3.736839342626675275e+00 3.697520052517692779e+00 2.354750719548251769e+00 2.667857312702397898e+00 3.856504844774649499e+00 4.638994871424018562e+00 6.402778780431639838e+00 1.776758199259922222e+01 1.796429228684527857e+01 1.491976984928924921e+01 2.396773143214079127e+01 1.658809927953123875e+01 1.980697510439944153e+01 1.457319625910723637e+01 1.731766512208762165e+01 1.913927755446535528e+01 8.715942660925335872e+00 3.718610830844764958e+00 4.063543073324205501e+00 6.633380209574576192e+00 6.266959004140079337e+00 5.224709003200564084e+00 3.873722829836729442e+00 2.924654751467409941e+00 2.512906451711681477e+00
4.858567344856319359e+00 3.182582189346164103e+00 4.088529649494002882e+00 3.752576049133036218e+00 3.304587918716517247e+00 3.227760244685033086e+00 3.935585049306810301e+00 4.372649153748270123e+00 5.548508164121717101e+00 2.927756944679066553e+00 3.564716691442078034e+00 6.807401184460879051e+00 3.215203028542604535e+00 2.835743066583646055e+00 2.458056134149809946e+00 2.547338386817080025e+00 3.920082035251227115e+00 3.239267645313995914e+00 4.613829509831747444e+00 1.607727365576525003e+01 1.759391849966316812e+01 1.765281001794475202e+01 2.431442978197575044e+01 1.668340946075664988e+01 1.981096712709006269e+01 1.746356801830622629e+01 1.914660359550481772e+01 1.491976985023664071e+01 6.214949585613640970e+00 3.725800179470325713e+00 3.775819976036389303e+00 7.364325332692034820e+00 4.871738795319393134e+00 5.439113956779297432e+00 4.656257514087434046e+00 2.992560922548552327e+00 2.276384979606918879e+00
