testcase_input/hyytiala/twi.asc
ncols        375
nrows        250
xllcorner    348000.000000000000
yllcorner    6857000.000000000000
cellsize     32.000000000000
NODATA_value  -9999
[rows 68 to 84 of 250, columns 333 to 369 of 375]
3.146999812697556909e+00 3.663629263649861301e+00 4.497251963413815723e+00 8.343555210212832307e+00 3.986471913346604445e+00 3.122364034046385850e+00 3.455808111672520777e+00 3.707573285591267087e+00 3.278996315858972999e+00 2.610748762729353079e+00 3.753058966156478160e+00 9.758918936435771130e+00 2.458063351821089260e+00 2.638582956937873369e+00 2.918960533151941927e+00 3.442804257983691496e+00 4.078519752055431269e+00 3.902700137469960140e+00 4.077002511965207354e+00 6.337279042211416247e+00 4.746935391887866729e+00 2.869497460435113556e+00 2.682827948554673103e+00 2.586192076962711361e+00 3.179984716634415065e+00 3.594361617591439462e+00 5.133976870327865427e+00 6.915424161907538725e+00 9.997518125858517735e+00 4.210432324903397472e+00 4.237497323609194844e+00 4.953085908981941898e+00 5.049264383226688579e+00 6.374326321682308283e+00 1.860300230007350564e+01 3.674406752000254794e+00 2.881110021708889857e+00
2.707191154827974788e+00 3.793781778236570812e+00 4.751514385897520398e+00 6.240852045407514481e+00 5.170299695674449580e+00 4.009634002302256306e+00 3.561774738892657943e+00 3.097256543073948709e+00 2.834129440736191441e+00 2.717939576861324813e+00 2.558865250182735362e+00 7.299898647773850335e+00 2.288735112667979354e+00 2.116709453231353510e+00 2.744165327527951170e+00 3.342811754421256776e+00 3.591425962644938963e+00 3.914471226168831919e+00 3.208765268848395635e+00 3.706808319814194341e+00 3.957836184890194620e+00 3.778999169655799406e+00 2.902969828924087725e+00 2.696225444930338888e+00 3.431087679905183485e+00 4.113896522833130120e+00 3.647559455700029041e+00 4.847403234728804300e+00 1.103925374313524266e+01 5.620183019686061598e+00 4.826783216506051133e+00 4.469933913401068715e+00 4.948178963020649412e+00 4.733935617714089439e+00 9.734662483590671656e+00 4.753755567461508846e+00 2.780207808316037088e+00
3.717513993853503784e+00 4.385947895378767392e+00 4.176567533444241143e+00 4.884585165111328564e+00 7.350885907504907557e+00 5.611687460743055134e+00 3.388592028847408066e+00 2.476323901103573366e+00 2.586078447460331997e+00 2.777487088785072888e+00 2.742415312000934691e+00 1.005218245727478354e+01 3.831899660693940390e+00 2.486523969824753877e+00 2.373212670092266219e+00 2.793492663008238619e+00 3.920516965838870327e+00 5.104686183178066550e+00 3.881442471252078530e+00 4.530717740090537404e+00 4.191508968233129906e+00 3.891454242685833620e+00 3.256154934869865070e+00 3.144030248760317114e+00 3.482292105314573671e+00 3.103326005901819951e+00 3.209187363611906374e+00 3.410011718255051782e+00 6.269739247159664686e+00 1.235143620640684503e+01 5.563240582713830484e+00 5.059298310399307219e+00 4.237537021839592910e+00 3.763820426787236162e+00 3.869618147502438710e+00 8.589458602816471000e+00 3.370158754487896147e+00
2.787814533388853988e+00 3.369998531881575943e+00 4.112194590151986517e+00 4.565773993537200148e+00 4.577656446261534562e+00 6.287849404962095434e+00 4.270634078378220622e+00 2.998198529356293385e+00 2.508525722793412349e+00 2.681156348866898131e+00 2.417916832003834671e+00 1.870435479575487747e+01 4.694202786179221043e+00 3.298442580215469544e+00 2.837264279528799449e+00 2.755689581831036516e+00 3.537129153020268646e+00 3.664038090624177180e+00 4.408054446166205231e+00 3.782409533128461288e+00 3.551755209627668552e+00 3.404237759843741884e+00 4.630285954171401208e+00 4.248415410038660411e+00 3.977581207997522572e+00 3.539865283979481081e+00 2.697393390879041064e+00 3.091442226119939463e+00 4.610370181600844219e+00 1.070811439675251897e+01 4.957365554863718771e+00 5.154308717767035475e+00 4.253979192431923906e+00 4.009227690135931610e+00 7.150257599243473372e+00 3.584198704703680072e+00 3.925960039898805931e+00
2.336886213580936289e+00 3.019739743876963534e+00 3.562937068224898862e+00 3.325654181186512126e+00 4.959561939513148054e+00 3.472473438712138982e+00 3.312704856023889199e+00 3.432486400712255303e+00 3.057680953769072563e+00 2.410136512721718027e+00 2.619692501040169041e+00 1.877415055626933338e+01 4.164131694031799391e+00 3.626896661757143203e+00 2.851624783656417250e+00 2.956805504630516168e+00 2.946939704676733385e+00 3.346978133489457274e+00 5.027673137925954272e+00 3.574005728528331538e+00 4.177334383724182310e+00 3.952642604473546761e+00 5.264017540314370081e+00 4.062765619668898154e+00 3.447073378141906730e+00 3.643254888544498638e+00 2.883893341913252861e+00 2.632882543538716646e+00 3.499036327315487860e+00 9.151472385170228208e+00 4.115379924224055408e+00 3.875241401060701030e+00 4.689835501637291237e+00 5.083232916161872339e+00 7.479782544674900002e+00 3.991397333837963579e+00 3.419788718464212174e+00
2.799399787768542147e+00 2.786246702480162707e+00 3.597920334790224661e+00 3.860987560016827302e+00 5.257789744776601104e+00 4.105473622158609892e+00 3.807776144363214765e+00 3.684486892003088432e+00 3.163202270918631154e+00 2.393821033227446549e+00 2.733257359154898314e+00 7.931554678076619957e+00 3.838138347148347673e+00 3.165159472699547560e+00 3.435751928164922031e+00 2.708914653187967758e+00 2.317749742462041240e+00 2.711089242644474595e+00 4.585642799625739841e+00 3.548399217862235666e+00 3.475783547526563488e+00 5.220386678184818052e+00 4.031405862771043402e+00 3.669040835791642863e+00 3.619463893246833486e+00 3.293034229292997495e+00 2.943618920606746237e+00 2.616089235133042479e+00 3.254249906160577410e+00 4.287860587428862225e+00 8.736080489046054609e+00 3.287967093562492948e+00 3.715740238691229713e+00 6.208455813568796167e+00 8.363191488494885917e+00 5.139263336414680694e+00 4.528028585380210025e+00
3.646489708552783426e+00 3.265728427419935187e+00 4.420606692369372759e+00 4.805207731547878502e+00 5.948267920230404293e+00 4.823054645903394722e+00 5.115369643054287430e+00 3.946157858491205150e+00 3.216161038504615099e+00 2.589145921932431982e+00 2.973913056918484621e+00 6.837893353960184051e+00 2.866002815621693678e+00 3.367236924709244406e+00 4.167819822992814061e+00 3.468875381807503988e+00 2.114342328156875617e+00 2.632348867712867690e+00 4.455077822171396917e+00 2.644718525684347732e+00 3.024590659732560027e+00 6.088486132167955311e+00 4.526053453239793356e+00 4.330119334257656938e+00 3.163632332717901896e+00 3.725278062090858100e+00 3.408487492094232518e+00 2.769290480983481295e+00 3.289941021926023001e+00 4.572507132854614298e+00 1.046420188801162965e+01 4.948637118875153007e+00 4.074271145623048263e+00 5.483904003482055423e+00 9.141924911296680278e+00 6.076882451177955780e+00 6.702042226657989765e+00
3.293165337516778646e+00 4.495985366075963441e+00 3.865239807886759138e+00 5.201709157099953629e+00 4.009336292098738319e+00 6.019596555961011397e+00 5.264011567448821260e+00 4.325158163401441769e+00 3.949790879385941977e+00 2.678461096403584651e+00 6.580532181438732309e+00 3.098881931276418200e+00 2.970325970442754926e+00 2.555602320315859100e+00 2.434266057331483601e+00 4.424836195065619648e+00 3.264391775532533124e+00 3.136933863257981958e+00 4.647135682667751233e+00 2.866938889803635426e+00 2.727884718710350320e+00 4.366307521193630414e+00 7.874816759426842339e+00 7.148533062557964612e+00 4.584622957006700084e+00 3.265627521798590838e+00 3.976110746788572126e+00 3.131471533376083194e+00 3.061020286943338053e+00 4.561140954687131099e+00 6.284459945417915527e+00 1.010019003426158690e+01 5.085736007504057632e+00 4.532823397494514239e+00 5.399694812595274840e+00 8.735357436469216807e+00 4.181975928731601400e+00
4.958736725224166086e+00 3.934147672734374268e+00 3.684196324544113832e+00 5.119741303266051702e+00 3.687411538025598290e+00 5.989070069492413495e+00 5.350062543168622398e+00 5.047449607472135114e+00 1.095859633550633028e+01 4.874453853668950565e+00 7.428342970341835994e+00 3.569044168100488967e+00 2.716539222302781553e+00 3.003542435221859375e+00 2.956555128908433971e+00 4.583340435584845274e+00 3.775431901253622158e+00 3.843484575438160356e+00 5.046466501560042950e+00 2.802705869931483296e+00 2.360875713158023803e+00 4.539118752379951438e+00 1.775125008933692072e+01 6.231218448949928046e+00 4.641255985598736089e+00 3.209836716586530692e+00 4.259929645430182710e+00 3.491688241344469645e+00 3.373606210498187874e+00 3.715844396558745100e+00 3.961100151797043001e+00 3.975433550350287781e+00 1.016264196225237981e+01 5.580412063279047707e+00 4.852012550318860029e+00 9.224988307925288566e+00 5.576575003714109968e+00
1.391443502887680772e+01 4.193377884127398758e+00 3.512256417671873798e+00 4.933949245673474593e+00 4.412988928056591043e+00 6.224413117862512834e+00 5.842966367896196722e+00 1.113999166877392533e+01 3.821984276402353053e+00 2.208042163756755016e+01 1.180553227158866036e+01 3.495056851806143339e+00 3.438344161981240710e+00 3.584989844995003949e+00 5.045968123686823681e+00 3.608457739151485821e+00 2.592000602523001351e+00 5.498833186433725650e+00 3.650433999180329625e+00 2.874635943378001546e+00 2.409781354143343712e+00 2.660942587969826079e+00 7.440666316788530743e+00 4.477917452028659540e+00 3.801980076511172424e+00 3.589165147460855465e+00 3.447300133964538382e+00 4.736179859406112413e+00 3.372694665649476953e+00 3.132749089378137342e+00 4.166260800181666113e+00 9.015601407069768314e+00 4.218141913723185255e+00 4.894759341544118847e+00 6.335132184181785142e+00 1.046591688635596107e+01 6.202276883330967827e+00
6.790148743917852059e+00 1.368726404917195794e+01 6.585222182385774836e+00 4.193003137604092601e+00 4.324163394258686566e+00 1.250536982860514890e+01 1.173522371261395136e+01 3.800199774289451327e+00 2.643644001282332123e+00 2.833433043357809655e+00 5.401275397896168506e+00 2.201545592366245785e+01 1.220781952211332744e+01 1.162226155899497471e+01 2.166014320175613861e+01 1.204361690983597200e+01 4.453605964864583378e+00 6.460503806984577935e+00 3.957324951694777049e+00 3.508872646297248377e+00 2.549282857234576039e+00 4.979255488328475643e+00 3.132117963404995375e+00 4.247747789011000030e+00 3.453038626146947898e+00 3.814250957312867563e+00 3.715896806837391875e+00 5.255144691067480167e+00 4.209430233551466394e+00 3.855354754341833168e+00 8.990564237698153605e+00 4.398347119744784983e+00 3.823480795306919422e+00 4.417416123053683030e+00 5.731209760507442574e+00 9.459776695629312115e+00 5.296612227305055320e+00
3.414981307032816105e+00 5.437353012066346913e+00 1.390462668740642549e+01 2.232757059659594745e+01 1.283800667005805352e+01 5.263198274976379487e+00 5.675240595585358427e+00 3.959697142325417474e+00 2.549100486033655244e+00 2.807705513373387696e+00 2.893835895591211571e+00 3.159691031577076537e+00 3.042902781906898113e+00 5.702618029299660662e+00 9.707603279848486366e+00 4.375823831011201648e+00 1.117843004295799680e+01 2.164115528951144896e+01 5.224364842478602888e+00 6.711153455864501183e+00 5.525060694216192836e+00 2.521514345424773929e+00 3.729042172516747300e+00 4.654810233303408040e+00 3.527189676894005199e+00 3.233451844758634230e+00 4.347150981985500096e+00 6.789455496678893809e+00 5.944366910551522665e+00 5.663793147985947130e+00 9.963952395981763743e+00 3.770842079110612310e+00 3.624226520161504261e+00 4.273061499164652943e+00 4.419032920766744255e+00 3.887030471182418623e+00 8.412136778806306836e+00
4.435292070589592406e+00 4.618419135826999700e+00 8.996540327253477187e+00 4.576786080490336417e+00 1.093553357550392313e+01 3.901270781800068921e+00 4.131506578297159393e+00 5.120479707988883966e+00 3.488076451347844831e+00 3.114859890535381037e+00 3.162050997349422410e+00 2.872605501308473475e+00 2.522278566754057039e+00 2.698917069557915216e+00 4.022424840015615288e+00 2.843720035253146872e+00 2.866442566650220680e+00 5.080324583895292179e+00 2.196706965696297331e+01 8.046969479397228397e+00 4.122139545482702339e+00 3.227709178244501320e+00 3.121527365243168539e+00 4.502124664776605556e+00 3.924595281447212258e+00 3.335545303597514444e+00 3.822639593581798501e+00 5.253588035507272380e+00 8.165113920732395059e+00 1.058887763023984441e+01 5.558479034281964992e+00 3.589353948101888570e+00 3.548149559157123711e+00 4.211722999744139884e+00 3.574178696997183380e+00 3.276511377469613961e+00 7.858702438836790982e+00
3.348066852760684942e+00 7.951486220697542961e+00 6.137387559278408844e+00 3.945671414501248808e+00 1.100869249515971404e+01 4.499567703717969991e+00 4.013781002956850585e+00 4.447079173063015922e+00 5.835176758007197151e+00 4.200886649532572292e+00 3.316761837337889318e+00 2.875523550461792865e+00 3.120202842352977513e+00 2.931886262982267954e+00 2.985798615365909292e+00 3.041610579574485662e+00 2.693705907635185692e+00 3.791303466025203406e+00 1.658809927953123875e+01 2.192646507595889460e+01 3.553091278317036750e+00 1.853485095523052184e+00 2.287326715382984599e+00 3.547243218780378626e+00 3.984300425697316239e+00 3.306409230129994548e+00 2.849565249945280154e+00 3.827081320997023361e+00 5.662433890383914203e+00 1.035596578320476446e+01 5.412202593053389243e+00 3.623732941445620082e+00 3.529398303431978690e+00 4.262173236615304006e+00 4.170799991126233230e+00 4.429714261781806606e+00 8.170764784769296796e+00
7.141447207864462854e+00 3.985242257204309801e+00 5.374027530038374856e+00 4.489814639574587041e+00 1.170810759752128050e+01 5.245313733938383294e+00 4.121609727448200644e+00 4.294977849563902161e+00 6.300690632372980993e+00 6.420826170482993867e+00 4.875524351184932215e+00 3.485658336181185479e+00 2.952451002190629392e+00 3.278286563571847001e+00 3.881143183065786761e+00 3.845004763408875093e+00 3.012848376608534107e+00 3.748151792456219322e+00 1.623142433559250719e+01 2.157785136271107262e+01 5.104581443240891581e+00 2.503647550261188570e+00 2.493434626586484626e+00 3.289044530559891655e+00 3.642783390966018331e+00 4.008716064682134927e+00 3.050649763139019033e+00 3.561777073596856358e+00 5.374627189337692457e+00 1.213457639591346826e+01 5.292829176946841407e+00 3.305490779297742598e+00 3.539049488359765849e+00 4.288601963010278517e+00 3.417862275232732117e+00 3.717518409557094561e+00 4.475983167775661187e+00
3.107308226795543415e+00 3.547857696144605555e+00 4.179546769624082003e+00 6.067339349438880092e+00 5.634511240244867381e+00 1.196190502142690804e+01 6.638419089636999004e+00 5.867664339628170467e+00 4.395587550687010570e+00 5.741176274358368303e+00 5.631266191973350210e+00 4.171378821560097094e+00 3.839816904568175815e+00 3.987369748837474415e+00 3.768735720092031727e+00 4.491270631554613146e+00 3.516750251871297195e+00 4.017979931455901266e+00 5.859351334040869830e+00 1.737655663989550803e+01 2.190726009612284386e+01 3.740652606286626103e+00 2.391031110860647235e+00 2.860047315482248553e+00 3.390526084041353805e+00 4.172551119985913104e+00 4.124324537626857357e+00 4.065555182092448483e+00 5.895543697462640509e+00 1.266751094834027036e+01 6.489436980290549606e+00 4.481617814410010503e+00 3.928730348193438804e+00 3.746621613699431919e+00 3.514354971775138115e+00 3.519113730512538840e+00 4.342122492411137458e+00
2.741047610369375942e+00 3.278580265728729071e+00 3.851724591649064777e+00 4.967935550126806987e+00 4.903275077235114132e+00 5.707928047885030942e+00 1.212786483995554576e+01 8.919082681540492885e+00 8.320845623850310346e+00 8.184719124392310974e+00 8.466379908100497786e+00 6.149148335937048238e+00 4.364233627608789412e+00 3.559288730769110565e+00 4.311659060503931329e+00 4.893673184757076022e+00 3.840213723870575357e+00 4.395994968282278315e+00 5.651598581164393842e+00 8.681539036905999041e+00 2.155652272623927246e+01 4.164589279991286475e+00 2.530269461775156437e+00 2.754409346478291276e+00 2.752764195113961865e+00 3.278200913352570467e+00 4.289209653826984159e+00 3.468372060208551488e+00 5.198262939233517343e+00 2.029432737197979009e+01 6.622489044954985360e+00 4.462976555020703451e+00 3.509828936766719476e+00 4.268097439239176616e+00 3.837926785083703773e+00 4.638386846282247511e+00 4.800973829202340504e+00
