testcase_input/parameters/dem_d4_filled.dat
ncols         214
nrows         263
xllcorner     382500
yllcorner     7541702
cellsize      16
NODATA_value  -9999
[rows 80 to 95 of 263, columns 111 to 147 of 214]
3.004470000000000027e+02 3.020717000000000212e+02 3.038981999999999744e+02 3.065276999999999816e+02 3.085163999999999760e+02 3.102035000000000196e+02 3.118969000000000165e+02 3.131750000000000114e+02 3.143211999999999762e+02 3.153392999999999802e+02 3.167504999999999882e+02 3.181437999999999988e+02 3.193790999999999940e+02 3.203629999999999995e+02 3.216793000000000120e+02 3.229078000000000088e+02 3.241709000000000174e+02 3.252909000000000219e+02 3.262346000000000004e+02 3.270545999999999935e+02 3.278921000000000276e+02 3.292411999999999921e+02 3.299940000000000282e+02 3.301648999999999887e+02 3.308688000000000216e+02 3.316424999999999841e+02 3.320994999999999777e+02 3.328390999999999735e+02 3.331960000000000264e+02 3.341675000000000182e+02 3.350810999999999922e+02 3.357047000000000025e+02 3.372103999999999928e+02 3.383313999999999737e+02 3.395394999999999754e+02 3.403861999999999739e+02 3.412586000000000013e+02
3.006585999999999785e+02 3.023419000000000096e+02 3.048804999999999836e+02 3.075629999999999882e+02 3.095221000000000231e+02 3.110249999999999773e+02 3.125312999999999874e+02 3.137712000000000216e+02 3.148704999999999927e+02 3.158763999999999896e+02 3.170957000000000221e+02 3.183315999999999804e+02 3.198795999999999822e+02 3.208886999999999716e+02 3.219934000000000083e+02 3.233955000000000268e+02 3.245573999999999728e+02 3.255464999999999804e+02 3.263727999999999838e+02 3.275357999999999947e+02 3.287968999999999937e+02 3.296718000000000188e+02 3.305706999999999880e+02 3.313247000000000071e+02 3.322561999999999784e+02 3.327110999999999876e+02 3.329452999999999747e+02 3.332309000000000196e+02 3.338446999999999889e+02 3.348041000000000054e+02 3.356535000000000082e+02 3.361476000000000113e+02 3.370081000000000131e+02 3.380439000000000078e+02 3.389257000000000062e+02 3.399173000000000116e+02 3.403797999999999888e+02
3.013577000000000226e+02 3.032783000000000015e+02 3.057108000000000061e+02 3.082219000000000051e+02 3.103238999999999805e+02 3.117101999999999862e+02 3.129578000000000202e+02 3.139748999999999910e+02 3.151102000000000203e+02 3.162816000000000258e+02 3.172525999999999726e+02 3.186512000000000171e+02 3.199572000000000003e+02 3.212153000000000134e+02 3.223399999999999750e+02 3.236530000000000200e+02 3.247894999999999754e+02 3.256956000000000131e+02 3.269332999999999743e+02 3.281879000000000133e+02 3.294230000000000018e+02 3.301462000000000216e+02 3.311345999999999776e+02 3.319766000000000190e+02 3.329979999999999905e+02 3.333276999999999930e+02 3.335577000000000112e+02 3.337939000000000078e+02 3.343186000000000035e+02 3.352377000000000180e+02 3.361141999999999825e+02 3.368206999999999880e+02 3.373374000000000024e+02 3.380430999999999813e+02 3.384250000000000114e+02 3.391965999999999894e+02 3.397284999999999968e+02
3.022502999999999815e+02 3.043480999999999881e+02 3.071297999999999888e+02 3.088827999999999747e+02 3.106308999999999969e+02 3.121583999999999719e+02 3.133059999999999832e+02 3.139569000000000187e+02 3.155242000000000075e+02 3.166585000000000036e+02 3.176874000000000251e+02 3.190582999999999743e+02 3.202654999999999745e+02 3.214157000000000153e+02 3.225622999999999934e+02 3.238879000000000019e+02 3.246956000000000131e+02 3.258124000000000251e+02 3.275563000000000216e+02 3.284800999999999931e+02 3.297735999999999876e+02 3.306526000000000067e+02 3.314784000000000219e+02 3.324467000000000212e+02 3.335131000000000085e+02 3.338960999999999899e+02 3.341490000000000009e+02 3.342970000000000255e+02 3.346001999999999725e+02 3.353670999999999935e+02 3.365711000000000013e+02 3.373763000000000147e+02 3.377885999999999740e+02 3.379352000000000089e+02 3.383623000000000047e+02 3.387739000000000260e+02 3.393321000000000254e+02
3.040847999999999729e+02 3.059909999999999854e+02 3.080074999999999932e+02 3.095668999999999755e+02 3.111218000000000075e+02 3.124048000000000229e+02 3.135498000000000047e+02 3.145357999999999947e+02 3.156333999999999946e+02 3.169533000000000129e+02 3.179907999999999788e+02 3.195636000000000081e+02 3.205846000000000231e+02 3.215862999999999943e+02 3.227805000000000177e+02 3.237015000000000100e+02 3.246159000000000106e+02 3.259884999999999877e+02 3.277558000000000220e+02 3.291279000000000110e+02 3.300640999999999963e+02 3.311865000000000236e+02 3.321587999999999852e+02 3.329685000000000059e+02 3.336426999999999907e+02 3.341673999999999864e+02 3.344743000000000279e+02 3.345457000000000107e+02 3.353014000000000010e+02 3.359506999999999834e+02 3.369313000000000216e+02 3.378156000000000176e+02 3.382837000000000103e+02 3.382841000000000236e+02 3.388186000000000035e+02 3.391827999999999861e+02 3.394207000000000107e+02
3.051739999999999782e+02 3.067712000000000216e+02 3.085733000000000175e+02 3.100754000000000019e+02 3.117212000000000103e+02 3.127909999999999968e+02 3.135993000000000279e+02 3.146086000000000240e+02 3.157751999999999839e+02 3.170439000000000078e+02 3.183578999999999724e+02 3.196442999999999870e+02 3.208779000000000110e+02 3.218564000000000078e+02 3.227094000000000165e+02 3.235457000000000107e+02 3.247640000000000100e+02 3.260344000000000051e+02 3.277647000000000048e+02 3.292448999999999728e+02 3.303113000000000170e+02 3.314895000000000209e+02 3.326945999999999799e+02 3.334390000000000214e+02 3.339080999999999904e+02 3.345865000000000009e+02 3.347158999999999764e+02 3.350853000000000179e+02 3.358613000000000284e+02 3.366059000000000196e+02 3.374701999999999771e+02 3.380548999999999751e+02 3.384687999999999874e+02 3.386940999999999917e+02 3.392950999999999908e+02 3.395511000000000195e+02 3.396311999999999784e+02
3.060171000000000276e+02 3.074914999999999736e+02 3.091492999999999824e+02 3.105661000000000058e+02 3.121646999999999821e+02 3.133713999999999942e+02 3.139399000000000228e+02 3.146659000000000219e+02 3.159005000000000223e+02 3.169950999999999794e+02 3.184143000000000256e+02 3.199701999999999771e+02 3.212740999999999758e+02 3.221308999999999969e+02 3.227271000000000072e+02 3.235840000000000032e+02 3.247950000000000159e+02 3.258770000000000095e+02 3.275903999999999883e+02 3.290770999999999731e+02 3.304816999999999894e+02 3.319438000000000102e+02 3.331865999999999985e+02 3.337731999999999744e+02 3.342832999999999970e+02 3.348240999999999872e+02 3.351272000000000162e+02 3.355969000000000051e+02 3.363174000000000206e+02 3.369594999999999914e+02 3.375591000000000008e+02 3.380595999999999890e+02 3.386766999999999825e+02 3.393093999999999824e+02 3.394628999999999905e+02 3.397794000000000096e+02 3.398582000000000107e+02
3.067182000000000244e+02 3.080932999999999993e+02 3.095634999999999764e+02 3.110045000000000073e+02 3.124442000000000235e+02 3.134655999999999949e+02 3.142597999999999843e+02 3.151635999999999740e+02 3.162769000000000119e+02 3.174957999999999743e+02 3.187169999999999845e+02 3.199200000000000159e+02 3.212137000000000171e+02 3.221231999999999971e+02 3.231403999999999996e+02 3.243333000000000084e+02 3.253235000000000241e+02 3.263942000000000121e+02 3.278120000000000118e+02 3.293928000000000225e+02 3.305330999999999904e+02 3.318104999999999905e+02 3.332663000000000011e+02 3.341539999999999964e+02 3.347293000000000234e+02 3.350921999999999912e+02 3.356295000000000073e+02 3.359148999999999887e+02 3.365373999999999910e+02 3.371965999999999894e+02 3.378537999999999784e+02 3.384270000000000209e+02 3.392432000000000016e+02 3.397860999999999763e+02 3.399039999999999964e+02 3.401023999999999887e+02 3.401019999999999754e+02
3.069359000000000037e+02 3.085292999999999779e+02 3.100194999999999936e+02 3.114669000000000096e+02 3.127230999999999881e+02 3.136012000000000057e+02 3.144820000000000277e+02 3.155231999999999744e+02 3.167117000000000075e+02 3.178048999999999751e+02 3.189508000000000152e+02 3.198772999999999911e+02 3.213104999999999905e+02 3.223781000000000176e+02 3.236764000000000010e+02 3.247585000000000264e+02 3.257436999999999898e+02 3.270002999999999815e+02 3.286972999999999843e+02 3.300466000000000122e+02 3.313534999999999968e+02 3.321603999999999814e+02 3.330634999999999764e+02 3.341256000000000199e+02 3.346664000000000101e+02 3.353057999999999765e+02 3.359252000000000180e+02 3.362690000000000055e+02 3.368093999999999824e+02 3.375480000000000018e+02 3.382545999999999822e+02 3.387672000000000025e+02 3.393906999999999812e+02 3.399341999999999757e+02 3.400769000000000233e+02 3.402801999999999794e+02 3.405330999999999904e+02
3.075464000000000055e+02 3.089270999999999958e+02 3.103605000000000018e+02 3.118027999999999906e+02 3.130273000000000252e+02 3.140889000000000237e+02 3.149762999999999806e+02 3.160024999999999977e+02 3.170067999999999984e+02 3.179950999999999794e+02 3.189422000000000139e+02 3.199970000000000141e+02 3.212479999999999905e+02 3.226256999999999948e+02 3.240996999999999844e+02 3.255412999999999784e+02 3.267669999999999959e+02 3.278763999999999896e+02 3.293378000000000156e+02 3.303636000000000195e+02 3.315944999999999823e+02 3.328582000000000107e+02 3.341954999999999814e+02 3.348371000000000208e+02 3.353996999999999957e+02 3.360817999999999870e+02 3.361838000000000193e+02 3.367207000000000221e+02 3.373521000000000072e+02 3.380699000000000183e+02 3.384703999999999837e+02 3.390104999999999791e+02 3.397208999999999719e+02 3.403715000000000259e+02 3.407033000000000129e+02 3.408360999999999876e+02 3.408383000000000038e+02
3.080733000000000175e+02 3.092024000000000115e+02 3.105364999999999895e+02 3.120640000000000214e+02 3.133030999999999722e+02 3.144286999999999921e+02 3.153179000000000087e+02 3.163186000000000035e+02 3.172961000000000240e+02 3.182416999999999803e+02 3.192461000000000126e+02 3.205047999999999888e+02 3.216653999999999769e+02 3.227742999999999824e+02 3.239791999999999916e+02 3.252101000000000113e+02 3.267038999999999760e+02 3.280976999999999748e+02 3.295475999999999885e+02 3.310020000000000095e+02 3.319051999999999794e+02 3.332230999999999881e+02 3.344293999999999869e+02 3.353219000000000278e+02 3.358568999999999960e+02 3.363163999999999874e+02 3.364759999999999991e+02 3.368249000000000137e+02 3.376372999999999820e+02 3.384203999999999724e+02 3.391551999999999794e+02 3.397751999999999839e+02 3.405369999999999777e+02 3.408879999999999768e+02 3.410778000000000247e+02 3.414255999999999744e+02 3.413944999999999936e+02
3.085224999999999795e+02 3.096806000000000267e+02 3.109553999999999974e+02 3.123702000000000112e+02 3.137495999999999867e+02 3.149506999999999834e+02 3.159400999999999726e+02 3.166297999999999888e+02 3.174757999999999925e+02 3.184427999999999770e+02 3.197164999999999964e+02 3.206820000000000164e+02 3.218095999999999890e+02 3.229332999999999743e+02 3.242207000000000221e+02 3.258242000000000189e+02 3.273285999999999945e+02 3.292332000000000107e+02 3.305661999999999807e+02 3.318831999999999880e+02 3.330434999999999945e+02 3.338550999999999931e+02 3.347540000000000191e+02 3.357991000000000099e+02 3.364162000000000035e+02 3.364979000000000156e+02 3.367320000000000277e+02 3.373127999999999815e+02 3.381714000000000055e+02 3.388935000000000173e+02 3.395355999999999881e+02 3.401786000000000172e+02 3.407527000000000044e+02 3.411958999999999946e+02 3.416736000000000217e+02 3.418985000000000127e+02 3.417219999999999800e+02
3.090507999999999811e+02 3.103852999999999724e+02 3.115824999999999818e+02 3.129714999999999918e+02 3.142943000000000211e+02 3.155969000000000051e+02 3.166080000000000041e+02 3.173303999999999974e+02 3.180319000000000074e+02 3.191576000000000022e+02 3.202448999999999728e+02 3.212715000000000032e+02 3.224936000000000149e+02 3.235563999999999965e+02 3.247425999999999817e+02 3.265568999999999846e+02 3.283002999999999929e+02 3.298568000000000211e+02 3.312760000000000105e+02 3.323942000000000121e+02 3.334560000000000173e+02 3.342080000000000268e+02 3.349578999999999951e+02 3.357040000000000077e+02 3.365711999999999762e+02 3.366843000000000075e+02 3.370455000000000041e+02 3.375579999999999927e+02 3.388136000000000081e+02 3.393874999999999886e+02 3.399026000000000067e+02 3.405106999999999857e+02 3.412282999999999902e+02 3.415350000000000250e+02 3.418211000000000013e+02 3.422153000000000134e+02 3.421399999999999864e+02
3.095194000000000187e+02 3.107903000000000020e+02 3.121236999999999853e+02 3.134945999999999913e+02 3.146915999999999940e+02 3.157174999999999727e+02 3.170595999999999890e+02 3.179150000000000205e+02 3.186809999999999832e+02 3.197334000000000174e+02 3.207350999999999885e+02 3.217307999999999879e+02 3.230951000000000022e+02 3.246277000000000044e+02 3.258301000000000158e+02 3.275996999999999844e+02 3.289780999999999835e+02 3.301687000000000012e+02 3.314150000000000205e+02 3.325215000000000032e+02 3.334365000000000236e+02 3.343260000000000218e+02 3.350518999999999892e+02 3.361220999999999890e+02 3.369096000000000117e+02 3.367945000000000277e+02 3.374427999999999770e+02 3.382391999999999825e+02 3.389298999999999751e+02 3.397153000000000134e+02 3.403152000000000044e+02 3.409214000000000055e+02 3.416118000000000166e+02 3.417375000000000114e+02 3.422137000000000171e+02 3.427284999999999968e+02 3.426537000000000148e+02
3.101501999999999839e+02 3.115844000000000165e+02 3.126476999999999862e+02 3.138512000000000057e+02 3.150788000000000011e+02 3.164196000000000026e+02 3.176014000000000124e+02 3.182676999999999907e+02 3.192151999999999816e+02 3.201646000000000072e+02 3.212137000000000171e+02 3.222760999999999854e+02 3.237037000000000262e+02 3.249374000000000251e+02 3.266553999999999860e+02 3.283317999999999870e+02 3.295479000000000269e+02 3.305627999999999815e+02 3.319365000000000236e+02 3.328974000000000046e+02 3.338697000000000230e+02 3.344807000000000130e+02 3.353983999999999810e+02 3.362334999999999923e+02 3.368673999999999751e+02 3.370681999999999903e+02 3.376852000000000089e+02 3.385529999999999973e+02 3.393195000000000050e+02 3.400973999999999933e+02 3.406557000000000244e+02 3.414995000000000118e+02 3.419282000000000039e+02 3.422565000000000168e+02 3.429030000000000200e+02 3.435369999999999777e+02 3.434066000000000258e+02
3.106689000000000078e+02 3.120688999999999851e+02 3.132968000000000188e+02 3.144510999999999967e+02 3.158065000000000282e+02 3.172649999999999864e+02 3.178604000000000269e+02 3.187470999999999890e+02 3.198242000000000189e+02 3.208817000000000235e+02 3.219184999999999945e+02 3.232053999999999974e+02 3.244191999999999894e+02 3.257722999999999729e+02 3.275663999999999874e+02 3.287144999999999868e+02 3.299461000000000013e+02 3.309986999999999853e+02 3.322318999999999960e+02 3.332964999999999804e+02 3.342821000000000140e+02 3.350330000000000155e+02 3.356945999999999799e+02 3.362862000000000080e+02 3.368122999999999934e+02 3.373084000000000060e+02 3.380548999999999751e+02 3.387065000000000055e+02 3.395452000000000226e+02 3.403285000000000196e+02 3.409725000000000250e+02 3.417830000000000155e+02 3.422434000000000083e+02 3.427520999999999844e+02 3.434132000000000176e+02 3.435851999999999862e+02 3.438052999999999884e+02
