testcase_input/parameters/dem_d4_filled.dat
ncols         214
nrows         263
xllcorner     382500
yllcorner     7541702
cellsize      16
NODATA_value  -9999
[rows 192 to 207 of 263, columns 74 to 110 of 214]
3.302232999999999947e+02 3.305912999999999897e+02 3.302033999999999878e+02 3.298865000000000123e+02 3.294927999999999884e+02 3.293892000000000166e+02 3.286227000000000089e+02 3.277405999999999722e+02 3.261827000000000112e+02 3.246702999999999975e+02 3.236630000000000109e+02 3.222119000000000142e+02 3.208453000000000088e+02 3.203747999999999934e+02 3.200441000000000145e+02 3.198634000000000128e+02 3.196044999999999732e+02 3.187454999999999927e+02 3.182850000000000250e+02 3.181077999999999975e+02 3.176195000000000164e+02 3.174263000000000261e+02 3.171739999999999782e+02 3.175504999999999995e+02 3.170851999999999862e+02 3.172454000000000178e+02 3.175235999999999876e+02 3.178754999999999882e+02 3.180387999999999806e+02 3.183077999999999861e+02 3.184481999999999857e+02 3.186954999999999814e+02 3.191118999999999915e+02 3.196245000000000118e+02 3.201342999999999961e+02 3.211840000000000259e+02 3.221560000000000059e+02
3.304517000000000166e+02 3.308494000000000028e+02 3.309225999999999885e+02 3.298201999999999998e+02 3.294764000000000124e+02 3.293240999999999872e+02 3.285645000000000095e+02 3.277291999999999916e+02 3.262515999999999963e+02 3.247081999999999766e+02 3.235631000000000199e+02 3.221936999999999784e+02 3.214623000000000275e+02 3.206789999999999736e+02 3.204882999999999811e+02 3.203476999999999748e+02 3.200849000000000046e+02 3.193118999999999801e+02 3.188319999999999936e+02 3.182821999999999889e+02 3.179533000000000129e+02 3.179395999999999844e+02 3.177466999999999757e+02 3.179751999999999725e+02 3.177108000000000061e+02 3.177468999999999824e+02 3.180138999999999783e+02 3.184135999999999740e+02 3.185477000000000203e+02 3.189397999999999911e+02 3.190167999999999893e+02 3.189830000000000041e+02 3.189830000000000041e+02 3.192783000000000015e+02 3.199463999999999828e+02 3.212513000000000147e+02 3.219250000000000114e+02
3.308122000000000185e+02 3.307398999999999774e+02 3.308586999999999989e+02 3.299956000000000245e+02 3.296021000000000072e+02 3.290199000000000069e+02 3.285317999999999756e+02 3.278306999999999789e+02 3.265550999999999817e+02 3.251773999999999774e+02 3.241618000000000279e+02 3.228056000000000267e+02 3.212685000000000173e+02 3.209388000000000147e+02 3.209454999999999814e+02 3.210002000000000066e+02 3.204248999999999796e+02 3.201598999999999933e+02 3.193983000000000061e+02 3.184691000000000258e+02 3.182735000000000127e+02 3.182173000000000229e+02 3.179732000000000198e+02 3.180638999999999896e+02 3.180360000000000014e+02 3.181327999999999747e+02 3.184608000000000061e+02 3.186689000000000078e+02 3.186485000000000127e+02 3.192907999999999902e+02 3.194261999999999944e+02 3.192891999999999939e+02 3.193557000000000130e+02 3.197432000000000016e+02 3.205851999999999862e+02 3.218466000000000236e+02 3.217289000000000101e+02
3.311548000000000229e+02 3.307398999999999774e+02 3.304094000000000051e+02 3.303186999999999784e+02 3.297758999999999787e+02 3.291451000000000136e+02 3.285547000000000253e+02 3.277371999999999730e+02 3.264782000000000153e+02 3.254137999999999806e+02 3.246766000000000076e+02 3.235484000000000151e+02 3.217823000000000206e+02 3.209388000000000147e+02 3.210923000000000229e+02 3.211109000000000151e+02 3.207957000000000107e+02 3.203582999999999856e+02 3.196526000000000067e+02 3.188473999999999933e+02 3.186793999999999869e+02 3.185779999999999745e+02 3.182185999999999808e+02 3.182191000000000258e+02 3.182511999999999830e+02 3.184624000000000024e+02 3.186988000000000056e+02 3.186773999999999774e+02 3.190493000000000166e+02 3.196078999999999724e+02 3.199469000000000278e+02 3.197486999999999853e+02 3.198419999999999845e+02 3.201370999999999754e+02 3.209785999999999717e+02 3.215677999999999770e+02 3.217289000000000101e+02
3.312760000000000105e+02 3.309608000000000061e+02 3.305278999999999883e+02 3.304533999999999878e+02 3.300190000000000055e+02 3.297737999999999943e+02 3.285301000000000045e+02 3.277595000000000027e+02 3.263154999999999859e+02 3.256861999999999853e+02 3.253675999999999817e+02 3.243127999999999815e+02 3.226053999999999746e+02 3.209642999999999802e+02 3.209642999999999802e+02 3.211177000000000135e+02 3.211503000000000156e+02 3.207547999999999888e+02 3.199370000000000118e+02 3.192515000000000214e+02 3.190185999999999922e+02 3.191610999999999763e+02 3.183138000000000147e+02 3.183840999999999894e+02 3.184859000000000151e+02 3.185629000000000133e+02 3.187515999999999963e+02 3.189889999999999759e+02 3.194212999999999738e+02 3.197973999999999819e+02 3.202529000000000110e+02 3.201014000000000124e+02 3.200314000000000192e+02 3.202964999999999804e+02 3.207724000000000046e+02 3.214062999999999874e+02 3.219476999999999975e+02
3.312905999999999835e+02 3.310276000000000067e+02 3.306637999999999806e+02 3.305246999999999957e+02 3.299871999999999730e+02 3.293335000000000150e+02 3.287687999999999988e+02 3.276526000000000067e+02 3.261637999999999806e+02 3.257459999999999809e+02 3.254941000000000031e+02 3.247894999999999754e+02 3.228421000000000163e+02 3.213419999999999845e+02 3.210552000000000135e+02 3.210722999999999843e+02 3.212124000000000024e+02 3.209121000000000095e+02 3.204320000000000164e+02 3.199397000000000162e+02 3.195106999999999857e+02 3.194289999999999736e+02 3.186161000000000172e+02 3.186041999999999916e+02 3.186532000000000266e+02 3.186435999999999922e+02 3.190745999999999754e+02 3.195015999999999963e+02 3.196381999999999834e+02 3.201333999999999946e+02 3.204010999999999854e+02 3.203700000000000045e+02 3.203836000000000013e+02 3.204809999999999945e+02 3.209981999999999971e+02 3.222576000000000249e+02 3.224882000000000062e+02
3.313822000000000116e+02 3.309227999999999952e+02 3.306163000000000238e+02 3.305033000000000243e+02 3.301274999999999977e+02 3.292493000000000052e+02 3.283478000000000065e+02 3.272882000000000176e+02 3.257832999999999970e+02 3.254354000000000156e+02 3.254721999999999866e+02 3.249096000000000117e+02 3.229429999999999836e+02 3.215547000000000253e+02 3.210552000000000135e+02 3.211066000000000145e+02 3.212470000000000141e+02 3.208709999999999809e+02 3.208503000000000043e+02 3.204433000000000220e+02 3.200106999999999857e+02 3.196979999999999791e+02 3.190128000000000270e+02 3.190074000000000183e+02 3.189719999999999800e+02 3.190695999999999799e+02 3.195557000000000016e+02 3.200172000000000025e+02 3.201283999999999992e+02 3.201283999999999992e+02 3.210301000000000045e+02 3.206773999999999774e+02 3.207482999999999720e+02 3.209923000000000002e+02 3.218102000000000089e+02 3.223240999999999872e+02 3.230570000000000164e+02
3.312429999999999950e+02 3.309954999999999927e+02 3.306607000000000198e+02 3.302746000000000208e+02 3.300301999999999794e+02 3.291286999999999807e+02 3.274660000000000082e+02 3.261519999999999868e+02 3.249680000000000177e+02 3.249318000000000097e+02 3.251970999999999776e+02 3.246114999999999782e+02 3.229463000000000079e+02 3.215260999999999854e+02 3.211202000000000112e+02 3.211576000000000022e+02 3.212398000000000025e+02 3.211281000000000176e+02 3.211150999999999840e+02 3.207298999999999864e+02 3.202318000000000211e+02 3.197225999999999999e+02 3.191684000000000196e+02 3.192692999999999870e+02 3.193752999999999815e+02 3.196703999999999724e+02 3.200002000000000066e+02 3.205371999999999844e+02 3.205203999999999951e+02 3.203716000000000008e+02 3.207105999999999995e+02 3.207844999999999800e+02 3.208453000000000088e+02 3.211721000000000004e+02 3.215366999999999962e+02 3.220566000000000031e+02 3.227436000000000149e+02
3.311111000000000217e+02 3.307361999999999966e+02 3.301259999999999764e+02 3.299999000000000251e+02 3.296335000000000264e+02 3.293564999999999827e+02 3.278004999999999995e+02 3.261336000000000013e+02 3.247835000000000036e+02 3.244411000000000058e+02 3.250201000000000136e+02 3.244177000000000248e+02 3.228027999999999906e+02 3.213720000000000141e+02 3.211202000000000112e+02 3.211369000000000256e+02 3.213156000000000176e+02 3.212090000000000032e+02 3.214560999999999922e+02 3.214114000000000146e+02 3.206902000000000044e+02 3.199596999999999980e+02 3.196899999999999977e+02 3.194730999999999881e+02 3.194775999999999954e+02 3.197538000000000125e+02 3.202167999999999779e+02 3.207685000000000173e+02 3.209023000000000252e+02 3.205783000000000129e+02 3.205783000000000129e+02 3.211399000000000115e+02 3.213570000000000277e+02 3.213158000000000243e+02 3.219164999999999850e+02 3.219275000000000091e+02 3.224818000000000211e+02
3.305880000000000223e+02 3.301650999999999954e+02 3.297164000000000215e+02 3.296519000000000119e+02 3.295543999999999869e+02 3.291872999999999934e+02 3.282758999999999787e+02 3.259965000000000259e+02 3.248270999999999731e+02 3.242554999999999836e+02 3.242069000000000187e+02 3.237595999999999776e+02 3.224021999999999935e+02 3.214392000000000280e+02 3.211349000000000160e+02 3.211779000000000224e+02 3.213620999999999981e+02 3.215015999999999963e+02 3.216576000000000022e+02 3.216494999999999891e+02 3.212936000000000263e+02 3.206164999999999736e+02 3.201238999999999919e+02 3.203227999999999724e+02 3.197391999999999825e+02 3.199297000000000253e+02 3.204934999999999832e+02 3.210138999999999783e+02 3.210932999999999993e+02 3.207744999999999891e+02 3.207071000000000254e+02 3.211768999999999892e+02 3.220262000000000171e+02 3.215271999999999935e+02 3.220337999999999852e+02 3.220851000000000113e+02 3.224254000000000246e+02
3.302986000000000217e+02 3.298528999999999769e+02 3.294383000000000266e+02 3.291999999999999886e+02 3.292688999999999737e+02 3.286324000000000183e+02 3.278235000000000241e+02 3.260273000000000252e+02 3.248570000000000277e+02 3.243401000000000067e+02 3.237228000000000065e+02 3.233645000000000209e+02 3.222563000000000102e+02 3.215828000000000202e+02 3.214828999999999724e+02 3.212959999999999923e+02 3.215330999999999904e+02 3.220255000000000223e+02 3.221157999999999788e+02 3.218937999999999988e+02 3.216483999999999810e+02 3.210822999999999752e+02 3.208820000000000050e+02 3.204802999999999997e+02 3.206490000000000009e+02 3.206055000000000064e+02 3.210932999999999993e+02 3.217663000000000011e+02 3.217343000000000188e+02 3.213007000000000062e+02 3.211711999999999989e+02 3.212998000000000047e+02 3.215201000000000136e+02 3.221596999999999866e+02 3.220337999999999852e+02 3.223450000000000273e+02 3.225292999999999779e+02
3.301564000000000192e+02 3.294030999999999949e+02 3.288451999999999771e+02 3.288317000000000121e+02 3.289744999999999777e+02 3.281732999999999834e+02 3.267624999999999886e+02 3.259777000000000271e+02 3.248210000000000264e+02 3.243779999999999859e+02 3.237028000000000247e+02 3.230710000000000264e+02 3.222841000000000236e+02 3.218609000000000151e+02 3.219941000000000031e+02 3.219246999999999730e+02 3.222214000000000169e+02 3.227576999999999998e+02 3.225867999999999824e+02 3.222626999999999953e+02 3.220679000000000087e+02 3.224569000000000187e+02 3.221027000000000271e+02 3.210606999999999971e+02 3.208842000000000212e+02 3.212004000000000019e+02 3.219311999999999898e+02 3.227037000000000262e+02 3.223290999999999826e+02 3.216410000000000196e+02 3.215541999999999803e+02 3.215876000000000090e+02 3.216426999999999907e+02 3.222060000000000173e+02 3.221104000000000269e+02 3.226077999999999975e+02 3.227977999999999952e+02
3.298636000000000195e+02 3.290486000000000217e+02 3.282755999999999972e+02 3.286591000000000236e+02 3.285158999999999878e+02 3.275984000000000265e+02 3.261419999999999959e+02 3.253249999999999886e+02 3.242780999999999949e+02 3.240724999999999909e+02 3.235733000000000175e+02 3.227656000000000063e+02 3.222389999999999759e+02 3.221949000000000183e+02 3.224207999999999856e+02 3.224089000000000169e+02 3.228249999999999886e+02 3.231958000000000197e+02 3.228075000000000045e+02 3.221994000000000256e+02 3.221641000000000190e+02 3.220552999999999884e+02 3.220552999999999884e+02 3.219741000000000213e+02 3.221460000000000150e+02 3.222191000000000258e+02 3.233211999999999762e+02 3.236057000000000130e+02 3.229066000000000258e+02 3.220350999999999999e+02 3.215541999999999803e+02 3.215604000000000156e+02 3.218210000000000264e+02 3.219474000000000160e+02 3.221947999999999865e+02 3.227484999999999786e+02 3.227579999999999814e+02
3.293201000000000249e+02 3.286476000000000113e+02 3.279975999999999772e+02 3.283057000000000016e+02 3.282189000000000192e+02 3.271356000000000108e+02 3.255742000000000189e+02 3.241881000000000199e+02 3.237275999999999954e+02 3.239116999999999962e+02 3.236829999999999927e+02 3.225262999999999920e+02 3.223697000000000230e+02 3.224999000000000251e+02 3.228650000000000091e+02 3.231077999999999975e+02 3.233176000000000272e+02 3.233245999999999754e+02 3.232345000000000255e+02 3.228195000000000050e+02 3.221261999999999830e+02 3.220552999999999884e+02 3.221861999999999853e+02 3.222352000000000203e+02 3.225276999999999816e+02 3.231485999999999876e+02 3.239562000000000239e+02 3.243876000000000204e+02 3.236177999999999884e+02 3.228272999999999797e+02 3.220106999999999857e+02 3.222853999999999814e+02 3.219146000000000072e+02 3.219146000000000072e+02 3.221976999999999975e+02 3.224565999999999804e+02 3.226442000000000121e+02
3.287531000000000176e+02 3.279137999999999806e+02 3.277382000000000062e+02 3.279012000000000171e+02 3.278428999999999860e+02 3.266447999999999752e+02 3.248686000000000149e+02 3.237110999999999876e+02 3.237110999999999876e+02 3.241195000000000164e+02 3.237325000000000159e+02 3.228620999999999981e+02 3.226229000000000156e+02 3.228860000000000241e+02 3.233457000000000221e+02 3.237194000000000074e+02 3.238922999999999774e+02 3.235758000000000152e+02 3.237121999999999957e+02 3.233643000000000143e+02 3.224515000000000100e+02 3.227017000000000166e+02 3.229956999999999994e+02 3.225933999999999742e+02 3.227905000000000086e+02 3.238455000000000155e+02 3.243863999999999805e+02 3.245502999999999929e+02 3.242108000000000061e+02 3.233786000000000058e+02 3.224230000000000018e+02 3.228621999999999730e+02 3.225846000000000231e+02 3.220958999999999719e+02 3.222352999999999952e+02 3.224664999999999964e+02 3.226263999999999896e+02
3.277964999999999804e+02 3.271313000000000102e+02 3.270613999999999919e+02 3.272687000000000239e+02 3.271501999999999839e+02 3.261895999999999844e+02 3.247024999999999864e+02 3.237110999999999876e+02 3.237110999999999876e+02 3.237706999999999766e+02 3.235810999999999922e+02 3.233518000000000256e+02 3.230219000000000165e+02 3.234026999999999816e+02 3.240335000000000036e+02 3.243158000000000243e+02 3.242780999999999949e+02 3.241213000000000193e+02 3.240697999999999865e+02 3.239848999999999819e+02 3.239071999999999889e+02 3.238793000000000006e+02 3.239451000000000249e+02 3.228949999999999818e+02 3.229644000000000119e+02 3.239433999999999969e+02 3.248082999999999743e+02 3.246605999999999881e+02 3.243894999999999982e+02 3.239386000000000081e+02 3.229268000000000143e+02 3.228621999999999730e+02 3.231386999999999716e+02 3.225697999999999865e+02 3.224520999999999731e+02 3.225966000000000236e+02 3.227397000000000276e+02
