testcase_input/parameters/dem_preprocessed.dat
NCOLS         214
NROWS         263
XLLCORNER     382500.0
YLLCORNER     7541702.0
CELLSIZE      16.0
NODATA_VALUE  -9999
[rows 176 to 197 of 263, columns 49 to 97 of 214]
-9999 -9999 -9999 -9999 -9999 -9999 -9999 -9999 -9999 3.129138800000000060e+02 3.111548799999999915e+02 3.109785800000000222e+02 3.114411999999999807e+02 3.144076200000000085e+02 3.164347000000000207e+02 3.171181000000000267e+02 3.191587499999999977e+02 3.211031199999999899e+02 3.238630999999999744e+02 3.257046000000000276e+02 3.266241999999999734e+02 3.275696399999999926e+02 3.282761499999999728e+02 3.282820399999999950e+02 3.285530699999999911e+02 3.285299699999999916e+02 3.289270300000000020e+02 3.288274499999999989e+02 3.278547399999999925e+02 3.267055399999999850e+02 3.249913999999999987e+02 3.225689399999999978e+02 3.202782300000000077e+02 3.181825000000000045e+02 3.159444300000000112e+02 3.155076000000000249e+02 3.148220499999999902e+02 3.139542200000000207e+02 3.130418999999999983e+02 3.123505000000000109e+02 3.121761500000000069e+02 3.113134499999999889e+02 3.105494699999999852e+02 3.101691599999999767e+02 3.095940600000000131e+02 3.096044299999999794e+02 3.084096700000000055e+02 3.071302200000000084e+02 3.059179700000000253e+02
-9999 -9999 -9999 -9999 -9999 -9999 -9999 -9999 -9999 3.120633500000000140e+02 3.117418000000000120e+02 3.123115199999999732e+02 3.128508600000000115e+02 3.144676000000000045e+02 3.154694499999999948e+02 3.167511299999999892e+02 3.190734600000000114e+02 3.217200000000000273e+02 3.238650000000000091e+02 3.257667999999999893e+02 3.266147799999999961e+02 3.276763000000000261e+02 3.285505999999999744e+02 3.286505700000000161e+02 3.287973999999999819e+02 3.287001999999999953e+02 3.289674699999999916e+02 3.295808999999999855e+02 3.285613999999999919e+02 3.275215000000000032e+02 3.258147000000000162e+02 3.235661000000000058e+02 3.211639000000000124e+02 3.190417499999999791e+02 3.166359600000000114e+02 3.158620999999999981e+02 3.156080600000000231e+02 3.145765000000000100e+02 3.138655699999999911e+02 3.131750499999999988e+02 3.129800399999999740e+02 3.121104000000000269e+02 3.115267000000000053e+02 3.110623499999999808e+02 3.104842800000000125e+02 3.104778400000000147e+02 3.096277999999999793e+02 3.078663599999999860e+02 3.066924999999999955e+02
-9999 -9999 -9999 -9999 -9999 -9999 -9999 -9999 -9999 -9999 3.125694300000000112e+02 3.130562699999999836e+02 3.139717699999999923e+02 3.154375000000000000e+02 3.160450700000000097e+02 3.173318199999999933e+02 3.194440599999999790e+02 3.218837599999999952e+02 3.238165300000000002e+02 3.255736999999999739e+02 3.267073399999999879e+02 3.280222499999999854e+02 3.285210999999999899e+02 3.289089000000000169e+02 3.290151999999999930e+02 3.291743500000000040e+02 3.294192199999999957e+02 3.297530800000000113e+02 3.289923400000000129e+02 3.279487599999999929e+02 3.265414000000000101e+02 3.241433400000000233e+02 3.218154299999999921e+02 3.197173500000000104e+02 3.174365799999999922e+02 3.161698600000000283e+02 3.159744299999999839e+02 3.154137600000000248e+02 3.145844399999999723e+02 3.141374500000000012e+02 3.137795699999999783e+02 3.130332000000000221e+02 3.124626000000000090e+02 3.117746000000000208e+02 3.113036000000000172e+02 3.111724199999999882e+02 3.108974299999999857e+02 3.081691299999999956e+02 3.073409399999999891e+02
-9999 -9999 -9999 -9999 -9999 -9999 -9999 -9999 -9999 -9999 3.134323699999999917e+02 3.135280999999999949e+02 3.142681299999999851e+02 3.157967199999999934e+02 3.164268000000000143e+02 3.181818000000000097e+02 3.202835999999999785e+02 3.224975600000000213e+02 3.241456299999999828e+02 3.253871800000000007e+02 3.268562299999999823e+02 3.278387000000000171e+02 3.284617600000000266e+02 3.290321700000000078e+02 3.291094400000000064e+02 3.295763200000000097e+02 3.299236500000000092e+02 3.296887800000000084e+02 3.292042799999999829e+02 3.283874200000000201e+02 3.270946999999999889e+02 3.249296600000000126e+02 3.226249399999999810e+02 3.200959199999999782e+02 3.177585000000000264e+02 3.165958999999999719e+02 3.161781300000000101e+02 3.157828400000000215e+02 3.151306799999999839e+02 3.146863999999999919e+02 3.144299300000000130e+02 3.139185800000000199e+02 3.134258699999999749e+02 3.124905999999999722e+02 3.120288699999999835e+02 3.117974500000000262e+02 3.105165400000000204e+02 3.089051799999999730e+02 3.079010999999999854e+02
-9999 -9999 -9999 -9999 -9999 -9999 -9999 -9999 -9999 -9999 3.145998200000000224e+02 3.145408600000000092e+02 3.150275300000000129e+02 3.168048400000000129e+02 3.172427000000000135e+02 3.185695499999999925e+02 3.202609299999999735e+02 3.227656999999999812e+02 3.242812000000000126e+02 3.256120999999999981e+02 3.267832599999999843e+02 3.278702999999999861e+02 3.283557700000000068e+02 3.291416600000000017e+02 3.294275799999999776e+02 3.299746000000000095e+02 3.304633000000000038e+02 3.302448999999999728e+02 3.297301299999999742e+02 3.288925500000000284e+02 3.277637599999999907e+02 3.253498799999999846e+02 3.230964399999999728e+02 3.208144500000000221e+02 3.184201400000000035e+02 3.167796599999999785e+02 3.161944300000000112e+02 3.161345800000000281e+02 3.156869800000000055e+02 3.154024699999999939e+02 3.150905500000000075e+02 3.146769699999999830e+02 3.140727800000000229e+02 3.130326499999999896e+02 3.123204999999999814e+02 3.120126000000000204e+02 3.109149199999999951e+02 3.092783800000000269e+02 3.085427999999999997e+02
-9999 -9999 -9999 -9999 -9999 -9999 -9999 -9999 -9999 3.156440699999999993e+02 3.152256199999999922e+02 3.152423000000000002e+02 3.164508400000000279e+02 3.177248200000000224e+02 3.181061000000000263e+02 3.188496400000000222e+02 3.209160999999999717e+02 3.227260400000000118e+02 3.248783999999999992e+02 3.262595999999999776e+02 3.271627799999999979e+02 3.280292699999999968e+02 3.287769200000000183e+02 3.294144000000000005e+02 3.295413800000000037e+02 3.302621800000000007e+02 3.306646700000000010e+02 3.306581699999999842e+02 3.303824999999999932e+02 3.295405600000000277e+02 3.283996999999999957e+02 3.258499499999999784e+02 3.237730999999999995e+02 3.216125499999999988e+02 3.190680500000000279e+02 3.169031699999999887e+02 3.160153799999999933e+02 3.160143699999999853e+02 3.160455999999999790e+02 3.158077999999999861e+02 3.155998200000000224e+02 3.151012600000000248e+02 3.143706399999999803e+02 3.135233499999999935e+02 3.129425400000000081e+02 3.132379999999999995e+02 3.115608199999999783e+02 3.099544000000000210e+02 3.090687599999999975e+02
-9999 -9999 -9999 -9999 -9999 -9999 -9999 -9999 -9999 -9999 3.155739699999999743e+02 3.159085400000000163e+02 3.173265999999999849e+02 3.183153399999999920e+02 3.188573999999999842e+02 3.198386199999999917e+02 3.213199500000000057e+02 3.232922399999999925e+02 3.252477400000000216e+02 3.266209699999999998e+02 3.273327300000000264e+02 3.283537600000000225e+02 3.290715599999999768e+02 3.293930399999999850e+02 3.298198199999999929e+02 3.305806999999999789e+02 3.310350599999999872e+02 3.312094000000000165e+02 3.310054000000000087e+02 3.302624799999999823e+02 3.287750500000000216e+02 3.264709199999999782e+02 3.245408300000000281e+02 3.225000000000000000e+02 3.202182599999999866e+02 3.175186199999999985e+02 3.160879199999999969e+02 3.160153799999999933e+02 3.162993500000000040e+02 3.163708799999999997e+02 3.162806400000000053e+02 3.154641700000000242e+02 3.146373600000000010e+02 3.139803499999999872e+02 3.135874000000000024e+02 3.134497999999999820e+02 3.122375999999999863e+02 3.105251200000000154e+02 3.100272499999999809e+02
-9999 -9999 -9999 -9999 -9999 -9999 -9999 -9999 -9999 -9999 3.159200700000000097e+02 3.168448999999999955e+02 3.183895600000000172e+02 3.193987000000000194e+02 3.195099999999999909e+02 3.207354399999999828e+02 3.221195999999999913e+02 3.238324299999999880e+02 3.252892499999999814e+02 3.265803500000000099e+02 3.277501800000000003e+02 3.286327499999999873e+02 3.291014999999999873e+02 3.293736000000000104e+02 3.300082400000000007e+02 3.309141999999999939e+02 3.315303299999999922e+02 3.317382000000000062e+02 3.315966000000000236e+02 3.307523800000000165e+02 3.288390800000000240e+02 3.267817699999999945e+02 3.249682300000000055e+02 3.231424600000000282e+02 3.208385000000000105e+02 3.181752299999999991e+02 3.165419600000000173e+02 3.162830799999999840e+02 3.166546299999999974e+02 3.168142399999999839e+02 3.167771000000000186e+02 3.159748500000000035e+02 3.149859000000000151e+02 3.143529399999999896e+02 3.138233000000000175e+02 3.134313700000000154e+02 3.127482999999999720e+02 3.115073199999999929e+02 3.106837499999999750e+02
-9999 -9999 -9999 -9999 -9999 -9999 -9999 -9999 -9999 -9999 3.162627600000000143e+02 3.177565999999999917e+02 3.201339399999999955e+02 3.205020000000000095e+02 3.206021999999999821e+02 3.217312000000000012e+02 3.230360699999999952e+02 3.246305199999999900e+02 3.255106000000000108e+02 3.263903199999999742e+02 3.276424600000000282e+02 3.287263199999999870e+02 3.292389000000000010e+02 3.292333399999999983e+02 3.301818200000000161e+02 3.314308199999999829e+02 3.317997700000000236e+02 3.322735999999999876e+02 3.318248300000000199e+02 3.312507299999999759e+02 3.295039400000000001e+02 3.275045499999999947e+02 3.258411300000000210e+02 3.243619699999999852e+02 3.214919399999999996e+02 3.190824600000000260e+02 3.171385500000000093e+02 3.165637500000000273e+02 3.170202300000000264e+02 3.171081199999999853e+02 3.169512300000000096e+02 3.164089399999999728e+02 3.155461700000000178e+02 3.149900000000000091e+02 3.143448200000000270e+02 3.139304200000000264e+02 3.130319000000000074e+02 3.120270399999999995e+02 3.111449000000000069e+02
-9999 -9999 -9999 -9999 -9999 -9999 -9999 -9999 -9999 -9999 3.167701700000000073e+02 3.186113300000000095e+02 3.200364000000000146e+02 3.203077999999999861e+02 3.207527999999999793e+02 3.221816699999999969e+02 3.234888000000000261e+02 3.250478499999999826e+02 3.255448999999999842e+02 3.266046400000000176e+02 3.272313199999999824e+02 3.281524000000000001e+02 3.289738500000000272e+02 3.290735500000000116e+02 3.298629000000000246e+02 3.310031000000000176e+02 3.320165400000000204e+02 3.326500500000000216e+02 3.323034999999999854e+02 3.318198199999999929e+02 3.300139199999999846e+02 3.275563700000000154e+02 3.262454500000000053e+02 3.248278500000000122e+02 3.225457200000000171e+02 3.201729000000000269e+02 3.179122300000000223e+02 3.173386800000000108e+02 3.174820000000000277e+02 3.175723300000000222e+02 3.172064199999999801e+02 3.170605499999999779e+02 3.161624800000000164e+02 3.155072999999999865e+02 3.147345300000000066e+02 3.140938699999999812e+02 3.133037400000000048e+02 3.124878800000000183e+02 3.116327999999999747e+02
-9999 -9999 -9999 -9999 -9999 -9999 -9999 -9999 -9999 -9999 -9999 3.181116999999999848e+02 3.198037400000000048e+02 3.205626800000000003e+02 3.209674400000000105e+02 3.224846499999999878e+02 3.239206500000000233e+02 3.250848399999999856e+02 3.255858799999999746e+02 3.268638000000000261e+02 3.273195200000000114e+02 3.280471499999999878e+02 3.287476199999999835e+02 3.289652399999999943e+02 3.293235199999999736e+02 3.306363000000000056e+02 3.317332999999999856e+02 3.322336700000000178e+02 3.324945999999999913e+02 3.319903299999999717e+02 3.304755999999999858e+02 3.282035000000000196e+02 3.267639800000000037e+02 3.249343299999999886e+02 3.232443000000000097e+02 3.205979600000000005e+02 3.185753500000000145e+02 3.179492500000000064e+02 3.180344000000000051e+02 3.180183999999999855e+02 3.175648499999999785e+02 3.172715499999999906e+02 3.164458000000000197e+02 3.157668499999999767e+02 3.147633700000000090e+02 3.139839999999999804e+02 3.136661399999999844e+02 3.131503299999999967e+02 3.122677299999999718e+02
-9999 -9999 -9999 -9999 -9999 -9999 -9999 -9999 -9999 -9999 -9999 -9999 -9999 3.210626800000000003e+02 3.218095400000000268e+02 3.226752000000000180e+02 3.238379800000000159e+02 3.248573299999999904e+02 3.257117299999999886e+02 3.271202400000000239e+02 3.277064799999999991e+02 3.279048799999999915e+02 3.282302000000000248e+02 3.287140499999999861e+02 3.290713999999999828e+02 3.299468400000000088e+02 3.311420600000000150e+02 3.319360399999999913e+02 3.320166300000000206e+02 3.316768200000000206e+02 3.305604200000000219e+02 3.285903599999999756e+02 3.268410600000000272e+02 3.254292599999999993e+02 3.240670999999999822e+02 3.218244599999999878e+02 3.197051000000000158e+02 3.184691199999999753e+02 3.186161000000000172e+02 3.187239999999999895e+02 3.181913499999999999e+02 3.176918999999999755e+02 3.170487699999999904e+02 3.161603400000000192e+02 3.150165400000000204e+02 3.145649999999999977e+02 3.142499700000000189e+02 3.137622999999999820e+02 3.129199800000000096e+02
-9999 -9999 -9999 -9999 -9999 -9999 -9999 -9999 -9999 -9999 -9999 -9999 -9999 -9999 3.219601999999999862e+02 3.227783499999999890e+02 3.240627000000000066e+02 3.248629500000000121e+02 3.260033599999999865e+02 3.273707600000000184e+02 3.284278299999999717e+02 3.281514999999999986e+02 3.279058800000000247e+02 3.284565000000000055e+02 3.290794700000000148e+02 3.295448299999999904e+02 3.304658800000000269e+02 3.310841699999999719e+02 3.312486299999999915e+02 3.309688699999999812e+02 3.299559600000000046e+02 3.285753199999999765e+02 3.270179699999999912e+02 3.256716000000000122e+02 3.240346000000000117e+02 3.220896599999999808e+02 3.203928000000000225e+02 3.190518000000000143e+02 3.193073699999999917e+02 3.188823499999999740e+02 3.186678499999999872e+02 3.181000000000000227e+02 3.171813999999999965e+02 3.165467499999999745e+02 3.153094500000000266e+02 3.149984699999999975e+02 3.149253499999999804e+02 3.141875600000000190e+02 3.133888000000000034e+02
-9999 -9999 -9999 -9999 -9999 -9999 -9999 -9999 -9999 -9999 -9999 -9999 -9999 -9999 -9999 -9999 -9999 -9999 -9999 3.283124399999999810e+02 3.289187600000000202e+02 3.290305500000000052e+02 3.281096999999999753e+02 3.282465000000000259e+02 3.290516000000000076e+02 3.294403699999999731e+02 3.301284800000000246e+02 3.306277000000000044e+02 3.307570799999999736e+02 3.305634999999999764e+02 3.298142399999999839e+02 3.285399199999999951e+02 3.272751000000000090e+02 3.259095199999999863e+02 3.240408600000000092e+02 3.222468999999999824e+02 3.209215399999999931e+02 3.198365999999999758e+02 3.196218600000000265e+02 3.194087999999999852e+02 3.190554999999999950e+02 3.183253199999999765e+02 3.176224399999999832e+02 3.165012800000000084e+02 3.157542000000000257e+02 3.156009799999999927e+02 3.154694799999999759e+02 3.148061799999999835e+02 3.142777399999999943e+02
-9999 -9999 -9999 -9999 -9999 -9999 -9999 -9999 -9999 -9999 -9999 -9999 -9999 -9999 -9999 -9999 -9999 -9999 -9999 -9999 3.293113999999999919e+02 3.296170299999999997e+02 3.291509399999999914e+02 3.284125700000000165e+02 3.292275999999999954e+02 3.292613200000000120e+02 3.299313700000000154e+02 3.303002999999999929e+02 3.305722000000000094e+02 3.302551000000000272e+02 3.295871999999999957e+02 3.282522599999999784e+02 3.274165300000000229e+02 3.258870499999999879e+02 3.243990499999999884e+02 3.231736999999999966e+02 3.216125200000000177e+02 3.201148999999999774e+02 3.197296000000000049e+02 3.193573999999999842e+02 3.191206700000000183e+02 3.186862499999999727e+02 3.181295999999999822e+02 3.164272799999999961e+02 3.165313699999999812e+02 3.161173699999999940e+02 3.159504000000000019e+02 3.154916400000000181e+02 3.151915300000000002e+02
-9999 -9999 -9999 -9999 -9999 -9999 -9999 -9999 -9999 -9999 -9999 -9999 -9999 -9999 -9999 -9999 -9999 -9999 -9999 -9999 -9999 3.298115999999999985e+02 3.296002500000000168e+02 3.290554500000000075e+02 3.295908000000000015e+02 3.298454600000000028e+02 3.300442800000000148e+02 3.301684000000000196e+02 3.300979300000000194e+02 3.294384000000000015e+02 3.291548500000000104e+02 3.284222700000000259e+02 3.275947600000000079e+02 3.259410399999999868e+02 3.244480300000000170e+02 3.234503000000000270e+02 3.223929400000000101e+02 3.205600299999999834e+02 3.198473999999999933e+02 3.195553600000000074e+02 3.193231200000000172e+02 3.189359699999999975e+02 3.179513999999999783e+02 3.168410299999999893e+02 3.172617000000000189e+02 3.172259799999999927e+02 3.167031200000000126e+02 3.162146299999999997e+02 3.163569299999999771e+02
-9999 -9999 -9999 -9999 -9999 -9999 -9999 -9999 -9999 -9999 -9999 -9999 -9999 -9999 -9999 -9999 -9999 -9999 -9999 -9999 -9999 -9999 3.302736199999999940e+02 3.298539999999999850e+02 3.300950599999999895e+02 3.301822199999999725e+02 3.305485199999999963e+02 3.301587200000000166e+02 3.298397800000000188e+02 3.294438200000000165e+02 3.293376999999999839e+02 3.285684999999999718e+02 3.276834400000000187e+02 3.261222200000000271e+02 3.246060800000000199e+02 3.235944999999999823e+02 3.221386699999999905e+02 3.207665999999999826e+02 3.202898000000000138e+02 3.199519300000000044e+02 3.197628500000000145e+02 3.194941400000000158e+02 3.186236599999999726e+02 3.181499299999999835e+02 3.179576400000000262e+02 3.174528799999999933e+02 3.172355699999999956e+02 3.169568800000000124e+02 3.173102400000000216e+02
-9999 -9999 -9999 -9999 -9999 -9999 -9999 -9999 -9999 -9999 -9999 -9999 -9999 -9999 -9999 -9999 -9999 -9999 -9999 -9999 -9999 -9999 3.306522800000000188e+02 3.305992400000000089e+02 3.308235500000000116e+02 3.304109199999999760e+02 3.308069199999999910e+02 3.308783300000000054e+02 3.297739300000000071e+02 3.294279500000000098e+02 3.292733200000000124e+02 3.285111400000000117e+02 3.276729399999999828e+02 3.261920999999999822e+02 3.246451400000000262e+02 3.234961200000000190e+02 3.221222200000000271e+02 3.213858599999999797e+02 3.205968599999999924e+02 3.203997499999999832e+02 3.202518600000000220e+02 3.199807000000000130e+02 3.191983599999999797e+02 3.187081000000000017e+02 3.181471300000000042e+02 3.178030699999999911e+02 3.177729800000000182e+02 3.175639600000000087e+02 3.177799999999999727e+02
-9999 -9999 -9999 -9999 -9999 -9999 -9999 -9999 -9999 -9999 -9999 -9999 -9999 -9999 -9999 -9999 -9999 -9999 -9999 -9999 -9999 -9999 3.309288000000000238e+02 3.310484999999999900e+02 3.312147499999999809e+02 3.307717999999999847e+02 3.306210599999999999e+02 3.308149399999999787e+02 3.299499200000000201e+02 3.295543200000000184e+02 3.289698500000000081e+02 3.284792499999999791e+02 3.277754199999999969e+02 3.264967700000000264e+02 3.251157499999999914e+02 3.240964999999999918e+02 3.227362699999999904e+02 3.211945799999999736e+02 3.208597700000000259e+02 3.208609000000000151e+02 3.209092699999999923e+02 3.203270600000000172e+02 3.200543999999999869e+02 3.192847600000000057e+02 3.183452500000000214e+02 3.181384300000000280e+02 3.180708599999999819e+02 3.178166200000000003e+02 3.178999299999999835e+02
-9999 -9999 -9999 -9999 -9999 -9999 -9999 -9999 -9999 -9999 -9999 -9999 -9999 -9999 -9999 -9999 -9999 -9999 -9999 -9999 -9999 -9999 3.314395400000000222e+02 3.312581799999999816e+02 3.313958999999999833e+02 3.311148999999999774e+02 3.306983999999999924e+02 3.303661799999999857e+02 3.302736199999999940e+02 3.297288500000000226e+02 3.290958600000000160e+02 3.285031700000000114e+02 3.276829999999999927e+02 3.264212299999999800e+02 3.253537299999999846e+02 3.246132000000000062e+02 3.234812600000000202e+02 3.217110599999999749e+02 3.208607799999999770e+02 3.210117000000000189e+02 3.210249000000000024e+02 3.207039800000000014e+02 3.202604699999999980e+02 3.195471999999999753e+02 3.187339200000000119e+02 3.185576500000000237e+02 3.184482399999999984e+02 3.180821000000000254e+02 3.180779699999999934e+02
-9999 -9999 -9999 -9999 -9999 -9999 -9999 -9999 -9999 -9999 -9999 -9999 -9999 -9999 -9999 -9999 -9999 -9999 -9999 -9999 -9999 -9999 3.316388999999999783e+02 3.316110800000000154e+02 3.314568199999999933e+02 3.312364999999999782e+02 3.309198600000000283e+02 3.304853200000000015e+02 3.304090299999999729e+02 3.299727500000000191e+02 3.297255000000000109e+02 3.284795199999999795e+02 3.277065400000000182e+02 3.262599500000000035e+02 3.256278399999999920e+02 3.253060600000000022e+02 3.242479200000000219e+02 3.225369000000000028e+02 3.208918800000000147e+02 3.208618000000000166e+02 3.210364700000000084e+02 3.210643000000000029e+02 3.206630599999999731e+02 3.198390999999999735e+02 3.191472999999999729e+02 3.189082000000000221e+02 3.190450700000000097e+02 3.181930800000000090e+02 3.182601999999999975e+02
-9999 -9999 -9999 -9999 -9999 -9999 -9999 -9999 -9999 -9999 -9999 -9999 -9999 -9999 -9999 -9999 -9999 -9999 -9999 -9999 -9999 -9999 3.316884000000000015e+02 3.318342000000000098e+02 3.315083000000000197e+02 3.312517399999999839e+02 3.309872700000000236e+02 3.306219199999999887e+02 3.304811399999999821e+02 3.299418299999999817e+02 3.292861599999999953e+02 3.287194000000000074e+02 3.276009799999999927e+02 3.261096800000000258e+02 3.256893299999999840e+02 3.254346600000000080e+02 3.247269999999999754e+02 3.227764000000000237e+02 3.212728299999999990e+02 3.209823600000000283e+02 3.209955699999999865e+02 3.211311999999999784e+02 3.208260999999999967e+02 3.203410999999999831e+02 3.198438400000000001e+02 3.194101999999999748e+02 3.193242000000000189e+02 3.185079299999999876e+02 3.184907499999999914e+02
