testcase_input/parameters/dem_d4_filled.dat
ncols         214
nrows         263
xllcorner     382500
yllcorner     7541702
cellsize      16
NODATA_value  -9999
[rows 96 to 111 of 263, columns 37 to 73 of 214]
-9.999000000000000000e+03 -9.999000000000000000e+03 -9.999000000000000000e+03 -9.999000000000000000e+03 -9.999000000000000000e+03 -9.999000000000000000e+03 -9.999000000000000000e+03 -9.999000000000000000e+03 -9.999000000000000000e+03 -9.999000000000000000e+03 -9.999000000000000000e+03 -9.999000000000000000e+03 -9.999000000000000000e+03 -9.999000000000000000e+03 2.816313000000000102e+02 2.814694000000000074e+02 2.815500000000000114e+02 2.813505999999999858e+02 2.806225999999999772e+02 2.800763000000000034e+02 2.797755000000000223e+02 2.797004999999999768e+02 2.798758000000000266e+02 2.803048000000000002e+02 2.806612000000000080e+02 2.807645999999999731e+02 2.809603000000000179e+02 2.810020999999999844e+02 2.810459999999999923e+02 2.808451000000000022e+02 2.804275999999999840e+02 2.800856999999999744e+02 2.794845000000000255e+02 2.789845000000000255e+02 2.790658999999999992e+02 2.793956999999999766e+02 2.794230000000000018e+02
-9.999000000000000000e+03 -9.999000000000000000e+03 -9.999000000000000000e+03 -9.999000000000000000e+03 -9.999000000000000000e+03 -9.999000000000000000e+03 -9.999000000000000000e+03 -9.999000000000000000e+03 -9.999000000000000000e+03 -9.999000000000000000e+03 -9.999000000000000000e+03 -9.999000000000000000e+03 -9.999000000000000000e+03 -9.999000000000000000e+03 2.821363999999999805e+02 2.821234999999999786e+02 2.820855000000000246e+02 2.819005000000000223e+02 2.811198999999999728e+02 2.805607999999999720e+02 2.800858000000000061e+02 2.800360000000000014e+02 2.802105000000000246e+02 2.807135000000000105e+02 2.811263999999999896e+02 2.814322999999999979e+02 2.814651999999999816e+02 2.814947999999999979e+02 2.814184000000000196e+02 2.812674999999999841e+02 2.807642999999999915e+02 2.803106000000000222e+02 2.797325000000000159e+02 2.791890999999999963e+02 2.793068999999999846e+02 2.794184999999999945e+02 2.794207000000000107e+02
-9.999000000000000000e+03 -9.999000000000000000e+03 -9.999000000000000000e+03 -9.999000000000000000e+03 -9.999000000000000000e+03 -9.999000000000000000e+03 -9.999000000000000000e+03 -9.999000000000000000e+03 -9.999000000000000000e+03 -9.999000000000000000e+03 -9.999000000000000000e+03 -9.999000000000000000e+03 -9.999000000000000000e+03 -9.999000000000000000e+03 2.828312999999999988e+02 2.825357000000000198e+02 2.822792999999999779e+02 2.820822000000000003e+02 2.814986000000000104e+02 2.809909000000000106e+02 2.805350999999999999e+02 2.803817999999999984e+02 2.806542999999999779e+02 2.812608999999999924e+02 2.816875000000000000e+02 2.818158999999999992e+02 2.820059999999999718e+02 2.820138999999999783e+02 2.818625000000000114e+02 2.815131999999999834e+02 2.810260000000000105e+02 2.804524999999999864e+02 2.797189999999999941e+02 2.792998000000000047e+02 2.793994999999999891e+02 2.794198000000000093e+02 2.795957000000000221e+02
-9.999000000000000000e+03 -9.999000000000000000e+03 -9.999000000000000000e+03 -9.999000000000000000e+03 -9.999000000000000000e+03 -9.999000000000000000e+03 -9.999000000000000000e+03 -9.999000000000000000e+03 -9.999000000000000000e+03 -9.999000000000000000e+03 -9.999000000000000000e+03 -9.999000000000000000e+03 -9.999000000000000000e+03 -9.999000000000000000e+03 2.829451999999999998e+02 2.828030999999999722e+02 2.826505999999999972e+02 2.823720999999999890e+02 2.819241000000000099e+02 2.815008000000000266e+02 2.810471000000000004e+02 2.807622999999999820e+02 2.811641999999999939e+02 2.815686000000000035e+02 2.822056999999999789e+02 2.825056000000000154e+02 2.825928999999999860e+02 2.824123999999999910e+02 2.822280999999999835e+02 2.817687000000000239e+02 2.810468999999999937e+02 2.803638000000000261e+02 2.796863000000000170e+02 2.794178999999999746e+02 2.795043999999999755e+02 2.795620000000000118e+02 2.796066000000000145e+02
-9.999000000000000000e+03 -9.999000000000000000e+03 -9.999000000000000000e+03 -9.999000000000000000e+03 -9.999000000000000000e+03 -9.999000000000000000e+03 -9.999000000000000000e+03 -9.999000000000000000e+03 -9.999000000000000000e+03 -9.999000000000000000e+03 -9.999000000000000000e+03 -9.999000000000000000e+03 -9.999000000000000000e+03 2.831057000000000130e+02 2.833322999999999752e+02 2.834279000000000224e+02 2.831220999999999890e+02 2.827219999999999800e+02 2.823485999999999763e+02 2.819963000000000193e+02 2.817237000000000080e+02 2.813747999999999934e+02 2.816653000000000020e+02 2.819886000000000195e+02 2.825634999999999764e+02 2.827397000000000276e+02 2.827787999999999897e+02 2.827337999999999738e+02 2.823005999999999744e+02 2.818863999999999805e+02 2.811304999999999836e+02 2.803408999999999764e+02 2.796721000000000004e+02 2.795384999999999991e+02 2.796222000000000207e+02 2.796447000000000003e+02 2.797013999999999783e+02
-9.999000000000000000e+03 -9.999000000000000000e+03 -9.999000000000000000e+03 -9.999000000000000000e+03 -9.999000000000000000e+03 -9.999000000000000000e+03 -9.999000000000000000e+03 -9.999000000000000000e+03 -9.999000000000000000e+03 -9.999000000000000000e+03 -9.999000000000000000e+03 -9.999000000000000000e+03 -9.999000000000000000e+03 2.835147999999999797e+02 2.839322000000000230e+02 2.838052999999999884e+02 2.836225000000000023e+02 2.830774999999999864e+02 2.825901000000000067e+02 2.824648000000000252e+02 2.822225999999999999e+02 2.820881999999999721e+02 2.819653999999999883e+02 2.822278000000000020e+02 2.827352000000000203e+02 2.830063999999999851e+02 2.828061999999999898e+02 2.827484000000000037e+02 2.823172000000000139e+02 2.817196000000000140e+02 2.811025000000000205e+02 2.804109000000000265e+02 2.797411000000000172e+02 2.796693999999999960e+02 2.797210000000000036e+02 2.798054000000000201e+02 2.797619000000000256e+02
-9.999000000000000000e+03 -9.999000000000000000e+03 -9.999000000000000000e+03 -9.999000000000000000e+03 -9.999000000000000000e+03 -9.999000000000000000e+03 -9.999000000000000000e+03 -9.999000000000000000e+03 -9.999000000000000000e+03 -9.999000000000000000e+03 -9.999000000000000000e+03 -9.999000000000000000e+03 -9.999000000000000000e+03 2.844766000000000190e+02 2.843888999999999783e+02 2.841752000000000180e+02 2.840706999999999880e+02 2.835194999999999936e+02 2.828147000000000162e+02 2.825955999999999904e+02 2.824567999999999870e+02 2.822814999999999941e+02 2.821963999999999828e+02 2.823385000000000105e+02 2.827035999999999945e+02 2.830294999999999845e+02 2.828994000000000142e+02 2.826897000000000162e+02 2.823188999999999851e+02 2.817015000000000100e+02 2.810908000000000015e+02 2.803034000000000106e+02 2.798249999999999886e+02 2.798138999999999896e+02 2.798312999999999988e+02 2.798729999999999905e+02 2.799024999999999750e+02
-9.999000000000000000e+03 -9.999000000000000000e+03 -9.999000000000000000e+03 -9.999000000000000000e+03 -9.999000000000000000e+03 -9.999000000000000000e+03 -9.999000000000000000e+03 -9.999000000000000000e+03 -9.999000000000000000e+03 -9.999000000000000000e+03 -9.999000000000000000e+03 -9.999000000000000000e+03 -9.999000000000000000e+03 2.853507000000000176e+02 2.851281000000000176e+02 2.850260999999999854e+02 2.846331000000000131e+02 2.839999000000000251e+02 2.831215000000000259e+02 2.826132000000000062e+02 2.825357000000000198e+02 2.822814999999999941e+02 2.823473999999999933e+02 2.825833000000000084e+02 2.826220000000000141e+02 2.828403999999999883e+02 2.827556999999999903e+02 2.828410000000000082e+02 2.823353000000000179e+02 2.817744000000000142e+02 2.810624000000000251e+02 2.802232000000000198e+02 2.799096999999999866e+02 2.799472999999999843e+02 2.799657000000000266e+02 2.799750000000000227e+02 2.800085000000000264e+02
-9.999000000000000000e+03 -9.999000000000000000e+03 -9.999000000000000000e+03 -9.999000000000000000e+03 -9.999000000000000000e+03 -9.999000000000000000e+03 -9.999000000000000000e+03 -9.999000000000000000e+03 -9.999000000000000000e+03 -9.999000000000000000e+03 -9.999000000000000000e+03 -9.999000000000000000e+03 -9.999000000000000000e+03 -9.999000000000000000e+03 2.858781000000000176e+02 2.855280999999999949e+02 2.850595000000000141e+02 2.843231000000000108e+02 2.835783000000000129e+02 2.827996999999999730e+02 2.826186000000000149e+02 2.823389000000000237e+02 2.823745999999999867e+02 2.825584000000000060e+02 2.824798999999999864e+02 2.826712999999999738e+02 2.826920999999999822e+02 2.824528999999999996e+02 2.822189000000000192e+02 2.817739000000000260e+02 2.810348000000000184e+02 2.802130999999999972e+02 2.800203000000000202e+02 2.800457999999999856e+02 2.800609000000000037e+02 2.800729000000000042e+02 2.802053999999999974e+02
-9.999000000000000000e+03 -9.999000000000000000e+03 -9.999000000000000000e+03 -9.999000000000000000e+03 -9.999000000000000000e+03 -9.999000000000000000e+03 -9.999000000000000000e+03 -9.999000000000000000e+03 -9.999000000000000000e+03 -9.999000000000000000e+03 -9.999000000000000000e+03 -9.999000000000000000e+03 -9.999000000000000000e+03 -9.999000000000000000e+03 2.861129999999999995e+02 2.859481999999999857e+02 2.852989999999999782e+02 2.847178999999999860e+02 2.838127000000000066e+02 2.829472999999999843e+02 2.828267000000000166e+02 2.826188000000000216e+02 2.825969999999999800e+02 2.825926000000000045e+02 2.824798999999999864e+02 2.825040000000000191e+02 2.825566999999999780e+02 2.822268000000000256e+02 2.819932999999999765e+02 2.818326999999999884e+02 2.810160000000000196e+02 2.802853000000000065e+02 2.801184999999999832e+02 2.801449000000000069e+02 2.801220000000000141e+02 2.801736999999999966e+02 2.802656999999999812e+02
-9.999000000000000000e+03 -9.999000000000000000e+03 -9.999000000000000000e+03 -9.999000000000000000e+03 -9.999000000000000000e+03 -9.999000000000000000e+03 -9.999000000000000000e+03 -9.999000000000000000e+03 -9.999000000000000000e+03 -9.999000000000000000e+03 -9.999000000000000000e+03 -9.999000000000000000e+03 -9.999000000000000000e+03 -9.999000000000000000e+03 2.865787000000000262e+02 2.863315000000000055e+02 2.857572999999999865e+02 2.848890000000000100e+02 2.839540000000000077e+02 2.831270000000000095e+02 2.828852999999999724e+02 2.826664000000000101e+02 2.826496999999999957e+02 2.825353000000000065e+02 2.824445000000000050e+02 2.823849999999999909e+02 2.822585000000000264e+02 2.820930000000000177e+02 2.818643999999999892e+02 2.816827000000000112e+02 2.810719000000000278e+02 2.804424999999999955e+02 2.802250999999999976e+02 2.802930000000000064e+02 2.802105999999999995e+02 2.802918999999999983e+02 2.802758999999999787e+02
-9.999000000000000000e+03 -9.999000000000000000e+03 -9.999000000000000000e+03 -9.999000000000000000e+03 -9.999000000000000000e+03 -9.999000000000000000e+03 -9.999000000000000000e+03 -9.999000000000000000e+03 -9.999000000000000000e+03 -9.999000000000000000e+03 -9.999000000000000000e+03 -9.999000000000000000e+03 -9.999000000000000000e+03 -9.999000000000000000e+03 2.868537000000000035e+02 2.866055000000000064e+02 2.860996000000000095e+02 2.852022000000000048e+02 2.843648999999999774e+02 2.832570000000000050e+02 2.828559999999999945e+02 2.827103999999999928e+02 2.827432999999999765e+02 2.825846000000000231e+02 2.824936999999999898e+02 2.823475000000000250e+02 2.821945000000000050e+02 2.820550000000000068e+02 2.818795000000000073e+02 2.816673999999999864e+02 2.810615000000000236e+02 2.805754000000000019e+02 2.803697000000000230e+02 2.803494999999999777e+02 2.802413999999999987e+02 2.802454999999999927e+02 2.803636000000000195e+02
-9.999000000000000000e+03 -9.999000000000000000e+03 -9.999000000000000000e+03 -9.999000000000000000e+03 -9.999000000000000000e+03 -9.999000000000000000e+03 -9.999000000000000000e+03 -9.999000000000000000e+03 -9.999000000000000000e+03 -9.999000000000000000e+03 -9.999000000000000000e+03 -9.999000000000000000e+03 -9.999000000000000000e+03 2.872821000000000140e+02 2.872223000000000184e+02 2.867914000000000101e+02 2.861664000000000101e+02 2.853362000000000194e+02 2.844057000000000244e+02 2.836786000000000172e+02 2.832447000000000230e+02 2.830138999999999783e+02 2.828790999999999940e+02 2.826408000000000129e+02 2.824384999999999764e+02 2.824232999999999834e+02 2.822280000000000086e+02 2.820606000000000222e+02 2.820742000000000189e+02 2.819171000000000049e+02 2.814551000000000158e+02 2.809778000000000020e+02 2.806736999999999966e+02 2.805586000000000126e+02 2.804485999999999990e+02 2.804563999999999737e+02 2.804898999999999774e+02
-9.999000000000000000e+03 -9.999000000000000000e+03 -9.999000000000000000e+03 -9.999000000000000000e+03 -9.999000000000000000e+03 -9.999000000000000000e+03 -9.999000000000000000e+03 -9.999000000000000000e+03 -9.999000000000000000e+03 -9.999000000000000000e+03 -9.999000000000000000e+03 -9.999000000000000000e+03 -9.999000000000000000e+03 2.877062999999999988e+02 2.874103999999999814e+02 2.868374000000000024e+02 2.862583999999999946e+02 2.850040999999999940e+02 2.843158999999999992e+02 2.843158999999999992e+02 2.842180000000000177e+02 2.838593999999999937e+02 2.833915000000000077e+02 2.831082999999999856e+02 2.828623999999999796e+02 2.827307000000000130e+02 2.828331999999999766e+02 2.826825000000000045e+02 2.827497000000000185e+02 2.827149000000000001e+02 2.825378000000000043e+02 2.820495000000000232e+02 2.814017000000000053e+02 2.809153999999999769e+02 2.807366000000000099e+02 2.806566000000000258e+02 2.806252000000000066e+02
-9.999000000000000000e+03 -9.999000000000000000e+03 -9.999000000000000000e+03 -9.999000000000000000e+03 -9.999000000000000000e+03 -9.999000000000000000e+03 -9.999000000000000000e+03 -9.999000000000000000e+03 -9.999000000000000000e+03 -9.999000000000000000e+03 -9.999000000000000000e+03 -9.999000000000000000e+03 2.882538999999999874e+02 2.880249999999999773e+02 2.876139999999999759e+02 2.870658999999999992e+02 2.858734000000000037e+02 2.847131999999999721e+02 2.843158999999999992e+02 2.843158999999999992e+02 2.847040000000000077e+02 2.850144999999999982e+02 2.845285000000000082e+02 2.840271999999999935e+02 2.836478000000000179e+02 2.834393999999999778e+02 2.835586000000000126e+02 2.835258999999999787e+02 2.837026999999999930e+02 2.837062999999999988e+02 2.837264000000000124e+02 2.837112999999999943e+02 2.829726999999999748e+02 2.822022999999999797e+02 2.813786999999999807e+02 2.807622000000000071e+02 2.807065000000000055e+02
-9.999000000000000000e+03 -9.999000000000000000e+03 -9.999000000000000000e+03 -9.999000000000000000e+03 -9.999000000000000000e+03 -9.999000000000000000e+03 -9.999000000000000000e+03 -9.999000000000000000e+03 -9.999000000000000000e+03 -9.999000000000000000e+03 -9.999000000000000000e+03 2.888061999999999898e+02 2.885274000000000001e+02 2.882173000000000229e+02 2.878170000000000073e+02 2.868501999999999725e+02 2.857309999999999945e+02 2.847522999999999911e+02 2.843158999999999992e+02 2.843158999999999992e+02 2.847370999999999981e+02 2.851859000000000037e+02 2.857201999999999771e+02 2.861159999999999854e+02 2.852844000000000051e+02 2.849198999999999842e+02 2.843075999999999794e+02 2.840283000000000015e+02 2.839150999999999954e+02 2.841043000000000234e+02 2.838353000000000179e+02 2.839100999999999999e+02 2.838349000000000046e+02 2.833471000000000117e+02 2.831766000000000076e+02 2.826338999999999828e+02 2.820525999999999840e+02
