testcase_input/parameters/dem_preprocessed.dat
NCOLS         214
NROWS         263
XLLCORNER     382500.0
YLLCORNER     7541702.0
CELLSIZE      16.0
NODATA_VALUE  -9999
[rows 198 to 219 of 263, columns 98 to 146 of 214]
3.188616999999999848e+02 3.189535200000000259e+02 3.194349399999999832e+02 3.198933400000000233e+02 3.199933800000000019e+02 3.199318200000000161e+02 3.208734999999999786e+02 3.205134600000000091e+02 3.205815999999999804e+02 3.208256799999999771e+02 3.216462700000000154e+02 3.221674499999999739e+02 3.229106400000000008e+02 3.230425000000000182e+02 3.228553499999999872e+02 3.228756399999999758e+02 3.230307999999999993e+02 3.241808800000000019e+02 3.247356300000000147e+02 3.253787199999999871e+02 3.265022000000000162e+02 3.274646599999999808e+02 3.282176000000000045e+02 3.286771200000000022e+02 3.289953300000000240e+02 3.290997300000000223e+02 3.290667700000000195e+02 3.292879599999999982e+02 3.300777600000000120e+02 3.304097300000000246e+02 3.305271999999999935e+02 3.310384199999999737e+02 3.309701999999999771e+02 3.309485999999999990e+02 3.307077300000000264e+02 3.307039500000000203e+02 3.309806800000000067e+02 3.312507600000000139e+02 3.311794399999999996e+02 3.311990700000000061e+02 3.315558500000000208e+02 3.319654800000000137e+02 3.321655999999999835e+02 3.328025999999999840e+02 3.333302600000000098e+02 3.334871200000000044e+02 3.331589999999999918e+02 3.325639600000000087e+02 3.326916200000000003e+02
3.192747200000000021e+02 3.195656399999999735e+02 3.198920299999999770e+02 3.204236799999999903e+02 3.203986499999999751e+02 3.202418200000000184e+02 3.205740700000000061e+02 3.206433000000000106e+02 3.207024799999999800e+02 3.210292000000000030e+02 3.213954800000000205e+02 3.219200999999999908e+02 3.226138300000000072e+02 3.229097300000000246e+02 3.227490999999999985e+02 3.230749500000000012e+02 3.231013199999999870e+02 3.230867000000000075e+02 3.239116999999999962e+02 3.252959299999999985e+02 3.262343799999999874e+02 3.269784200000000283e+02 3.277330299999999852e+02 3.280639300000000276e+02 3.284474999999999909e+02 3.283154999999999859e+02 3.284297799999999938e+02 3.289250799999999799e+02 3.292578399999999874e+02 3.296154799999999909e+02 3.300178000000000225e+02 3.304991999999999734e+02 3.304399700000000166e+02 3.305760000000000218e+02 3.303478000000000065e+02 3.302587599999999952e+02 3.304570600000000127e+02 3.307838399999999979e+02 3.306834999999999809e+02 3.309445999999999799e+02 3.312685999999999922e+02 3.315357000000000198e+02 3.321600000000000250e+02 3.323085599999999999e+02 3.328668999999999869e+02 3.330756999999999834e+02 3.325649700000000166e+02 3.325649700000000166e+02 3.326001600000000167e+02
3.193854400000000169e+02 3.196583999999999719e+02 3.201190000000000282e+02 3.206643700000000194e+02 3.207919999999999732e+02 3.204622800000000211e+02 3.204430199999999900e+02 3.210160200000000259e+02 3.212320000000000277e+02 3.211908000000000243e+02 3.217925700000000120e+02 3.218067300000000159e+02 3.223657799999999725e+02 3.228059700000000021e+02 3.227185999999999808e+02 3.231519799999999805e+02 3.235888400000000047e+02 3.230659999999999741e+02 3.232373699999999985e+02 3.248580299999999852e+02 3.250067399999999793e+02 3.255303299999999922e+02 3.267651999999999930e+02 3.272434999999999832e+02 3.274148299999999949e+02 3.275432700000000068e+02 3.277906500000000278e+02 3.281984600000000114e+02 3.287340699999999742e+02 3.290318599999999947e+02 3.294668599999999969e+02 3.299630700000000161e+02 3.300697299999999927e+02 3.299871200000000044e+02 3.299108600000000138e+02 3.296759999999999877e+02 3.299490400000000250e+02 3.302566199999999981e+02 3.303935999999999922e+02 3.308163999999999874e+02 3.310524599999999964e+02 3.312148000000000252e+02 3.317445700000000102e+02 3.323916300000000206e+02 3.323920600000000150e+02 3.327332999999999856e+02 3.325659800000000246e+02 3.325659800000000246e+02 3.325659800000000246e+02
3.196542699999999968e+02 3.198423500000000104e+02 3.204026000000000067e+02 3.209180000000000064e+02 3.209927000000000135e+02 3.206696999999999775e+02 3.205989700000000084e+02 3.210665599999999813e+02 3.219150700000000143e+02 3.214160999999999717e+02 3.219234599999999773e+02 3.219769000000000005e+02 3.223206500000000005e+02 3.226088300000000118e+02 3.228548000000000116e+02 3.227483199999999783e+02 3.235532499999999914e+02 3.230649999999999977e+02 3.230659999999999741e+02 3.234358799999999974e+02 3.236961999999999762e+02 3.242515599999999836e+02 3.250056500000000028e+02 3.258362399999999752e+02 3.256359600000000114e+02 3.262537500000000250e+02 3.266906700000000114e+02 3.273950199999999882e+02 3.280381499999999733e+02 3.285373000000000161e+02 3.292252199999999789e+02 3.297927599999999870e+02 3.293179999999999836e+02 3.294347000000000207e+02 3.296750000000000114e+02 3.300088799999999765e+02 3.300325000000000273e+02 3.303824500000000057e+02 3.310280500000000075e+02 3.313888200000000097e+02 3.316542400000000157e+02 3.317864999999999895e+02 3.321568300000000136e+02 3.326851500000000215e+02 3.330451400000000035e+02 3.334146400000000199e+02 3.330144700000000171e+02 3.325669599999999946e+02 3.325669599999999946e+02
3.205702800000000252e+02 3.205248700000000213e+02 3.210086699999999951e+02 3.216777299999999968e+02 3.216421000000000276e+02 3.212053000000000225e+02 3.210733599999999797e+02 3.212003500000000145e+02 3.214201400000000035e+02 3.220597200000000271e+02 3.218831500000000005e+02 3.222471600000000080e+02 3.224339299999999753e+02 3.224786399999999844e+02 3.227087000000000216e+02 3.228582999999999856e+02 3.230185500000000047e+02 3.230933499999999867e+02 3.230993700000000217e+02 3.231327999999999747e+02 3.233880300000000148e+02 3.236910399999999868e+02 3.239796999999999798e+02 3.245464799999999741e+02 3.250019199999999842e+02 3.255350300000000061e+02 3.260104999999999791e+02 3.267119000000000142e+02 3.273648999999999774e+02 3.281306500000000028e+02 3.287509800000000268e+02 3.288663300000000049e+02 3.291176500000000260e+02 3.295092999999999961e+02 3.295729699999999980e+02 3.300529999999999973e+02 3.300428999999999746e+02 3.306958599999999819e+02 3.312972399999999880e+02 3.316475500000000238e+02 3.319567000000000121e+02 3.321399200000000178e+02 3.325752600000000143e+02 3.330562400000000025e+02 3.331578400000000215e+02 3.332011999999999716e+02 3.334716799999999921e+02 3.326924399999999764e+02 3.325679600000000278e+02
3.208109000000000037e+02 3.211246600000000058e+02 3.218522300000000200e+02 3.226215799999999945e+02 3.222441699999999969e+02 3.215536000000000172e+02 3.214649000000000001e+02 3.214971300000000269e+02 3.215518200000000206e+02 3.221150799999999776e+02 3.220198700000000258e+02 3.225185200000000236e+02 3.227104199999999992e+02 3.225794000000000210e+02 3.227366599999999721e+02 3.229390599999999836e+02 3.228992999999999824e+02 3.230120999999999754e+02 3.230203200000000265e+02 3.231084000000000174e+02 3.231295200000000136e+02 3.231721800000000258e+02 3.234642000000000053e+02 3.241544999999999845e+02 3.243986499999999751e+02 3.251617400000000089e+02 3.260593299999999886e+02 3.268697799999999916e+02 3.279764999999999873e+02 3.284024999999999750e+02 3.289036600000000021e+02 3.288615399999999909e+02 3.292020999999999731e+02 3.293096600000000080e+02 3.295833400000000211e+02 3.300122700000000009e+02 3.302722200000000043e+02 3.309465299999999957e+02 3.312613999999999805e+02 3.318038000000000238e+02 3.323062699999999836e+02 3.324615200000000073e+02 3.332238199999999892e+02 3.334848299999999881e+02 3.337651399999999740e+02 3.339530300000000125e+02 3.341788599999999860e+02 3.340686600000000226e+02 3.329248699999999985e+02
3.220774999999999864e+02 3.221478999999999928e+02 3.232472500000000082e+02 3.235292999999999779e+02 3.228278999999999996e+02 3.219544399999999769e+02 3.214658999999999764e+02 3.214774199999999951e+02 3.217375999999999863e+02 3.218640399999999886e+02 3.221118200000000229e+02 3.226663800000000037e+02 3.226773699999999963e+02 3.226703499999999849e+02 3.228152999999999793e+02 3.228441000000000258e+02 3.229961200000000190e+02 3.230461700000000178e+02 3.231285399999999868e+02 3.232265600000000063e+02 3.233043499999999995e+02 3.232948999999999842e+02 3.232471300000000269e+02 3.235704000000000065e+02 3.241775000000000091e+02 3.251357699999999795e+02 3.262497999999999934e+02 3.270587499999999750e+02 3.283569299999999771e+02 3.284235800000000154e+02 3.286614000000000146e+02 3.287389200000000073e+02 3.289972999999999956e+02 3.293424999999999727e+02 3.297356300000000147e+02 3.299533400000000256e+02 3.303090500000000134e+02 3.309463999999999828e+02 -9999 -9999 -9999 3.330736400000000117e+02 3.334897000000000276e+02 3.337598600000000033e+02 3.339914200000000051e+02 3.343460000000000036e+02 3.344884999999999877e+02 3.342121599999999830e+02 3.331911299999999869e+02
3.224628599999999778e+02 3.230814799999999991e+02 3.238867999999999938e+02 3.243161999999999807e+02 3.235445300000000088e+02 3.227524700000000166e+02 3.219347000000000207e+02 3.222086800000000153e+02 3.218376499999999965e+02 3.217386200000000258e+02 3.221209699999999998e+02 3.223806000000000154e+02 3.225693999999999733e+02 3.227080700000000206e+02 3.227433199999999829e+02 3.229018599999999992e+02 3.229249599999999987e+02 3.230031999999999925e+02 3.230474500000000262e+02 3.232008400000000279e+02 3.232631999999999834e+02 3.232284999999999968e+02 3.233476600000000190e+02 3.236443800000000124e+02 3.244215699999999742e+02 3.253349999999999795e+02 3.261236299999999915e+02 3.269835800000000177e+02 3.280897199999999998e+02 3.283383000000000038e+02 3.285561200000000213e+02 3.284293999999999869e+02 3.287537199999999871e+02 3.292117999999999824e+02 -9999 -9999 3.302782300000000077e+02 -9999 -9999 -9999 -9999 -9999 -9999 -9999 -9999 -9999 -9999 3.343056300000000078e+02 -9999
3.227289700000000039e+02 3.237820399999999950e+02 3.243211000000000013e+02 3.244832999999999856e+02 3.241422699999999963e+02 3.233088999999999942e+02 3.223523299999999949e+02 3.227909999999999968e+02 3.225131499999999960e+02 3.220244999999999891e+02 3.221641000000000190e+02 3.223958400000000211e+02 3.225566699999999969e+02 3.227251299999999787e+02 3.227003000000000270e+02 3.229843799999999874e+02 3.229654800000000137e+02 3.228620300000000043e+02 3.230768400000000042e+02 3.232423400000000129e+02 3.231520699999999806e+02 3.232387400000000071e+02 3.234843799999999874e+02 3.238718299999999886e+02 3.246728800000000206e+02 3.253328999999999951e+02 3.260253000000000156e+02 3.264653000000000134e+02 3.272542399999999816e+02 3.277300000000000182e+02 3.277662000000000262e+02 3.283109000000000037e+02 3.284411000000000058e+02 -9999 -9999 -9999 -9999 -9999 -9999 -9999 -9999 -9999 -9999 -9999 -9999 -9999 -9999 -9999 -9999
3.229059799999999996e+02 3.238833000000000197e+02 3.247466699999999946e+02 3.245975599999999872e+02 3.243252299999999764e+02 3.238733500000000163e+02 3.228607799999999770e+02 3.227282000000000153e+02 3.230720200000000091e+02 3.225030800000000113e+02 3.223855599999999981e+02 3.225305500000000052e+02 3.226744699999999852e+02 3.226992799999999875e+02 3.227584800000000200e+02 3.232860400000000141e+02 3.228610199999999963e+02 3.230020400000000222e+02 3.230783400000000256e+02 3.230948200000000270e+02 3.232217699999999923e+02 3.233057999999999765e+02 3.233049599999999941e+02 3.243865400000000250e+02 3.248737800000000107e+02 3.254281300000000101e+02 3.260138999999999783e+02 3.264975999999999772e+02 3.270101000000000226e+02 3.276966600000000085e+02 3.277927599999999870e+02 3.279648700000000190e+02 -9999 -9999 -9999 -9999 -9999 -9999 -9999 -9999 -9999 -9999 -9999 -9999 -9999 -9999 -9999 -9999 -9999
3.232671500000000151e+02 3.236047399999999925e+02 3.244118300000000090e+02 3.244845300000000066e+02 3.245651199999999790e+02 3.242863800000000083e+02 3.230560300000000211e+02 3.228823199999999929e+02 3.229531999999999812e+02 3.226496300000000019e+02 3.225753000000000270e+02 3.226116299999999910e+02 3.226671400000000176e+02 3.226136500000000069e+02 3.226385999999999967e+02 3.228489700000000084e+02 3.230468399999999747e+02 3.231240199999999732e+02 3.229918799999999806e+02 3.231120000000000232e+02 3.235274400000000128e+02 3.233673699999999940e+02 3.242595499999999902e+02 3.249025599999999940e+02 3.248596800000000258e+02 3.254708999999999719e+02 3.260975000000000250e+02 3.265482499999999959e+02 3.268596200000000067e+02 3.274689300000000003e+02 3.278943499999999744e+02 -9999 -9999 -9999 -9999 -9999 -9999 -9999 -9999 -9999 -9999 -9999 -9999 -9999 -9999 -9999 -9999 -9999 -9999
3.237452700000000050e+02 3.235597999999999956e+02 3.242753599999999778e+02 3.241904599999999732e+02 3.245335400000000163e+02 3.245445000000000277e+02 3.234847399999999880e+02 3.230276000000000067e+02 3.228900499999999738e+02 3.226347700000000032e+02 3.226095599999999877e+02 3.226775000000000091e+02 3.226126399999999990e+02 3.226136500000000069e+02 3.229416800000000194e+02 3.230331400000000031e+02 3.229854000000000269e+02 3.229864200000000096e+02 3.231503599999999778e+02 3.230457799999999793e+02 3.231155699999999911e+02 3.232523199999999974e+02 3.236922999999999888e+02 3.253653299999999717e+02 3.247881199999999922e+02 3.252694700000000125e+02 3.260459299999999985e+02 3.267149699999999939e+02 3.271468199999999911e+02 3.271431000000000040e+02 3.275883999999999787e+02 -9999 -9999 -9999 -9999 -9999 -9999 -9999 -9999 -9999 -9999 -9999 -9999 -9999 -9999 -9999 -9999 -9999 -9999
3.242495999999999867e+02 3.242527499999999918e+02 3.241786000000000172e+02 3.241795999999999935e+02 3.242744000000000142e+02 3.243303199999999720e+02 3.238159200000000055e+02 3.233090799999999945e+02 3.228466799999999921e+02 3.226496599999999830e+02 3.226677199999999743e+02 3.227297399999999925e+02 3.226385200000000282e+02 3.226136500000000069e+02 3.230651199999999790e+02 3.230240200000000073e+02 3.229864200000000096e+02 3.230937200000000189e+02 3.230713200000000143e+02 3.231136500000000069e+02 3.234169999999999732e+02 3.236248800000000188e+02 3.239416499999999814e+02 3.246689499999999953e+02 3.247832999999999970e+02 3.252101999999999862e+02 3.260007600000000139e+02 3.264085999999999785e+02 3.266622600000000034e+02 3.270177600000000098e+02 -9999 -9999 -9999 -9999 -9999 -9999 -9999 -9999 -9999 -9999 -9999 -9999 -9999 -9999 -9999 -9999 -9999 -9999 -9999
3.244728000000000065e+02 3.245108000000000175e+02 3.243969399999999723e+02 3.242963300000000118e+02 3.244434800000000223e+02 3.246666599999999789e+02 3.240038499999999999e+02 3.234975000000000023e+02 3.233196399999999926e+02 3.229578999999999951e+02 3.227772800000000188e+02 3.230038499999999999e+02 3.228967299999999909e+02 3.229446399999999926e+02 3.231210300000000188e+02 -9999 -9999 3.230759300000000280e+02 3.230723300000000222e+02 3.230940200000000004e+02 3.234137299999999868e+02 3.243790300000000002e+02 3.243503400000000170e+02 3.246266499999999837e+02 3.250985000000000014e+02 3.254223299999999881e+02 3.261895400000000222e+02 3.265189799999999991e+02 3.267592000000000212e+02 -9999 -9999 -9999 -9999 -9999 -9999 -9999 -9999 -9999 -9999 -9999 -9999 -9999 -9999 -9999 -9999 -9999 -9999 -9999 -9999
3.247213399999999979e+02 3.244859299999999962e+02 3.245086699999999951e+02 3.245006700000000137e+02 3.244837600000000180e+02 3.244645699999999806e+02 3.243790599999999813e+02 3.242511299999999892e+02 3.238222999999999843e+02 3.231555200000000241e+02 3.229364299999999730e+02 3.229490000000000123e+02 3.229109500000000139e+02 3.229284400000000232e+02 -9999 -9999 -9999 -9999 3.231774300000000153e+02 3.239100000000000250e+02 3.240979300000000194e+02 3.244861799999999903e+02 3.244024400000000128e+02 3.248443599999999947e+02 3.255538300000000049e+02 3.256555999999999926e+02 3.262730000000000246e+02 3.267463999999999942e+02 3.268278199999999742e+02 -9999 -9999 -9999 -9999 -9999 -9999 -9999 -9999 -9999 -9999 -9999 -9999 -9999 -9999 -9999 -9999 -9999 -9999 -9999 -9999
3.248478400000000192e+02 3.244869400000000041e+02 3.245271299999999997e+02 3.245086000000000013e+02 3.250276200000000131e+02 3.248506499999999733e+02 3.246968400000000088e+02 3.247686499999999796e+02 3.242239700000000084e+02 3.232616600000000062e+02 3.229671299999999974e+02 3.229657000000000266e+02 3.229485500000000116e+02 -9999 -9999 -9999 -9999 -9999 3.236476000000000113e+02 3.242161300000000210e+02 3.241225600000000213e+02 3.246337300000000141e+02 -9999 3.253672000000000253e+02 3.255745000000000005e+02 3.258784999999999741e+02 3.261927999999999770e+02 3.267755000000000223e+02 -9999 -9999 -9999 -9999 -9999 -9999 -9999 -9999 -9999 -9999 -9999 -9999 -9999 -9999 -9999 -9999 -9999 -9999 -9999 -9999 -9999
3.248576400000000035e+02 3.246234999999999786e+02 3.247538499999999999e+02 3.249042400000000157e+02 3.249995000000000118e+02 3.248456400000000031e+02 3.249619000000000142e+02 3.248451999999999771e+02 -9999 -9999 -9999 -9999 -9999 -9999 -9999 -9999 -9999 -9999 -9999 -9999 -9999 -9999 -9999 -9999 -9999 -9999 -9999 -9999 -9999 -9999 -9999 -9999 -9999 -9999 -9999 -9999 -9999 -9999 -9999 -9999 -9999 -9999 -9999 -9999 -9999 -9999 -9999 -9999 -9999
3.248473999999999933e+02 3.250668000000000006e+02 3.251851199999999835e+02 3.251540200000000027e+02 3.250731499999999983e+02 3.249903600000000097e+02 3.249558700000000044e+02 -9999 -9999 -9999 -9999 -9999 -9999 -9999 -9999 -9999 -9999 -9999 -9999 -9999 -9999 -9999 -9999 -9999 -9999 -9999 -9999 -9999 -9999 -9999 -9999 -9999 -9999 -9999 -9999 -9999 -9999 -9999 -9999 -9999 -9999 -9999 -9999 -9999 -9999 -9999 -9999 -9999 -9999
3.255338699999999790e+02 3.252346200000000067e+02 3.253822599999999738e+02 3.257135000000000105e+02 3.251840799999999945e+02 3.253473799999999869e+02 3.253939199999999801e+02 -9999 -9999 -9999 -9999 -9999 -9999 -9999 -9999 -9999 -9999 -9999 -9999 -9999 -9999 -9999 -9999 -9999 -9999 -9999 -9999 -9999 -9999 -9999 -9999 -9999 -9999 -9999 -9999 -9999 -9999 -9999 -9999 -9999 -9999 -9999 -9999 -9999 -9999 -9999 -9999 -9999 -9999
3.258856200000000172e+02 3.257063999999999737e+02 3.254331999999999994e+02 3.256332699999999818e+02 3.252339999999999804e+02 3.254370400000000245e+02 -9999 -9999 -9999 -9999 -9999 -9999 -9999 -9999 -9999 -9999 -9999 -9999 -9999 -9999 -9999 -9999 -9999 -9999 -9999 -9999 -9999 -9999 -9999 -9999 -9999 -9999 -9999 -9999 -9999 -9999 -9999 -9999 -9999 -9999 -9999 -9999 -9999 -9999 -9999 -9999 -9999 -9999 -9999
3.267536600000000249e+02 3.258473500000000058e+02 3.258023000000000025e+02 3.257169200000000160e+02 3.255594199999999887e+02 3.254903299999999717e+02 -9999 -9999 -9999 -9999 -9999 -9999 -9999 -9999 -9999 -9999 -9999 -9999 -9999 -9999 -9999 -9999 -9999 -9999 -9999 -9999 -9999 -9999 -9999 -9999 -9999 -9999 -9999 -9999 -9999 -9999 -9999 -9999 -9999 -9999 -9999 -9999 -9999 -9999 -9999 -9999 -9999 -9999 -9999
3.274467200000000275e+02 3.262977300000000014e+02 3.261344300000000089e+02 3.264803999999999746e+02 3.260171000000000276e+02 -9999 -9999 -9999 -9999 -9999 -9999 -9999 -9999 -9999 -9999 -9999 -9999 -9999 -9999 -9999 -9999 -9999 -9999 -9999 -9999 -9999 -9999 -9999 -9999 -9999 -9999 -9999 -9999 -9999 -9999 -9999 -9999 -9999 -9999 -9999 -9999 -9999 -9999 -9999 -9999 -9999 -9999 -9999 -9999
