testcase_input/parameters/dem_preprocessed.dat
NCOLS         214
NROWS         263
XLLCORNER     382500.0
YLLCORNER     7541702.0
CELLSIZE      16.0
NODATA_VALUE  -9999
[rows 198 to 219 of 263, columns 49 to 97 of 214]
-9999 -9999 -9999 -9999 -9999 -9999 -9999 -9999 -9999 -9999 -9999 -9999 -9999 -9999 -9999 -9999 -9999 -9999 -9999 -9999 -9999 -9999 -9999 3.318557400000000257e+02 3.314404000000000110e+02 3.313438400000000001e+02 3.308831000000000131e+02 3.305750400000000013e+02 3.304604800000000182e+02 3.300830000000000268e+02 3.292029999999999745e+02 3.282995599999999854e+02 3.272378499999999804e+02 3.257307400000000257e+02 3.253804600000000278e+02 3.254147300000000200e+02 3.248494000000000028e+02 3.228799700000000144e+02 3.214886200000000258e+02 3.209833699999999794e+02 3.210337200000000166e+02 3.211702999999999975e+02 3.207903400000000147e+02 3.207657199999999875e+02 3.203548000000000116e+02 3.199185800000000199e+02 3.196026299999999765e+02 3.189149499999999762e+02 3.189032599999999888e+02
-9999 -9999 -9999 -9999 -9999 -9999 -9999 -9999 -9999 -9999 -9999 -9999 -9999 -9999 -9999 -9999 -9999 -9999 -9999 -9999 -9999 -9999 -9999 3.316994300000000067e+02 3.314149499999999762e+02 3.312051999999999907e+02 3.309564500000000180e+02 3.306202000000000112e+02 3.302326400000000035e+02 3.299865699999999720e+02 3.290834699999999771e+02 3.274189799999999764e+02 3.261030600000000277e+02 3.249169999999999732e+02 3.248785700000000247e+02 3.251416600000000017e+02 3.245536000000000172e+02 3.228859299999999735e+02 3.214630700000000161e+02 3.210541400000000181e+02 3.210884399999999914e+02 3.211673599999999738e+02 3.210524300000000153e+02 3.210361300000000142e+02 3.206478000000000179e+02 3.201468499999999722e+02 3.196351999999999975e+02 3.190774799999999800e+02 3.191734299999999962e+02
-9999 -9999 -9999 -9999 -9999 -9999 -9999 -9999 -9999 -9999 -9999 -9999 -9999 -9999 -9999 -9999 -9999 -9999 -9999 -9999 -9999 -9999 -9999 3.314281300000000101e+02 3.312602499999999850e+02 3.310739699999999743e+02 3.306978500000000167e+02 3.300862999999999943e+02 3.299587999999999965e+02 3.295909399999999891e+02 3.293123499999999808e+02 3.277546399999999949e+02 3.260859699999999748e+02 3.247340699999999742e+02 3.243896199999999794e+02 3.249665499999999838e+02 3.243620999999999981e+02 3.227448999999999728e+02 3.213115999999999985e+02 3.210551500000000260e+02 3.210711699999999951e+02 3.212470999999999890e+02 3.211378199999999765e+02 3.213821399999999926e+02 3.213349999999999795e+02 3.206114799999999718e+02 3.198791200000000003e+02 3.196053999999999746e+02 3.193845800000000281e+02
-9999 -9999 -9999 -9999 -9999 -9999 -9999 -9999 -9999 -9999 -9999 -9999 -9999 -9999 -9999 -9999 -9999 -9999 -9999 -9999 -9999 -9999 -9999 3.311268299999999840e+02 3.309446699999999737e+02 3.305515700000000265e+02 3.301274000000000228e+02 3.296774599999999964e+02 3.296116999999999848e+02 3.295128199999999765e+02 3.291442599999999743e+02 3.282312999999999761e+02 3.259501999999999953e+02 3.247791000000000281e+02 3.242057500000000232e+02 3.241553599999999733e+02 3.237060500000000047e+02 3.223466000000000236e+02 3.213813799999999787e+02 3.210746800000000007e+02 3.211154500000000098e+02 3.212971999999999753e+02 3.214345000000000141e+02 3.215882300000000100e+02 3.215780599999999936e+02 3.212203400000000215e+02 3.205407999999999902e+02 3.200449499999999716e+02 3.202407200000000103e+02
-9999 -9999 -9999 -9999 -9999 -9999 -9999 -9999 -9999 -9999 -9999 -9999 -9999 -9999 -9999 -9999 -9999 -9999 -9999 -9999 -9999 -9999 -9999 3.310157800000000066e+02 3.307208600000000160e+02 3.302628199999999765e+02 3.298159800000000246e+02 3.294001499999999965e+02 3.291606800000000135e+02 3.292282000000000153e+02 3.285904199999999946e+02 3.277801200000000108e+02 3.259823999999999842e+02 3.248105199999999968e+02 3.242919999999999732e+02 3.236730999999999767e+02 3.233129599999999755e+02 3.222028000000000247e+02 3.215273000000000252e+02 3.214254500000000121e+02 3.212364799999999718e+02 3.214715600000000109e+02 3.219621000000000208e+02 3.220504799999999932e+02 3.218267799999999852e+02 3.215799299999999903e+02 3.210110999999999990e+02 3.208081000000000245e+02 3.204037999999999897e+02
-9999 -9999 -9999 -9999 -9999 -9999 -9999 -9999 -9999 -9999 -9999 -9999 -9999 -9999 -9999 -9999 -9999 -9999 -9999 -9999 -9999 -9999 -9999 3.309321299999999724e+02 3.306243299999999863e+02 3.301212499999999750e+02 3.293668999999999869e+02 3.288079000000000178e+02 3.287932400000000257e+02 3.289347799999999893e+02 3.281324200000000246e+02 3.267201999999999771e+02 3.259340799999999945e+02 3.247760299999999916e+02 3.243315400000000182e+02 3.236546999999999912e+02 3.230212700000000154e+02 3.222325999999999908e+02 3.218077000000000112e+02 3.219391800000000217e+02 3.218679999999999950e+02 3.221630200000000173e+02 3.226976000000000226e+02 3.225251799999999776e+02 3.221997000000000071e+02 3.220030800000000113e+02 3.223897699999999986e+02 3.220333299999999781e+02 3.209893000000000143e+02
-9999 -9999 -9999 -9999 -9999 -9999 -9999 -9999 -9999 -9999 -9999 -9999 -9999 -9999 -9999 -9999 -9999 -9999 -9999 -9999 -9999 -9999 3.308492699999999900e+02 3.309290799999999990e+02 3.304418600000000197e+02 3.298291600000000017e+02 3.290131499999999960e+02 3.282390700000000265e+02 3.286215199999999754e+02 3.284771700000000010e+02 3.275584999999999809e+02 3.261009199999999737e+02 3.252826499999999896e+02 3.242345300000000066e+02 3.240275300000000129e+02 3.235267999999999802e+02 3.227176000000000045e+02 3.221895400000000222e+02 3.221438299999999799e+02 3.223682999999999765e+02 3.223548599999999738e+02 3.227694700000000125e+02 3.231388499999999908e+02 3.227491999999999734e+02 3.221399000000000115e+02 3.221025999999999954e+02 3.219910600000000045e+02 3.219900499999999965e+02 3.219070699999999761e+02
-9999 -9999 -9999 -9999 -9999 -9999 -9999 -9999 -9999 -9999 -9999 -9999 -9999 -9999 -9999 -9999 -9999 -9999 -9999 -9999 -9999 3.302999300000000176e+02 3.303824500000000057e+02 3.302899199999999951e+02 3.298403999999999883e+02 3.292863199999999892e+02 3.286128199999999993e+02 3.279618800000000078e+02 3.282689799999999991e+02 3.281811799999999835e+02 3.270967400000000112e+02 3.255342999999999734e+02 3.241470299999999725e+02 3.236852700000000027e+02 3.238680400000000077e+02 3.236380599999999959e+02 3.224800700000000120e+02 3.223220800000000281e+02 3.224509300000000280e+02 3.228146699999999782e+02 3.230561200000000213e+02 3.232646500000000174e+02 3.232703999999999951e+02 3.231791999999999803e+02 3.227628799999999956e+02 3.220677499999999895e+02 3.219910600000000045e+02 3.221245999999999867e+02 3.221721800000000258e+02
-9999 -9999 -9999 -9999 -9999 -9999 -9999 -9999 -9999 -9999 -9999 -9999 -9999 -9999 -9999 -9999 -9999 -9999 -9999 -9999 3.288494000000000028e+02 3.292397199999999771e+02 3.292902500000000146e+02 3.289854000000000269e+02 3.288842799999999897e+02 3.287200000000000273e+02 3.278798199999999952e+02 3.277033000000000129e+02 3.278653600000000097e+02 3.278060600000000022e+02 3.266070300000000088e+02 3.248297699999999963e+02 3.236708699999999794e+02 3.236467299999999909e+02 3.240772999999999797e+02 3.236890599999999836e+02 3.228174000000000206e+02 3.225770299999999793e+02 3.228389999999999986e+02 3.232975000000000136e+02 3.236699800000000096e+02 3.238417999999999779e+02 3.235242000000000075e+02 3.236596400000000244e+02 3.233102000000000089e+02 3.223959699999999771e+02 3.226447000000000003e+02 3.229373800000000188e+02 3.225338699999999790e+02
-9999 -9999 -9999 -9999 -9999 -9999 -9999 -9999 -9999 -9999 -9999 -9999 -9999 -9999 -9999 -9999 -9999 -9999 -9999 -9999 3.275435800000000199e+02 3.279787000000000035e+02 3.280950599999999895e+02 3.277156400000000076e+02 3.278987700000000132e+02 3.277640999999999849e+02 3.270980799999999817e+02 3.270272800000000188e+02 3.272337600000000180e+02 3.271143200000000206e+02 3.261528000000000134e+02 3.246647300000000200e+02 3.236532300000000077e+02 3.236457199999999830e+02 3.237297399999999925e+02 3.235390300000000252e+02 3.233087499999999750e+02 3.229776600000000144e+02 3.233574800000000096e+02 3.239871800000000235e+02 3.242684600000000046e+02 3.242297699999999736e+02 3.240720999999999776e+02 3.240194399999999746e+02 3.239331999999999994e+02 3.238542499999999791e+02 3.238251599999999826e+02 3.238897699999999986e+02 3.228383499999999913e+02
-9999 -9999 -9999 -9999 -9999 -9999 -9999 -9999 -9999 -9999 -9999 -9999 -9999 -9999 -9999 -9999 -9999 -9999 -9999 -9999 3.266629300000000171e+02 3.270418999999999983e+02 3.270924699999999916e+02 3.268075299999999856e+02 3.268350800000000049e+02 3.268832699999999818e+02 3.265064399999999978e+02 3.263226000000000226e+02 3.264768000000000256e+02 3.266537200000000212e+02 3.256007700000000114e+02 3.245105300000000170e+02 3.236489000000000260e+02 3.236723600000000260e+02 3.236447000000000003e+02 3.235476400000000012e+02 3.235223399999999856e+02 3.233504300000000171e+02 3.238788000000000125e+02 3.246462399999999775e+02 3.248961199999999963e+02 3.248630999999999744e+02 3.247246000000000095e+02 3.242700500000000261e+02 3.243209200000000010e+02 3.243996599999999830e+02 3.244710699999999974e+02 3.239055000000000177e+02 3.233188999999999851e+02
-9999 -9999 -9999 -9999 -9999 -9999 -9999 -9999 -9999 -9999 -9999 -9999 -9999 -9999 -9999 -9999 -9999 -9999 -9999 -9999 3.265234699999999748e+02 3.265550499999999943e+02 3.264470000000000027e+02 3.262632800000000088e+02 3.262100199999999859e+02 3.260860599999999749e+02 3.259698799999999892e+02 3.260769300000000044e+02 3.261739999999999782e+02 3.263267799999999852e+02 3.254114400000000273e+02 3.242718499999999722e+02 3.236499000000000024e+02 3.236919300000000135e+02 3.237071500000000128e+02 3.236201800000000048e+02 3.235637500000000273e+02 3.238822999999999865e+02 3.242829300000000217e+02 3.248743600000000242e+02 3.250917699999999968e+02 3.252347399999999880e+02 3.250821500000000128e+02 3.248620300000000043e+02 3.247987400000000093e+02 3.248661000000000172e+02 3.247312999999999761e+02 3.245579000000000178e+02 3.240577400000000239e+02
-9999 -9999 -9999 -9999 -9999 -9999 -9999 -9999 -9999 -9999 -9999 -9999 -9999 -9999 -9999 -9999 -9999 -9999 -9999 3.269355499999999779e+02 3.265760200000000282e+02 3.265224600000000237e+02 3.261344599999999900e+02 3.260080600000000004e+02 3.259113500000000272e+02 3.258963600000000156e+02 3.259447999999999865e+02 3.259671299999999974e+02 3.261578999999999837e+02 3.257900399999999763e+02 3.251910399999999868e+02 3.242451800000000048e+02 3.236682700000000068e+02 3.237232999999999947e+02 3.237051000000000158e+02 3.236576000000000022e+02 3.237516800000000217e+02 3.243267500000000041e+02 3.247591199999999958e+02 3.252203400000000215e+02 3.255969499999999925e+02 3.258727999999999838e+02 3.255402500000000146e+02 3.252782599999999888e+02 3.252913199999999847e+02 3.252925700000000120e+02 3.252787500000000023e+02 3.248115999999999985e+02 3.244469300000000089e+02
-9999 -9999 -9999 -9999 -9999 -9999 -9999 -9999 -9999 -9999 -9999 -9999 -9999 -9999 -9999 -9999 -9999 -9999 -9999 3.266556400000000053e+02 3.265339700000000107e+02 3.266204200000000242e+02 3.263609599999999773e+02 3.260749500000000012e+02 3.258963600000000156e+02 3.258953599999999824e+02 3.259935600000000022e+02 3.259856599999999958e+02 3.259349700000000212e+02 3.252912299999999846e+02 3.248697199999999725e+02 3.242839999999999918e+02 3.237180799999999863e+02 3.236736999999999966e+02 3.236585999999999785e+02 3.236979400000000169e+02 3.238787199999999871e+02 3.245642700000000218e+02 3.252093800000000101e+02 3.256510299999999916e+02 3.261773999999999774e+02 3.264683999999999742e+02 3.261462999999999965e+02 3.258246800000000007e+02 3.256936000000000035e+02 3.259684799999999996e+02 3.255413500000000226e+02 3.251745000000000232e+02 3.248157699999999863e+02
-9999 -9999 -9999 -9999 -9999 -9999 -9999 -9999 -9999 -9999 -9999 -9999 -9999 -9999 -9999 -9999 -9999 -9999 -9999 3.268105800000000158e+02 3.265279800000000137e+02 3.264143700000000194e+02 3.262891999999999939e+02 3.261392000000000166e+02 3.259787999999999784e+02 3.258953599999999824e+02 3.258943499999999744e+02 3.258637400000000071e+02 3.256773999999999774e+02 3.253153399999999920e+02 3.245813600000000179e+02 3.239232000000000085e+02 3.237567700000000173e+02 3.237423000000000002e+02 3.236861999999999853e+02 3.236977499999999850e+02 3.241100000000000136e+02 3.250396400000000199e+02 3.256767600000000016e+02 3.263050200000000132e+02 3.267990699999999720e+02 3.272072800000000257e+02 3.268086999999999875e+02 3.262097800000000234e+02 3.261649199999999951e+02 3.263110399999999913e+02 3.256716299999999933e+02 3.250532000000000039e+02 3.249315799999999967e+02
-9999 -9999 -9999 -9999 -9999 -9999 -9999 -9999 -9999 -9999 -9999 -9999 -9999 -9999 -9999 -9999 -9999 -9999 -9999 3.265561500000000024e+02 3.265533399999999915e+02 3.261138000000000261e+02 3.261514999999999986e+02 3.262619000000000256e+02 3.261469999999999914e+02 3.260024999999999977e+02 3.259707300000000032e+02 3.258876599999999826e+02 3.255355000000000132e+02 3.250489799999999718e+02 3.242040999999999826e+02 3.237577800000000252e+02 3.237617500000000064e+02 3.237160999999999831e+02 3.236872000000000185e+02 3.237500000000000000e+02 3.244740300000000275e+02 3.254213300000000118e+02 3.260627400000000193e+02 3.266465000000000032e+02 3.272633400000000279e+02 3.276673000000000116e+02 3.271487399999999752e+02 3.266959200000000010e+02 3.266846300000000269e+02 3.261904599999999732e+02 3.256701400000000035e+02 3.253589999999999804e+02 3.252237499999999955e+02
-9999 -9999 -9999 -9999 -9999 -9999 -9999 -9999 -9999 -9999 -9999 -9999 -9999 -9999 -9999 -9999 -9999 -9999 -9999 3.264893500000000017e+02 3.263776199999999790e+02 3.261631800000000112e+02 3.261128199999999993e+02 3.261118200000000229e+02 3.261107999999999834e+02 3.261202000000000112e+02 3.258824200000000246e+02 3.256925699999999892e+02 3.252982999999999834e+02 3.245788299999999822e+02 3.238093299999999886e+02 3.237588000000000079e+02 3.237690699999999993e+02 3.236881999999999948e+02 3.236881999999999948e+02 3.237776999999999816e+02 3.248283400000000256e+02 3.258210000000000264e+02 3.265609999999999786e+02 3.271154199999999719e+02 3.276827700000000050e+02 3.277921000000000049e+02 3.272599500000000035e+02 3.272251600000000167e+02 3.265190699999999993e+02 3.260865999999999758e+02 3.258303500000000099e+02 3.259316699999999969e+02 3.255352199999999812e+02
-9999 -9999 -9999 -9999 -9999 -9999 -9999 -9999 -9999 -9999 -9999 -9999 -9999 -9999 -9999 -9999 -9999 -9999 -9999 3.266469999999999914e+02 3.268213499999999954e+02 3.264633999999999787e+02 3.264951800000000048e+02 3.261118200000000229e+02 3.261118200000000229e+02 3.263842000000000212e+02 3.257873500000000035e+02 3.252629999999999768e+02 3.248933000000000106e+02 3.239730200000000195e+02 3.237597700000000032e+02 3.238052999999999884e+02 3.237638999999999783e+02 3.236891800000000217e+02 3.237363599999999906e+02 3.238737800000000107e+02 3.250169700000000148e+02 3.262514300000000276e+02 3.272208999999999719e+02 3.276412000000000262e+02 3.282054999999999723e+02 3.283365999999999758e+02 3.277697000000000003e+02 3.276688500000000204e+02 3.271165500000000179e+02 3.263476299999999810e+02 3.262213399999999979e+02 3.261467000000000098e+02 3.257072800000000257e+02
-9999 -9999 -9999 -9999 -9999 -9999 -9999 -9999 -9999 -9999 -9999 -9999 -9999 -9999 -9999 -9999 -9999 -9999 -9999 -9999 3.270351600000000190e+02 3.270912500000000023e+02 3.265978400000000192e+02 3.262038299999999822e+02 3.261338999999999828e+02 3.263206500000000005e+02 3.258708500000000186e+02 3.253688000000000216e+02 3.247617799999999875e+02 3.239556600000000230e+02 3.237880599999999731e+02 3.238434799999999996e+02 3.238086000000000126e+02 3.238329200000000014e+02 3.239407699999999863e+02 3.239386600000000271e+02 3.252830999999999904e+02 3.266419399999999769e+02 3.277434999999999832e+02 3.281179500000000075e+02 3.287058999999999855e+02 3.288561399999999821e+02 3.282113299999999754e+02 3.279694000000000074e+02 3.277388000000000261e+02 3.272083999999999833e+02 3.263807400000000030e+02 3.261354000000000042e+02 3.258679500000000075e+02
-9999 -9999 -9999 -9999 -9999 -9999 -9999 -9999 -9999 -9999 -9999 -9999 -9999 -9999 -9999 -9999 -9999 -9999 -9999 -9999 3.270985999999999763e+02 3.268433499999999867e+02 3.265622299999999996e+02 3.263174999999999955e+02 3.262135599999999727e+02 3.262090499999999906e+02 3.258874500000000012e+02 3.253002000000000180e+02 3.245494699999999852e+02 3.238159200000000055e+02 3.237938500000000204e+02 3.238630699999999933e+02 3.239054300000000239e+02 3.238296500000000151e+02 3.238306600000000230e+02 3.239465999999999894e+02 3.251541399999999840e+02 3.266954700000000003e+02 3.279232799999999770e+02 3.283106000000000222e+02 3.289117699999999900e+02 3.289961000000000126e+02 3.286245400000000245e+02 3.281842700000000264e+02 3.280121199999999817e+02 3.273721300000000269e+02 3.264987499999999727e+02 3.261723600000000260e+02 3.260017000000000280e+02
-9999 -9999 -9999 -9999 -9999 -9999 -9999 -9999 -9999 -9999 -9999 -9999 -9999 -9999 -9999 -9999 -9999 -9999 -9999 -9999 3.276376000000000204e+02 3.269436000000000035e+02 3.266850999999999772e+02 3.264290799999999990e+02 3.263255599999999959e+02 3.263652299999999968e+02 3.258238200000000120e+02 3.253804999999999836e+02 3.247296400000000176e+02 3.239633799999999724e+02 3.238097200000000271e+02 3.238067599999999970e+02 3.238775299999999788e+02 3.238833999999999946e+02 3.238836999999999762e+02 3.239532500000000255e+02 3.252384999999999877e+02 3.265486500000000092e+02 3.278843400000000088e+02 3.284739999999999895e+02 3.285405299999999897e+02 3.288840000000000146e+02 3.288765300000000025e+02 3.283978000000000179e+02 3.282024799999999800e+02 3.278872700000000009e+02 3.271143000000000143e+02 3.266964699999999766e+02 3.263419200000000160e+02
-9999 -9999 -9999 -9999 -9999 -9999 -9999 -9999 -9999 -9999 -9999 -9999 -9999 -9999 -9999 -9999 -9999 -9999 -9999 -9999 3.281926599999999894e+02 3.275339999999999918e+02 3.271089000000000055e+02 3.267144999999999868e+02 3.264572000000000003e+02 3.264133600000000115e+02 3.260924699999999916e+02 3.253565399999999954e+02 3.248515600000000063e+02 3.242340699999999742e+02 3.238077700000000050e+02 3.238559599999999818e+02 3.239092999999999734e+02 3.239319800000000100e+02 3.239725300000000061e+02 3.239503500000000145e+02 3.250027200000000107e+02 3.264395000000000095e+02 3.277051999999999907e+02 3.283658800000000042e+02 3.286357399999999984e+02 3.290316799999999944e+02 3.290564299999999776e+02 3.287003000000000270e+02 3.287674999999999841e+02 3.289453700000000254e+02 3.280034200000000055e+02 3.270258799999999724e+02 3.267780500000000075e+02
