testcase_input/parameters/dem_d4_filled.dat
ncols         214
nrows         263
xllcorner     382500
yllcorner     7541702
cellsize      16
NODATA_value  -9999
[rows 144 to 159 of 263, columns 111 to 147 of 214]
3.285043000000000006e+02 3.298433999999999742e+02 3.319234999999999900e+02 3.338521000000000072e+02 3.348566000000000145e+02 3.356082000000000107e+02 3.361505000000000223e+02 3.367094000000000165e+02 3.373457000000000221e+02 3.376326000000000249e+02 3.379972999999999956e+02 3.381983999999999924e+02 3.384467000000000212e+02 3.388530000000000086e+02 3.395486000000000217e+02 3.404547000000000025e+02 3.413503000000000043e+02 3.418154000000000110e+02 3.426700999999999908e+02 3.431345999999999776e+02 3.433133000000000266e+02 3.435199999999999818e+02 3.440287999999999897e+02 3.442364999999999782e+02 3.445847999999999729e+02 3.446471000000000231e+02 3.448100999999999772e+02 3.449107000000000198e+02 3.443507000000000176e+02 3.449028999999999883e+02 3.454759000000000242e+02 3.459897000000000276e+02 3.469191000000000145e+02 3.486825000000000045e+02 3.493951999999999884e+02 3.499178999999999746e+02 3.504193000000000211e+02
3.281503999999999905e+02 3.302855999999999881e+02 3.321091000000000122e+02 3.335122000000000071e+02 3.342457999999999743e+02 3.349911000000000172e+02 3.355987000000000080e+02 3.363027999999999906e+02 3.368650000000000091e+02 3.372894000000000005e+02 3.377894000000000005e+02 3.379682999999999993e+02 3.379533999999999878e+02 3.380914999999999964e+02 3.387671000000000276e+02 3.395819999999999936e+02 3.402900000000000205e+02 3.409003000000000156e+02 3.417466000000000008e+02 3.421388000000000034e+02 3.424909999999999854e+02 3.428539000000000101e+02 3.434388000000000147e+02 3.437914000000000101e+02 3.440566999999999780e+02 3.443104000000000156e+02 3.442995999999999981e+02 3.443740000000000236e+02 3.442937999999999761e+02 3.446958000000000197e+02 3.448913999999999760e+02 3.456299999999999955e+02 3.467271999999999821e+02 3.482930999999999813e+02 3.489857000000000085e+02 3.495212000000000216e+02 3.499499999999999886e+02
3.287796000000000163e+02 3.297749000000000024e+02 3.312828999999999837e+02 3.323072999999999979e+02 3.333261999999999716e+02 3.342518999999999778e+02 3.348840000000000146e+02 3.355899000000000001e+02 3.363412999999999897e+02 3.368924999999999841e+02 3.374361999999999853e+02 3.374581000000000017e+02 3.374771000000000072e+02 3.373727000000000089e+02 3.377656000000000063e+02 3.385205000000000268e+02 3.393147999999999911e+02 3.399626000000000090e+02 3.408380000000000223e+02 3.413865000000000123e+02 3.418279999999999745e+02 3.422162999999999897e+02 3.427966999999999871e+02 3.432087000000000216e+02 3.434775999999999954e+02 3.437008000000000152e+02 3.435031000000000176e+02 3.433969000000000165e+02 3.439811000000000263e+02 3.445643000000000029e+02 3.449683999999999742e+02 3.455147000000000048e+02 3.465074000000000183e+02 3.474576999999999884e+02 3.480661000000000058e+02 3.487982000000000085e+02 -9.999000000000000000e+03
3.273716000000000008e+02 3.285167999999999893e+02 3.300908999999999764e+02 3.309843000000000188e+02 3.323321000000000254e+02 3.334827000000000226e+02 3.341596999999999866e+02 3.351299999999999955e+02 3.355917000000000030e+02 3.361949999999999932e+02 3.368027000000000157e+02 3.369447999999999865e+02 3.368116999999999734e+02 3.365788000000000011e+02 3.366652000000000271e+02 3.374309000000000083e+02 3.383152000000000044e+02 3.393503999999999792e+02 3.401569000000000074e+02 3.406424999999999841e+02 3.411487999999999943e+02 3.415181999999999789e+02 3.420368000000000279e+02 3.425962000000000103e+02 3.429785999999999717e+02 3.430830000000000268e+02 3.429026999999999816e+02 3.426578000000000088e+02 3.435720000000000027e+02 3.445165000000000077e+02 3.450706000000000131e+02 3.456075000000000159e+02 3.464784999999999968e+02 3.471173999999999751e+02 3.476612999999999829e+02 3.483143999999999778e+02 -9.999000000000000000e+03
3.253202999999999747e+02 3.268131000000000199e+02 3.281963000000000079e+02 3.297662000000000262e+02 3.316053999999999746e+02 3.324843999999999937e+02 3.332844000000000051e+02 3.344053999999999860e+02 3.349203999999999724e+02 3.354243000000000166e+02 3.358387000000000171e+02 3.361329999999999814e+02 3.360919999999999845e+02 3.357728999999999928e+02 3.357964000000000055e+02 3.365178999999999974e+02 3.372773000000000252e+02 3.381886999999999830e+02 3.392418999999999869e+02 3.399723999999999933e+02 3.404547000000000025e+02 3.408206000000000131e+02 3.414055000000000177e+02 3.420527999999999906e+02 3.424110000000000014e+02 3.425344999999999800e+02 3.422592999999999961e+02 3.424338000000000193e+02 3.433720999999999890e+02 3.444214000000000055e+02 3.451125999999999863e+02 3.456143999999999892e+02 3.463784999999999741e+02 3.472706999999999766e+02 3.476607000000000198e+02 3.479639999999999986e+02 -9.999000000000000000e+03
3.243177999999999770e+02 3.255527000000000157e+02 3.267814999999999941e+02 3.284619000000000142e+02 3.297979000000000269e+02 3.309203999999999724e+02 3.323516000000000190e+02 3.332538000000000125e+02 3.337076999999999884e+02 3.346232999999999720e+02 3.350559999999999832e+02 3.354058999999999742e+02 3.352466999999999757e+02 3.350065999999999917e+02 3.351546999999999912e+02 3.356408000000000129e+02 3.364938999999999965e+02 3.372420999999999935e+02 3.383691000000000031e+02 3.392948999999999842e+02 3.398156000000000176e+02 3.399246999999999730e+02 3.410375000000000227e+02 3.416736999999999966e+02 3.414114000000000146e+02 3.416358000000000175e+02 3.415962999999999852e+02 3.418296000000000276e+02 3.428450000000000273e+02 3.441596000000000117e+02 3.449046999999999912e+02 3.453163000000000125e+02 3.459961999999999875e+02 3.469112000000000080e+02 3.476383000000000152e+02 -9.999000000000000000e+03 -9.999000000000000000e+03
3.228281999999999812e+02 3.241292000000000257e+02 3.249621999999999957e+02 3.268023000000000025e+02 3.281854999999999905e+02 3.295337999999999852e+02 3.308648000000000025e+02 3.317312999999999761e+02 3.323881000000000085e+02 3.333883999999999901e+02 3.342760999999999854e+02 3.344803999999999746e+02 3.344243999999999915e+02 3.343562000000000012e+02 3.346820000000000164e+02 3.350375000000000227e+02 3.358394000000000119e+02 3.364615999999999758e+02 3.375783000000000129e+02 3.383306999999999789e+02 3.389528000000000247e+02 3.392479000000000156e+02 3.403913999999999760e+02 3.408432000000000244e+02 3.409651999999999816e+02 3.417363000000000284e+02 3.414467000000000212e+02 3.416918999999999755e+02 3.429900999999999840e+02 3.439076000000000022e+02 3.443143999999999778e+02 3.448675000000000068e+02 3.455312999999999874e+02 3.466351999999999975e+02 3.474707000000000221e+02 -9.999000000000000000e+03 -9.999000000000000000e+03
3.210317999999999756e+02 3.225969999999999800e+02 3.234746000000000095e+02 3.249481000000000108e+02 3.261345000000000027e+02 3.275647999999999911e+02 3.290486000000000217e+02 3.301739999999999782e+02 3.312456999999999994e+02 3.323781999999999925e+02 3.333836000000000013e+02 3.333482999999999947e+02 3.336940000000000168e+02 3.337595999999999776e+02 3.342391000000000076e+02 3.347235999999999763e+02 3.353831000000000131e+02 3.358955000000000268e+02 3.368018000000000143e+02 3.378088999999999942e+02 3.383881999999999834e+02 3.388772999999999911e+02 3.398559999999999945e+02 3.401311000000000035e+02 3.401741999999999848e+02 3.413238000000000056e+02 3.414467000000000212e+02 3.419633999999999787e+02 3.428566999999999894e+02 3.435303000000000111e+02 3.439343999999999824e+02 3.444112000000000080e+02 3.451030999999999835e+02 3.464164999999999850e+02 3.473602999999999952e+02 -9.999000000000000000e+03 -9.999000000000000000e+03
3.195153999999999996e+02 3.207751999999999839e+02 3.220400999999999954e+02 3.233519999999999754e+02 3.244714999999999918e+02 3.259363000000000170e+02 3.271820000000000164e+02 3.284821999999999775e+02 3.296465000000000032e+02 3.307690000000000055e+02 3.320387000000000057e+02 3.322486999999999853e+02 3.326532000000000266e+02 3.331267000000000280e+02 3.337628000000000270e+02 3.341969000000000278e+02 3.347447999999999979e+02 3.355507000000000062e+02 3.364608000000000061e+02 3.373722999999999956e+02 3.380108999999999924e+02 3.384991999999999734e+02 3.393127999999999815e+02 3.398654999999999973e+02 3.404361000000000104e+02 3.407964000000000055e+02 3.414184999999999945e+02 3.422173000000000229e+02 3.430280000000000200e+02 3.433801000000000272e+02 3.437382999999999811e+02 3.440901999999999816e+02 3.445711999999999762e+02 3.461340999999999894e+02 3.471512000000000171e+02 -9.999000000000000000e+03 -9.999000000000000000e+03
3.178084000000000060e+02 3.191922999999999888e+02 3.210665999999999940e+02 3.222230999999999881e+02 3.232504999999999882e+02 3.243500000000000227e+02 3.255307999999999993e+02 3.267538999999999874e+02 3.279778999999999769e+02 3.294375999999999749e+02 3.305615999999999985e+02 3.311784999999999854e+02 3.315937000000000126e+02 3.325557999999999765e+02 3.334067000000000007e+02 3.338269999999999982e+02 3.344408999999999992e+02 3.350099000000000160e+02 3.361259999999999764e+02 3.370547000000000253e+02 3.373933999999999855e+02 3.380416000000000167e+02 3.389485000000000241e+02 3.389859000000000151e+02 3.398270999999999731e+02 3.405826999999999884e+02 3.414680000000000177e+02 3.423931000000000040e+02 3.429610000000000127e+02 3.432542000000000257e+02 3.435993000000000279e+02 3.437810999999999808e+02 3.442053999999999974e+02 3.454207000000000107e+02 3.466816999999999780e+02 -9.999000000000000000e+03 -9.999000000000000000e+03
3.167642000000000166e+02 3.177977000000000203e+02 3.194372999999999934e+02 3.207386999999999944e+02 3.218856999999999857e+02 3.232660000000000196e+02 3.243530000000000086e+02 3.254868999999999915e+02 3.268054000000000201e+02 3.282094999999999914e+02 3.292500000000000000e+02 3.300844999999999914e+02 3.307964999999999804e+02 3.317033000000000129e+02 3.326283999999999992e+02 3.337316000000000145e+02 3.343704000000000178e+02 3.347989000000000033e+02 3.354975000000000023e+02 3.361016999999999939e+02 3.366456999999999766e+02 3.373306999999999789e+02 3.379660999999999831e+02 3.388215999999999894e+02 3.397579000000000065e+02 3.403552999999999997e+02 3.416772000000000276e+02 3.425998000000000161e+02 3.429123999999999910e+02 3.430004999999999882e+02 3.434375000000000000e+02 3.437131999999999721e+02 3.441313999999999851e+02 3.449381000000000199e+02 -9.999000000000000000e+03 -9.999000000000000000e+03 -9.999000000000000000e+03
3.159850999999999885e+02 3.169628999999999905e+02 3.179623000000000275e+02 3.189875000000000114e+02 3.204087999999999852e+02 3.218306000000000040e+02 3.234406999999999925e+02 3.247717999999999847e+02 3.259732999999999947e+02 3.271560000000000059e+02 3.279889999999999759e+02 3.288317999999999870e+02 3.297930999999999813e+02 3.306766000000000076e+02 3.322149000000000001e+02 3.331462000000000216e+02 3.341087999999999738e+02 3.346318999999999733e+02 3.350104000000000042e+02 3.357669999999999959e+02 3.368786000000000058e+02 3.372773000000000252e+02 3.376630000000000109e+02 3.383632999999999811e+02 3.393410000000000082e+02 3.409139000000000124e+02 3.419026000000000067e+02 3.426949000000000183e+02 3.429182000000000130e+02 3.429857999999999834e+02 3.433331999999999766e+02 3.437010000000000218e+02 -9.999000000000000000e+03 -9.999000000000000000e+03 -9.999000000000000000e+03 -9.999000000000000000e+03 -9.999000000000000000e+03
3.157531999999999925e+02 3.165536000000000172e+02 3.171215000000000259e+02 3.180335000000000036e+02 3.191748000000000047e+02 3.204110999999999763e+02 3.222035000000000196e+02 3.236562999999999874e+02 3.250462999999999738e+02 3.260706999999999880e+02 3.267615000000000123e+02 3.278215000000000146e+02 3.289280999999999722e+02 3.301087999999999738e+02 3.315371000000000095e+02 3.321623999999999910e+02 3.335889000000000237e+02 3.341471999999999980e+02 3.351689000000000078e+02 3.360378000000000043e+02 3.373075999999999794e+02 3.378548000000000116e+02 3.384895000000000209e+02 3.388786999999999807e+02 3.391743000000000166e+02 3.404374000000000251e+02 3.414558999999999855e+02 3.423018000000000143e+02 3.426986999999999739e+02 3.430482999999999834e+02 3.436274999999999977e+02 3.436243000000000052e+02 -9.999000000000000000e+03 -9.999000000000000000e+03 -9.999000000000000000e+03 -9.999000000000000000e+03 -9.999000000000000000e+03
3.151992000000000189e+02 3.157397000000000276e+02 3.163140000000000214e+02 3.171703999999999724e+02 3.180760000000000218e+02 3.193039999999999736e+02 3.207851999999999748e+02 3.221224000000000274e+02 3.234035999999999831e+02 3.242905000000000086e+02 3.256578000000000088e+02 3.269361999999999853e+02 3.278817999999999984e+02 3.294279000000000224e+02 3.304769000000000005e+02 3.319836000000000240e+02 3.332952999999999975e+02 3.345101000000000226e+02 3.354648000000000252e+02 3.364861000000000217e+02 3.375849999999999795e+02 3.383878000000000270e+02 3.392042000000000144e+02 3.398444999999999823e+02 3.408736000000000104e+02 3.412321000000000026e+02 3.412321000000000026e+02 3.417255000000000109e+02 3.424737999999999829e+02 3.429273000000000025e+02 3.434184999999999945e+02 3.436014999999999873e+02 -9.999000000000000000e+03 -9.999000000000000000e+03 -9.999000000000000000e+03 -9.999000000000000000e+03 -9.999000000000000000e+03
3.146207999999999743e+02 3.154572000000000003e+02 3.158661000000000172e+02 3.165434999999999945e+02 3.175212999999999965e+02 3.186390000000000100e+02 3.194202000000000226e+02 3.203088000000000193e+02 3.213636000000000195e+02 3.231179000000000201e+02 3.250720999999999776e+02 3.257468000000000075e+02 3.270507999999999811e+02 3.283367000000000075e+02 3.297620999999999754e+02 3.316981999999999857e+02 3.330908999999999764e+02 3.342934000000000196e+02 3.351292000000000257e+02 3.363125000000000000e+02 3.372993000000000166e+02 3.386745999999999981e+02 3.394794999999999732e+02 3.398349000000000046e+02 3.409372000000000185e+02 3.411435999999999922e+02 3.412636999999999716e+02 3.414884999999999877e+02 3.416490000000000009e+02 3.422746999999999957e+02 3.430380000000000109e+02 3.436417999999999893e+02 -9.999000000000000000e+03 -9.999000000000000000e+03 -9.999000000000000000e+03 -9.999000000000000000e+03 -9.999000000000000000e+03
3.149671000000000163e+02 3.154196999999999775e+02 3.160269999999999868e+02 3.167599999999999909e+02 3.174932000000000016e+02 3.183460999999999785e+02 3.191703999999999724e+02 3.205679999999999836e+02 3.217884999999999991e+02 3.228879999999999768e+02 3.240529000000000224e+02 3.252794000000000096e+02 3.269073000000000206e+02 3.286041999999999916e+02 3.296628000000000043e+02 3.310502000000000180e+02 3.326306999999999903e+02 3.337092000000000098e+02 3.349655000000000200e+02 3.360129999999999768e+02 3.370656999999999925e+02 3.389375000000000000e+02 3.391114999999999782e+02 3.396918999999999755e+02 3.407176999999999794e+02 3.413655999999999722e+02 3.415502999999999929e+02 3.419807000000000130e+02 3.420742000000000189e+02 3.420742000000000189e+02 3.428969000000000165e+02 3.436927999999999770e+02 -9.999000000000000000e+03 -9.999000000000000000e+03 -9.999000000000000000e+03 -9.999000000000000000e+03 -9.999000000000000000e+03
