testcase_input/parameters/flowacc_p.dat
NCOLS         214
NROWS         263
XLLCORNER     382500.0
YLLCORNER     7541702.0
CELLSIZE      16.0
NODATA_VALUE  -9999
[rows 48 to 63 of 263, columns 74 to 110 of 214]
3.185778000000000247e+02 3.586798399999999674e+04 2.940539300000000003e+04 7.480721999999999753e+03 4.548729599999999778e+02 6.392345000000000255e+02 6.159125400000000354e+02 7.041767599999999447e+02 5.171269999999999527e+02 5.341235000000000355e+02 5.688889000000000351e+02 2.560000000000000000e+02 2.560000000000000000e+02 2.560000000000000000e+02 7.623111000000000104e+02 -9.999000000000000000e+03 -9.999000000000000000e+03 -9.999000000000000000e+03 -9.999000000000000000e+03 -9.999000000000000000e+03 -9.999000000000000000e+03 -9.999000000000000000e+03 -9.999000000000000000e+03 -9.999000000000000000e+03 -9.999000000000000000e+03 -9.999000000000000000e+03 -9.999000000000000000e+03 -9.999000000000000000e+03 -9.999000000000000000e+03 -9.999000000000000000e+03 -9.999000000000000000e+03 -9.999000000000000000e+03 -9.999000000000000000e+03 -9.999000000000000000e+03 -9.999000000000000000e+03 -9.999000000000000000e+03 -9.999000000000000000e+03
2.560000000000000000e+02 2.560000000000000000e+02 1.384685000000000036e+04 2.560000000000000000e+02 6.963614999999999782e+02 5.454538000000000011e+02 6.387267500000000382e+02 5.555710400000000391e+02 4.512145699999999806e+02 5.490410000000000537e+02 3.470222200000000043e+02 2.560000000000000000e+02 2.560000000000000000e+02 5.120000000000000000e+02 1.780622200000000021e+03 2.560000000000000000e+02 -9.999000000000000000e+03 -9.999000000000000000e+03 -9.999000000000000000e+03 -9.999000000000000000e+03 -9.999000000000000000e+03 -9.999000000000000000e+03 -9.999000000000000000e+03 -9.999000000000000000e+03 -9.999000000000000000e+03 -9.999000000000000000e+03 -9.999000000000000000e+03 -9.999000000000000000e+03 -9.999000000000000000e+03 -9.999000000000000000e+03 -9.999000000000000000e+03 -9.999000000000000000e+03 -9.999000000000000000e+03 -9.999000000000000000e+03 -9.999000000000000000e+03 -9.999000000000000000e+03 -9.999000000000000000e+03
2.560000000000000000e+02 2.560000000000000000e+02 2.560000000000000000e+02 1.316987099999999919e+04 1.895299000000000160e+04 7.640353500000000167e+03 1.058273599999999988e+03 1.573573100000000068e+03 1.121910599999999931e+03 5.486617400000000089e+02 3.356444399999999746e+02 2.560000000000000000e+02 2.560000000000000000e+02 2.560000000000000000e+02 2.508800000000000182e+03 2.560000000000000000e+02 -9.999000000000000000e+03 -9.999000000000000000e+03 -9.999000000000000000e+03 -9.999000000000000000e+03 -9.999000000000000000e+03 -9.999000000000000000e+03 -9.999000000000000000e+03 -9.999000000000000000e+03 -9.999000000000000000e+03 -9.999000000000000000e+03 -9.999000000000000000e+03 -9.999000000000000000e+03 -9.999000000000000000e+03 -9.999000000000000000e+03 -9.999000000000000000e+03 -9.999000000000000000e+03 -9.999000000000000000e+03 -9.999000000000000000e+03 -9.999000000000000000e+03 -9.999000000000000000e+03 -9.999000000000000000e+03
5.120000000000000000e+02 2.560000000000000000e+02 1.294585449999999946e+04 1.268985449999999946e+04 4.836190999999999804e+03 1.472204099999999926e+04 5.695644000000000233e+03 1.626799899999999980e+03 1.376456500000000005e+03 1.478017000000000053e+03 1.014012799999999970e+03 5.816572999999999638e+02 3.811555500000000052e+02 2.560000000000000000e+02 3.322311000000000149e+03 2.560000000000000000e+02 -9.999000000000000000e+03 -9.999000000000000000e+03 -9.999000000000000000e+03 -9.999000000000000000e+03 -9.999000000000000000e+03 -9.999000000000000000e+03 -9.999000000000000000e+03 -9.999000000000000000e+03 -9.999000000000000000e+03 -9.999000000000000000e+03 -9.999000000000000000e+03 -9.999000000000000000e+03 -9.999000000000000000e+03 -9.999000000000000000e+03 -9.999000000000000000e+03 -9.999000000000000000e+03 -9.999000000000000000e+03 -9.999000000000000000e+03 -9.999000000000000000e+03 -9.999000000000000000e+03 -9.999000000000000000e+03
1.176591899999999987e+04 1.332701000000000022e+04 2.560000000000000000e+02 2.560000000000000000e+02 1.024000000000000000e+03 2.560000000000000000e+02 1.713083799999999974e+04 9.175650000000000546e+02 1.419698399999999992e+03 7.695605500000000347e+02 6.246006499999999733e+02 4.878538199999999847e+02 2.560000000000000000e+02 2.560000000000000000e+02 4.090311000000000149e+03 2.560000000000000000e+02 2.560000000000000000e+02 2.560000000000000000e+02 -9.999000000000000000e+03 -9.999000000000000000e+03 -9.999000000000000000e+03 -9.999000000000000000e+03 -9.999000000000000000e+03 -9.999000000000000000e+03 -9.999000000000000000e+03 -9.999000000000000000e+03 -9.999000000000000000e+03 -9.999000000000000000e+03 -9.999000000000000000e+03 -9.999000000000000000e+03 -9.999000000000000000e+03 -9.999000000000000000e+03 -9.999000000000000000e+03 -9.999000000000000000e+03 -9.999000000000000000e+03 -9.999000000000000000e+03 -9.999000000000000000e+03
2.467579000000000178e+03 7.789985400000000482e+02 5.347555499999999711e+02 2.560000000000000000e+02 2.560000000000000000e+02 2.560000000000000000e+02 2.560000000000000000e+02 1.616117699999999968e+04 6.133396599999999808e+02 4.872813400000000001e+02 5.203830600000000004e+02 4.664889000000000010e+02 2.560000000000000000e+02 2.560000000000000000e+02 2.547671900000000096e+04 2.108831000000000131e+04 2.037227000000000044e+04 1.923600800000000163e+04 9.089324000000000524e+03 2.560000000000000000e+02 -9.999000000000000000e+03 -9.999000000000000000e+03 -9.999000000000000000e+03 -9.999000000000000000e+03 -9.999000000000000000e+03 -9.999000000000000000e+03 -9.999000000000000000e+03 -9.999000000000000000e+03 -9.999000000000000000e+03 -9.999000000000000000e+03 -9.999000000000000000e+03 -9.999000000000000000e+03 -9.999000000000000000e+03 -9.999000000000000000e+03 -9.999000000000000000e+03 -9.999000000000000000e+03 -9.999000000000000000e+03
2.224737500000000182e+03 9.119921000000000504e+02 7.452444500000000289e+02 2.560000000000000000e+02 2.560000000000000000e+02 7.111110999999999649e+02 2.560000000000000000e+02 1.446880999999999949e+04 3.859416800000000194e+02 5.730376599999999598e+02 6.285589999999999691e+02 2.560000000000000000e+02 2.752471900000000096e+04 2.684774199999999837e+04 3.697777699999999754e+02 2.730666800000000194e+02 4.949333199999999806e+02 2.560000000000000000e+02 1.510044100000000071e+04 9.103281000000000859e+03 6.234967999999999847e+03 -9.999000000000000000e+03 -9.999000000000000000e+03 -9.999000000000000000e+03 -9.999000000000000000e+03 -9.999000000000000000e+03 -9.999000000000000000e+03 -9.999000000000000000e+03 -9.999000000000000000e+03 -9.999000000000000000e+03 -9.999000000000000000e+03 -9.999000000000000000e+03 -9.999000000000000000e+03 -9.999000000000000000e+03 -9.999000000000000000e+03 -9.999000000000000000e+03 -9.999000000000000000e+03
8.255856300000000374e+02 9.858211999999999762e+02 5.745777600000000120e+02 2.560000000000000000e+02 2.560000000000000000e+02 1.536000000000000000e+03 2.560000000000000000e+02 2.560000000000000000e+02 1.386117400000000089e+04 2.937961100000000079e+04 2.849752000000000044e+04 2.803671900000000096e+04 2.560000000000000000e+02 2.560000000000000000e+02 3.982222300000000246e+02 2.560000000000000000e+02 2.560000000000000000e+02 2.560000000000000000e+02 8.925753000000000611e+03 2.345850800000000163e+03 4.702164600000000064e+03 4.435772500000000036e+03 -9.999000000000000000e+03 -9.999000000000000000e+03 -9.999000000000000000e+03 -9.999000000000000000e+03 -9.999000000000000000e+03 -9.999000000000000000e+03 -9.999000000000000000e+03 -9.999000000000000000e+03 -9.999000000000000000e+03 -9.999000000000000000e+03 -9.999000000000000000e+03 -9.999000000000000000e+03 -9.999000000000000000e+03 -9.999000000000000000e+03 -9.999000000000000000e+03
2.560000000000000000e+02 5.430992400000000089e+02 2.560000000000000000e+02 3.185778000000000247e+02 2.121955599999999777e+03 2.560000000000000000e+02 7.395555399999999509e+02 2.560000000000000000e+02 1.684217799999999988e+04 2.641723299999999881e+02 3.677550699999999892e+02 2.958222400000000221e+02 2.560000000000000000e+02 3.250251799999999776e+02 4.437333399999999983e+02 2.560000000000000000e+02 2.560000000000000000e+02 5.120000000000000000e+02 5.675984400000000278e+03 5.996897000000000162e+02 1.288836399999999912e+03 1.970445300000000088e+03 3.381887000000000171e+03 -9.999000000000000000e+03 -9.999000000000000000e+03 -9.999000000000000000e+03 -9.999000000000000000e+03 -9.999000000000000000e+03 -9.999000000000000000e+03 -9.999000000000000000e+03 -9.999000000000000000e+03 -9.999000000000000000e+03 -9.999000000000000000e+03 -9.999000000000000000e+03 -9.999000000000000000e+03 -9.999000000000000000e+03 -9.999000000000000000e+03
9.128769999999999527e+02 5.120000000000000000e+02 2.560000000000000000e+02 5.389274000000000342e+02 2.214494900000000143e+03 9.462518300000000409e+02 8.740138999999999214e+03 1.719488899999999921e+04 2.560000000000000000e+02 1.077556599999999889e+03 7.424580700000000206e+02 4.859854399999999828e+02 6.213446699999999510e+02 9.071882000000000517e+02 4.608000000000000114e+02 2.560000000000000000e+02 2.560000000000000000e+02 2.560000000000000000e+02 2.560000000000000000e+02 4.240342300000000250e+03 4.144357399999999870e+03 3.534365699999999833e+03 1.074515599999999949e+03 1.377264400000000023e+03 -9.999000000000000000e+03 -9.999000000000000000e+03 -9.999000000000000000e+03 -9.999000000000000000e+03 -9.999000000000000000e+03 -9.999000000000000000e+03 -9.999000000000000000e+03 -9.999000000000000000e+03 -9.999000000000000000e+03 -9.999000000000000000e+03 -9.999000000000000000e+03 -9.999000000000000000e+03 -9.999000000000000000e+03
9.071882000000000517e+02 4.949333199999999806e+02 2.560000000000000000e+02 7.350466000000000122e+02 3.503363499999999931e+03 1.500488200000000006e+03 1.722879999999999927e+04 4.152888800000000060e+02 2.560000000000000000e+02 2.658774399999999787e+03 1.044733500000000049e+03 1.601838500000000067e+03 1.230502400000000080e+03 4.403199999999999932e+02 7.509333500000000186e+02 5.120000000000000000e+02 2.560000000000000000e+02 2.560000000000000000e+02 1.423653099999999977e+05 5.920738300000000163e+04 6.383543499999999767e+03 5.749590299999999843e+03 4.669476599999999962e+03 1.841660000000000082e+03 2.522844999999999800e+03 -9.999000000000000000e+03 -9.999000000000000000e+03 -9.999000000000000000e+03 -9.999000000000000000e+03 -9.999000000000000000e+03 -9.999000000000000000e+03 -9.999000000000000000e+03 -9.999000000000000000e+03 -9.999000000000000000e+03 -9.999000000000000000e+03 -9.999000000000000000e+03 6.804129399999999805e+03
6.436029700000000275e+02 5.461333600000000388e+02 2.560000000000000000e+02 2.560000000000000000e+02 5.694801000000000386e+03 1.760995500000000175e+04 2.560000000000000000e+02 2.001773599999999988e+03 2.914774399999999787e+03 2.560000000000000000e+02 1.252699499999999944e+03 1.359871200000000044e+03 1.101006499999999960e+03 8.233718000000000075e+02 5.760947999999999638e+02 4.608000000000000114e+02 3.071999999999999886e+02 1.433893099999999977e+05 2.560000000000000000e+02 1.332352300000000105e+05 5.082150999999999840e+03 5.715178700000000390e+03 8.773680000000000291e+03 1.173576599999999962e+04 8.283576999999999316e+03 8.337631999999999607e+03 4.933147500000000036e+03 6.519063000000000102e+03 9.718546000000000276e+03 8.978480999999999767e+03 6.453041000000000167e+03 6.639686999999999898e+03 7.181648000000000138e+03 6.054776399999999740e+03 5.170869999999999891e+03 9.546102000000000771e+03 7.926048999999999978e+03
6.756124499999999898e+03 6.769778000000000020e+02 3.925333299999999781e+02 3.754666700000000219e+02 2.356075600000000122e+04 3.868444499999999948e+02 9.677417000000000371e+02 3.258890400000000227e+03 5.632000000000000455e+02 2.560000000000000000e+02 3.583881300000000010e+03 1.072966100000000097e+03 5.670516000000000076e+02 4.864379299999999944e+02 8.269369000000000369e+02 2.195147699999999895e+05 2.041786199999999953e+05 3.071999999999999886e+02 2.560000000000000000e+02 1.289581900000000023e+05 2.560000000000000000e+02 9.472977000000000771e+03 9.645673000000000684e+03 7.751094699999999648e+03 8.005899000000000342e+03 4.441095000000000255e+03 9.416463999999999942e+03 7.139601599999999962e+03 5.349770999999999731e+03 5.445725599999999758e+03 6.007341300000000047e+03 4.196518600000000333e+03 3.822029300000000148e+03 5.082392600000000130e+03 9.049718000000000757e+03 5.600337999999999738e+03 4.543207000000000335e+03
1.001979000000000087e+04 2.754005900000000111e+03 2.458183799999999792e+03 1.826717000000000098e+03 2.262428700000000026e+04 9.097576999999999998e+02 5.785805699999999661e+02 4.979210399999999936e+03 4.608000000000000114e+02 2.560000000000000000e+02 4.494789999999999964e+03 4.954217800000000125e+02 7.316281999999999925e+02 2.668097200000000271e+02 2.593260199999999895e+05 2.560000000000000000e+02 7.391588999999999942e+04 8.476444999999999936e+02 2.560000000000000000e+02 2.560000000000000000e+02 1.282584499999999971e+05 6.512334399999999732e+04 5.100372000000000116e+04 2.716236999999999898e+04 7.173661000000000058e+03 7.159523400000000038e+03 6.293470999999999549e+03 7.490506999999999607e+03 6.902236299999999574e+03 5.944945999999999913e+03 4.083256600000000162e+03 5.382079600000000028e+03 5.558259299999999712e+03 6.088039999999999964e+03 5.348992699999999786e+03 4.308132300000000214e+03 6.849126500000000306e+03
1.128683400000000074e+04 4.721777599999999779e+02 2.560000000000000000e+02 1.232228600000000006e+04 1.172375900000000001e+04 8.345805699999999661e+02 5.309166000000000167e+03 2.560000000000000000e+02 7.281778000000000475e+02 2.560000000000000000e+02 5.208602499999999964e+03 4.673592499999999745e+02 2.733337199999999721e+05 2.723797999999999884e+05 1.270292599999999948e+04 5.091924199999999837e+04 8.443873399999999674e+04 1.578426199999999953e+05 3.868444499999999948e+02 2.560000000000000000e+02 3.805165000000000146e+04 5.315013300000000163e+04 5.038098399999999674e+04 5.442037000000000262e+04 5.650543400000000111e+04 9.601227999999999156e+03 8.318894699999999602e+02 1.619689200000000028e+03 3.229789999999999964e+03 3.750301500000000033e+03 6.551815400000000409e+03 7.082792499999999563e+03 6.429533000000000357e+03 6.001853500000000167e+03 8.920736999999999171e+03 8.323019000000000233e+03 8.094974000000000160e+03
4.551111000000000217e+02 2.560000000000000000e+02 2.560000000000000000e+02 2.430204499999999825e+04 1.090580600000000004e+03 5.565166000000000167e+03 4.380444299999999771e+02 2.560000000000000000e+02 4.941957800000000279e+05 1.886724700000000012e+05 2.755062800000000279e+05 2.740060000000000000e+05 5.063111000000000104e+02 2.560000000000000000e+02 2.560000000000000000e+02 6.192956999999999971e+04 3.692391999999999825e+04 1.650056600000000035e+05 3.223362800000000279e+05 3.216752199999999721e+05 2.018235699999999997e+04 2.490794700000000012e+04 3.987019499999999971e+04 4.747676999999999680e+04 6.512499599999999919e+04 1.140796300000000047e+05 1.026381399999999994e+05 8.951257000000000698e+04 8.545398399999999674e+04 2.560000000000000000e+02 5.664063300000000163e+04 4.009941699999999855e+03 6.838985399999999572e+03 9.589427999999999884e+03 7.019415500000000065e+03 8.111371600000000399e+03 6.434897500000000036e+03
