testcase_input/parameters/flowacc_p.dat
NCOLS         214
NROWS         263
XLLCORNER     382500.0
YLLCORNER     7541702.0
CELLSIZE      16.0
NODATA_VALUE  -9999
[rows 80 to 95 of 263, columns 74 to 110 of 214]
4.266666599999999789e+02 2.560000000000000000e+02 2.958222400000000221e+02 2.980193000000000211e+03 2.776017800000000079e+03 2.055184600000000046e+03 1.055691199999999981e+03 6.094508700000000090e+02 9.356053000000000566e+02 8.495066000000000486e+02 8.105841699999999719e+02 1.309551600000000008e+03 1.884128300000000081e+03 1.406383700000000090e+03 5.105054299999999898e+02 5.310893600000000561e+02 4.778666699999999992e+02 2.560000000000000000e+02 4.664889000000000010e+02 3.015110999999999990e+02 1.107639400000000023e+04 2.560000000000000000e+02 8.530805000000000291e+02 3.922805000000000177e+02 7.796305999999999585e+02 2.560000000000000000e+02 4.664889000000000010e+02 2.560000000000000000e+02 2.560000000000000000e+02 4.209777799999999957e+02 8.759277999999999884e+04 3.735163300000000163e+04 7.876851600000000326e+04 1.273430999999999949e+04 1.871746500000000015e+04 1.736368799999999828e+04 1.402299099999999999e+04
2.560000000000000000e+02 2.560000000000000000e+02 9.149565000000000055e+02 2.560000000000000000e+02 2.322947500000000218e+03 3.514968299999999999e+03 6.208559999999999945e+02 1.492592900000000100e+03 7.362433499999999640e+02 6.971274399999999787e+02 6.203354500000000371e+02 4.400793499999999767e+02 1.481557000000000016e+03 1.255942600000000084e+03 1.188719399999999951e+03 6.497975500000000011e+02 3.640889000000000237e+02 2.560000000000000000e+02 2.560000000000000000e+02 3.413333400000000211e+02 3.229603299999999990e+02 9.905788000000000466e+03 5.632000000000000455e+02 5.120000000000000000e+02 2.787555500000000279e+02 2.560000000000000000e+02 5.714172999999999547e+02 3.470222200000000043e+02 2.560000000000000000e+02 9.147261999999999534e+04 4.117956000000000131e+03 3.686732199999999921e+03 5.715231399999999667e+03 6.577821000000000640e+04 5.865275000000000000e+04 2.469997899999999936e+04 1.390477900000000045e+04
2.613912799999999814e+06 6.260501000000000204e+04 3.303673600000000079e+03 3.706630099999999857e+03 4.436524400000000242e+03 9.294754000000000360e+02 2.651909000000000106e+03 1.296994099999999889e+03 1.166581699999999955e+03 8.004202000000000226e+02 6.124727000000000317e+02 4.860991999999999962e+02 4.141785600000000045e+02 1.225557000000000016e+03 1.183109099999999899e+03 1.080003899999999931e+03 5.518221999999999525e+02 2.560000000000000000e+02 2.560000000000000000e+02 6.026429399999999532e+02 2.272690000000000055e+03 8.227818999999999505e+03 2.560000000000000000e+02 2.560000000000000000e+02 2.560000000000000000e+02 2.560000000000000000e+02 1.157119999999999891e+03 4.209777799999999957e+02 2.560000000000000000e+02 1.158870549999999930e+05 1.501979299999999967e+04 8.952236999999999171e+03 7.079414999999999964e+03 9.448670000000000073e+03 3.702880999999999858e+03 3.397168800000000192e+04 3.052958599999999933e+04
2.560000000000000000e+02 2.606139200000000186e+06 2.560000000000000000e+02 1.367049800000000005e+03 2.560000000000000000e+02 3.912009300000000167e+03 4.329484999999999673e+03 1.156487000000000080e+03 1.949328999999999951e+03 1.741397200000000112e+03 1.594512699999999995e+03 1.720944999999999936e+03 1.648063100000000077e+03 8.897544000000000324e+02 9.333288999999999760e+02 7.428424700000000485e+02 6.542222000000000435e+02 2.560000000000000000e+02 2.730666800000000194e+02 8.764681399999999485e+02 2.720426800000000185e+03 2.560000000000000000e+02 3.076930400000000191e+03 2.560000000000000000e+02 2.560000000000000000e+02 2.844444599999999923e+02 2.343190200000000004e+03 2.560000000000000000e+02 1.279136799999999930e+05 8.863269000000000233e+03 1.088410200000000077e+04 1.475787399999999980e+04 1.230137299999999959e+04 1.228214600000000064e+04 1.060692699999999968e+04 7.755482399999999870e+03 1.596239999999999964e+04
1.140445899999999938e+03 2.560000000000000000e+02 2.604304799999999814e+06 2.601224799999999814e+06 2.560000000000000000e+02 9.425054999999999836e+02 3.432527300000000196e+03 3.713368699999999990e+03 1.997375399999999900e+03 1.622643199999999979e+03 1.529325199999999995e+03 1.113616199999999935e+03 1.124163500000000113e+03 9.587717999999999847e+02 6.792842399999999543e+02 4.657303800000000251e+02 4.494221999999999753e+02 2.560000000000000000e+02 2.560000000000000000e+02 5.120000000000000000e+02 2.236871000000000095e+03 5.055525799999999776e+02 2.560000000000000000e+02 1.547377799999999979e+03 2.560000000000000000e+02 2.560000000000000000e+02 1.343434400000000023e+05 1.317379200000000128e+05 8.451104499999999462e+03 1.084646199999999953e+04 1.486677599999999984e+04 1.017261599999999999e+04 1.186841699999999946e+04 1.185595299999999952e+04 1.164719599999999991e+04 1.258896500000000015e+04 1.406152900000000045e+04
1.530771899999999960e+03 1.010217399999999998e+03 8.246838400000000320e+02 2.560000000000000000e+02 2.599947799999999814e+06 3.956466800000000148e+03 1.431667200000000093e+03 3.527001499999999851e+03 1.146144199999999955e+03 1.830182999999999993e+03 1.388624600000000100e+03 1.240774699999999939e+03 6.019978599999999460e+02 9.158768000000000029e+02 6.366358000000000175e+02 5.037826999999999771e+02 3.185778000000000247e+02 2.560000000000000000e+02 2.560000000000000000e+02 3.413333400000000211e+02 1.887194099999999935e+03 2.673777799999999729e+02 2.560000000000000000e+02 2.560000000000000000e+02 2.673777799999999729e+02 1.350716099999999860e+05 2.560000000000000000e+02 5.138860399999999572e+03 2.011603700000000026e+04 1.426268900000000031e+04 1.252796600000000035e+04 1.740110499999999956e+04 1.368330700000000070e+04 1.189332099999999991e+04 1.358311700000000019e+04 1.328684300000000076e+04 1.681768000000000029e+04
1.055099200000000110e+03 7.677471299999999701e+02 6.916424600000000282e+02 5.821629599999999982e+02 2.593853799999999814e+06 9.448490600000000086e+02 3.527111199999999940e+02 2.560000000000000000e+02 2.328616500000000087e+03 1.265213999999999942e+03 1.282383499999999913e+03 9.205282999999999447e+02 6.403282000000000380e+02 6.917907000000000153e+02 7.844233400000000529e+02 7.430953399999999647e+02 5.063111000000000104e+02 2.560000000000000000e+02 2.560000000000000000e+02 4.892444499999999721e+02 7.672414599999999609e+02 5.006222200000000271e+02 2.560000000000000000e+02 2.560000000000000000e+02 7.680000000000000000e+02 1.356006700000000128e+05 2.560000000000000000e+02 2.949845999999999913e+04 3.987565000000000055e+03 9.328912000000000262e+03 1.090079500000000007e+04 7.600652299999999741e+03 1.142344599999999991e+04 1.143448400000000038e+04 1.491724200000000019e+04 1.798715199999999822e+04 1.748071700000000055e+04
8.760888700000000426e+02 4.039110999999999763e+02 4.266666599999999789e+02 3.413333400000000211e+02 3.834311200000000213e+02 2.592611200000000186e+06 1.567390799999999945e+04 1.513346399999999994e+04 1.131564700000000084e+04 1.249780199999999923e+03 1.341281899999999951e+03 1.075329799999999977e+03 8.321156600000000481e+02 1.007449100000000044e+03 1.252415199999999913e+03 8.580108599999999797e+02 5.120000000000000000e+02 2.560000000000000000e+02 2.560000000000000000e+02 4.494221999999999753e+02 5.855762999999999465e+02 9.129781500000000278e+02 2.560000000000000000e+02 2.560000000000000000e+02 2.560000000000000000e+02 1.368920599999999977e+05 2.560000000000000000e+02 4.758863700000000244e+04 1.303308200000000033e+04 1.115450300000000061e+04 9.909269000000000233e+03 1.521049799999999959e+04 1.707095300000000134e+04 2.014425200000000041e+04 1.830035199999999895e+04 1.650240799999999945e+04 1.884977999999999884e+04
2.560000000000000000e+02 2.560000000000000000e+02 2.560000000000000000e+02 4.096000000000000227e+02 6.576355600000000550e+02 2.576438799999999814e+06 3.868444499999999948e+02 2.560000000000000000e+02 1.144869399999999951e+04 2.133600300000000061e+03 1.272273999999999887e+03 2.575311799999999948e+03 2.546817000000000007e+03 1.837919599999999946e+03 1.080953500000000076e+03 8.217283999999999651e+02 4.494221999999999753e+02 2.560000000000000000e+02 2.560000000000000000e+02 2.560000000000000000e+02 3.868444499999999948e+02 1.484420800000000099e+03 2.560000000000000000e+02 2.560000000000000000e+02 2.560000000000000000e+02 2.560000000000000000e+02 1.901626199999999953e+05 6.478832500000000437e+03 8.309583000000000538e+03 7.301606999999999971e+03 7.426510299999999916e+03 7.784832500000000437e+03 9.964630999999999403e+03 1.203961299999999937e+04 1.455298799999999937e+04 1.852366600000000108e+04 1.639374799999999959e+04
2.560000000000000000e+02 2.560000000000000000e+02 2.560000000000000000e+02 3.583999999999999773e+02 9.386666999999999916e+02 2.575000200000000186e+06 3.674454700000000003e+02 6.268808000000000220e+02 7.947445999999999913e+02 1.081338800000000083e+04 4.482709499999999935e+03 2.290438999999999851e+03 2.130152999999999793e+03 1.832601300000000037e+03 1.468140599999999949e+03 8.425876500000000533e+02 6.542222000000000435e+02 2.560000000000000000e+02 4.209777799999999957e+02 3.470222200000000043e+02 5.676246999999999616e+02 2.089086400000000140e+03 2.560000000000000000e+02 2.560000000000000000e+02 7.680000000000000000e+02 2.560000000000000000e+02 2.216781000000000058e+05 1.607048199999999997e+04 1.526817499999999927e+04 1.187277499999999964e+04 1.240435599999999977e+04 1.127967200000000048e+04 1.003289700000000084e+04 9.748846999999999753e+03 1.040236800000000039e+04 8.425029000000000451e+03 1.452079999999999927e+04
7.274192500000000337e+02 2.730666800000000194e+02 2.560000000000000000e+02 5.120000000000000000e+02 3.242666600000000017e+02 4.289422299999999950e+02 2.573097500000000000e+06 1.087855700000000070e+03 2.560000000000000000e+02 4.040584699999999884e+03 3.180708299999999781e+03 2.432507000000000062e+03 1.838672600000000102e+03 1.209619799999999941e+03 8.134548999999999523e+02 7.022617000000000189e+02 4.380444299999999771e+02 2.560000000000000000e+02 2.560000000000000000e+02 6.883555000000000064e+02 1.671873199999999997e+03 2.138671100000000024e+03 3.470222200000000043e+02 3.697777699999999754e+02 4.323555600000000254e+02 2.255483299999999872e+05 1.863472299999999905e+03 1.362407999999999993e+04 1.333902399999999943e+04 1.378488500000000022e+04 8.564894000000000233e+03 8.395078999999999724e+03 6.369263700000000426e+03 8.091083999999999833e+03 9.654569999999999709e+03 1.103428700000000026e+04 8.576699000000000524e+03
2.588444300000000112e+03 6.428443999999999505e+02 2.560000000000000000e+02 2.560000000000000000e+02 3.470222200000000043e+02 2.566147799999999814e+06 3.888453599999999824e+03 1.639089099999999917e+03 7.599598399999999856e+02 8.099355000000000473e+02 3.561013699999999972e+03 2.676961699999999837e+03 1.315454799999999977e+03 5.791766400000000203e+02 5.594074000000000524e+02 4.551111000000000217e+02 2.560000000000000000e+02 2.560000000000000000e+02 5.120000000000000000e+02 8.647110999999999876e+02 1.803463600000000042e+03 2.705651100000000042e+03 1.335902499999999918e+03 5.299515999999999849e+02 2.262174700000000012e+05 1.368685599999999977e+04 8.560113999999999578e+03 6.028020999999999731e+03 6.728945300000000316e+03 9.414966000000000349e+03 1.526494199999999910e+04 1.549737399999999980e+04 1.774664600000000064e+04 1.273245600000000013e+04 8.726505999999999403e+03 9.805231999999999971e+03 1.259012600000000020e+04
3.868444499999999948e+02 3.811555500000000052e+02 2.560000000000000000e+02 2.560000000000000000e+02 6.542222000000000435e+02 2.565341799999999814e+06 9.130954999999999927e+03 4.108323999999999614e+03 1.660974099999999908e+03 5.828020599999999831e+02 6.684587400000000343e+02 1.648826299999999947e+03 1.409092200000000048e+03 1.245649200000000064e+03 5.577640000000000100e+02 4.380444299999999771e+02 2.560000000000000000e+02 2.560000000000000000e+02 4.664889000000000010e+02 6.630715999999999894e+02 1.337942399999999907e+03 5.893618000000000393e+03 7.309875500000000557e+02 2.560000000000000000e+02 2.855229000000000233e+05 1.418138400000000001e+04 9.747072000000000116e+03 1.165069499999999971e+04 6.998346999999999753e+03 7.650298999999999978e+03 1.330973799999999937e+04 1.225635599999999977e+04 1.148928600000000006e+04 1.338240799999999945e+04 1.517002100000000064e+04 1.450263199999999961e+04 1.314052050000000054e+04
3.811555500000000052e+02 2.560000000000000000e+02 2.560000000000000000e+02 3.299555700000000229e+02 5.867140500000000429e+02 2.554699799999999814e+06 2.958222400000000221e+02 7.961994599999999991e+03 1.026855500000000029e+04 1.290490999999999985e+03 7.794385999999999513e+02 5.180954000000000406e+02 1.310476899999999887e+03 1.367012699999999995e+03 1.052242199999999912e+03 5.575111000000000558e+02 2.560000000000000000e+02 2.560000000000000000e+02 3.015110999999999990e+02 6.375348000000000184e+02 4.469865399999999909e+02 7.219971999999999753e+03 7.108367299999999886e+02 2.877935599999999977e+05 1.853136500000000069e+03 3.207688999999999942e+04 4.013162999999999738e+04 3.878870300000000134e+04 4.325869499999999971e+04 4.329545300000000134e+04 1.199438199999999961e+04 5.490445300000000316e+03 4.310927999999999884e+03 5.336729999999999563e+03 5.017404000000000451e+03 5.862684599999999591e+03 5.946438500000000204e+03
4.380444299999999771e+02 2.560000000000000000e+02 2.560000000000000000e+02 5.916444999999999936e+02 2.553680500000000000e+06 4.494221999999999753e+02 3.413333400000000211e+02 2.560000000000000000e+02 2.560000000000000000e+02 9.169993000000000393e+03 1.694294799999999896e+03 1.156412700000000086e+03 9.004126999999999725e+02 6.553645000000000209e+02 6.658022499999999582e+02 5.122528700000000299e+02 6.030221999999999980e+02 2.560000000000000000e+02 2.560000000000000000e+02 4.117491499999999860e+02 1.255009900000000016e+03 8.190050000000000182e+03 4.613528000000000020e+02 2.972707800000000279e+05 4.621573999999999614e+03 3.858679399999999987e+03 4.216545399999999972e+03 3.513582300000000032e+03 2.146218800000000101e+03 8.140934999999999491e+02 2.498490399999999863e+04 2.134700400000000081e+04 1.520913600000000042e+04 1.194539700000000084e+04 1.120612500000000000e+04 5.088243699999999990e+03 3.889876499999999851e+03
5.233777999999999793e+02 2.560000000000000000e+02 2.560000000000000000e+02 4.664889000000000010e+02 2.552772799999999814e+06 1.704138300000000072e+03 6.542222000000000435e+02 2.560000000000000000e+02 2.560000000000000000e+02 7.093863000000000284e+03 1.509431800000000067e+03 1.363411100000000033e+03 1.510106099999999969e+03 1.447045399999999972e+03 1.330947100000000091e+03 1.074947100000000091e+03 4.437333399999999983e+02 2.560000000000000000e+02 2.560000000000000000e+02 5.290666499999999814e+02 2.091192399999999907e+03 3.714021000000000186e+03 3.109546599999999744e+05 3.773708700000000135e+03 5.143379399999999805e+03 3.052761500000000069e+03 2.096882300000000214e+03 3.665057400000000143e+03 3.114501000000000204e+03 2.298914600000000064e+03 1.477306399999999940e+03 1.028120399999999972e+04 7.343300299999999879e+03 8.867055000000000291e+03 8.056369999999999891e+03 9.135867000000000189e+03 5.815708999999999833e+03
