testcase_input/parameters/flowacc.dat
ncols         214
nrows         263
xllcorner     382500
yllcorner     7541702
cellsize      16
NODATA_value  -9999
[rows 144 to 159 of 263, columns 111 to 147 of 214]
8.822869000000000028e+01 8.273193999999999448e+01 4.346026599999999718e+01 2.746026600000000073e+01 1.910044500000000056e+01 2.325333399999999884e+01 3.034549099999999910e+01 6.954707000000000505e+01 5.045623799999999903e+01 1.247961350000000067e+02 5.540288000000000324e+01 4.738865299999999792e+01 7.555274000000000001e+01 1.042578199999999953e+02 1.278821259999999995e+02 3.997681600000000230e+02 3.930116699999999952e+01 1.194146700000000010e+02 4.404319399999999973e+01 5.729147999999999996e+01 1.510061000000000035e+02 1.959960299999999904e+02 3.861107599999999707e+01 9.245874000000000592e+01 3.477065300000000292e+01 8.822314000000000078e+01 4.167694500000000346e+01 1.600000000000000000e+01 1.812299700000000030e+03 1.726991899999999873e+02 5.640071499999999816e+01 8.921215999999999724e+01 4.344013199999999841e+01 2.916644099999999895e+01 3.485234499999999969e+01 2.986666699999999963e+01 1.600000000000000000e+01
7.365886999999999318e+01 3.192004000000000019e+01 2.388006000000000029e+01 2.364017899999999983e+01 3.615288999999999930e+01 4.634548999999999808e+01 8.400158000000000413e+01 5.187999299999999891e+01 1.407961300000000051e+02 7.765430000000000632e+01 5.601708200000000204e+01 2.337156900000000093e+01 1.170379899999999935e+02 2.112873999999999910e+02 3.827167699999999968e+02 4.569421400000000233e+01 1.158313700000000068e+02 8.727597000000000094e+01 4.596664400000000228e+01 1.258188999999999993e+02 2.127780600000000106e+02 1.242985500000000059e+02 9.613091000000000008e+01 4.919022400000000061e+01 1.024472899999999953e+02 3.168411299999999997e+01 5.767694500000000346e+01 1.600000000000000000e+01 1.868155799999999999e+03 1.042531699999999972e+02 2.416482399999999870e+02 8.036377000000000237e+01 5.087504599999999755e+01 3.768590499999999821e+01 4.122073999999999927e+01 2.951110999999999862e+01 1.600000000000000000e+01
1.600000000000000000e+01 2.819470199999999949e+01 3.176011799999999852e+01 5.215288999999999930e+01 6.234548999999999808e+01 9.440147399999999323e+01 7.348009500000000571e+01 1.859330300000000022e+02 9.365430000000000632e+01 6.330331400000000031e+01 1.755810500000000118e+01 3.781346500000000077e+01 1.018278600000000012e+02 4.456035200000000032e+02 2.481661699999999939e+02 1.281000500000000102e+02 9.675146499999999605e+01 1.071115000000000066e+02 1.204725799999999936e+02 1.991334500000000105e+02 1.564025000000000034e+02 1.437668899999999894e+02 5.962466400000000277e+01 8.275320399999999665e+01 7.631804999999999950e+01 3.289819299999999913e+01 6.470498000000000616e+01 1.909127700000000004e+03 1.738835599999999886e+02 3.247393200000000206e+02 1.517660799999999881e+02 1.321044300000000078e+02 9.181086999999999421e+01 7.068185400000000129e+01 6.619865000000000066e+01 2.808888800000000074e+01 -9.999000000000000000e+03
4.294160500000000269e+01 4.477853400000000050e+01 5.540440399999999954e+01 1.001459399999999960e+02 1.357795600000000036e+02 8.784720599999999990e+01 2.089337500000000034e+02 8.051740999999999815e+01 7.367634999999999934e+01 3.879488800000000026e+01 2.983496699999999890e+01 4.036867500000000319e+01 7.483387000000000455e+01 5.321715000000000373e+02 3.390722000000000094e+02 1.319213699999999960e+02 1.295615999999999985e+02 1.097008900000000011e+02 1.664563899999999990e+02 1.932746699999999862e+02 1.332598399999999970e+02 1.166866760000000056e+02 1.083252099999999984e+02 8.412426999999999566e+01 2.787169600000000003e+01 3.720105699999999871e+01 6.076856599999999986e+01 2.384043700000000172e+03 3.563421299999999974e+02 1.161623400000000004e+02 9.990858000000000061e+01 1.110554699999999997e+02 1.125656900000000036e+02 1.155344400000000036e+02 5.687308500000000322e+01 2.339555500000000166e+01 -9.999000000000000000e+03
9.504336999999999591e+01 6.453996999999999673e+01 1.366733000000000118e+02 1.601651799999999923e+02 7.846912399999999366e+01 2.156477999999999895e+02 1.004355240000000009e+02 7.821559000000000594e+01 5.677245700000000284e+01 4.139517599999999931e+01 4.786462000000000216e+01 3.842704400000000220e+01 5.258545000000000158e+01 6.014897999999999456e+02 4.543342000000000098e+02 1.401179500000000075e+02 1.341072800000000029e+02 2.156853600000000029e+02 2.092746699999999862e+02 1.196465450000000033e+02 1.182183459999999968e+02 1.635923899999999946e+02 1.178949000000000069e+02 3.643924299999999761e+01 2.343245299999999887e+01 3.170711299999999966e+01 2.111454999999999927e+03 5.094861000000000217e+02 6.816324600000000089e+01 5.629265000000000185e+01 3.655967700000000065e+01 4.022545199999999710e+01 4.542271999999999821e+01 1.817031700000000072e+01 3.255475599999999758e+01 1.816985499999999831e+01 -9.999000000000000000e+03
6.755346000000000117e+01 1.405245500000000050e+02 1.776362300000000118e+02 7.703154000000000678e+01 1.885182299999999884e+02 1.595650799999999947e+02 8.378683999999999799e+01 5.292255800000000221e+01 8.767382000000000630e+01 4.684608999999999668e+01 5.522082000000000335e+01 3.222475000000000023e+01 5.105696499999999816e+01 7.662703999999999951e+02 4.293802999999999770e+02 2.450219600000000071e+02 2.029273200000000088e+02 2.685885599999999727e+02 1.356465499999999906e+02 1.210829700000000031e+02 5.458307599999999837e+01 2.843231999999999857e+02 3.948306699999999836e+01 1.600000000000000000e+01 4.929688600000000065e+01 3.784267799999999937e+01 2.376536999999999807e+03 4.172024799999999800e+02 1.093344100000000054e+02 5.364820999999999884e+01 3.566577499999999645e+01 5.026487699999999847e+01 4.900352999999999781e+01 5.617060500000000189e+01 1.761509900000000073e+01 -9.999000000000000000e+03 -9.999000000000000000e+03
1.577849600000000123e+02 1.209323299999999932e+02 1.719809700000000134e+02 1.877610599999999863e+02 1.923222700000000032e+02 9.420104999999999507e+01 5.686749600000000271e+01 8.624514999999999532e+01 9.166947000000000401e+01 7.746696500000000185e+01 2.530937199999999976e+01 3.891537999999999897e+01 6.251856999999999687e+01 1.120771199999999908e+03 2.802107500000000186e+02 4.045265800000000240e+02 2.896222000000000207e+02 2.042271700000000010e+02 1.182478399999999965e+02 9.834111000000000047e+01 1.785556599999999889e+02 1.916702699999999879e+02 2.631111100000000036e+01 3.921667000000000058e+01 8.561178599999999506e+01 1.600000000000000000e+01 3.039815999999999804e+03 1.696341199999999958e+02 4.464623999999999882e+01 3.580780000000000030e+01 8.312237500000000523e+01 6.896247999999999934e+01 6.965407999999999333e+01 3.974992000000000303e+01 2.311111000000000004e+01 -9.999000000000000000e+03 -9.999000000000000000e+03
1.404386599999999987e+02 1.344757799999999861e+02 2.322314499999999953e+02 1.692496500000000026e+02 1.554682599999999866e+02 8.538909999999999911e+01 9.131472999999999729e+01 1.228813999999999993e+02 9.550406999999999869e+01 4.130937200000000331e+01 1.600000000000000000e+01 9.103722000000000492e+01 2.167389200000000073e+02 1.242639799999999923e+03 4.205265800000000240e+02 1.790608499999999879e+02 1.793817400000000077e+02 2.188659700000000043e+02 2.421809800000000052e+02 2.130664700000000096e+02 2.157206099999999935e+02 4.528316000000000230e+01 3.517259599999999864e+01 4.365400999999999954e+01 3.165817599999999857e+03 3.055815999999999804e+03 1.498362999999999943e+02 1.942785000000000082e+02 2.434772800000000075e+02 1.577509900000000016e+02 1.155061950000000053e+02 9.274151000000000522e+01 5.167281700000000200e+01 3.350123599999999868e+01 1.600000000000000000e+01 -9.999000000000000000e+03 -9.999000000000000000e+03
1.205922800000000024e+02 2.626328700000000254e+02 2.123803100000000086e+02 1.522704300000000046e+02 1.336998399999999947e+02 9.068595999999999435e+01 1.420878899999999874e+02 1.136404500000000013e+02 6.510800999999999306e+01 4.082430599999999998e+01 3.860909699999999845e+01 1.907449300000000108e+02 1.148503799999999956e+03 6.762294000000000551e+02 2.113766500000000121e+02 2.715858200000000124e+02 3.445047000000000139e+02 1.973497500000000002e+02 2.211412400000000105e+02 2.158463600000000042e+02 5.323282199999999875e+01 5.362418999999999869e+01 5.965400999999999954e+01 3.181817599999999857e+03 1.600000000000000000e+01 2.350848000000000013e+02 1.198531600000000026e+02 8.348502000000000578e+01 6.695383499999999799e+01 1.206801200000000023e+02 9.232622000000000639e+01 5.809861000000000075e+01 5.032998700000000269e+01 2.524444400000000144e+01 1.600000000000000000e+01 -9.999000000000000000e+03 -9.999000000000000000e+03
2.932819499999999948e+02 2.734524499999999989e+02 1.378163499999999999e+02 1.378154100000000142e+02 9.841795000000000471e+01 1.588447400000000016e+02 1.353299399999999935e+02 9.226134500000000571e+01 7.595956400000000031e+01 4.860323700000000002e+01 1.491691399999999987e+02 6.410724000000000160e+02 1.307054100000000062e+03 2.085876199999999869e+02 2.513743900000000053e+02 5.354832999999999856e+02 3.152321000000000026e+02 2.504854899999999986e+02 1.119317199999999985e+02 4.675674000000000063e+01 6.962418999999999869e+01 5.444369999999999976e+01 2.281211900000000128e+02 3.349714599999999791e+03 4.606121200000000044e+02 2.357182599999999866e+02 2.454874700000000018e+02 2.291414499999999919e+02 6.828181999999999618e+01 6.535227000000000430e+01 5.185046400000000233e+01 9.830003999999999564e+01 5.813728299999999649e+01 3.733333199999999863e+01 1.600000000000000000e+01 -9.999000000000000000e+03 -9.999000000000000000e+03
2.822107500000000186e+02 2.327179299999999955e+02 1.446277200000000107e+02 1.126703200000000038e+02 1.857800799999999981e+02 1.423079400000000021e+02 1.235701449999999966e+02 1.379543199999999956e+02 1.054693759999999969e+02 1.452799200000000042e+02 5.772391999999999825e+02 1.335639499999999998e+03 2.839128699999999981e+02 2.673743999999999801e+02 5.962314000000000078e+02 8.054657000000000266e+01 1.275796899999999994e+02 2.334062299999999937e+02 2.707488700000000108e+02 1.417246699999999919e+03 4.284895999999999731e+03 3.392979699999999866e+03 3.521503700000000208e+03 1.643481400000000008e+02 8.468069500000000005e+01 1.738218099999999993e+02 6.698866999999999905e+01 7.170282000000000266e+01 2.278751800000000003e+02 1.988047200000000032e+02 1.445362700000000018e+02 7.015322000000000457e+01 4.349225599999999758e+01 4.327506300000000294e+01 -9.999000000000000000e+03 -9.999000000000000000e+03 -9.999000000000000000e+03
3.280080300000000193e+02 1.696811800000000119e+02 1.309002199999999903e+02 2.796216699999999946e+02 1.759389199999999960e+02 1.519035299999999893e+02 1.387505999999999915e+02 9.383776000000000295e+01 1.831855999999999938e+02 4.521363000000000056e+02 1.166252799999999979e+03 6.200932999999999993e+02 2.806897299999999973e+02 6.647749000000000024e+02 5.179847699999999833e+01 1.350743699999999876e+02 1.788846599999999967e+02 9.421634000000000242e+01 4.598067399999999907e+03 3.374552200000000084e+03 4.024681400000000053e+02 1.174003200000000106e+03 8.250774000000000115e+02 7.015230000000000246e+02 1.674643900000000087e+02 2.322963000000000022e+01 2.168888899999999964e+01 1.600000000000000000e+01 1.600000000000000000e+01 1.256051099999999963e+02 1.063931900000000041e+02 1.696649599999999936e+01 -9.999000000000000000e+03 -9.999000000000000000e+03 -9.999000000000000000e+03 -9.999000000000000000e+03 -9.999000000000000000e+03
6.501900999999999442e+01 7.999566000000000088e+01 2.739148299999999949e+02 1.752307299999999941e+02 1.699247900000000016e+02 1.746426999999999907e+02 1.035819099999999935e+02 1.869732199999999978e+02 3.978039999999999736e+02 7.935018300000000409e+02 1.024844200000000001e+03 4.015366799999999898e+02 6.740160499999999502e+02 9.015689999999999316e+01 1.150545400000000029e+02 1.902840300000000070e+03 1.979923999999999978e+03 4.679503399999999601e+03 4.916209400000000329e+01 4.389100599999999730e+01 1.600000000000000000e+01 2.808888800000000074e+01 2.346666700000000105e+01 2.773333399999999926e+01 4.691320000000000050e+02 4.212346999999999753e+02 4.479999999999999716e+01 3.200000000000000000e+01 1.497196800000000110e+02 2.808888800000000074e+01 1.600000000000000000e+01 4.224748600000000209e+01 -9.999000000000000000e+03 -9.999000000000000000e+03 -9.999000000000000000e+03 -9.999000000000000000e+03 -9.999000000000000000e+03
7.644116999999999962e+01 3.889063400000000001e+02 3.178894300000000044e+02 2.186295200000000136e+02 2.573737199999999916e+02 1.762603100000000040e+02 1.905083500000000072e+02 3.643882399999999961e+02 5.539817500000000337e+02 1.434980099999999993e+03 6.906155999999999722e+02 5.851690999999999576e+02 1.283346400000000074e+02 7.991919000000000040e+01 2.992173999999999978e+03 2.415001000000000204e+03 2.851380999999999858e+03 3.459898799999999852e+01 3.487310000000000088e+01 3.145516599999999841e+01 3.161283900000000102e+01 2.702222300000000033e+01 1.600000000000000000e+01 1.600000000000000000e+01 1.600000000000000000e+01 1.600000000000000000e+01 3.604347200000000271e+02 1.657196800000000110e+02 3.597431999999999874e+01 1.991111199999999926e+01 1.600000000000000000e+01 1.600000000000000000e+01 -9.999000000000000000e+03 -9.999000000000000000e+03 -9.999000000000000000e+03 -9.999000000000000000e+03 -9.999000000000000000e+03
1.107034200000000055e+04 6.629788599999999860e+03 7.233884299999999712e+03 5.555133300000000418e+03 2.163551800000000185e+03 2.100217799999999897e+03 3.568703899999999976e+03 5.001106399999999667e+03 4.072701000000000022e+03 9.142254000000000360e+02 3.280901999999999816e+02 2.748492000000000189e+03 4.507195300000000316e+03 5.124770499999999629e+03 2.116596399999999903e+03 7.942281500000000278e+02 4.018459699999999657e+01 3.107664000000000115e+01 6.784487000000000023e+01 4.649542999999999893e+01 4.732049599999999856e+01 2.488888999999999996e+01 1.600000000000000000e+01 2.951110999999999862e+01 1.600000000000000000e+01 1.612592799999999897e+02 1.452592799999999897e+02 2.859298699999999940e+02 2.465583799999999997e+02 6.232493999999999801e+01 4.337777700000000181e+01 1.600000000000000000e+01 -9.999000000000000000e+03 -9.999000000000000000e+03 -9.999000000000000000e+03 -9.999000000000000000e+03 -9.999000000000000000e+03
8.481539999999999964e+02 4.779055699999999888e+03 3.832759500000000116e+03 5.301600000000000364e+03 8.420614999999999782e+03 4.531756000000000313e+03 2.866086400000000140e+03 1.176363599999999906e+03 1.582314000000000078e+03 3.064527300000000196e+03 4.361780300000000352e+03 2.567070600000000013e+03 7.290367400000000089e+02 3.935385999999999740e+01 8.084028000000000702e+01 5.538983999999999952e+01 3.338817000000000235e+01 8.046742999999999313e+01 4.387198300000000017e+01 5.159839600000000104e+01 3.520000000000000284e+01 1.600000000000000000e+01 9.701103000000000520e+01 2.106814999999999998e+02 1.921926100000000019e+02 1.600000000000000000e+01 1.600000000000000000e+01 1.600000000000000000e+01 1.600000000000000000e+01 1.126953050000000047e+02 3.662222299999999819e+01 1.600000000000000000e+01 -9.999000000000000000e+03 -9.999000000000000000e+03 -9.999000000000000000e+03 -9.999000000000000000e+03 -9.999000000000000000e+03
