testcase_input/parameters/flowacc_p.dat
NCOLS         214
NROWS         263
XLLCORNER     382500.0
YLLCORNER     7541702.0
CELLSIZE      16.0
NODATA_VALUE  -9999
[rows 64 to 79 of 263, columns 111 to 147 of 214]
3.075314699999999903e+03 3.728723899999999958e+03 6.494588999999999942e+03 9.227885000000000218e+03 4.918478000000000065e+03 6.057381300000000010e+03 7.080750500000000102e+03 5.555238999999999578e+03 7.948858000000000175e+03 3.962929000000000087e+03 4.964268600000000333e+03 4.125898000000000138e+03 3.784984899999999925e+03 4.134892600000000130e+03 4.351107399999999870e+03 3.324718800000000101e+03 3.368106000000000222e+03 3.514687300000000050e+03 3.449507799999999861e+03 3.137041499999999814e+03 2.425132799999999861e+03 1.820070899999999938e+03 1.418551099999999906e+03 1.102846999999999980e+03 1.001617200000000025e+03 1.019014000000000010e+03 1.100677699999999959e+03 4.350103799999999978e+02 5.461333600000000388e+02 2.560000000000000000e+02 2.856819800000000214e+03 1.632277000000000044e+03 1.821543100000000095e+03 1.853932600000000093e+03 6.227201499999999896e+02 -9.999000000000000000e+03 -9.999000000000000000e+03
6.285649999999999636e+03 9.767031000000000859e+03 7.102244599999999991e+03 4.518201699999999619e+03 5.620090299999999843e+03 6.804286600000000362e+03 5.972121000000000095e+03 6.447985999999999876e+03 3.542366500000000087e+03 3.606987500000000182e+03 3.050363800000000083e+03 3.992167500000000018e+03 3.821080300000000079e+03 3.652343499999999949e+03 2.187978799999999865e+03 2.997898200000000088e+03 2.498022500000000036e+03 2.280082499999999982e+03 1.069765100000000075e+03 8.931567999999999756e+02 8.688501999999999725e+02 1.030327500000000100e+03 1.665002700000000004e+03 1.437333300000000008e+03 1.312664199999999937e+03 1.596045499999999947e+03 1.216332200000000057e+03 1.043215799999999945e+03 4.380444299999999771e+02 2.560000000000000000e+02 8.339734000000000378e+03 5.026576699999999619e+03 4.634261700000000019e+03 4.378261700000000019e+03 5.152827000000000226e+03 4.782875000000000000e+03 3.513296600000000126e+03
1.038568300000000090e+04 4.486509000000000015e+03 6.495819999999999709e+03 5.529262700000000223e+03 6.024390999999999622e+03 4.620750000000000000e+03 3.271989300000000185e+03 2.083702999999999975e+03 2.570207300000000032e+03 2.314207300000000032e+03 3.307833000000000084e+03 2.594218299999999999e+03 3.188479499999999916e+03 2.477262200000000121e+03 2.172640400000000227e+03 2.005786599999999908e+03 1.694274899999999889e+03 1.022476800000000026e+03 9.400848399999999856e+02 7.160838999999999714e+02 7.139233400000000529e+02 2.470575400000000172e+03 2.090305199999999786e+03 1.760880699999999933e+03 1.645346700000000055e+03 1.331801300000000083e+03 6.835122699999999440e+02 5.147812500000000000e+02 2.901333300000000008e+02 8.817601000000000568e+03 3.321516000000000076e+03 3.368398700000000190e+03 2.773630400000000009e+03 2.517630400000000009e+03 1.597799999999999955e+03 1.281959599999999909e+03 2.429904300000000148e+03
2.106383399999999892e+04 2.080783399999999892e+04 1.549345299999999952e+04 6.482077000000000226e+03 5.067751500000000306e+03 2.911094500000000153e+03 2.397408199999999852e+03 2.343862000000000080e+03 1.952938699999999926e+03 2.386320000000000164e+03 2.130320000000000164e+03 2.908427700000000186e+03 2.134144499999999880e+03 1.759273100000000113e+03 1.691182299999999941e+03 1.408642499999999927e+03 1.440803100000000086e+03 1.295427100000000110e+03 7.639325999999999794e+02 5.098394200000000183e+02 2.561870399999999790e+03 2.895776400000000194e+03 1.728190100000000029e+03 1.409936999999999898e+03 1.878689200000000028e+03 9.404267999999999574e+02 9.596607699999999568e+02 4.236326000000000249e+02 6.918187500000000000e+03 5.847465299999999843e+03 3.135400999999999840e+03 1.567970600000000104e+03 1.341788099999999986e+03 1.085788099999999986e+03 1.493618500000000040e+03 1.117236900000000105e+03 1.076546100000000024e+03
3.013633800000000065e+03 2.954607399999999870e+03 3.282090299999999843e+03 9.078270500000000538e+03 6.677235399999999572e+03 3.305823499999999967e+03 2.607733000000000175e+03 1.802782200000000103e+03 1.457381300000000010e+03 5.120000000000000000e+02 2.560000000000000000e+02 2.510331999999999880e+03 2.162648200000000088e+03 1.750268399999999929e+03 1.087538600000000088e+03 1.330844200000000001e+03 8.428752399999999625e+02 6.422739000000000260e+02 3.692976400000000012e+02 2.560000000000000000e+02 1.029686499999999978e+04 4.211859999999999673e+03 3.495009000000000015e+03 3.443952000000000226e+03 2.486949999999999818e+03 1.995449000000000069e+03 1.832791699999999992e+03 2.408324999999999818e+03 1.193994800000000032e+04 2.833996299999999792e+03 7.383665999999999485e+02 6.539455600000000004e+02 1.119221900000000005e+03 1.022236449999999991e+03 9.073852500000000418e+02 9.455592699999999695e+02 5.335312999999999874e+02
2.635047000000000116e+04 3.237187099999999919e+04 3.524912500000000000e+04 6.561211000000000058e+04 1.860724000000000160e+04 4.577398400000000038e+03 3.857801300000000083e+03 3.386915500000000065e+03 3.792680699999999888e+03 3.617059600000000046e+03 6.301987000000000080e+03 6.119403000000000247e+03 2.099864700000000084e+03 1.659614700000000084e+03 1.406704600000000028e+03 7.359908000000000357e+02 7.063318000000000438e+02 2.560000000000000000e+02 3.583999999999999773e+02 1.371821299999999974e+04 3.226872800000000097e+03 3.342231999999999971e+03 3.472010999999999967e+03 2.603753000000000156e+03 1.745679200000000037e+03 1.720714699999999993e+03 1.219329999999999927e+03 4.766647500000000036e+03 9.941311999999999898e+03 6.333873999999999569e+02 1.865943700000000035e+03 1.683786100000000033e+03 1.766274400000000014e+03 1.689074800000000096e+03 1.816770999999999958e+03 1.755867299999999886e+03 1.440586000000000013e+03
1.089155160000000033e+05 7.243677999999999884e+04 1.412335599999999977e+05 8.864905000000000291e+04 9.471216000000000349e+04 7.700680999999999767e+04 8.855862500000000000e+04 8.033210000000000582e+04 8.256574000000000524e+04 9.488003999999999360e+04 8.621527000000000407e+04 7.906962500000000000e+04 7.927298399999999674e+04 1.658250500000000102e+03 1.617981299999999919e+03 1.170631499999999960e+03 6.320987499999999955e+02 4.551111000000000217e+02 1.537810449999999946e+04 1.697185400000000072e+03 1.576363499999999931e+03 2.048840000000000146e+03 1.407060999999999922e+03 1.618679599999999937e+03 1.752610699999999952e+03 1.729930399999999963e+03 1.109473199999999997e+04 1.050937900000000081e+04 4.530009800000000268e+02 4.218616599999999721e+02 4.187444300000000112e+03 2.012334000000000060e+03 9.795506599999999935e+02 1.239864600000000110e+03 1.032794300000000021e+03 1.539788600000000088e+03 3.040551800000000185e+03
6.668739999999999418e+04 8.366727000000000407e+04 7.614750500000000102e+03 2.873320999999999913e+04 6.664101600000000326e+04 9.855213000000000466e+04 5.989895700000000215e+04 4.978755999999999767e+04 3.424986000000000058e+04 1.100295900000000074e+04 1.366958400000000074e+04 5.871686499999999796e+03 3.628288300000000163e+03 7.754297999999999593e+04 3.454933200000000215e+04 3.973654000000000224e+02 3.975901200000000131e+02 1.706187299999999959e+04 2.379614999999999782e+03 1.928114000000000033e+03 2.203018300000000181e+03 2.030903000000000020e+03 2.958171600000000126e+03 5.292363000000000284e+03 8.863146000000000640e+03 1.265903299999999945e+04 4.693293499999999767e+03 3.969336200000000190e+02 1.525815800000000081e+03 3.699009500000000116e+03 3.265908399999999801e+03 2.660355000000000018e+03 2.651717000000000098e+03 2.237789299999999912e+03 2.043892200000000003e+03 2.074503999999999905e+03 3.969039300000000026e+02
4.299292999999999665e+03 1.481742499999999927e+04 1.083142400000000089e+04 7.539220000000000255e+03 9.104024999999999636e+03 7.690467300000000250e+03 2.991302500000000146e+04 3.771456199999999808e+04 3.073793999999999869e+04 3.102068600000000151e+04 1.272604600000000028e+04 1.403029000000000087e+04 1.196357200000000012e+04 1.083949899999999980e+04 4.807985500000000320e+04 5.266570300000000134e+04 3.787465600000000268e+04 2.312637900000000081e+04 1.721654699999999866e+04 7.748528000000000247e+03 5.373843300000000454e+03 2.617512000000000171e+03 3.313809600000000046e+03 8.421494000000000597e+03 6.159215000000000146e+03 2.654794400000000223e+03 4.941601999999999748e+02 2.761157000000000153e+03 3.692554700000000139e+03 1.925242099999999937e+03 4.288948999999999614e+03 1.621567700000000059e+03 1.708413299999999936e+03 1.620454700000000003e+03 2.185731400000000122e+03 1.340274200000000064e+03 8.871050000000000182e+02
2.406609600000000137e+04 1.564524099999999999e+04 1.376339199999999983e+04 1.264230199999999968e+04 7.036849000000000160e+03 8.285197000000000116e+03 1.027699400000000060e+04 1.717666800000000148e+04 3.299891999999999825e+04 4.009697299999999814e+04 5.789207400000000052e+04 5.786750400000000081e+04 2.573251599999999962e+04 1.734693600000000151e+04 1.965484800000000178e+04 4.849711699999999837e+04 5.841336299999999756e+04 3.889061000000000058e+04 3.022705299999999988e+04 1.439186299999999937e+04 1.392162299999999959e+04 1.265977299999999923e+04 1.006752000000000044e+04 2.719614300000000185e+03 2.051998300000000199e+03 4.536640600000000063e+02 4.991846700000000055e+03 5.394194300000000112e+03 2.549483400000000074e+03 4.544948999999999614e+03 1.637768299999999954e+03 1.841763799999999947e+03 2.915078599999999824e+03 2.605407200000000103e+03 1.672974400000000060e+03 1.142593800000000101e+03 1.871499000000000024e+03
5.345420000000000073e+03 1.086938299999999981e+04 1.391326300000000083e+04 1.121392100000000028e+04 1.604835699999999997e+04 7.578140999999999622e+03 6.986255400000000009e+03 8.262413000000000466e+03 1.014516300000000047e+04 1.223714400000000023e+04 1.424670800000000054e+04 2.381713999999999942e+04 6.226231199999999808e+04 6.184970700000000215e+04 6.024107400000000052e+04 4.934391399999999703e+04 4.619899199999999837e+04 5.009147000000000116e+04 3.687058600000000297e+04 5.257312999999999738e+04 2.613091800000000148e+03 5.050911000000000058e+03 4.515478000000000065e+03 3.469605199999999968e+03 1.770554900000000089e+03 8.505050999999999476e+03 6.662462000000000444e+03 3.272182600000000093e+03 4.554844000000000051e+03 3.437476599999999962e+03 3.157585199999999986e+03 4.442850000000000364e+03 2.626340599999999995e+03 1.847095299999999952e+03 1.105055499999999938e+03 1.620661000000000058e+03 1.208807499999999891e+03
7.233046999999999571e+03 7.731099000000000160e+03 1.108652200000000084e+04 1.431366899999999987e+04 1.165574300000000039e+04 1.539184000000000015e+04 1.413570399999999972e+04 7.692850599999999758e+03 2.603945799999999963e+03 1.491724999999999909e+03 1.502908699999999953e+03 1.476602399999999989e+03 2.560000000000000000e+02 1.252654600000000028e+04 1.511255500000000029e+04 2.520274399999999878e+04 3.147974799999999959e+04 4.343773399999999674e+04 6.902052999999999884e+04 7.718027000000000407e+04 1.278893800000000047e+05 1.274513399999999965e+05 2.160544699999999921e+03 2.559052999999999884e+03 1.029884100000000035e+04 4.767997599999999693e+03 1.992131200000000035e+03 2.077937699999999950e+03 3.702579600000000028e+03 3.478439499999999953e+03 2.895412600000000111e+03 1.273685899999999947e+03 1.300470600000000104e+03 1.703575299999999970e+03 1.788973300000000108e+03 1.223046000000000049e+03 1.673322899999999890e+03
6.135341300000000047e+03 6.891546999999999571e+03 6.165064000000000306e+03 8.461497999999999593e+03 7.043669399999999769e+03 7.326844699999999648e+03 7.197802700000000186e+03 1.218740899999999965e+04 1.309932999999999993e+04 1.075127800000000025e+04 8.221229499999999462e+03 6.127189000000000306e+03 6.457015599999999722e+03 3.529299799999999777e+03 2.673013699999999972e+03 1.896227200000000039e+03 1.600946699999999964e+03 1.158550400000000081e+03 8.835925999999999476e+02 4.231269199999999842e+02 3.299555700000000229e+02 2.560000000000000000e+02 1.255149140000000043e+05 9.980736000000000786e+03 2.827801500000000033e+03 2.136221700000000055e+03 3.730612500000000182e+03 3.958579600000000028e+03 2.961452999999999975e+03 1.649917099999999891e+03 9.636032999999999902e+02 1.656221900000000005e+03 1.645763899999999921e+03 1.424999499999999898e+03 2.180128000000000156e+03 2.433566699999999855e+03 1.031407600000000002e+03
7.317029999999999745e+03 6.629048999999999978e+03 6.685158000000000357e+03 4.830986299999999574e+03 6.371283999999999651e+03 7.537032000000000153e+03 7.680162599999999657e+03 4.490019500000000335e+03 5.671072799999999916e+03 6.530831000000000131e+03 7.309440999999999804e+03 6.362449700000000121e+03 3.767379199999999855e+03 4.809088999999999942e+03 3.832054399999999987e+03 2.823768300000000181e+03 1.881661000000000058e+03 1.379351899999999887e+03 1.041473999999999933e+03 1.024632100000000037e+03 6.257777999999999565e+02 3.697777699999999754e+02 9.345013999999999942e+04 2.063381399999999849e+04 5.572049299999999675e+03 4.435880400000000009e+03 1.911306299999999965e+03 2.230302000000000135e+03 2.233101299999999810e+03 2.139343499999999949e+03 2.063477800000000116e+03 1.701628200000000106e+03 4.129608000000000175e+03 4.487496000000000095e+03 3.060340999999999894e+03 2.108264200000000073e+03 3.138395500000000084e+03
9.145488999999999578e+03 8.964566000000000713e+03 5.533486299999999574e+03 5.605759299999999712e+03 4.799539600000000064e+03 5.314096700000000055e+03 5.229654300000000148e+03 7.339889600000000428e+03 5.550778299999999945e+03 4.829906699999999546e+03 4.290364300000000185e+03 5.989814000000000306e+03 6.204752999999999702e+03 4.756176300000000083e+03 5.943140999999999622e+03 4.704124499999999898e+03 2.429762000000000171e+03 1.501429900000000089e+03 7.968800700000000461e+02 5.120000000000000000e+02 4.266666599999999789e+02 2.560000000000000000e+02 2.560000000000000000e+02 9.305191999999999825e+04 5.955644000000000233e+04 5.296961699999999837e+04 1.618251499999999942e+04 4.845789600000000064e+03 1.028669100000000071e+04 1.518426599999999962e+04 1.215468800000000010e+04 9.083672000000000480e+03 3.482682600000000093e+03 1.668199699999999893e+03 1.831591200000000072e+03 2.069295200000000023e+03 1.102231999999999971e+03
5.329921999999999571e+03 5.551156200000000354e+03 1.054266799999999967e+04 8.613138999999999214e+03 6.102691399999999703e+03 4.568614999999999782e+03 4.893997999999999593e+03 4.432341999999999643e+03 5.627573699999999917e+03 5.136073000000000320e+03 5.271859000000000378e+03 4.301869999999999891e+03 5.415936999999999898e+03 6.416458499999999731e+03 5.998282000000000153e+03 5.739880400000000009e+03 6.273091000000000349e+03 4.319188500000000204e+03 2.355030999999999949e+03 1.386320600000000013e+03 1.156009600000000091e+03 7.355386399999999867e+02 2.560000000000000000e+02 1.993405700000000070e+04 4.265386699999999837e+04 4.304530000000000291e+04 7.376705999999999767e+04 8.188411000000000058e+04 6.819241999999999825e+04 5.321506999999999971e+04 4.093034400000000005e+03 3.556810500000000047e+03 4.791498999999999796e+03 4.234503999999999905e+03 2.756257599999999911e+03 1.736548999999999978e+03 1.394345600000000104e+03
