testcase_input/parameters/flowacc.dat
ncols         214
nrows         263
xllcorner     382500
yllcorner     7541702
cellsize      16
NODATA_value  -9999
[rows 96 to 111 of 263, columns 111 to 147 of 214]
2.382841300000000047e+02 1.864646600000000092e+02 2.900943300000000136e+02 2.629900499999999965e+02 2.909254000000000246e+02 1.589079700000000059e+02 3.224239799999999718e+02 2.275346000000000117e+02 2.395176700000000096e+02 7.800285599999999704e+02 5.603411999999999580e+02 2.400160799999999881e+02 8.997449500000000455e+01 6.657367999999999597e+01 1.604428699999999992e+02 4.630580699999999865e+02 2.255116600000000062e+02 3.036342200000000275e+02 3.482442599999999970e+02 7.613990999999999758e+02 1.345904199999999946e+03 1.178457499999999982e+03 1.333468299999999999e+03 2.355096299999999871e+02 2.079156199999999899e+02 1.950490000000000066e+02 1.267048599999999965e+02 1.416495700000000113e+02 1.091658549999999934e+02 1.238583799999999968e+02 1.164645100000000042e+02 9.287993000000000166e+01 9.149225599999999758e+01 6.884434000000000253e+01 1.794896999999999920e+01 6.987324999999999875e+01 1.600000000000000000e+01
4.537382799999999747e+02 2.412881800000000112e+02 2.239935999999999865e+02 3.184062200000000189e+02 2.671770300000000020e+02 3.171537000000000148e+02 3.572699600000000260e+02 2.850297199999999975e+02 3.399663400000000024e+02 2.992989200000000096e+02 4.493642600000000016e+02 3.817228400000000192e+02 2.550271899999999903e+02 8.946363999999999805e+01 3.327319299999999913e+01 1.238624999999999972e+02 4.470580699999999865e+02 2.304915000000000020e+02 1.637741900000000044e+02 1.180710200000000043e+02 3.160129699999999957e+02 9.207348600000000260e+02 1.665500099999999975e+03 1.317468299999999999e+03 4.023559599999999818e+02 3.521623000000000161e+02 2.587524700000000166e+02 2.184703499999999963e+02 1.724259600000000034e+02 1.143530399999999929e+02 8.365167999999999893e+01 7.471208000000000027e+01 7.326815000000000566e+01 3.062518499999999833e+01 4.764444400000000002e+01 2.923456799999999944e+01 2.658765400000000056e+01
5.329512300000000096e+02 3.875319799999999759e+02 1.745433700000000101e+02 1.644502699999999891e+02 2.195061499999999910e+02 3.252571699999999737e+02 1.698098999999999990e+02 3.107427700000000073e+02 1.977159599999999955e+02 3.239663400000000024e+02 3.863167000000000257e+02 5.735702999999999747e+02 3.726916499999999814e+02 2.230975799999999936e+02 1.100166600000000017e+02 7.066306000000000154e+01 1.244567299999999932e+02 3.529994500000000244e+02 2.747182599999999866e+02 1.393270599999999888e+02 7.003251000000000204e+01 5.979914500000000288e+01 3.900348000000000326e+01 1.649500099999999975e+03 1.775508700000000090e+03 4.620704999999999814e+02 1.776494000000000142e+02 1.229110600000000062e+02 1.281773699999999963e+02 9.752911000000000286e+01 1.134602000000000004e+02 5.602277800000000241e+01 2.586337500000000134e+01 4.705975300000000061e+01 2.453333299999999895e+01 3.164444400000000002e+01 2.382222200000000001e+01
3.441508999999999787e+02 4.758548599999999738e+02 4.621591199999999731e+02 2.831535000000000082e+02 2.132847399999999993e+02 1.263158650000000023e+02 2.483111000000000104e+02 2.423061500000000024e+02 2.673279400000000123e+02 2.920434999999999945e+02 2.427022100000000080e+02 2.588744800000000055e+02 6.076168000000000120e+02 3.715459299999999985e+02 2.336347000000000094e+02 1.142628600000000034e+02 1.294651499999999942e+02 1.574371999999999900e+02 2.248979199999999992e+02 2.905484299999999962e+02 1.291718899999999906e+02 6.643232000000000426e+01 3.189570399999999850e+01 4.929316699999999685e+01 1.053520500000000084e+03 1.862065700000000106e+03 6.615491299999999910e+02 1.279242250000000070e+02 1.009177499999999981e+02 1.219356800000000050e+02 6.998031000000000290e+01 6.260157800000000350e+01 3.120109700000000075e+01 2.113580299999999923e+01 2.311111000000000004e+01 1.600000000000000000e+01 1.600000000000000000e+01
1.862309999999999945e+02 3.862415199999999800e+02 5.114970000000000141e+02 3.798706399999999803e+02 3.185613999999999919e+02 3.076964399999999955e+02 2.481855999999999938e+02 2.250070000000000050e+02 3.276717499999999745e+02 2.046779999999999973e+02 2.493730799999999874e+02 2.344007100000000037e+02 1.957553599999999960e+02 5.668470999999999549e+02 2.776677000000000248e+02 2.234461699999999951e+02 1.508192699999999888e+02 1.074744799999999998e+02 1.848399400000000128e+02 1.326889299999999992e+02 2.515845500000000072e+02 1.481223099999999988e+02 5.777479600000000204e+01 3.406222000000000349e+01 5.236148000000000025e+01 4.623555999999999813e+02 1.768003999999999905e+03 6.000649399999999787e+02 1.188438340000000011e+02 1.084142400000000066e+02 1.160614549999999952e+02 5.520713400000000348e+01 4.993140999999999963e+01 3.535802499999999782e+01 2.488888999999999996e+01 1.600000000000000000e+01 1.600000000000000000e+01
2.073258399999999995e+02 1.904359599999999944e+02 2.103765300000000025e+02 4.054859000000000151e+02 2.567266000000000190e+02 2.005412800000000004e+02 2.280368699999999933e+02 1.929130700000000047e+02 1.096007460000000009e+02 2.861471000000000231e+02 2.663921199999999772e+02 2.531709400000000016e+02 2.084546200000000056e+02 1.881160700000000077e+02 5.424864000000000033e+02 2.411737500000000125e+02 1.801972499999999968e+02 1.721802999999999884e+02 1.070895160000000033e+02 1.852493000000000052e+02 1.458611799999999903e+02 1.537466000000000008e+02 1.167422100000000000e+02 5.696563299999999685e+01 4.515555599999999714e+01 2.453333299999999895e+01 3.852203999999999837e+02 2.050897699999999986e+03 1.131430100000000039e+02 1.119654000000000025e+02 1.085262900000000030e+02 1.389861899999999935e+02 6.824348999999999421e+01 3.753086499999999859e+01 1.600000000000000000e+01 1.600000000000000000e+01 1.600000000000000000e+01
1.044891099999999966e+02 1.097739899999999977e+02 1.189470900000000029e+02 1.599884299999999939e+02 3.160645999999999844e+02 2.006350099999999941e+02 9.929143000000000541e+01 1.563064099999999996e+02 1.766561900000000094e+02 1.134159499999999952e+02 2.205604700000000093e+02 2.361063800000000015e+02 2.539300499999999943e+02 1.924546200000000056e+02 2.581741000000000099e+02 3.814748000000000161e+02 2.009959900000000061e+02 1.397440599999999904e+02 1.569007000000000005e+02 1.013243559999999945e+02 2.176062300000000107e+02 1.078732499999999987e+02 1.165535399999999981e+02 7.778113600000000361e+01 5.421921999999999997e+01 3.200000000000000000e+01 1.600000000000000000e+01 9.043843000000000529e+02 1.492267200000000003e+03 6.737063999999999453e+01 5.552932400000000257e+01 6.043237700000000245e+01 1.125968100000000049e+02 7.042370599999999570e+01 2.417777799999999999e+01 4.586666499999999758e+01 1.600000000000000000e+01
2.429836599999999862e+02 1.531542399999999873e+02 1.287662699999999916e+02 1.286838700000000131e+02 1.520378399999999885e+02 2.306099700000000041e+02 1.953029500000000098e+02 1.070889739999999932e+02 1.139660300000000035e+02 1.021634750000000054e+02 7.275648999999999944e+01 1.625860000000000127e+02 1.904896400000000085e+02 2.676713300000000118e+02 1.886314700000000073e+02 2.435546099999999967e+02 2.638332500000000209e+02 1.659835999999999956e+02 1.157366260000000011e+02 1.053179899999999947e+02 1.238579299999999961e+02 1.630726600000000133e+02 1.333643999999999892e+02 6.482458499999999901e+01 4.475445599999999757e+01 4.681955700000000320e+01 1.600000000000000000e+01 7.086081500000000233e+02 5.778518000000000256e+02 1.097004799999999932e+03 3.336368000000000222e+01 4.883535400000000237e+01 3.623295600000000150e+01 4.762073999999999785e+01 6.186666499999999758e+01 2.595555500000000038e+01 3.946666700000000105e+01
1.540203400000000045e+02 1.781544800000000066e+02 1.325139599999999973e+02 1.585775600000000054e+02 1.370479400000000112e+02 1.423651900000000126e+02 1.972939599999999984e+02 1.841511399999999981e+02 9.759533000000000413e+01 9.342543000000000575e+01 7.323972000000000548e+01 7.297262999999999522e+01 9.227193499999999915e+01 2.617344400000000064e+02 2.466397399999999891e+02 1.356273300000000006e+02 1.951065199999999891e+02 2.138661800000000142e+02 6.035413700000000148e+01 8.803463000000000704e+01 1.385968799999999987e+02 8.503409600000000523e+01 1.938497299999999939e+02 5.516534999999999656e+01 3.746765500000000060e+01 1.600000000000000000e+01 3.081955500000000114e+01 1.905377200000000073e+02 9.823117700000000241e+02 4.769234000000000151e+01 1.074332000000000107e+03 2.417777799999999999e+01 1.600000000000000000e+01 1.600000000000000000e+01 1.560888799999999890e+02 1.166143200000000064e+02 3.377777999999999992e+01
1.195265799999999956e+02 1.832765699999999924e+02 1.798151699999999948e+02 1.223699950000000030e+02 1.477668600000000083e+02 1.395250499999999931e+02 1.121266300000000058e+02 1.376980100000000107e+02 1.616447799999999972e+02 1.049082800000000049e+02 7.932336399999999799e+01 6.778387999999999636e+01 5.498109000000000179e+01 1.692983099999999865e+02 2.948634599999999750e+02 1.160299600000000027e+02 1.015894700000000057e+02 2.013077099999999859e+02 1.522398200000000088e+02 5.252463999999999800e+01 1.012986999999999966e+02 1.076917100000000005e+02 1.757417100000000119e+02 6.906064999999999543e+01 2.951110999999999862e+01 1.848889000000000138e+01 3.704889000000000010e+01 1.260139099999999956e+02 1.690359200000000044e+02 8.087327000000000226e+02 7.130776000000000181e+01 9.945388000000000375e+02 1.600000000000000000e+01 1.880177799999999877e+02 2.986666699999999963e+01 1.600000000000000000e+01 2.275555599999999856e+01
2.415210899999999867e+02 1.591289700000000096e+02 1.926935900000000004e+02 1.627952600000000132e+02 1.047499399999999952e+02 1.317668600000000083e+02 1.544063299999999970e+02 9.612663000000000579e+01 1.216980060000000066e+02 1.668161299999999869e+02 1.164310899999999975e+02 6.332336399999999799e+01 6.853749000000000535e+01 8.335305999999999926e+01 2.073886400000000094e+02 2.104039899999999932e+02 6.659189600000000553e+01 1.121448000000000036e+02 1.454339899999999943e+02 1.372171299999999974e+02 5.870031000000000176e+01 1.014477200000000039e+02 1.601010400000000118e+02 7.015723400000000254e+01 3.591111000000000075e+01 1.600000000000000000e+01 3.157333399999999912e+01 4.776296200000000169e+01 1.551794999999999902e+02 5.070980000000000132e+01 8.284247000000000298e+02 1.848889000000000138e+01 9.682277000000000271e+02 2.993777800000000155e+01 1.600000000000000000e+01 2.062222300000000175e+01 1.600000000000000000e+01
1.179239039999999932e+02 1.958877400000000080e+02 1.208532639999999958e+02 2.100769500000000107e+02 2.547041499999999985e+02 2.852676700000000096e+02 2.387407200000000103e+02 1.384063299999999970e+02 1.243344349999999991e+02 1.020228500000000054e+02 1.684235199999999963e+02 1.369514900000000068e+02 6.654848499999999945e+01 8.756248499999999524e+01 1.212302300000000059e+02 1.281080800000000011e+02 1.852489500000000078e+02 6.398498500000000178e+01 8.773032999999999504e+01 9.884099600000000407e+01 1.212171400000000006e+02 1.011323200000000071e+02 1.350785799999999881e+02 5.231348799999999954e+01 3.788192699999999746e+01 1.991111199999999926e+01 2.595555500000000038e+01 2.915555600000000069e+01 6.430828999999999951e+01 9.149508000000000152e+01 1.600000000000000000e+01 8.067358400000000529e+02 1.600000000000000000e+01 7.207610499999999547e+02 3.008471000000000117e+02 2.604954799999999864e+02 3.614814799999999906e+01
1.520093699999999899e+02 8.360261500000000012e+01 1.753605200000000082e+02 8.518289000000000044e+01 7.707538599999999462e+01 6.123837000000000330e+01 1.442656599999999969e+02 2.227407200000000103e+02 1.256761999999999944e+02 8.681824000000000296e+01 5.424265700000000123e+01 1.159031300000000044e+02 1.430526999999999873e+02 7.843729999999999336e+01 1.073437299999999937e+02 1.008130599999999930e+02 1.211160299999999950e+02 1.449865599999999972e+02 4.346641000000000332e+01 7.314236999999999966e+01 1.083691699999999969e+02 1.200345800000000054e+02 7.151313000000000386e+01 9.155661999999999523e+01 3.389897500000000008e+01 1.600000000000000000e+01 1.600000000000000000e+01 3.200000000000000000e+01 2.570422399999999996e+01 7.321026000000000522e+01 2.427671200000000056e+02 4.446606400000000008e+02 2.932487499999999727e+02 2.026015299999999968e+02 2.009568299999999965e+02 4.688622999999999763e+01 1.850544999999999902e+02
2.772938800000000015e+02 2.162231999999999914e+02 8.386722000000000321e+01 1.583335299999999961e+02 1.618143499999999904e+02 1.575879400000000032e+02 2.835906200000000155e+01 1.479988400000000013e+02 1.793955400000000111e+02 1.564325599999999952e+02 1.055401459999999929e+02 6.883678399999999442e+01 7.531301000000000556e+01 9.916388999999999498e+01 9.063478999999999530e+01 9.341971999999999809e+01 9.797809599999999364e+01 1.394611999999999910e+02 8.309340000000000259e+01 3.241823600000000027e+01 8.393800000000000239e+01 1.348310899999999890e+02 5.112817400000000134e+01 6.242140200000000050e+01 4.365234399999999937e+01 1.789897699999999858e+01 1.600000000000000000e+01 2.183450099999999949e+01 8.430279000000000167e+01 2.118325499999999977e+02 6.226445799999999764e+01 1.544401100000000042e+02 3.283208999999999946e+02 2.399162599999999941e+02 7.195587999999999340e+01 1.600000000000000000e+01 6.618478000000000350e+01
2.163813800000000072e+02 1.944348099999999988e+02 2.329235999999999933e+02 2.040212899999999934e+02 1.157303500000000014e+02 4.861583300000000207e+01 1.534903999999999940e+02 1.112315600000000018e+02 1.381997399999999914e+02 1.825242000000000075e+02 1.998790999999999940e+02 1.657856899999999882e+02 7.735833999999999833e+01 8.088138600000000622e+01 6.870799999999999841e+01 9.077204000000000406e+01 6.128247499999999803e+01 1.054004099999999937e+02 1.046918500000000023e+02 6.709340000000000259e+01 2.638644999999999996e+01 1.534494500000000130e+02 4.568757200000000296e+01 4.428009800000000240e+01 1.600000000000000000e+01 2.848465300000000155e+01 3.750751000000000346e+01 8.716424000000000660e+01 9.961768999999999608e+01 7.983893600000000390e+01 3.324674000000000262e+01 1.780580300000000022e+02 3.913228500000000167e+02 8.552809999999999491e+01 4.470309400000000011e+01 1.600000000000000000e+01 1.600000000000000000e+01
4.157549699999999859e+01 1.438621799999999951e+02 1.685547300000000064e+02 1.307708900000000085e+02 1.934106899999999882e+02 2.440930999999999926e+02 1.966398000000000081e+02 1.448171399999999949e+02 1.106212000000000018e+02 1.041237699999999933e+02 1.188862599999999929e+02 1.444489399999999932e+02 1.808798500000000047e+02 1.119092799999999954e+02 9.205160499999999502e+01 6.776742600000000039e+01 8.854583999999999833e+01 4.573839999999999861e+01 7.051771499999999548e+01 8.869185000000000230e+01 5.607811699999999888e+01 7.789838000000000306e+01 8.282074000000000069e+01 2.908444400000000130e+01 1.600000000000000000e+01 2.553678999999999988e+01 3.170765499999999903e+01 5.219660999999999973e+01 4.412196699999999794e+01 3.993504999999999683e+01 1.867766599999999855e+01 4.417799699999999916e+02 1.165116799999999984e+02 4.363661199999999951e+01 2.870309599999999861e+01 -9.999000000000000000e+03 -9.999000000000000000e+03
