testcase_input/parameters/flowacc_r_g.dat
ncols         214
nrows         263
xllcorner     382500
yllcorner     7541702
cellsize      16
NODATA_value  -9999
[rows 208 to 223 of 263, columns 74 to 110 of 214]
6.351044000000000134e-01 4.701548999999999978e+00 4.059311999999999898e+01 1.412509000000000015e+00 0.000000000000000000e+00 1.434495999999999993e+00 1.991940999999999962e+00 1.744247000000000014e+01 0.000000000000000000e+00 4.715993000000000279e+01 4.989614000000000260e+01 9.518735000000000390e-01 3.319760999999999740e+01 1.909690000000000110e+00 1.608011000000000079e+00 0.000000000000000000e+00 1.109479000000000104e+00 9.472766999999999715e-01 1.429871999999999943e+01 1.022434999999999938e+01 1.685065000000000035e+00 0.000000000000000000e+00 2.531521000000000132e+00 5.879267999999999716e+00 1.147398000000000025e+02 1.335606999999999989e+00 0.000000000000000000e+00 0.000000000000000000e+00 0.000000000000000000e+00 0.000000000000000000e+00 1.285191999999999890e+00 8.467145999999999839e-01 0.000000000000000000e+00 4.096650000000000014e-01 5.114659999999999940e+01 0.000000000000000000e+00 0.000000000000000000e+00
2.275068000000000090e+00 4.420194000000000045e+01 2.243056999999999945e+01 1.424185999999999952e+00 0.000000000000000000e+00 9.127231999999999568e-01 2.520432000000000006e+00 1.341519000000000084e+01 0.000000000000000000e+00 0.000000000000000000e+00 8.464171000000000333e-01 2.405261000000000138e+01 2.991868999999999890e+00 2.501327999999999996e+00 6.795117000000000518e-01 6.080105999999999566e-01 1.056756000000000029e+00 1.746234999999999982e+00 9.067614999999999981e+00 1.023605000000000054e+01 1.158238000000000101e+00 1.445572999999999997e+00 3.961896999999999780e-01 3.443878000000000217e+00 1.891610000000000014e+01 9.344199000000000410e+01 0.000000000000000000e+00 1.925189000000000039e+00 0.000000000000000000e+00 0.000000000000000000e+00 1.250898999999999983e+00 2.411996999999999947e+00 2.202980999999999856e+00 4.939538999999999902e+00 4.420705999999999847e+01 0.000000000000000000e+00 2.311581999999999937e+01
6.933343999999999596e+01 5.365527000000000157e+00 0.000000000000000000e+00 0.000000000000000000e+00 2.424186000000000174e+00 1.603269999999999973e+00 2.667343999999999937e+00 7.603989999999999583e+00 0.000000000000000000e+00 0.000000000000000000e+00 1.909665000000000035e+01 2.197290000000000187e+00 9.801164999999999461e-01 2.275805000000000078e+00 8.119189999999999463e-01 2.875224000000000113e-01 4.949680000000000191e-01 2.027829000000000104e+00 8.363922999999999774e+00 7.219934000000000296e+00 9.620041000000000286e-01 3.799592999999999721e-02 1.233265999999999973e+00 7.355749999999999567e+00 2.089431000000000083e+01 6.651443000000000216e-01 7.957500000000000284e+01 1.345975999999999928e+01 3.800601000000000118e-01 0.000000000000000000e+00 6.256606999999999585e-01 2.084124000000000088e+00 2.630048000000000030e+01 3.062068000000000012e+01 1.158638000000000012e+01 5.903340999999999728e-01 3.841762999999999817e+00
3.061986999999999881e+01 0.000000000000000000e+00 0.000000000000000000e+00 1.000000000000000000e+00 3.000000000000000000e+00 3.058416999999999941e+00 1.227419000000000038e+00 2.028723999999999972e+00 1.819331000000000031e+00 1.110069000000000017e+01 4.101499999999999702e+00 4.684040999999999677e+00 3.451017999999999919e+00 1.263416000000000095e+00 1.275805999999999996e+00 9.944153000000000020e-02 4.803279999999999772e-01 1.258358000000000088e+00 5.910712000000000188e+00 6.457257000000000247e+00 0.000000000000000000e+00 2.551555999999999824e-01 2.188957000000000055e-02 1.499562000000000062e+01 1.023255999999999943e+01 0.000000000000000000e+00 6.378038999999999703e+01 7.459759000000000029e+00 0.000000000000000000e+00 0.000000000000000000e+00 2.394146000000000107e+00 1.919122000000000128e+01 2.723485999999999851e+00 6.374311000000000282e-01 1.209834999999999994e+01 0.000000000000000000e+00 3.000000000000000000e+00
5.346153000000000155e+00 0.000000000000000000e+00 0.000000000000000000e+00 1.191459000000000046e+00 3.959272999999999820e-01 3.620591000000000115e+00 5.968474999999999753e+00 0.000000000000000000e+00 0.000000000000000000e+00 0.000000000000000000e+00 6.100692999999999699e+00 4.599193999999999782e+00 2.916068999999999800e+00 1.687797999999999909e+00 6.386627000000000276e-01 0.000000000000000000e+00 0.000000000000000000e+00 7.373009000000000368e-01 7.464623999999999704e+00 1.904730000000000034e+00 0.000000000000000000e+00 7.448443999999999621e-01 1.487378999999999962e+01 7.723669000000000118e+00 5.088867000000000251e-01 6.271981000000000250e+01 0.000000000000000000e+00 0.000000000000000000e+00 4.520343000000000444e+00 7.510347000000000550e-01 9.905682999999999794e+00 8.081149999999999167e+00 8.117529999999999468e-01 1.842907000000000073e+00 7.822288999999999604e+00 0.000000000000000000e+00 1.409664999999999946e+00
1.000000000000000000e+00 0.000000000000000000e+00 0.000000000000000000e+00 1.043230000000000102e+00 1.849720999999999949e+00 2.090240000000000098e+00 1.154182999999999915e+01 0.000000000000000000e+00 0.000000000000000000e+00 2.289069999999999894e+01 4.366125000000000256e+00 3.737435000000000063e+00 3.102301999999999893e+00 2.512065999999999910e+00 1.239286000000000110e+00 0.000000000000000000e+00 0.000000000000000000e+00 5.232573999999999836e-01 5.846097000000000321e+00 0.000000000000000000e+00 0.000000000000000000e+00 4.969349000000000238e+00 1.312967000000000084e+01 3.066555000000000253e-01 7.977687999999999446e-01 6.171981000000000250e+01 2.392670999999999992e+00 2.567477999999999927e+00 0.000000000000000000e+00 0.000000000000000000e+00 1.669072999999999851e+01 0.000000000000000000e+00 3.602720999999999840e+00 4.581228000000000300e+00 5.522916000000000381e+00 0.000000000000000000e+00 0.000000000000000000e+00
0.000000000000000000e+00 5.431985999999999759e-01 1.000000000000000000e+00 7.653117000000000392e-01 2.174514999999999976e+00 4.472718000000000416e+00 6.472718000000000416e+00 0.000000000000000000e+00 3.438152000000000186e+01 1.489769000000000077e+01 3.939922999999999842e+00 2.579703999999999997e+00 2.438928999999999903e+00 2.147961000000000009e+00 1.087018000000000040e+00 0.000000000000000000e+00 0.000000000000000000e+00 4.846097000000000321e+00 2.579277999999999849e-01 2.893345000000000056e+00 4.957665000000000433e+00 1.131174999999999997e+01 0.000000000000000000e+00 4.694385999999999837e-01 1.441926000000000041e+00 5.311865999999999843e+01 2.103321000000000218e+00 5.674782999999999911e-01 0.000000000000000000e+00 1.469073000000000029e+01 0.000000000000000000e+00 2.414473999999999787e+00 -9.999000000000000000e+03 -9.999000000000000000e+03 -9.999000000000000000e+03 -9.999000000000000000e+03 -9.999000000000000000e+03
0.000000000000000000e+00 1.680814999999999948e+00 4.904316999999999815e+00 5.173651999999999695e+00 7.582634999999999792e+00 5.007334999999999923e+02 0.000000000000000000e+00 0.000000000000000000e+00 3.122317999999999927e+01 7.351104999999999556e+00 4.113986999999999838e+00 3.402111999999999803e+00 2.422712999999999894e+00 1.403985000000000039e+00 1.021522000000000041e+00 0.000000000000000000e+00 0.000000000000000000e+00 2.447759000000000018e+00 6.354174000000000211e-01 1.566975000000000007e+00 6.874564000000000341e+00 4.488668000000000102e-01 0.000000000000000000e+00 4.079301000000000066e+00 4.922825999999999880e+01 6.402404999999999902e-01 3.597595000000000098e-01 8.193308999999999731e-01 2.496779000000000082e+00 1.019394999999999918e+01 1.414474000000000009e+00 -9.999000000000000000e+03 -9.999000000000000000e+03 -9.999000000000000000e+03 -9.999000000000000000e+03 -9.999000000000000000e+03 -9.999000000000000000e+03
0.000000000000000000e+00 7.759865999999999708e-01 1.286310000000000064e+00 3.861187000000000147e+00 3.972723999999999922e+00 4.891403000000000247e+02 0.000000000000000000e+00 2.801041999999999987e+01 0.000000000000000000e+00 0.000000000000000000e+00 2.841756999999999866e+00 2.044039000000000161e+00 1.691335999999999951e+00 1.987257999999999969e+00 5.340013999999999594e-01 0.000000000000000000e+00 0.000000000000000000e+00 1.233143000000000100e+00 5.669754000000000183e-01 2.470937000000000161e+00 1.349836999999999954e+00 1.770089000000000024e+00 4.210104000000000291e+00 1.370939000000000085e+01 1.079517000000000060e+01 1.661689000000000149e+01 0.000000000000000000e+00 0.000000000000000000e+00 1.061591999999999913e+01 0.000000000000000000e+00 3.476049999999999973e-01 -9.999000000000000000e+03 -9.999000000000000000e+03 -9.999000000000000000e+03 -9.999000000000000000e+03 -9.999000000000000000e+03 -9.999000000000000000e+03
1.608303000000000038e+00 1.893100000000000005e+00 4.016250999999999571e+00 7.626108999999999583e+00 1.165892000000000017e+01 4.763908000000000129e+02 0.000000000000000000e+00 0.000000000000000000e+00 2.601041999999999987e+01 2.201041999999999987e+01 4.217101999999999684e+00 3.217102000000000128e+00 2.217102000000000128e+00 1.622268999999999961e+00 2.609526999999999930e+00 0.000000000000000000e+00 0.000000000000000000e+00 0.000000000000000000e+00 1.470936999999999939e+00 3.327555999999999958e+00 9.142715000000000813e+00 1.147500999999999927e+01 1.349421000000000070e+01 9.301256000000000412e+00 4.052861000000000047e+00 1.943593999999999877e-01 9.863576999999999373e+00 0.000000000000000000e+00 9.145671000000000106e+00 0.000000000000000000e+00 -9.999000000000000000e+03 -9.999000000000000000e+03 -9.999000000000000000e+03 -9.999000000000000000e+03 -9.999000000000000000e+03 -9.999000000000000000e+03 -9.999000000000000000e+03
0.000000000000000000e+00 3.904659999999999798e+00 3.781508000000000091e+00 7.617998000000000047e+00 1.350540999999999947e+01 1.205733000000000033e+01 4.536995000000000005e+02 0.000000000000000000e+00 2.000000000000000000e+00 1.247700999999999993e+01 3.199321999999999999e+00 2.199321999999999999e+00 1.858888000000000096e+00 6.229742999999999808e-01 0.000000000000000000e+00 1.000000000000000000e+00 0.000000000000000000e+00 0.000000000000000000e+00 2.840371000000000201e+00 5.164996999999999616e+00 1.669640000000000013e+00 1.165286999999999962e+00 8.271190999999999960e-01 9.172881000000000284e+00 0.000000000000000000e+00 5.490967000000000375e+00 2.372609999999999886e+00 1.962426999999999921e+00 2.213727000000000000e+00 4.397670000000000190e-01 -9.999000000000000000e+03 -9.999000000000000000e+03 -9.999000000000000000e+03 -9.999000000000000000e+03 -9.999000000000000000e+03 -9.999000000000000000e+03 -9.999000000000000000e+03
1.453567999999999971e+00 8.005515000000000825e+00 1.283629999999999960e+01 1.211983999999999995e+01 1.168430000000000035e+01 4.493220000000000027e+02 0.000000000000000000e+00 3.775047000000000263e-01 1.000000000000000000e+00 0.000000000000000000e+00 9.594001000000000445e+00 2.652658000000000182e+00 1.698901999999999912e+00 9.329562000000000133e-01 0.000000000000000000e+00 5.155239000000000349e-01 0.000000000000000000e+00 0.000000000000000000e+00 4.892224999999999824e+00 1.223206000000000016e+00 0.000000000000000000e+00 1.000000000000000000e+00 3.510206000000000159e+00 3.662675000000000125e+00 0.000000000000000000e+00 3.746173000000000197e+00 1.778923999999999950e+00 3.867262000000000199e-01 1.287131000000000025e+00 -9.999000000000000000e+03 -9.999000000000000000e+03 -9.999000000000000000e+03 -9.999000000000000000e+03 -9.999000000000000000e+03 -9.999000000000000000e+03 -9.999000000000000000e+03 -9.999000000000000000e+03
6.741404000000000174e+00 4.658357999999999777e+00 3.963112000000000190e+00 7.119491000000000014e+00 9.134054000000000784e+00 4.840798999999999808e+01 3.842894999999999754e+02 2.228440999999999974e+02 2.102739000000000136e-01 0.000000000000000000e+00 4.587265999999999622e+00 3.941342999999999819e+00 2.806865999999999861e+00 3.092689000000000021e+00 3.999757999999999925e+00 1.965721000000000052e+00 0.000000000000000000e+00 0.000000000000000000e+00 1.424298999999999982e+00 1.575701000000000018e+00 0.000000000000000000e+00 0.000000000000000000e+00 1.470701000000000036e+00 1.723656999999999995e+00 4.674998000000000209e-01 1.532499999999999973e+00 0.000000000000000000e+00 0.000000000000000000e+00 0.000000000000000000e+00 -9.999000000000000000e+03 -9.999000000000000000e+03 -9.999000000000000000e+03 -9.999000000000000000e+03 -9.999000000000000000e+03 -9.999000000000000000e+03 -9.999000000000000000e+03 -9.999000000000000000e+03
5.839197000000000415e+00 3.066927000000000181e+00 4.376826999999999579e+00 7.489494999999999791e+00 2.629356999999999900e+01 4.273411000000000115e+01 5.753390999999999877e+01 8.541460999999999615e+01 2.955414000000000101e+02 0.000000000000000000e+00 1.613523999999999958e+01 5.156641999999999726e+00 5.317611999999999561e+00 3.511388999999999871e+00 1.227168000000000037e+00 5.187553999999999776e-01 0.000000000000000000e+00 0.000000000000000000e+00 0.000000000000000000e+00 0.000000000000000000e+00 -9.999000000000000000e+03 0.000000000000000000e+00 0.000000000000000000e+00 0.000000000000000000e+00 0.000000000000000000e+00 0.000000000000000000e+00 -9.999000000000000000e+03 -9.999000000000000000e+03 -9.999000000000000000e+03 -9.999000000000000000e+03 -9.999000000000000000e+03 -9.999000000000000000e+03 -9.999000000000000000e+03 -9.999000000000000000e+03 -9.999000000000000000e+03 -9.999000000000000000e+03 -9.999000000000000000e+03
4.319945999999999842e+00 3.441729000000000038e+00 7.397027999999999714e+00 2.324400999999999939e+01 1.514417000000000080e+01 6.651475000000000648e+01 1.163683999999999941e+01 7.078592000000000439e+00 2.572355000000000058e-01 2.933596000000000004e+02 5.801817999999999920e+00 4.965781999999999918e+00 2.393429999999999946e+00 1.802580000000000071e+00 2.102676999999999907e+00 6.332360999999999684e-01 0.000000000000000000e+00 0.000000000000000000e+00 -9.999000000000000000e+03 -9.999000000000000000e+03 -9.999000000000000000e+03 -9.999000000000000000e+03 -9.999000000000000000e+03 -9.999000000000000000e+03 -9.999000000000000000e+03 -9.999000000000000000e+03 -9.999000000000000000e+03 -9.999000000000000000e+03 -9.999000000000000000e+03 -9.999000000000000000e+03 -9.999000000000000000e+03 -9.999000000000000000e+03 -9.999000000000000000e+03 -9.999000000000000000e+03 -9.999000000000000000e+03 -9.999000000000000000e+03 -9.999000000000000000e+03
5.463337000000000110e+00 5.452378000000000391e+00 2.780214000000000141e+01 2.853943999999999903e+01 5.204569999999999652e+01 2.011595000000000155e+01 5.370840000000000281e+00 1.900489000000000095e+00 1.848093999999999903e+00 2.752243000000000279e+02 5.105908000000000335e+00 7.118724000000000274e+00 5.958772999999999875e+00 3.713975000000000026e+00 8.087564000000000419e-01 3.667639999999999789e-01 4.018548000000000120e-01 5.981452000000000435e-01 -9.999000000000000000e+03 -9.999000000000000000e+03 -9.999000000000000000e+03 -9.999000000000000000e+03 -9.999000000000000000e+03 -9.999000000000000000e+03 -9.999000000000000000e+03 -9.999000000000000000e+03 -9.999000000000000000e+03 -9.999000000000000000e+03 -9.999000000000000000e+03 -9.999000000000000000e+03 -9.999000000000000000e+03 -9.999000000000000000e+03 -9.999000000000000000e+03 -9.999000000000000000e+03 -9.999000000000000000e+03 -9.999000000000000000e+03 -9.999000000000000000e+03
