testcase_input/parameters/flowacc_p.dat
NCOLS         214
NROWS         263
XLLCORNER     382500.0
YLLCORNER     7541702.0
CELLSIZE      16.0
NODATA_VALUE  -9999
[rows 112 to 127 of 263, columns 74 to 110 of 214]
1.011028800000000047e+04 2.560000000000000000e+02 2.560000000000000000e+02 5.688889000000000351e+02 2.560000000000000000e+02 9.672294000000000551e+02 4.408824700000000121e+03 3.930226299999999810e+03 3.125723599999999806e+03 1.156718399999999929e+04 2.018331800000000047e+06 3.811555500000000052e+02 8.955575599999999667e+02 4.209777799999999957e+02 3.489023400000000038e+03 3.236186999999999898e+04 4.594846700000000055e+03 4.320220999999999549e+03 4.151605999999999767e+03 3.984142299999999977e+03 3.907407999999999902e+03 3.221572500000000218e+03 2.283161900000000060e+03 2.369659700000000157e+03 2.438838099999999940e+03 2.654802999999999884e+03 2.509197799999999916e+03 2.660572000000000116e+03 3.146401600000000144e+03 3.859315700000000106e+03 3.403278299999999945e+03 4.131839399999999841e+03 4.073193000000000211e+03 4.854005400000000009e+03 4.864353500000000167e+03 4.703759299999999712e+03 4.542212400000000343e+03
8.159322799999999916e+03 2.560000000000000000e+02 2.560000000000000000e+02 5.290666499999999814e+02 2.560000000000000000e+02 4.148264000000000124e+03 1.396436400000000049e+03 7.300545399999999972e+03 9.366289000000000669e+03 3.889406700000000001e+03 7.831185000000000400e+03 1.994415199999999953e+06 5.152868999999999460e+02 2.560000000000000000e+02 2.560000000000000000e+02 3.142001200000000154e+03 3.210586999999999898e+04 3.201934000000000196e+03 2.761418200000000070e+03 2.966942599999999857e+03 2.756755000000000109e+03 2.104090299999999843e+03 2.682711999999999989e+03 2.663464399999999841e+03 2.270130900000000111e+03 1.959161599999999908e+03 1.574578099999999949e+03 1.798061200000000099e+03 2.478312500000000000e+03 3.225937500000000000e+03 3.753178699999999935e+03 3.584247299999999996e+03 3.221827999999999975e+03 3.921233600000000024e+03 4.770314000000000306e+03 4.499318400000000111e+03 4.112056599999999889e+03
6.089344699999999648e+03 2.560000000000000000e+02 2.560000000000000000e+02 4.778666699999999992e+02 1.850026599999999917e+03 3.207477499999999964e+03 7.044545399999999972e+03 4.929944999999999709e+03 7.431968799999999646e+03 9.739522999999999229e+03 8.433045000000000073e+03 1.992736000000000000e+06 5.575111000000000558e+02 2.673777799999999729e+02 2.560000000000000000e+02 4.058439499999999953e+03 2.690683799999999974e+04 2.769608000000000175e+03 3.770411999999999807e+03 3.712971399999999903e+03 3.544498500000000149e+03 3.752323699999999917e+03 2.965539999999999964e+03 3.208665800000000218e+03 3.089999299999999948e+03 2.473617699999999786e+03 2.626126200000000154e+03 2.370126200000000154e+03 2.378391999999999825e+03 2.387690999999999804e+03 2.480500500000000102e+03 2.667320000000000164e+03 3.296449500000000171e+03 3.194771499999999833e+03 3.408363800000000083e+03 5.008447299999999814e+03 6.669026399999999740e+03
5.616829600000000028e+03 2.560000000000000000e+02 2.560000000000000000e+02 9.784888999999999442e+02 1.146500700000000052e+03 2.504421100000000024e+03 1.051637600000000020e+04 1.116529900000000089e+04 1.967871500000000015e+04 1.503176699999999983e+04 1.054734499999999935e+04 1.983496100000000093e+06 2.560000000000000000e+02 4.177976599999999962e+03 2.560000000000000000e+02 9.005777000000000044e+03 3.922009300000000167e+03 1.494052200000000084e+04 1.249166899999999987e+04 6.057197000000000116e+03 5.530258300000000418e+03 5.394127999999999702e+03 3.412180699999999888e+03 3.516690200000000004e+03 3.578806399999999940e+03 3.738157200000000103e+03 4.123606999999999971e+03 4.244934599999999591e+03 3.503062699999999950e+03 2.885481699999999819e+03 2.277143000000000029e+03 2.275024399999999787e+03 2.672237999999999829e+03 3.397834699999999884e+03 3.966114500000000135e+03 2.909184999999999945e+03 2.618581999999999880e+03
8.571259000000000015e+02 4.405095999999999549e+03 2.560000000000000000e+02 2.560000000000000000e+02 4.494221999999999753e+02 1.247883499999999913e+04 2.454592199999999866e+04 1.403484599999999955e+04 2.070036599999999908e+03 1.734933500000000095e+03 1.698385099999999966e+03 7.763727400000000216e+02 1.969967800000000047e+06 2.761924599999999919e+04 2.566015799999999945e+04 1.224808599999999933e+04 1.789727100000000064e+04 2.062130299999999988e+04 2.106111300000000119e+04 2.257522499999999854e+04 1.822883199999999852e+04 1.689881200000000172e+04 1.692548199999999997e+04 7.588238999999999578e+03 5.807352499999999964e+03 5.551352499999999964e+03 4.653903000000000247e+03 3.557327099999999973e+03 3.324090299999999843e+03 2.166347000000000207e+03 2.269437699999999950e+03 2.265117400000000089e+03 2.583150999999999840e+03 3.378122299999999996e+03 3.267337399999999889e+03 3.178570600000000013e+03 3.246107700000000023e+03
3.413333400000000211e+02 3.765454600000000028e+03 4.020147999999999797e+02 2.560000000000000000e+02 3.185778000000000247e+02 3.643488300000000163e+04 2.560000000000000000e+02 6.030221999999999980e+02 7.159150399999999763e+02 9.797362000000000535e+02 9.366708999999999605e+02 2.970913000000000011e+03 1.937356899999999907e+06 2.509533199999999852e+04 2.882498199999999997e+04 2.368093000000000029e+04 2.133443600000000151e+04 1.543451599999999962e+04 1.081073999999999978e+04 1.297480500000000029e+04 1.115859000000000015e+04 9.666180000000000291e+03 6.833286600000000362e+03 1.479889500000000044e+04 1.357616200000000026e+04 1.180930600000000049e+04 1.059391200000000026e+04 1.042308400000000074e+04 8.947918999999999869e+03 8.982229999999999563e+03 8.804728999999999360e+03 9.617319999999999709e+03 8.787286000000000058e+03 7.650322299999999814e+03 7.394322299999999814e+03 8.030612299999999777e+03 8.533111000000000786e+03
2.373910199999999804e+03 7.720453999999999724e+02 4.380444299999999771e+02 2.560000000000000000e+02 3.925333299999999781e+02 3.579861299999999756e+04 2.560000000000000000e+02 2.787555500000000279e+02 5.961955600000000004e+02 8.508386000000000422e+02 2.350856000000000222e+03 1.230918200000000070e+03 1.908418100000000093e+06 9.336197000000000116e+03 4.270465299999999843e+03 1.804412299999999959e+04 2.018899000000000160e+04 1.499186499999999978e+04 1.885096700000000055e+04 1.992317799999999988e+04 2.261337500000000000e+04 2.079387500000000000e+04 2.275476800000000003e+04 1.695134400000000096e+04 1.630126599999999962e+04 1.359770999999999913e+04 1.079317799999999988e+04 8.506707000000000335e+03 7.090039999999999964e+03 6.369426300000000083e+03 5.272304699999999684e+03 2.913137700000000223e+03 2.143807099999999991e+03 1.367273999999999887e+03 1.219691000000000031e+03 1.141213099999999940e+03 1.593383499999999913e+03
2.616888999999999896e+02 2.560000000000000000e+02 2.560000000000000000e+02 2.560000000000000000e+02 6.712889000000000124e+02 3.473769499999999971e+04 2.560000000000000000e+02 4.323555600000000254e+02 8.074429999999999836e+02 1.924688400000000001e+03 1.153346199999999953e+03 1.244698699999999917e+03 1.898325199999999953e+06 8.363436000000000377e+02 6.528865999999999985e+03 1.003616400000000067e+04 1.140398999999999978e+04 1.207609699999999975e+04 1.109054000000000087e+04 1.058206699999999910e+04 1.290758400000000074e+04 1.584789700000000084e+04 1.500468200000000070e+04 1.560212900000000081e+04 1.444263800000000083e+04 1.781285399999999936e+04 1.973208599999999933e+04 1.548351000000000022e+04 1.450504800000000068e+04 1.055095000000000073e+04 6.160398000000000138e+03 5.172878999999999905e+03 3.299983000000000175e+03 2.628943800000000010e+03 1.901451900000000023e+03 2.064276400000000194e+03 1.833509900000000016e+03
9.159111299999999574e+02 2.560000000000000000e+02 2.560000000000000000e+02 2.560000000000000000e+02 4.721777599999999779e+02 3.399511000000000058e+04 2.560000000000000000e+02 6.257777999999999565e+02 5.897481699999999591e+02 1.615222999999999956e+03 7.580295399999999972e+02 3.134458500000000186e+03 1.893041600000000093e+06 2.560000000000000000e+02 2.675165599999999904e+04 1.130255899999999929e+04 4.551965299999999843e+03 1.292864700000000084e+04 6.876392600000000130e+03 5.680629399999999805e+03 5.676937500000000000e+03 6.098554699999999684e+03 8.763832000000000335e+03 1.320180899999999929e+04 1.561981899999999951e+04 1.494879600000000028e+04 1.499281899999999951e+04 1.920336699999999837e+04 1.485511499999999978e+04 1.289230099999999948e+04 1.348103800000000047e+04 8.830475000000000364e+03 5.991261700000000019e+03 4.306302200000000084e+03 2.723062500000000000e+03 2.275195299999999861e+03 2.142985400000000027e+03
4.835555400000000077e+02 2.560000000000000000e+02 2.560000000000000000e+02 7.224888999999999442e+02 3.363418000000000029e+04 2.560000000000000000e+02 5.120000000000000000e+02 7.338666399999999612e+02 1.110218299999999999e+03 2.560000000000000000e+02 3.238265899999999874e+03 6.326446299999999610e+03 2.382003999999999905e+03 1.884077199999999953e+06 1.760588999999999942e+04 2.574044299999999930e+04 2.563264600000000064e+04 1.924015199999999822e+04 1.435648099999999977e+04 1.341264999999999964e+04 1.066086599999999999e+04 1.040486599999999999e+04 1.014886599999999999e+04 1.141484599999999955e+04 1.195590600000000086e+04 1.120828199999999924e+04 9.294049000000000888e+03 8.705585999999999331e+03 1.584297400000000016e+04 2.114112700000000041e+04 2.124049799999999959e+04 1.459103299999999945e+04 1.178359900000000016e+04 6.172100599999999758e+03 7.606414999999999964e+03 6.945935999999999694e+03 4.265497599999999693e+03
2.560000000000000000e+02 2.560000000000000000e+02 2.560000000000000000e+02 3.239968999999999869e+04 2.560000000000000000e+02 2.560000000000000000e+02 4.380444299999999771e+02 7.736888999999999896e+02 1.832404500000000098e+03 3.301405799999999999e+03 4.510921000000000276e+03 3.986257599999999911e+03 4.576186999999999898e+03 1.834941899999999907e+06 5.410636700000000019e+03 1.220835000000000036e+04 1.920913300000000163e+04 1.765514300000000003e+04 2.758356599999999889e+04 4.976648000000000138e+03 6.309774400000000242e+03 6.810496600000000399e+03 7.562880400000000009e+03 8.135016999999999825e+03 8.441804000000000087e+03 9.291317999999999302e+03 1.100825100000000020e+04 1.275208599999999933e+04 1.182720199999999932e+04 1.150972199999999975e+04 1.347482699999999932e+04 2.259742199999999866e+04 2.335137900000000081e+04 2.613469299999999930e+04 2.469074799999999959e+04 1.635544299999999930e+04 1.175433300000000054e+04
2.560000000000000000e+02 2.560000000000000000e+02 9.500444300000000339e+02 3.163586100000000079e+04 2.560000000000000000e+02 2.560000000000000000e+02 5.973333000000000084e+02 1.258728100000000040e+03 2.183402000000000044e+03 2.952024699999999939e+03 5.086715000000000146e+03 4.984831000000000131e+03 2.089695299999999861e+03 1.828444600000000093e+06 2.560000000000000000e+02 4.914485999999999876e+03 6.352480499999999665e+03 1.524120099999999911e+04 1.644717199999999866e+04 4.038497699999999895e+04 2.944570500000000175e+04 5.778867000000000189e+03 6.553281699999999546e+03 6.124912599999999657e+03 6.122452599999999620e+03 5.999781200000000354e+03 6.461753999999999905e+03 6.012057999999999993e+03 5.016626500000000306e+03 5.422833999999999833e+03 6.838457000000000335e+03 9.526584999999999127e+03 1.407356250000000000e+04 1.449870499999999993e+04 1.336438400000000001e+04 1.913519700000000012e+04 1.900399799999999959e+04
5.120000000000000000e+02 2.560000000000000000e+02 3.527111199999999940e+02 6.473955700000000206e+02 2.938002699999999822e+04 2.560000000000000000e+02 1.364172900000000027e+03 4.213432600000000093e+03 5.546648000000000138e+03 7.581577599999999620e+03 4.728831000000000131e+03 1.223425799999999981e+03 9.097968999999999141e+03 1.811607899999999907e+06 9.148197000000000116e+03 2.241737099999999919e+04 1.993191399999999931e+03 2.442925299999999879e+03 1.938820799999999963e+03 1.673202500000000100e+03 1.275482200000000012e+04 3.515293800000000192e+04 6.421870600000000195e+03 4.486639600000000428e+03 4.267890599999999722e+03 5.014863299999999981e+03 4.980206000000000131e+03 5.185104000000000269e+03 6.337419399999999769e+03 4.751538599999999860e+03 3.495607199999999921e+03 3.471007799999999861e+03 4.666947000000000116e+03 7.492627999999999702e+03 6.198800000000000182e+03 5.772633300000000418e+03 9.645925999999999476e+03
2.560000000000000000e+02 2.560000000000000000e+02 4.892444499999999721e+02 2.978593799999999828e+04 7.415831500000000233e+03 7.771956000000000131e+03 7.695747599999999693e+03 5.004292999999999665e+03 3.504553699999999935e+03 1.557935500000000047e+03 1.674390699999999924e+03 8.787594999999999345e+03 5.296717300000000250e+03 1.821950000000000045e+03 1.800998399999999907e+06 1.861509199999999964e+03 1.497943900000000031e+04 7.431728000000000065e+03 2.232941200000000208e+03 7.020089000000000397e+02 4.778666699999999992e+02 2.560000000000000000e+02 2.643626800000000003e+04 1.773100000000000000e+04 1.565607400000000052e+04 1.357445499999999993e+04 1.339477399999999943e+04 1.516012500000000000e+04 1.524285449999999946e+04 1.577015699999999924e+04 1.499897199999999975e+04 1.399372700000000077e+04 1.233836599999999999e+04 1.121826399999999921e+04 9.977447000000000116e+03 8.334968999999999141e+03 5.740141999999999825e+03
2.560000000000000000e+02 2.560000000000000000e+02 2.943209000000000015e+04 6.497921999999999571e+03 3.754666700000000219e+02 5.313422000000000480e+02 2.560000000000000000e+02 1.237734999999999900e+03 1.362490700000000061e+03 7.952165499999999838e+02 3.316837199999999939e+03 1.080153700000000026e+04 7.046774999999999636e+03 8.410692999999999302e+03 1.778788899999999907e+06 5.523989300000000185e+03 6.020658999999999651e+03 1.058460699999999997e+04 1.459938199999999961e+04 1.486949500000000080e+04 8.508261000000000422e+03 3.969750500000000102e+03 4.516723600000000260e+03 1.052305500000000029e+04 8.688127000000000407e+03 9.254772999999999229e+03 9.322619000000000597e+03 6.857529300000000148e+03 6.554091999999999643e+03 7.267029300000000148e+03 7.575582500000000437e+03 6.743209499999999935e+03 4.843939500000000407e+03 5.181386000000000422e+03 8.000043999999999869e+03 8.547956000000000131e+03 8.993450999999999112e+03
5.120000000000000000e+02 2.560000000000000000e+02 3.511081199999999808e+04 2.560000000000000000e+02 4.892444499999999721e+02 6.039071699999999510e+02 9.883608400000000529e+02 5.765914299999999457e+02 7.352952999999999975e+02 3.203201700000000073e+03 2.193063000000000102e+03 1.389022199999999975e+04 5.231481399999999667e+03 5.359351599999999962e+03 1.765568100000000093e+06 7.038432600000000093e+03 5.482536600000000362e+03 5.676524400000000242e+03 5.175654999999999745e+03 5.114701000000000022e+03 1.093207799999999952e+04 1.006194499999999971e+04 9.421715000000000146e+03 1.085413600000000042e+04 1.272137999999999920e+04 1.246537999999999920e+04 9.149226000000000568e+03 8.448310999999999694e+03 7.341981999999999971e+03 6.314637700000000223e+03 6.110764600000000428e+03 5.965282699999999750e+03 6.223561999999999898e+03 2.546349600000000009e+03 2.535634000000000015e+03 4.207837400000000343e+03 6.179239300000000185e+03
