testcase_input/parameters/flowacc_r_g.dat
ncols         214
nrows         263
xllcorner     382500
yllcorner     7541702
cellsize      16
NODATA_value  -9999
[rows 128 to 143 of 263, columns 37 to 73 of 214]
-9.999000000000000000e+03 -9.999000000000000000e+03 -9.999000000000000000e+03 -9.999000000000000000e+03 -9.999000000000000000e+03 -9.999000000000000000e+03 -9.999000000000000000e+03 -9.999000000000000000e+03 -9.999000000000000000e+03 -9.999000000000000000e+03 -9.999000000000000000e+03 -9.999000000000000000e+03 -9.999000000000000000e+03 0.000000000000000000e+00 1.704881000000000029e+02 0.000000000000000000e+00 0.000000000000000000e+00 2.272663999999999973e+01 3.292699999999999960e+01 1.617718999999999951e+01 2.088988000000000067e+00 1.228995999999999977e+00 0.000000000000000000e+00 9.608577999999999975e+01 5.656601000000000212e+00 6.905618999999999730e+00 2.920494000000000145e+00 1.777605000000000102e+00 0.000000000000000000e+00 2.000000000000000000e+00 0.000000000000000000e+00 0.000000000000000000e+00 0.000000000000000000e+00 0.000000000000000000e+00 0.000000000000000000e+00 1.277093999999999951e+00 1.232519000000000062e+02
-9.999000000000000000e+03 -9.999000000000000000e+03 -9.999000000000000000e+03 -9.999000000000000000e+03 -9.999000000000000000e+03 -9.999000000000000000e+03 -9.999000000000000000e+03 -9.999000000000000000e+03 -9.999000000000000000e+03 -9.999000000000000000e+03 -9.999000000000000000e+03 -9.999000000000000000e+03 -9.999000000000000000e+03 0.000000000000000000e+00 1.561663000000000068e+02 1.233658999999999928e+01 2.004675999999999902e+01 6.157917000000000307e+00 2.644895999999999958e+01 1.280592000000000041e+01 2.216158000000000072e+00 0.000000000000000000e+00 0.000000000000000000e+00 9.441373000000000104e+01 2.869552999999999798e+00 6.379672000000000232e+00 5.241529999999999800e-01 1.222394999999999898e+00 1.405462999999999907e+00 0.000000000000000000e+00 0.000000000000000000e+00 0.000000000000000000e+00 8.385943999999999621e-01 1.208479999999999999e+00 1.277596999999999916e+01 1.177327999999999975e+02 0.000000000000000000e+00
-9.999000000000000000e+03 -9.999000000000000000e+03 -9.999000000000000000e+03 -9.999000000000000000e+03 -9.999000000000000000e+03 -9.999000000000000000e+03 -9.999000000000000000e+03 -9.999000000000000000e+03 -9.999000000000000000e+03 -9.999000000000000000e+03 -9.999000000000000000e+03 -9.999000000000000000e+03 -9.999000000000000000e+03 0.000000000000000000e+00 1.426333999999999946e+02 1.774510000000000076e+01 2.248124999999999929e+01 8.193552000000000390e+00 2.134994000000000014e+01 1.133778000000000041e+01 1.447726999999999986e+00 0.000000000000000000e+00 3.865977000000000174e+01 5.097377000000000180e+01 2.119854000000000127e+00 3.750985000000000014e+00 3.158586999999999811e+00 1.000000000000000000e+00 0.000000000000000000e+00 0.000000000000000000e+00 0.000000000000000000e+00 0.000000000000000000e+00 8.364972000000000518e-01 2.012415999999999983e+00 9.660414000000000101e+01 1.256243000000000087e+01 0.000000000000000000e+00
-9.999000000000000000e+03 -9.999000000000000000e+03 -9.999000000000000000e+03 -9.999000000000000000e+03 -9.999000000000000000e+03 -9.999000000000000000e+03 -9.999000000000000000e+03 -9.999000000000000000e+03 -9.999000000000000000e+03 -9.999000000000000000e+03 -9.999000000000000000e+03 -9.999000000000000000e+03 -9.999000000000000000e+03 4.148398999999999859e+01 9.579712999999999568e+01 1.138057000000000052e+01 2.176639000000000124e+01 1.530028000000000077e+01 1.787855000000000061e+01 1.099367999999999945e+01 1.258096000000000103e+00 0.000000000000000000e+00 3.606186000000000291e+01 4.795551999999999992e+01 4.169741000000000142e+00 2.341901999999999873e-01 3.455445999999999795e+00 0.000000000000000000e+00 0.000000000000000000e+00 0.000000000000000000e+00 0.000000000000000000e+00 1.983247999999999900e+00 3.308155999999999874e+00 4.255893000000000370e+00 1.029107000000000056e+02 0.000000000000000000e+00 0.000000000000000000e+00
-9.999000000000000000e+03 -9.999000000000000000e+03 -9.999000000000000000e+03 -9.999000000000000000e+03 -9.999000000000000000e+03 -9.999000000000000000e+03 -9.999000000000000000e+03 -9.999000000000000000e+03 -9.999000000000000000e+03 -9.999000000000000000e+03 -9.999000000000000000e+03 -9.999000000000000000e+03 -9.999000000000000000e+03 8.040470999999999435e+01 4.789853999999999701e+01 1.696897999999999840e+01 0.000000000000000000e+00 3.545613000000000170e+01 1.542948999999999948e+01 1.019185000000000052e+01 7.876830999999999694e-01 2.123169000000000028e-01 3.271293000000000006e+01 4.791147000000000133e+01 8.014624999999999666e-01 2.761251999999999818e+00 1.304049999999999931e+00 0.000000000000000000e+00 0.000000000000000000e+00 4.096651000000000042e-01 2.239241999999999955e+00 3.255993999999999833e+00 2.952799999999999869e-01 1.009107000000000056e+02 0.000000000000000000e+00 0.000000000000000000e+00 2.948923999999999879e+00
-9.999000000000000000e+03 -9.999000000000000000e+03 -9.999000000000000000e+03 -9.999000000000000000e+03 -9.999000000000000000e+03 -9.999000000000000000e+03 -9.999000000000000000e+03 -9.999000000000000000e+03 -9.999000000000000000e+03 -9.999000000000000000e+03 -9.999000000000000000e+03 -9.999000000000000000e+03 -9.999000000000000000e+03 9.547500999999999749e+01 2.891734999999999900e+01 2.972840999999999845e+00 1.390703000000000067e+01 3.528094000000000108e+01 1.522125999999999912e+01 6.038471999999999618e+00 0.000000000000000000e+00 0.000000000000000000e+00 2.969836000000000098e+01 3.330613000000000312e+01 1.461991000000000085e+01 2.245356999999999825e+00 0.000000000000000000e+00 0.000000000000000000e+00 0.000000000000000000e+00 3.262516000000000105e+01 3.543363999999999692e+01 0.000000000000000000e+00 7.374395999999999951e+00 9.191231999999999402e+01 3.568979999999999819e+00 0.000000000000000000e+00 3.681976000000000138e+00
-9.999000000000000000e+03 -9.999000000000000000e+03 -9.999000000000000000e+03 -9.999000000000000000e+03 -9.999000000000000000e+03 -9.999000000000000000e+03 -9.999000000000000000e+03 -9.999000000000000000e+03 -9.999000000000000000e+03 -9.999000000000000000e+03 -9.999000000000000000e+03 -9.999000000000000000e+03 -9.999000000000000000e+03 9.542866999999999678e+01 3.178468000000000160e+01 9.732665000000000344e-01 4.035853999999999608e+00 4.612496000000000151e+01 1.099274999999999913e+01 7.397586999999999691e+00 0.000000000000000000e+00 3.645285999999999804e-01 9.445546000000000220e+00 2.980526000000000053e+01 3.353828000000000031e+01 3.646680999999999950e-01 0.000000000000000000e+00 1.376166000000000000e+00 3.003481999999999985e+01 4.461928000000000338e+00 4.291367000000000154e+00 4.641778999999999655e+01 4.561122000000000298e+01 4.069093999999999767e+01 3.767107000000000205e+00 0.000000000000000000e+00 2.533676999999999957e+00
-9.999000000000000000e+03 -9.999000000000000000e+03 -9.999000000000000000e+03 -9.999000000000000000e+03 -9.999000000000000000e+03 -9.999000000000000000e+03 -9.999000000000000000e+03 -9.999000000000000000e+03 -9.999000000000000000e+03 -9.999000000000000000e+03 -9.999000000000000000e+03 -9.999000000000000000e+03 -9.999000000000000000e+03 7.642077999999999349e+01 4.537279999999999802e+01 2.327979000000000021e+00 2.270261000000000084e+00 3.998602000000000345e+01 1.578880000000000017e+01 6.436064000000000007e+00 0.000000000000000000e+00 1.553159000000000067e-01 5.899398999999999837e+00 1.102584000000000009e+00 5.345978999999999814e+01 7.536526000000000280e+00 0.000000000000000000e+00 1.000000000000000000e+00 2.996424999999999983e+01 0.000000000000000000e+00 3.692779999999999951e+00 2.751281999999999894e-01 9.700379000000000085e-01 3.650018000000000029e+01 2.564403000000000099e-01 0.000000000000000000e+00 1.940002000000000115e-01
-9.999000000000000000e+03 -9.999000000000000000e+03 -9.999000000000000000e+03 -9.999000000000000000e+03 -9.999000000000000000e+03 -9.999000000000000000e+03 -9.999000000000000000e+03 -9.999000000000000000e+03 -9.999000000000000000e+03 -9.999000000000000000e+03 -9.999000000000000000e+03 -9.999000000000000000e+03 -9.999000000000000000e+03 3.840205999999999875e+01 5.523329999999999984e+01 3.208494000000000312e+01 3.598240000000000105e+00 3.259485999999999706e+01 1.948995000000000033e+01 5.724205000000000432e+00 3.145315000000000194e-01 6.237241999999999509e-01 3.279996999999999829e+00 0.000000000000000000e+00 0.000000000000000000e+00 5.784044999999999703e+01 0.000000000000000000e+00 0.000000000000000000e+00 2.896424999999999983e+01 1.967907999999999991e+00 0.000000000000000000e+00 0.000000000000000000e+00 2.758563000000000098e+00 3.073983000000000132e+01 1.509093000000000018e+00 3.150682000000000205e-01 0.000000000000000000e+00
-9.999000000000000000e+03 -9.999000000000000000e+03 -9.999000000000000000e+03 -9.999000000000000000e+03 -9.999000000000000000e+03 -9.999000000000000000e+03 -9.999000000000000000e+03 -9.999000000000000000e+03 -9.999000000000000000e+03 -9.999000000000000000e+03 -9.999000000000000000e+03 -9.999000000000000000e+03 -9.999000000000000000e+03 1.478464999999999918e+01 3.144204999999999828e+01 5.148317000000000121e+01 3.468318000000000012e+01 1.962015999999999849e+01 2.876514999999999844e+01 1.382014000000000076e+00 4.356225000000000236e+00 9.037214999999999554e-01 0.000000000000000000e+00 0.000000000000000000e+00 5.355895000000000294e+01 7.244412000000000074e-01 0.000000000000000000e+00 3.411143999999999843e-01 2.697393999999999892e+01 0.000000000000000000e+00 0.000000000000000000e+00 1.060583999999999971e+00 9.536046000000000245e-01 2.056803000000000026e+01 5.147852999999999568e+00 1.331198000000000103e+00 0.000000000000000000e+00
-9.999000000000000000e+03 -9.999000000000000000e+03 -9.999000000000000000e+03 -9.999000000000000000e+03 -9.999000000000000000e+03 -9.999000000000000000e+03 -9.999000000000000000e+03 -9.999000000000000000e+03 -9.999000000000000000e+03 -9.999000000000000000e+03 -9.999000000000000000e+03 -9.999000000000000000e+03 -9.999000000000000000e+03 -9.999000000000000000e+03 1.550173000000000023e+01 9.016327000000000425e+00 5.158051999999999992e+01 4.667484999999999928e+01 1.779841000000000051e+01 1.513982999999999990e+01 1.088527999999999940e+00 2.648916999999999966e+00 0.000000000000000000e+00 2.383064999999999856e+01 2.720900999999999925e+01 2.437297999999999965e-01 0.000000000000000000e+00 1.058200000000000029e+00 2.536356999999999928e+01 0.000000000000000000e+00 6.058394999999999753e-02 9.394160999999999762e-01 1.567485000000000017e+00 1.436368000000000045e+01 4.306905000000000427e+00 3.537343000000000015e-01 0.000000000000000000e+00
-9.999000000000000000e+03 -9.999000000000000000e+03 -9.999000000000000000e+03 -9.999000000000000000e+03 -9.999000000000000000e+03 -9.999000000000000000e+03 -9.999000000000000000e+03 -9.999000000000000000e+03 -9.999000000000000000e+03 -9.999000000000000000e+03 -9.999000000000000000e+03 -9.999000000000000000e+03 -9.999000000000000000e+03 -9.999000000000000000e+03 -9.999000000000000000e+03 1.211064999999999969e+01 1.351593000000000089e+01 5.788078999999999752e+01 3.287498000000000076e+01 3.115962000000000032e+01 2.380696999999999952e-01 1.549552999999999958e+00 0.000000000000000000e+00 4.661782000000000181e+01 1.665572000000000052e+00 0.000000000000000000e+00 0.000000000000000000e+00 2.511697999999999986e+00 1.831078000000000117e+01 4.030687000000000020e-01 0.000000000000000000e+00 0.000000000000000000e+00 9.755975999999999537e-01 1.023454000000000086e+01 2.045288000000000217e+00 0.000000000000000000e+00 0.000000000000000000e+00
-9.999000000000000000e+03 -9.999000000000000000e+03 -9.999000000000000000e+03 -9.999000000000000000e+03 -9.999000000000000000e+03 -9.999000000000000000e+03 -9.999000000000000000e+03 -9.999000000000000000e+03 -9.999000000000000000e+03 -9.999000000000000000e+03 -9.999000000000000000e+03 -9.999000000000000000e+03 -9.999000000000000000e+03 -9.999000000000000000e+03 -9.999000000000000000e+03 -9.999000000000000000e+03 1.517624999999999957e+01 4.639578999999999809e+01 3.982408999999999821e+01 3.813768999999999920e+01 2.548716999999999899e+00 0.000000000000000000e+00 0.000000000000000000e+00 4.453217000000000070e+01 7.512284999999999657e-01 0.000000000000000000e+00 0.000000000000000000e+00 1.879456000000000016e+00 6.160045000000000215e+00 6.489588999999999608e+00 0.000000000000000000e+00 0.000000000000000000e+00 3.642135000000000122e+00 4.255900999999999712e+00 0.000000000000000000e+00 0.000000000000000000e+00 3.150507999999999953e+01
-9.999000000000000000e+03 -9.999000000000000000e+03 -9.999000000000000000e+03 -9.999000000000000000e+03 -9.999000000000000000e+03 -9.999000000000000000e+03 -9.999000000000000000e+03 -9.999000000000000000e+03 -9.999000000000000000e+03 -9.999000000000000000e+03 -9.999000000000000000e+03 -9.999000000000000000e+03 -9.999000000000000000e+03 -9.999000000000000000e+03 -9.999000000000000000e+03 -9.999000000000000000e+03 -9.999000000000000000e+03 2.489591000000000065e+01 6.148843999999999710e+01 3.905017000000000138e+01 6.549019999999999619e+00 0.000000000000000000e+00 1.378777000000000008e+01 1.789919000000000082e+01 9.845202000000000453e+00 1.367132000000000014e+00 0.000000000000000000e+00 4.840868000000000393e+00 9.129059000000000479e-02 0.000000000000000000e+00 4.000000000000000000e+00 7.142644000000000215e-01 8.434296999999999489e-01 1.464498000000000077e+00 4.331160000000000010e-01 3.050507999999999953e+01 0.000000000000000000e+00
-9.999000000000000000e+03 -9.999000000000000000e+03 -9.999000000000000000e+03 -9.999000000000000000e+03 -9.999000000000000000e+03 -9.999000000000000000e+03 -9.999000000000000000e+03 -9.999000000000000000e+03 -9.999000000000000000e+03 -9.999000000000000000e+03 -9.999000000000000000e+03 -9.999000000000000000e+03 -9.999000000000000000e+03 -9.999000000000000000e+03 -9.999000000000000000e+03 -9.999000000000000000e+03 -9.999000000000000000e+03 -9.999000000000000000e+03 6.711741999999999564e+01 4.360269999999999868e+01 4.929446000000000438e+00 0.000000000000000000e+00 1.211476000000000042e+01 4.654644000000000226e+00 1.682045000000000101e+01 3.075050000000000061e+00 3.671322000000000196e-01 2.932157999999999820e+00 0.000000000000000000e+00 1.780988000000000016e+00 2.190118000000000065e-01 0.000000000000000000e+00 0.000000000000000000e+00 4.553076999999999819e-01 2.452851000000000070e+01 3.976567999999999881e+00 0.000000000000000000e+00
-9.999000000000000000e+03 -9.999000000000000000e+03 -9.999000000000000000e+03 -9.999000000000000000e+03 -9.999000000000000000e+03 -9.999000000000000000e+03 -9.999000000000000000e+03 -9.999000000000000000e+03 -9.999000000000000000e+03 -9.999000000000000000e+03 -9.999000000000000000e+03 -9.999000000000000000e+03 -9.999000000000000000e+03 -9.999000000000000000e+03 -9.999000000000000000e+03 -9.999000000000000000e+03 -9.999000000000000000e+03 -9.999000000000000000e+03 6.009329000000000320e+01 7.445655999999999608e+01 2.516755999999999993e+00 0.000000000000000000e+00 1.064415999999999940e+01 1.350783999999999985e+00 8.965087999999999724e+00 7.881179999999999630e+00 2.075050000000000061e+00 6.784194999999999809e-02 1.932158000000000042e+00 0.000000000000000000e+00 0.000000000000000000e+00 0.000000000000000000e+00 7.211336999999999886e-01 2.185917999999999850e+01 0.000000000000000000e+00 3.645894999999999886e+00 0.000000000000000000e+00
