testcase_input/parameters/flowacc.dat
ncols         214
nrows         263
xllcorner     382500
yllcorner     7541702
cellsize      16
NODATA_value  -9999
[rows 32 to 47 of 263, columns 37 to 73 of 214]
1.600000000000000000e+01 1.637543299999999872e+05 8.646444999999999709e+03 9.707651600000000326e+04 3.128888900000000106e+01 1.600000000000000000e+01 1.600000000000000000e+01 2.598954799999999977e+03 3.875555399999999651e+01 2.311111000000000004e+01 2.453333299999999895e+01 3.662222299999999819e+01 4.408888999999999925e+01 2.417777799999999999e+01 5.958321000000000112e+01 3.591111000000000075e+01 2.382222200000000001e+01 1.600000000000000000e+01 1.600000000000000000e+01 1.600000000000000000e+01 -9.999000000000000000e+03 1.600000000000000000e+01 2.913659400000000232e+02 6.111078299999999786e+01 3.282962799999999959e+01 1.600000000000000000e+01 3.377777999999999992e+01 1.600000000000000000e+01 1.600000000000000000e+01 1.600000000000000000e+01 4.444444299999999970e+01 4.582715999999999923e+01 1.600000000000000000e+01 1.600000000000000000e+01 6.328888700000000256e+01 5.920947999999999638e+02 1.600000000000000000e+01
1.119895250000000004e+02 1.586018099999999977e+05 5.136511700000000019e+03 1.600000000000000000e+01 9.706051600000000326e+04 9.703876600000000326e+04 9.702276600000000326e+04 4.234760699999999929e+02 2.542065999999999804e+03 3.551604999999999990e+01 8.023002999999999929e+01 1.036064999999999969e+02 8.819083000000000538e+01 4.115735600000000005e+01 6.159819999999999851e+01 1.864691399999999888e+01 4.286419699999999722e+01 5.213234700000000288e+01 3.247407499999999914e+01 2.346666700000000105e+01 1.600000000000000000e+01 3.233659400000000232e+02 1.600000000000000000e+01 1.157688899999999990e+02 3.626666600000000074e+01 1.600000000000000000e+01 1.013333360000000027e+02 4.800000000000000000e+01 1.600000000000000000e+01 1.600000000000000000e+01 1.955555499999999824e+01 8.633415999999999713e+01 2.495473300000000094e+01 3.520000000000000284e+01 6.973392300000000432e+02 1.600000000000000000e+01 6.065601000000000340e+02
4.799476000000000226e+02 1.563212200000000012e+05 7.279041500000000269e+03 9.148277000000000214e+01 2.974814800000000048e+01 1.742222200000000143e+01 1.600000000000000000e+01 9.656730000000000291e+04 8.334737999999999829e+02 2.262026100000000042e+03 1.967801500000000033e+03 1.793705799999999954e+03 6.030765999999999849e+02 1.715658699999999897e+02 1.046376400000000046e+02 2.748310999999999922e+02 8.696616000000000213e+01 1.080799300000000045e+02 4.325925999999999760e+01 1.600000000000000000e+01 2.547632000000000119e+02 1.212249500000000069e+02 8.140326000000000306e+01 1.413712600000000066e+02 8.001333999999999946e+01 1.231565400000000068e+02 2.382222200000000001e+01 2.346666700000000105e+01 1.600000000000000000e+01 1.635555599999999998e+01 4.555061700000000258e+01 6.002011999999999858e+01 7.782716000000000633e+01 7.596302500000000464e+02 1.600000000000000000e+01 6.225601000000000340e+02 1.600000000000000000e+01
4.854379999999999882e+02 3.671950000000000000e+04 1.193915399999999936e+05 1.257064899999999943e+04 5.019654500000000041e+01 3.057777799999999857e+01 1.600000000000000000e+01 9.655094000000000233e+04 1.600000000000000000e+01 8.668192999999999984e+02 1.600000000000000000e+01 1.600000000000000000e+01 1.123674600000000055e+03 1.506718499999999949e+03 1.470700399999999945e+03 1.232060799999999972e+03 1.356879900000000134e+02 5.724181000000000097e+01 3.982222399999999851e+01 1.600000000000000000e+01 3.826956799999999816e+02 4.205395000000000039e+01 3.607445700000000102e+02 1.520532699999999977e+02 9.056499999999999773e+01 3.399901200000000046e+01 3.164444400000000002e+01 2.453333299999999895e+01 1.600000000000000000e+01 1.600000000000000000e+01 8.091391000000000133e+01 1.084582000000000050e+02 6.442579000000000633e+01 4.211361400000000117e+02 5.248407999999999447e+02 5.119467500000000086e+02 4.449889999999999901e+01
9.422742299999999886e+02 3.053309600000000137e+04 3.522474199999999837e+04 8.432258999999999651e+04 1.448098500000000058e+04 1.600000000000000000e+01 7.630544000000000233e+04 9.537875000000000000e+04 1.140544399999999996e+03 1.097403700000000072e+03 1.914343399999999974e+03 1.836934199999999919e+03 1.226701999999999998e+03 2.472832700000000017e+01 2.192116499999999846e+01 1.600000000000000000e+01 1.210030199999999923e+03 4.553072500000000105e+02 2.817528399999999920e+02 1.350608799999999974e+02 6.476205400000000054e+02 4.382798199999999724e+02 6.153524999999999778e+01 1.024543149999999940e+02 6.632876000000000261e+01 4.061234699999999975e+01 4.756543400000000332e+01 2.524444400000000144e+01 2.275555599999999856e+01 1.600000000000000000e+01 7.810007500000000391e+01 1.170748499999999979e+02 5.377146599999999808e+02 1.600000000000000000e+01 6.318536000000000286e+02 4.895248000000000275e+02 6.068927999999999656e+01
1.547056100000000072e+02 8.650399999999999636e+03 3.086675600000000122e+04 6.601638999999999942e+04 1.482764400000000023e+05 1.626070799999999872e+05 8.616360000000000582e+04 1.716512300000000105e+05 2.133333400000000069e+01 1.600000000000000000e+01 3.885827299999999696e+01 3.118617199999999912e+01 1.671277800000000070e+03 2.093916999999999859e+02 6.546245000000000402e+01 2.664524499999999918e+01 2.618241000000000085e+01 7.287346000000000004e+02 6.122281000000000404e+02 7.251422999999999774e+02 1.258399600000000049e+02 1.600000000000000000e+01 1.357291700000000105e+02 6.281011199999999661e+01 8.101749999999999829e+01 6.356543400000000332e+01 4.068345599999999962e+01 3.577678999999999832e+01 1.953975300000000104e+01 1.600000000000000000e+01 6.150447499999999934e+01 3.370102499999999850e+02 4.026415400000000204e+02 2.773333399999999926e+01 1.072108400000000074e+03 1.338673599999999908e+02 3.472592499999999660e+01
8.143093000000000359e+01 3.394830299999999852e+02 7.150722500000000537e+01 1.162126899999999949e+02 8.555092000000000496e+01 7.289612999999999943e+01 1.277774699999999939e+02 1.210891600000000035e+05 1.366539200000000128e+05 1.600000000000000000e+01 1.600000000000000000e+01 2.204444499999999962e+01 1.344666500000000042e+03 2.128952299999999980e+02 1.921747000000000014e+02 3.079111100000000079e+01 2.082765399999999900e+01 1.207914399999999944e+02 1.157657800000000066e+02 9.857004999999999484e+01 1.955555499999999824e+01 1.517291700000000105e+02 1.600000000000000000e+01 5.020738999999999663e+01 5.932361999999999824e+01 6.818130999999999631e+01 4.908637199999999723e+01 4.943193999999999733e+01 5.451325200000000137e+01 1.671111099999999894e+01 6.930388000000000659e+01 4.417391400000000203e+02 3.529043300000000158e+02 5.276685299999999756e+01 1.198151100000000042e+03 3.606387000000000143e+01 3.728165599999999813e+02
1.571356000000000108e+02 2.186800700000000006e+02 5.306707800000000219e+01 3.362595699999999965e+01 1.166218099999999964e+02 5.736102000000000345e+01 5.119547000000000025e+01 1.674995900000000120e+02 1.209912700000000041e+05 2.561761099999999860e+05 1.600000000000000000e+01 1.600000000000000000e+01 5.898152499999999918e+02 7.288957000000000335e+02 2.356301599999999894e+02 3.134195300000000088e+02 1.848889000000000138e+01 1.671111099999999894e+01 9.290797999999999490e+01 2.690370400000000117e+01 1.600000000000000000e+01 3.013068499999999972e+02 1.250443599999999975e+02 7.005040999999999940e+01 5.460629699999999787e+01 9.405086000000000013e+01 1.093478199999999987e+02 7.234452000000000282e+01 1.600000000000000000e+01 1.600000000000000000e+01 2.986077500000000029e+01 5.916054000000000315e+02 3.139330699999999865e+02 7.375800000000000409e+02 5.547441999999999780e+02 4.079600800000000049e+02 4.482516499999999837e+01
1.071719499999999954e+02 1.560012700000000052e+02 3.075265900000000130e+01 3.965840000000000032e+01 3.249777600000000177e+01 1.094850540000000052e+02 1.131282960000000060e+02 8.947308999999999912e+01 1.089371799999999979e+02 8.367256999999999607e+03 2.490784400000000023e+05 1.600000000000000000e+01 4.982518400000000014e+01 8.130881000000000540e+02 5.113639499999999884e+02 1.246540200000000027e+02 2.937217400000000112e+02 1.600000000000000000e+01 1.600000000000000000e+01 3.591111000000000075e+01 1.600000000000000000e+01 3.427389499999999884e+02 3.468010699999999957e+01 8.175500999999999863e+01 1.496792900000000088e+02 1.201014559999999989e+02 4.333015400000000028e+01 2.168888899999999964e+01 1.600000000000000000e+01 2.773333399999999926e+01 1.684485300000000052e+02 6.636916499999999814e+02 2.538698100000000011e+02 9.510996000000000095e+02 6.939628000000000156e+02 5.561060299999999756e+01 9.650946000000000424e+01
1.577975999999999885e+02 4.498172799999999683e+01 3.549234400000000278e+01 3.131259299999999968e+01 2.062222300000000175e+01 1.117007600000000025e+02 1.121822099999999978e+02 8.545031000000000176e+01 6.760223999999999478e+01 1.338303299999999945e+04 3.260638000000000102e+04 2.113842300000000105e+05 3.235555599999999998e+01 2.204444499999999962e+01 5.946949499999999489e+02 9.665196499999999560e+02 9.778861699999999928e+02 1.188947899999999890e+03 1.159213700000000017e+03 1.128960000000000036e+03 1.107626600000000053e+03 4.623023000000000025e+02 3.271289400000000001e+02 3.042527799999999729e+02 1.545898300000000063e+02 8.778328000000000486e+01 7.207988000000000284e+01 5.237822700000000253e+01 8.788502499999999884e+01 2.068959399999999960e+02 1.600000000000000000e+01 8.974351500000000215e+01 1.430477699999999913e+03 8.899244999999999663e+02 2.943508299999999736e+02 1.365716899999999896e+02 1.304456199999999910e+02
3.591111000000000075e+01 2.702222300000000033e+01 3.271111299999999744e+01 2.026666600000000074e+01 1.600000000000000000e+01 1.185791899999999970e+02 7.961915000000000475e+01 9.316289999999999338e+01 5.735535399999999839e+01 8.003149399999999503e+01 4.583022299999999814e+04 2.113586400000000140e+05 1.600000000000000000e+01 1.600000000000000000e+01 2.880000000000000071e+01 3.520000000000000284e+01 8.050530999999999437e+01 6.965422999999999831e+01 3.090172799999999853e+01 2.915555600000000069e+01 1.600000000000000000e+01 2.865853999999999928e+02 3.805106999999999857e+02 1.430494999999999948e+02 1.844266800000000046e+02 1.391655900000000088e+02 1.504791700000000105e+02 1.877512399999999957e+02 2.011916500000000099e+02 3.413333500000000242e+01 1.600000000000000000e+01 3.793730000000000047e+01 1.069246300000000019e+03 1.660111200000000053e+03 1.792328599999999881e+02 1.320837600000000123e+02 1.021181700000000063e+02
5.297778000000000276e+01 3.200000000000000000e+01 1.600000000000000000e+01 1.600000000000000000e+01 2.239999999999999858e+01 1.387716800000000035e+02 2.513328200000000123e+01 8.558441999999999439e+01 3.038024700000000067e+01 5.975802199999999686e+01 1.087447800000000058e+02 2.570186199999999953e+05 3.647999999999999687e+01 1.600000000000000000e+01 1.600000000000000000e+01 1.600000000000000000e+01 1.600000000000000000e+01 1.600000000000000000e+01 3.648660300000000234e+01 2.491613600000000162e+01 4.458068000000000097e+01 4.593323999999999785e+01 2.693991399999999885e+02 4.072486299999999915e+02 1.140603799999999950e+02 4.412716999999999643e+03 4.310395999999999731e+03 2.081135700000000099e+02 6.873229999999999507e+01 6.652482999999999436e+01 5.393730000000000047e+01 1.600000000000000000e+01 1.600000000000000000e+01 2.939820600000000013e+03 1.763617000000000132e+02 1.539021500000000060e+02 1.405190100000000086e+02
-9.999000000000000000e+03 3.200000000000000000e+01 1.600000000000000000e+01 1.600000000000000000e+01 2.915555600000000069e+01 1.027494099999999975e+02 6.958441999999999439e+01 2.311111000000000004e+01 3.361975499999999784e+01 1.117705839999999995e+02 1.696887399999999957e+01 2.367040399999999920e+02 2.567369800000000105e+05 2.239999999999999858e+01 1.600000000000000000e+01 1.600000000000000000e+01 1.600000000000000000e+01 2.784500500000000102e+03 2.768500500000000102e+03 2.474608000000000175e+03 2.162699700000000121e+03 2.589746599999999944e+03 2.334280499999999847e+03 4.741937500000000000e+03 4.945748499999999694e+03 1.025153700000000072e+03 1.039346900000000005e+03 5.029622999999999593e+03 8.294576999999999600e+01 5.729889000000000010e+01 4.231110999999999933e+01 1.600000000000000000e+01 1.207928200000000061e+03 1.940773699999999963e+03 2.072279000000000053e+02 2.412145999999999901e+02 2.536257300000000043e+02
-9.999000000000000000e+03 -9.999000000000000000e+03 1.600000000000000000e+01 1.600000000000000000e+01 7.397925600000000657e+01 5.746567999999999898e+01 1.600000000000000000e+01 1.600000000000000000e+01 5.393505499999999842e+01 4.359932299999999827e+01 2.099055500000000052e+02 3.037073900000000037e+01 9.352667000000000144e+02 2.557482200000000012e+05 1.600000000000000000e+01 7.860937500000000000e+03 7.828226599999999962e+03 1.160757499999999993e+02 5.629261500000000069e+02 8.203891599999999471e+02 1.064632700000000114e+03 7.785442000000000462e+02 2.451034999999999854e+03 1.600000000000000000e+01 4.420614600000000110e+02 1.600000000000000000e+01 1.600000000000000000e+01 1.742222200000000143e+01 4.960169399999999769e+03 7.327593000000000529e+02 1.136823499999999967e+03 1.223928200000000061e+03 1.870517100000000028e+03 3.254661300000000210e+02 3.925078700000000254e+02 3.014514500000000226e+02 2.355394300000000101e+02
-9.999000000000000000e+03 -9.999000000000000000e+03 -9.999000000000000000e+03 1.600000000000000000e+01 3.164444400000000002e+01 3.935605000000000331e+01 1.824395000000000167e+01 4.334617200000000281e+01 4.329437599999999975e+01 1.274408800000000070e+02 8.083540000000000703e+01 1.021465800000000002e+02 7.557357000000000369e+01 7.415466000000000122e+02 2.557066199999999953e+05 1.600000000000000000e+01 1.600000000000000000e+01 4.880361299999999574e+03 1.167119749999999954e+02 2.158113899999999887e+02 5.994341399999999567e+02 1.965616800000000012e+03 3.672086199999999963e+02 4.587173000000000229e+02 2.951110999999999862e+01 1.600000000000000000e+01 1.742222200000000143e+01 1.600000000000000000e+01 1.600000000000000000e+01 4.182825700000000325e+03 3.700626499999999851e+03 2.311889200000000073e+03 1.466973500000000058e+03 5.145007299999999759e+02 2.692887000000000057e+02 1.996973099999999874e+02 1.875829600000000141e+02
-9.999000000000000000e+03 -9.999000000000000000e+03 -9.999000000000000000e+03 -9.999000000000000000e+03 1.600000000000000000e+01 2.524444400000000144e+01 2.275555599999999856e+01 3.498666800000000165e+01 4.482545999999999964e+01 1.167037349999999947e+02 6.222274999999999778e+01 7.400487499999999841e+01 8.892049400000000503e+01 4.229361000000000104e+02 2.453061500000000024e+02 2.478136900000000023e+05 1.600000000000000000e+01 2.447417000000000087e+02 4.040057400000000143e+03 3.382086200000000190e+03 2.030107299999999896e+03 2.434694399999999916e+02 1.655276599999999974e+02 6.472517999999999461e+01 2.884336899999999915e+01 2.025876600000000138e+01 5.654123299999999830e+01 1.600000000000000000e+01 1.600000000000000000e+01 1.600000000000000000e+01 2.915555600000000069e+01 1.255520999999999958e+03 9.223040999999999485e+02 5.413072499999999536e+02 1.308795599999999979e+02 5.743977700000000368e+02 5.268232000000000426e+02
