testcase_input/parameters/flowacc_r_g.dat
ncols         214
nrows         263
xllcorner     382500
yllcorner     7541702
cellsize      16
NODATA_value  -9999
[rows 64 to 79 of 263, columns 37 to 73 of 214]
-9.999000000000000000e+03 -9.999000000000000000e+03 -9.999000000000000000e+03 -9.999000000000000000e+03 -9.999000000000000000e+03 -9.999000000000000000e+03 -9.999000000000000000e+03 -9.999000000000000000e+03 -9.999000000000000000e+03 -9.999000000000000000e+03 -9.999000000000000000e+03 -9.999000000000000000e+03 -9.999000000000000000e+03 -9.999000000000000000e+03 0.000000000000000000e+00 3.377168000000000170e+00 3.915480000000000071e-01 1.801987000000000094e+01 1.253159999999999918e+01 3.048602999999999952e+01 1.259614000000000011e+00 8.172266999999999726e+00 5.460533000000000357e+02 6.237127999999999872e+01 1.442830999999999904e+02 3.284203000000000117e+01 2.875161999999999807e+03 0.000000000000000000e+00 2.572243999999999975e+00 3.778758999999999979e+00 2.896703000000000028e+00 2.190920000000000201e+00 1.129879000000000078e+00 0.000000000000000000e+00 0.000000000000000000e+00 0.000000000000000000e+00 8.299012999999999352e+01
-9.999000000000000000e+03 -9.999000000000000000e+03 -9.999000000000000000e+03 -9.999000000000000000e+03 -9.999000000000000000e+03 -9.999000000000000000e+03 -9.999000000000000000e+03 -9.999000000000000000e+03 -9.999000000000000000e+03 -9.999000000000000000e+03 -9.999000000000000000e+03 -9.999000000000000000e+03 -9.999000000000000000e+03 -9.999000000000000000e+03 1.000000000000000000e+00 4.568004999999999982e-01 5.431994999999999463e-01 2.800826999999999956e+01 2.861192000000000135e+01 1.133726999999999929e+00 1.475788999999999973e+01 1.723531999999999869e+02 4.053928000000000225e+02 8.230968000000000018e+01 1.551867000000000019e+02 1.468662999999999954e+02 2.277687999999999988e+02 2.534222999999999956e+03 1.734710999999999892e+00 1.778820000000000068e+00 3.342134999999999856e+00 2.809079999999999799e+00 8.701206000000000218e-01 0.000000000000000000e+00 8.803174999999999750e-01 5.078592000000000439e+00 1.281706000000000074e+02
-9.999000000000000000e+03 -9.999000000000000000e+03 -9.999000000000000000e+03 -9.999000000000000000e+03 -9.999000000000000000e+03 -9.999000000000000000e+03 -9.999000000000000000e+03 -9.999000000000000000e+03 -9.999000000000000000e+03 -9.999000000000000000e+03 -9.999000000000000000e+03 -9.999000000000000000e+03 -9.999000000000000000e+03 -9.999000000000000000e+03 0.000000000000000000e+00 0.000000000000000000e+00 1.252103999999999928e+01 4.173494000000000170e+01 0.000000000000000000e+00 1.425582999999999956e+01 1.625489000000000033e+02 1.474437999999999915e+00 3.689064000000000192e+02 1.999194999999999993e+02 1.824432999999999936e+02 1.122904000000000053e+02 1.312014000000000067e+02 1.444524000000000008e+01 2.515043000000000120e+03 7.313648999999999845e-01 5.096017999999999937e-01 0.000000000000000000e+00 0.000000000000000000e+00 0.000000000000000000e+00 2.581980000000000164e+00 1.370863999999999976e+02 1.538850999999999969e+00
-9.999000000000000000e+03 -9.999000000000000000e+03 -9.999000000000000000e+03 -9.999000000000000000e+03 -9.999000000000000000e+03 -9.999000000000000000e+03 -9.999000000000000000e+03 -9.999000000000000000e+03 -9.999000000000000000e+03 -9.999000000000000000e+03 -9.999000000000000000e+03 -9.999000000000000000e+03 -9.999000000000000000e+03 -9.999000000000000000e+03 -9.999000000000000000e+03 7.876761000000000124e+00 2.644273999999999791e+00 4.073494000000000170e+01 1.325582999999999956e+01 1.615489000000000033e+02 8.193318000000000545e-01 1.006586000000000070e+02 4.026134999999999877e+02 1.672498999999999967e+02 1.995093999999999994e+02 3.251924999999999955e+01 5.520058999999999827e+01 1.742098000000000013e+01 1.364295999999999953e+00 2.512777000000000044e+03 0.000000000000000000e+00 0.000000000000000000e+00 1.843810999999999922e-01 5.112431000000000125e+01 1.385432000000000130e+02 0.000000000000000000e+00 4.775634000000000015e+02
-9.999000000000000000e+03 -9.999000000000000000e+03 -9.999000000000000000e+03 -9.999000000000000000e+03 -9.999000000000000000e+03 -9.999000000000000000e+03 -9.999000000000000000e+03 -9.999000000000000000e+03 -9.999000000000000000e+03 -9.999000000000000000e+03 -9.999000000000000000e+03 -9.999000000000000000e+03 -9.999000000000000000e+03 -9.999000000000000000e+03 -9.999000000000000000e+03 9.521034999999999471e+00 2.523366999999999916e+00 5.174228999999999701e+01 1.603682000000000016e+02 0.000000000000000000e+00 1.108336000000000041e+02 1.066574999999999989e+02 3.206078999999999724e+02 3.166401000000000181e+02 4.142181999999999675e+01 2.259713999999999956e+01 1.468557000000000023e+01 1.351310999999999929e+01 1.422514999999999974e+00 0.000000000000000000e+00 2.509114000000000033e+03 2.472130000000000109e+03 2.451858999999999924e+03 9.385828999999999667e+01 5.431993000000000515e-01 1.020447999999999979e+03 1.459237000000000080e+03
-9.999000000000000000e+03 -9.999000000000000000e+03 -9.999000000000000000e+03 -9.999000000000000000e+03 -9.999000000000000000e+03 -9.999000000000000000e+03 -9.999000000000000000e+03 -9.999000000000000000e+03 -9.999000000000000000e+03 -9.999000000000000000e+03 -9.999000000000000000e+03 -9.999000000000000000e+03 -9.999000000000000000e+03 -9.999000000000000000e+03 3.387969000000000008e+00 9.039972000000000563e+00 1.347189000000000014e+01 1.798151000000000010e+01 1.753822000000000116e+02 1.098336000000000041e+02 7.007890999999999337e+01 1.134163999999999959e+02 4.456336000000000013e+02 1.347606000000000108e+02 8.243461999999999179e+00 2.495880000000000010e+01 1.852441999999999922e+01 0.000000000000000000e+00 1.409678999999999904e+00 6.685585999999999807e+00 2.938026999999999944e+00 3.992510000000000048e+01 0.000000000000000000e+00 2.303521000000000186e+03 1.694435999999999922e+03 9.241340999999999894e+02 1.231827000000000005e+01
-9.999000000000000000e+03 -9.999000000000000000e+03 -9.999000000000000000e+03 -9.999000000000000000e+03 -9.999000000000000000e+03 -9.999000000000000000e+03 -9.999000000000000000e+03 -9.999000000000000000e+03 -9.999000000000000000e+03 -9.999000000000000000e+03 -9.999000000000000000e+03 -9.999000000000000000e+03 -9.999000000000000000e+03 -9.999000000000000000e+03 2.943595000000000184e+00 1.337210999999999927e+01 1.184717999999999982e+01 1.274686999999999948e+01 2.272095999999999947e+02 1.250567000000000064e+02 5.825370000000000203e+01 3.834259000000000128e+02 1.588854000000000042e+02 8.780106000000000677e+01 8.688017999999999574e+00 2.195187999999999917e+01 1.953134999999999977e+01 0.000000000000000000e+00 3.438664000000000165e-01 3.056402999999999981e+00 3.976890000000000036e+00 3.610560999999999865e+01 1.696657999999999999e+00 2.343747000000000025e+00 6.032400999999999840e+02 9.007281000000000404e+01 1.189514999999999958e+02
-9.999000000000000000e+03 -9.999000000000000000e+03 -9.999000000000000000e+03 -9.999000000000000000e+03 -9.999000000000000000e+03 -9.999000000000000000e+03 -9.999000000000000000e+03 -9.999000000000000000e+03 -9.999000000000000000e+03 -9.999000000000000000e+03 -9.999000000000000000e+03 -9.999000000000000000e+03 -9.999000000000000000e+03 -9.999000000000000000e+03 0.000000000000000000e+00 1.431570999999999927e+01 2.081002000000000152e+01 2.349279999999999813e+00 3.500287000000000148e+02 0.000000000000000000e+00 4.403519999999999754e+02 1.402650999999999897e+02 1.963907000000000025e+01 8.378226999999999691e+01 7.688017999999999574e+00 3.352707000000000193e+01 5.085633999999999766e+00 0.000000000000000000e+00 0.000000000000000000e+00 1.056402999999999981e+00 3.554917999999999800e+00 3.335016999999999854e+01 1.874065000000000092e+00 1.502958000000000016e+00 0.000000000000000000e+00 2.588620000000000232e+02 5.922771000000000186e+01
-9.999000000000000000e+03 -9.999000000000000000e+03 -9.999000000000000000e+03 -9.999000000000000000e+03 -9.999000000000000000e+03 -9.999000000000000000e+03 -9.999000000000000000e+03 -9.999000000000000000e+03 -9.999000000000000000e+03 -9.999000000000000000e+03 -9.999000000000000000e+03 -9.999000000000000000e+03 -9.999000000000000000e+03 -9.999000000000000000e+03 -9.999000000000000000e+03 1.980518999999999963e+01 1.144396000000000058e+01 3.225851000000000024e+00 3.490287000000000148e+02 4.393519999999999754e+02 1.363615000000000066e+02 5.648179999999999978e+00 2.983173000000000030e+01 6.784502999999999417e+01 9.410565000000000069e+00 2.980452000000000012e+01 2.604994000000000032e+00 3.511663999999999897e-01 0.000000000000000000e+00 3.294775999999999816e-01 2.196358000000000033e+00 3.123236999999999952e+01 1.000000000000000000e+00 5.803089000000000164e-01 1.031976000000000004e+00 3.877155999999999936e-01 1.557997000000000014e+02
-9.999000000000000000e+03 -9.999000000000000000e+03 -9.999000000000000000e+03 -9.999000000000000000e+03 -9.999000000000000000e+03 -9.999000000000000000e+03 -9.999000000000000000e+03 -9.999000000000000000e+03 -9.999000000000000000e+03 -9.999000000000000000e+03 -9.999000000000000000e+03 -9.999000000000000000e+03 -9.999000000000000000e+03 -9.999000000000000000e+03 -9.999000000000000000e+03 -9.999000000000000000e+03 2.693493000000000137e+01 3.880281000000000091e+00 4.874130999999999858e+02 4.325421999999999798e+02 9.819993999999999668e-01 7.943075999999999581e+00 2.951948000000000150e+01 6.201276000000000010e+01 3.228076999999999686e+01 3.417473000000000205e+00 2.472999999999999865e+00 0.000000000000000000e+00 0.000000000000000000e+00 1.824529999999999985e+00 4.940197000000000394e+00 2.429217999999999833e+01 0.000000000000000000e+00 0.000000000000000000e+00 0.000000000000000000e+00 0.000000000000000000e+00 1.164557999999999964e+02
-9.999000000000000000e+03 -9.999000000000000000e+03 -9.999000000000000000e+03 -9.999000000000000000e+03 -9.999000000000000000e+03 -9.999000000000000000e+03 -9.999000000000000000e+03 -9.999000000000000000e+03 -9.999000000000000000e+03 -9.999000000000000000e+03 -9.999000000000000000e+03 -9.999000000000000000e+03 -9.999000000000000000e+03 -9.999000000000000000e+03 -9.999000000000000000e+03 -9.999000000000000000e+03 2.134553999999999974e+01 9.653923000000000698e+00 7.539097000000000435e+02 1.640457000000000107e+02 9.048576000000000397e-01 1.004176999999999964e+01 4.531286999999999665e+01 4.019783000000000328e+01 3.317123999999999739e+01 1.228342999999999935e-01 8.771657000000000481e-01 0.000000000000000000e+00 3.045994000000000201e-01 1.707278000000000073e+00 5.890242999999999896e+00 1.735023999999999944e+01 0.000000000000000000e+00 0.000000000000000000e+00 8.085407999999999484e-01 2.231849000000000061e+01 1.950994000000000028e+01
-9.999000000000000000e+03 -9.999000000000000000e+03 -9.999000000000000000e+03 -9.999000000000000000e+03 -9.999000000000000000e+03 -9.999000000000000000e+03 -9.999000000000000000e+03 -9.999000000000000000e+03 -9.999000000000000000e+03 -9.999000000000000000e+03 -9.999000000000000000e+03 -9.999000000000000000e+03 -9.999000000000000000e+03 -9.999000000000000000e+03 -9.999000000000000000e+03 -9.999000000000000000e+03 1.538218999999999959e+01 2.085033999999999921e+01 1.230601000000000056e+01 9.069936000000000149e+02 6.276448000000000027e-01 1.144740999999999964e+01 4.768560000000000088e+01 3.269666999999999746e+01 2.810520999999999958e+01 3.066037000000000123e+00 0.000000000000000000e+00 0.000000000000000000e+00 8.294730000000000159e-01 4.026454000000000200e+00 2.488986999999999838e+00 1.338147999999999982e+01 1.562941000000000003e+01 2.323650999999999911e+01 4.963803000000000054e+01 3.718448000000000206e+02 6.804332999999999743e+01
-9.999000000000000000e+03 -9.999000000000000000e+03 -9.999000000000000000e+03 -9.999000000000000000e+03 -9.999000000000000000e+03 -9.999000000000000000e+03 -9.999000000000000000e+03 -9.999000000000000000e+03 -9.999000000000000000e+03 -9.999000000000000000e+03 -9.999000000000000000e+03 -9.999000000000000000e+03 -9.999000000000000000e+03 -9.999000000000000000e+03 -9.999000000000000000e+03 0.000000000000000000e+00 1.183427999999999969e+01 3.665070000000000050e+00 2.903920000000000101e+01 8.754931000000000267e+02 4.332672999999999774e+01 7.882238000000000078e+00 4.418379000000000190e+01 3.051963999999999899e+01 1.490657000000000032e+01 2.013633000000000095e+01 0.000000000000000000e+00 0.000000000000000000e+00 2.753667999999999783e+00 8.418754000000000515e-01 3.930492999999999792e+00 2.372749999999999915e+01 1.905329000000000050e+01 2.179632000000000147e+01 2.557786999999999811e+00 2.351152999999999906e+02 2.643759000000000015e+01
-9.999000000000000000e+03 -9.999000000000000000e+03 -9.999000000000000000e+03 -9.999000000000000000e+03 -9.999000000000000000e+03 -9.999000000000000000e+03 -9.999000000000000000e+03 -9.999000000000000000e+03 -9.999000000000000000e+03 -9.999000000000000000e+03 -9.999000000000000000e+03 -9.999000000000000000e+03 -9.999000000000000000e+03 -9.999000000000000000e+03 -9.999000000000000000e+03 1.568292999999999937e+00 5.424025999999999570e+00 5.507028000000000034e+00 7.873170000000000357e+01 6.813242000000000189e+02 1.444382999999999981e+02 3.342087000000000074e+01 6.112302999999999997e+01 8.208410999999999902e+00 5.263040000000000163e+00 2.045532000000000039e+01 9.696529999999999205e+00 0.000000000000000000e+00 0.000000000000000000e+00 9.290089999999999737e-01 2.434004999999999974e+00 4.107788000000000039e+01 0.000000000000000000e+00 8.144057000000000102e+00 1.567544999999999966e+00 6.049659000000000120e+00 2.457975999999999885e+02
-9.999000000000000000e+03 -9.999000000000000000e+03 -9.999000000000000000e+03 -9.999000000000000000e+03 -9.999000000000000000e+03 -9.999000000000000000e+03 -9.999000000000000000e+03 -9.999000000000000000e+03 -9.999000000000000000e+03 -9.999000000000000000e+03 -9.999000000000000000e+03 -9.999000000000000000e+03 -9.999000000000000000e+03 -9.999000000000000000e+03 -9.999000000000000000e+03 3.511663999999999897e-01 9.521388999999999214e+00 0.000000000000000000e+00 2.696019000000000005e+02 3.719370999999999867e+02 1.702324000000000126e+02 1.180545999999999935e+02 2.793992000000000075e+01 4.174000000000000199e+01 3.576642999999999795e+00 3.205257000000000023e+00 2.636273999999999873e+01 9.530381999999999465e-01 0.000000000000000000e+00 0.000000000000000000e+00 2.830738000000000198e+00 3.861016000000000048e+01 3.559101000000000070e+00 4.361011999999999666e+00 4.428374999999999950e+00 6.681905000000000205e-01 0.000000000000000000e+00
-9.999000000000000000e+03 -9.999000000000000000e+03 -9.999000000000000000e+03 -9.999000000000000000e+03 -9.999000000000000000e+03 -9.999000000000000000e+03 -9.999000000000000000e+03 -9.999000000000000000e+03 -9.999000000000000000e+03 -9.999000000000000000e+03 -9.999000000000000000e+03 -9.999000000000000000e+03 -9.999000000000000000e+03 -9.999000000000000000e+03 -9.999000000000000000e+03 0.000000000000000000e+00 7.872556000000000331e+00 4.898386000000000351e+00 2.284819999999999851e+01 4.642645999999999731e+02 2.338829000000000065e+02 1.155695999999999941e+02 1.031235000000000070e+02 4.714392999999999745e+01 1.127024000000000026e+00 4.429564000000000057e+00 2.167862999999999829e+01 1.151580999999999966e+00 0.000000000000000000e+00 0.000000000000000000e+00 3.289196000000000009e+00 3.959613999999999834e+01 0.000000000000000000e+00 1.000604999999999967e+00 2.644182999999999950e+00 0.000000000000000000e+00 0.000000000000000000e+00
