testcase_input/parameters/flowacc.dat
ncols         214
nrows         263
xllcorner     382500
yllcorner     7541702
cellsize      16
NODATA_value  -9999
[rows 80 to 95 of 263, columns 74 to 110 of 214]
7.958947000000000571e+01 1.675243800000000078e+02 9.038263999999999498e+01 2.596303700000000276e+02 2.101050600000000088e+02 1.079140299999999968e+02 8.107141000000000020e+01 4.845096000000000203e+01 7.685752999999999702e+01 6.846471999999999980e+01 7.139593000000000700e+01 1.150487439999999992e+02 1.093572900000000061e+02 9.228892000000000451e+01 4.225193800000000266e+01 3.810765500000000117e+01 2.204444499999999962e+01 1.777777899999999889e+01 6.435554999999999382e+01 1.600000000000000000e+01 4.177032699999999750e+03 1.600000000000000000e+01 4.445094599999999900e+02 7.782757599999999343e+01 3.714196999999999775e+02 1.385602000000000089e+02 4.242468299999999886e+02 7.065810500000000047e+02 1.243045900000000074e+03 1.314692000000000007e+03 1.425393700000000081e+03 1.466079999999999927e+03 1.958824699999999893e+03 2.039696300000000065e+03 2.032745699999999943e+03 1.168105000000000018e+03 9.283396000000000186e+02
9.492790999999999713e+01 5.903455999999999904e+01 1.762633500000000026e+02 6.094558299999999917e+01 1.663456400000000031e+02 1.274292099999999976e+02 1.043805160000000001e+02 1.046611300000000000e+02 4.526034500000000094e+01 4.247469699999999904e+01 3.610186000000000206e+01 2.220733600000000152e+01 1.012998599999999954e+02 9.110618599999999390e+01 8.049831000000000358e+01 4.571654500000000354e+01 2.702222300000000033e+01 1.600000000000000000e+01 1.600000000000000000e+01 1.813333300000000037e+01 4.143966300000000047e+03 1.600000000000000000e+01 7.209713000000000704e+01 3.606244199999999864e+02 1.070092599999999976e+02 3.150320399999999950e+02 6.116565000000000509e+02 6.371191000000000031e+02 1.930900300000000129e+02 7.244591699999999719e+02 8.726363000000000056e+02 7.807000000000000455e+02 1.249781400000000076e+03 1.311811300000000074e+03 1.916556499999999915e+03 1.711171299999999974e+03 1.093509999999999991e+03
5.946609499999999571e+02 7.892790999999999713e+01 6.916268999999999778e+01 1.897855399999999975e+02 1.984704999999999870e+02 1.221735900000000044e+02 1.053929499999999990e+02 7.651291000000000508e+01 7.650915500000000691e+01 5.190893599999999708e+01 3.847385799999999989e+01 2.974481400000000164e+01 1.995214999999999961e+01 8.529985999999999535e+01 8.045405599999999424e+01 7.043160000000000309e+01 3.662222299999999819e+01 1.600000000000000000e+01 1.600000000000000000e+01 8.117689500000000180e+01 3.579339599999999791e+03 3.694188500000000204e+03 2.026666600000000074e+01 1.600000000000000000e+01 3.446244199999999864e+02 3.286244199999999864e+02 3.557968399999999747e+02 3.448494999999999777e+02 8.362378499999999804e+02 1.754155999999999949e+03 1.094575000000000045e+03 7.432870500000000220e+02 5.832922999999999547e+02 6.886326999999999998e+02 4.736211200000000190e+02 1.139982799999999997e+03 1.087095499999999902e+03
2.276661700000000010e+01 5.918123000000000502e+02 2.364839600000000175e+01 3.128888900000000106e+01 1.600000000000000000e+01 1.200262199999999950e+02 1.141751200000000068e+02 1.523162399999999934e+02 1.309545999999999992e+02 1.154725949999999983e+02 1.090211259999999953e+02 1.195985950000000031e+02 1.137057700000000011e+02 5.928224999999999767e+01 6.114871000000000123e+01 4.801580400000000282e+01 4.231110999999999933e+01 1.600000000000000000e+01 1.897086300000000136e+01 6.303306599999999804e+01 2.776098600000000260e+02 1.919999999999999929e+01 3.657921600000000126e+03 3.597121799999999894e+03 1.953985900000000129e+02 2.690978799999999865e+03 2.477012499999999818e+03 2.013377300000000105e+03 2.671734399999999823e+03 8.854556000000000040e+02 7.557906000000000404e+02 1.031278700000000072e+03 8.615209999999999582e+02 8.221219499999999698e+02 6.445354599999999436e+02 4.641351999999999975e+02 1.027352000000000089e+03
1.134602500000000000e+05 1.691654399999999825e+01 5.758123000000000502e+02 5.287287999999999784e+02 1.600000000000000000e+01 1.526548500000000104e+02 2.928318199999999933e+02 1.889928600000000074e+02 1.317582099999999912e+02 1.131403300000000058e+02 1.034110639999999961e+02 7.203978999999999644e+01 7.655433999999999628e+01 6.356351000000000084e+01 4.365976299999999810e+01 2.981135700000000099e+01 2.702222300000000033e+01 1.600000000000000000e+01 1.671111099999999894e+01 3.128888900000000106e+01 2.431999999999999886e+02 1.600000000000000000e+01 1.919999999999999929e+01 1.600000000000000000e+01 3.385723100000000159e+03 8.242249999999999943e+01 1.600000000000000000e+01 1.682970800000000054e+03 4.919858399999999961e+02 7.649772299999999632e+02 1.104554100000000062e+03 7.271077999999999975e+02 8.294212599999999611e+02 7.964138000000000375e+02 7.510805699999999661e+02 7.445761999999999716e+02 7.756186500000000024e+02
4.138166399999999703e+04 1.546828599999999860e+05 2.062222300000000175e+01 1.600000000000000000e+01 4.977955000000000041e+02 2.275681999999999903e+02 8.308683999999999514e+01 9.738412499999999739e+01 1.109783500000000060e+02 1.155801539999999932e+02 8.699567399999999395e+01 7.913313999999999737e+01 3.568325000000000102e+01 5.904975499999999755e+01 4.006434999999999746e+01 3.184987599999999830e+01 2.097777699999999967e+01 1.600000000000000000e+01 1.600000000000000000e+01 2.026666600000000074e+01 1.490062299999999880e+02 9.436444000000000187e+01 9.279999999999999716e+01 1.600000000000000000e+01 1.600000000000000000e+01 7.757204000000000406e+02 1.698970800000000054e+03 7.149260000000000446e+02 1.110775799999999890e+03 9.235359999999999445e+02 8.309279999999999973e+02 1.212991700000000037e+03 9.553440000000000509e+02 8.296892000000000280e+02 9.048805499999999711e+02 8.622753999999999905e+02 1.057610599999999977e+03
6.716048999999999580e+01 4.676740600000000114e+01 1.546668599999999860e+05 1.546214200000000128e+05 1.545638399999999965e+05 1.062967699999999951e+02 2.382222200000000001e+01 1.600000000000000000e+01 1.000790700000000015e+02 7.414422999999999320e+01 8.122426000000000101e+01 5.735075799999999902e+01 3.995467399999999714e+01 4.146001400000000103e+01 4.981307000000000329e+01 4.754963000000000051e+01 3.128888900000000106e+01 1.600000000000000000e+01 1.600000000000000000e+01 2.773333399999999926e+01 4.766814800000000218e+01 4.643555500000000080e+01 1.600000000000000000e+01 6.400000000000000000e+01 1.600000000000000000e+01 9.719615499999999884e+02 1.600000000000000000e+01 1.911739600000000110e+03 4.375131200000000149e+02 5.927527999999999793e+02 7.027440000000000282e+02 4.992971499999999878e+02 7.747141000000000304e+02 7.747521400000000540e+02 1.030298000000000002e+03 1.206711700000000064e+03 1.163792200000000093e+03
5.475555399999999651e+01 2.524444400000000144e+01 2.702222300000000033e+01 2.097777699999999967e+01 2.465185200000000165e+01 1.545409400000000023e+05 3.490103799999999978e+02 2.366982299999999952e+02 1.206191500000000048e+02 1.003587299999999942e+02 8.321849000000000274e+01 6.432500500000000443e+01 4.871432000000000073e+01 6.221856999999999971e+01 7.999367499999999609e+01 5.384691200000000322e+01 3.235555599999999998e+01 1.600000000000000000e+01 1.600000000000000000e+01 2.880000000000000071e+01 3.839999999999999858e+01 4.316444400000000314e+01 1.600000000000000000e+01 1.600000000000000000e+01 1.600000000000000000e+01 9.918727000000000089e+02 2.205467000000000098e+03 8.331820999999999913e+02 9.011453999999999951e+02 8.017159400000000460e+02 6.908310000000000173e+02 1.023391799999999989e+03 1.166769199999999955e+03 1.370329799999999977e+03 1.230717000000000098e+03 1.112155199999999923e+03 1.224361000000000104e+03
1.600000000000000000e+01 1.600000000000000000e+01 1.600000000000000000e+01 2.595555500000000038e+01 4.114172700000000304e+01 1.541926600000000035e+05 9.311757000000000062e+01 1.652519399999999905e+02 1.975393400000000099e+02 9.582590999999999326e+01 6.334834699999999685e+01 1.586114200000000096e+02 1.580021199999999908e+02 1.155314599999999956e+02 6.575635499999999922e+01 5.067061600000000254e+01 2.808888800000000074e+01 1.600000000000000000e+01 1.600000000000000000e+01 1.919999999999999929e+01 2.496000000000000085e+01 9.457777400000000512e+01 1.600000000000000000e+01 1.600000000000000000e+01 6.932485000000000355e+02 7.877175999999999476e+02 2.725825699999999870e+03 6.267815000000000509e+02 5.233105500000000347e+02 4.692905600000000277e+02 5.023676500000000260e+02 5.471635999999999740e+02 6.829246000000000549e+02 8.384611999999999625e+02 1.005287349999999947e+03 1.252800799999999981e+03 1.101056399999999940e+03
1.600000000000000000e+01 1.600000000000000000e+01 1.600000000000000000e+01 2.204444499999999962e+01 5.865086399999999855e+01 1.538768399999999965e+05 3.066301300000000083e+02 4.218824500000000057e+02 5.028679999999999950e+02 3.839631999999999721e+02 2.782155999999999949e+02 1.389675100000000043e+02 1.355293599999999969e+02 1.142197199999999953e+02 9.142816999999999439e+01 5.240888999999999953e+01 4.053333299999999895e+01 1.600000000000000000e+01 2.737777699999999825e+01 2.062222300000000175e+01 4.304908799999999758e+01 1.340728900000000010e+02 1.600000000000000000e+01 1.600000000000000000e+01 1.512966100000000097e+03 5.005912200000000212e+02 4.118127999999999702e+03 9.977939000000000078e+02 1.018811040000000048e+03 7.807463400000000320e+02 8.041130000000000564e+02 7.191161499999999478e+02 6.488443600000000515e+02 6.329148000000000138e+02 6.795802599999999529e+02 5.552650999999999613e+02 9.930583000000000311e+02
4.534518400000000327e+01 1.671111099999999894e+01 1.600000000000000000e+01 3.200000000000000000e+01 1.955555499999999824e+01 3.034074000000000026e+01 1.536476099999999860e+05 3.041995000000000005e+02 1.357983099999999865e+02 2.994957600000000184e+02 1.962141699999999958e+02 1.533763399999999990e+02 1.149200500000000034e+02 7.578951999999999600e+01 5.093662599999999685e+01 4.385185200000000094e+01 2.773333399999999926e+01 1.600000000000000000e+01 1.600000000000000000e+01 4.408888999999999925e+01 1.333064699999999903e+02 1.156930399999999963e+02 1.600000000000000000e+01 2.986666699999999963e+01 1.953820899999999938e+03 4.652084499999999935e+03 3.901453999999999951e+02 8.807561600000000226e+02 8.337252999999999474e+02 8.587853000000000065e+02 5.088629000000000246e+02 5.174761399999999867e+02 4.070386399999999867e+02 5.175511500000000069e+02 6.194877000000000180e+02 7.156844499999999698e+02 5.507204000000000406e+02
1.617777700000000038e+02 4.017777600000000149e+01 1.600000000000000000e+01 1.600000000000000000e+01 2.133333400000000069e+01 3.591111000000000075e+01 1.531402500000000000e+05 1.124316299999999984e+02 6.415371000000000379e+01 8.334296000000000504e+01 2.331102300000000014e+02 1.701348000000000127e+02 8.118309999999999604e+01 3.555555700000000030e+01 3.520000000000000284e+01 2.880000000000000071e+01 1.600000000000000000e+01 1.600000000000000000e+01 3.448888800000000288e+01 5.581432000000000215e+01 1.407352099999999950e+02 1.678017399999999952e+02 2.300542000000000087e+02 5.937112399999999752e+02 6.362884000000000015e+03 4.581229000000000156e+02 4.494744000000000028e+02 3.847651000000000181e+02 4.449958799999999997e+02 6.186561000000000377e+02 1.004426939999999945e+03 9.986311600000000226e+02 1.115319999999999936e+03 8.007209500000000162e+02 5.492388300000000072e+02 6.176557000000000244e+02 7.935104000000000042e+02
2.417777799999999999e+01 2.382222200000000001e+01 1.600000000000000000e+01 1.600000000000000000e+01 4.266666800000000137e+01 1.522272699999999895e+05 5.479528000000000247e+02 2.685240000000000009e+02 1.182183600000000041e+02 3.523990200000000073e+01 4.328978299999999990e+01 1.022050859999999943e+02 8.641370399999999563e+01 7.676340500000000588e+01 3.425184999999999746e+01 2.737777699999999825e+01 1.600000000000000000e+01 1.600000000000000000e+01 2.951110999999999862e+01 4.301431999999999789e+01 8.694957999999999743e+01 5.681166399999999612e+02 4.513881999999999834e+02 2.843948199999999815e+03 5.798957000000000335e+03 9.410366999999999962e+02 4.791384600000000091e+02 6.315524000000000342e+02 3.646355300000000170e+02 4.614293499999999995e+02 8.351800500000000511e+02 7.690359499999999571e+02 7.209241299999999910e+02 8.398096299999999701e+02 9.530636600000000271e+02 9.110126000000000204e+02 8.252287000000000035e+02
2.382222200000000001e+01 1.600000000000000000e+01 1.600000000000000000e+01 2.026666600000000074e+01 3.221333299999999866e+01 1.521512300000000105e+05 1.671111099999999894e+01 5.200184000000000424e+02 6.514189999999999827e+02 8.414790000000000703e+01 4.961028000000000304e+01 3.459478000000000009e+01 8.367650999999999328e+01 8.769114999999999327e+01 6.627889000000000408e+01 3.520000000000000284e+01 1.600000000000000000e+01 1.600000000000000000e+01 1.600000000000000000e+01 3.877136000000000138e+01 2.737619799999999870e+01 9.484353599999999460e+02 4.200501500000000306e+03 6.637834499999999935e+03 1.234316299999999956e+03 2.361021699999999782e+03 2.747746799999999894e+03 2.556338600000000042e+03 2.793465799999999945e+03 2.735619400000000041e+03 7.537313000000000329e+02 3.449596999999999980e+02 2.707445999999999913e+02 3.348684700000000021e+02 3.136025000000000205e+02 3.687985199999999963e+02 3.743972800000000234e+02
2.737777699999999825e+01 1.600000000000000000e+01 1.600000000000000000e+01 3.733333199999999863e+01 1.520581400000000140e+05 2.675357999999999947e+01 2.168888899999999964e+01 1.600000000000000000e+01 1.600000000000000000e+01 5.780825999999999567e+02 9.576233999999999469e+01 5.948171200000000169e+01 4.348171200000000169e+01 3.864615599999999773e+01 4.353246699999999691e+01 3.348543000000000092e+01 3.804444500000000318e+01 1.600000000000000000e+01 1.600000000000000000e+01 2.382222200000000001e+01 8.168945999999999685e+01 4.987372999999999593e+03 6.060417000000000371e+03 8.180854500000000371e+02 2.965060700000000224e+02 2.603666699999999992e+02 2.756675700000000120e+02 2.255247200000000021e+02 1.309773099999999886e+02 5.089448000000000150e+01 1.567089400000000069e+03 1.341830099999999902e+03 9.571271400000000540e+02 7.523064000000000533e+02 7.057662400000000389e+02 3.122320300000000088e+02 2.444218999999999937e+02
3.271111299999999744e+01 1.600000000000000000e+01 1.600000000000000000e+01 3.093333200000000005e+01 1.519913399999999965e+05 1.059397500000000036e+02 4.124444600000000349e+01 1.600000000000000000e+01 1.600000000000000000e+01 4.586050000000000182e+02 9.913290999999999542e+01 8.837362000000000251e+01 1.017754060000000038e+02 9.414373999999999398e+01 8.278123499999999524e+01 6.678123499999999524e+01 2.880000000000000071e+01 1.600000000000000000e+01 1.600000000000000000e+01 3.235555599999999998e+01 2.903597000000000207e+03 8.293027000000000044e+03 8.883793299999999817e+02 3.788693499999999972e+02 3.025948200000000270e+02 1.783758200000000045e+02 1.289897799999999961e+02 2.357448300000000074e+02 1.978822999999999865e+02 1.437216300000000047e+02 9.236774400000000185e+01 6.431739499999999907e+02 4.607576300000000060e+02 5.572029999999999745e+02 5.076519799999999805e+02 5.835312000000000126e+02 3.671301300000000083e+02
