testcase_input/parameters/flowacc_2023.asc
ncols         214
nrows         263
xllcorner     382500
yllcorner     7541702
cellsize      16
NODATA_value  -9999
[rows 80 to 119 of 263, columns 90 to 179 of 214]
0 0 3 0 67 0 7 1 2 0 25 24 23 22 21 20 187 186 185 7 6 5 4 3 2 26 6 1 1 19 11 7 6 5 3 0 68 10 9 8 7 6 3 0 6 1 36 2 2 4 13 145 22 2 1 0 9 0 9 2 1 0 46 3 2 1 -9999 -9999 -9999 -9999 -9999 -9999 -9999 -9999 -9999 -9999 -9999 -9999 -9999 -9999 -9999 -9999 -9999 -9999 -9999 -9999 -9999 -9999 -9999 -9999
1 0 0 0 65 0 0 3 0 0 0 0 0 2 1 0 19 14 8 176 169 3 2 1 0 1 25 3 0 0 18 2 1 0 0 1 0 56 55 54 52 50 1 2 3 1 0 35 1 1 3 12 121 18 11 10 1 0 13 2 1 0 51 3 2 -9999 -9999 -9999 -9999 -9999 -9999 -9999 -9999 -9999 -9999 -9999 -9999 -9999 -9999 -9999 -9999 -9999 -9999 -9999 -9999 -9999 -9999 -9999 -9999 -9999
1 0 0 6 56 37 0 0 2 1 1 1 3 11 10 1 0 3 4 7 5 164 159 158 1 0 0 24 2 1 0 17 16 15 14 13 12 11 10 9 0 0 49 0 1 2 0 24 9 0 0 2 11 120 5 4 1 0 14 5 1 0 56 3 0 -9999 -9999 -9999 -9999 -9999 -9999 -9999 -9999 -9999 -9999 -9999 -9999 -9999 -9999 -9999 -9999 -9999 -9999 -9999 -9999 -9999 -9999 -9999 -9999 -9999
2 0 0 3 16 0 35 31 0 25 22 19 14 1 0 7 3 2 2 3 6 4 3 1 155 2 1 0 23 18 17 16 15 6 5 4 3 2 1 0 8 5 4 48 40 0 1 22 0 8 5 0 1 10 119 116 92 86 70 0 61 57 4 1 0 -9999 -9999 -9999 -9999 -9999 -9999 -9999 -9999 -9999 -9999 -9999 -9999 -9999 -9999 -9999 -9999 -9999 -9999 -9999 -9999 -9999 -9999 -9999 -9999 -9999
1 0 0 1 14 0 0 0 29 1 0 21 20 19 18 0 2 1 1 1 2 5 3 0 0 151 148 1 0 3 2 1 0 7 6 5 4 3 2 1 0 1 0 3 6 39 38 0 21 16 1 3 1 0 9 1 22 3 1 62 0 5 2 1 0 -9999 -9999 -9999 -9999 -9999 -9999 -9999 -9999 -9999 -9999 -9999 -9999 -9999 -9999 -9999 -9999 -9999 -9999 -9999 -9999 -9999 -9999 -9999 -9999 -9999
0 0 0 0 6 6 5 0 0 0 22 3 2 1 0 16 14 12 0 0 0 1 4 2 1 0 1 145 80 79 78 77 76 75 73 10 9 8 7 6 5 4 3 2 2 5 0 37 1 1 15 0 0 0 6 1 0 21 0 0 8 0 7 1 -9999 -9999 -9999 -9999 -9999 -9999 -9999 -9999 -9999 -9999 -9999 -9999 -9999 -9999 -9999 -9999 -9999 -9999 -9999 -9999 -9999 -9999 -9999 -9999 -9999 -9999
1 0 0 1 2 1 0 3 0 24 0 8 3 2 1 0 0 0 11 10 9 7 0 3 2 1 0 0 63 4 3 2 1 0 0 61 60 58 5 4 3 2 1 0 1 1 3 30 5 0 0 14 6 4 0 5 0 1 18 11 0 10 1 0 -9999 -9999 -9999 -9999 -9999 -9999 -9999 -9999 -9999 -9999 -9999 -9999 -9999 -9999 -9999 -9999 -9999 -9999 -9999 -9999 -9999 -9999 -9999 -9999 -9999 -9999
1 0 0 1 2 1 0 0 0 25 9 53 52 51 50 49 48 47 46 45 44 0 6 5 4 3 2 1 0 57 56 55 54 53 52 51 48 0 51 50 48 46 2 1 0 0 0 2 29 4 3 1 6 0 2 3 0 0 5 0 0 14 1 0 -9999 -9999 -9999 -9999 -9999 -9999 -9999 -9999 -9999 -9999 -9999 -9999 -9999 -9999 -9999 -9999 -9999 -9999 -9999 -9999 -9999 -9999 -9999 -9999 -9999 -9999
1 0 0 0 0 5 0 0 27 0 437 372 371 370 369 368 367 366 365 364 0 43 37 36 35 34 33 31 29 6 5 4 3 2 1 0 1 47 45 43 0 0 42 40 34 22 20 1 1 28 14 0 0 5 0 1 2 0 4 0 10 78 1 0 -9999 -9999 -9999 -9999 -9999 -9999 -9999 -9999 -9999 -9999 -9999 -9999 -9999 -9999 -9999 -9999 -9999 -9999 -9999 -9999 -9999 -9999 -9999 -9999 -9999 -9999
1 0 1 0 2 7 0 0 30 0 458 8 7 6 5 4 3 2 1 0 362 361 4 3 2 1 0 0 0 21 20 19 18 3 2 1 0 0 0 0 42 1 0 0 4 10 0 17 0 0 12 13 7 1 3 0 1 0 1 0 7 62 1 0 -9999 -9999 -9999 -9999 -9999 -9999 -9999 -9999 -9999 -9999 -9999 -9999 -9999 -9999 -9999 -9999 -9999 -9999 -9999 -9999 -9999 -9999 -9999 -9999 -9999 -9999
1 0 0 2 4 9 0 1 32 460 0 10 9 8 7 6 5 4 3 2 1 0 360 359 358 357 356 344 226 225 224 223 0 13 12 11 10 9 8 5 2 39 6 3 2 3 9 1 14 10 3 11 4 4 0 2 0 0 1 6 5 0 54 2 -9999 -9999 -9999 -9999 -9999 -9999 -9999 -9999 -9999 -9999 -9999 -9999 -9999 -9999 -9999 -9999 -9999 -9999 -9999 -9999 -9999 -9999 -9999 -9999 -9999 -9999
0 0 1 3 8 10 3 0 596 101 100 99 98 97 96 95 94 93 92 91 90 89 88 86 6 4 2 10 116 113 75 1 221 219 215 207 206 3 1 1 1 1 31 1 0 1 2 8 0 2 5 2 10 3 3 0 0 0 3 1 2 46 3 0 0 -9999 -9999 -9999 -9999 -9999 -9999 -9999 -9999 -9999 -9999 -9999 -9999 -9999 -9999 -9999 -9999 -9999 -9999 -9999 -9999 -9999 -9999 -9999 -9999 -9999
0 0 1 2 7 24 1 0 706 108 107 106 105 104 103 102 101 100 95 94 93 1 0 0 78 0 0 1 9 1 36 72 0 0 2 6 3 201 0 0 0 0 0 30 29 27 0 1 7 0 1 4 1 9 2 2 0 2 0 1 3 41 1 0 -9999 -9999 -9999 -9999 -9999 -9999 -9999 -9999 -9999 -9999 -9999 -9999 -9999 -9999 -9999 -9999 -9999 -9999 -9999 -9999 -9999 -9999 -9999 -9999 -9999 -9999
0 0 0 1 0 35 1 918 210 209 208 189 174 172 3 2 1 0 3 2 1 90 88 51 0 77 76 74 0 8 0 35 71 70 0 1 1 2 200 199 19 18 4 3 0 0 26 0 0 5 3 0 3 0 8 1 0 1 0 2 3 34 1 0 -9999 -9999 -9999 -9999 -9999 -9999 -9999 -9999 -9999 -9999 -9999 -9999 -9999 -9999 -9999 -9999 -9999 -9999 -9999 -9999 -9999 -9999 -9999 -9999 -9999 -9999
1 0 0 0 3 38 919 6 5 4 3 17 13 0 167 139 32 31 30 1 0 0 0 35 49 46 29 0 73 37 7 5 34 30 68 55 0 0 1 0 178 177 12 9 1 0 0 23 1 0 0 2 1 2 5 1 0 0 1 2 2 31 1 0 -9999 -9999 -9999 -9999 -9999 -9999 -9999 -9999 -9999 -9999 -9999 -9999 -9999 -9999 -9999 -9999 -9999 -9999 -9999 -9999 -9999 -9999 -9999 -9999 -9999 -9999
1 0 0 1 46 920 64 56 2 1 0 2 16 12 0 25 105 104 89 27 20 19 17 1 34 1 15 28 13 34 36 0 4 2 29 11 54 43 24 23 17 0 176 1 8 6 1 0 20 19 2 1 0 0 1 4 0 0 1 1 4 25 1 0 -9999 -9999 -9999 -9999 -9999 -9999 -9999 -9999 -9999 -9999 -9999 -9999 -9999 -9999 -9999 -9999 -9999 -9999 -9999 -9999 -9999 -9999 -9999 -9999 -9999 -9999
1 0 0 1 47 991 4 3 52 51 50 0 1 15 11 10 24 1 13 88 5 4 0 14 0 33 0 14 13 12 33 35 17 3 1 28 10 9 17 0 4 15 0 175 0 0 3 2 1 0 15 7 6 5 3 0 3 0 0 3 1 18 0 0 -9999 -9999 -9999 -9999 -9999 -9999 -9999 -9999 -9999 -9999 -9999 -9999 -9999 -9999 -9999 -9999 -9999 -9999 -9999 -9999 -9999 -9999 -9999 -9999 -9999 -9999
0 0 1 3 1040 60 59 58 2 1 0 48 47 0 14 9 9 21 0 12 87 74 3 1 13 11 32 31 13 12 11 32 16 16 2 0 27 9 8 15 7 3 13 12 174 34 33 27 26 12 10 6 5 4 0 2 1 0 2 0 1 12 0 -9999 -9999 -9999 -9999 -9999 -9999 -9999 -9999 -9999 -9999 -9999 -9999 -9999 -9999 -9999 -9999 -9999 -9999 -9999 -9999 -9999 -9999 -9999 -9999 -9999 -9999 -9999
1 0 1 6 1118 15 14 7 57 11 6 5 4 46 40 3 8 8 20 11 11 11 73 0 0 0 10 6 30 12 11 10 31 15 15 1 0 26 8 7 6 6 2 0 11 138 14 4 0 12 0 9 3 0 3 1 1 0 1 0 0 7 2 -9999 -9999 -9999 -9999 -9999 -9999 -9999 -9999 -9999 -9999 -9999 -9999 -9999 -9999 -9999 -9999 -9999 -9999 -9999 -9999 -9999 -9999 -9999 -9999 -9999 -9999 -9999
0 3 2 1126 2 1 0 5 6 44 3 2 1 3 4 39 2 7 7 7 10 10 10 72 2 1 0 2 5 29 11 10 9 30 14 14 2 1 25 7 6 5 5 0 1 8 122 13 2 1 11 1 4 1 0 0 0 0 0 0 6 0 0 -9999 -9999 -9999 -9999 -9999 -9999 -9999 -9999 -9999 -9999 -9999 -9999 -9999 -9999 -9999 -9999 -9999 -9999 -9999 -9999 -9999 -9999 -9999 -9999 -9999 -9999 -9999
8 7 0 1135 4 3 2 1 4 5 43 1 0 0 2 3 38 1 6 6 6 9 9 9 68 56 36 16 1 4 28 10 9 8 29 13 10 9 0 24 6 5 4 4 0 3 3 121 12 0 0 8 0 3 2 1 0 0 1 4 -9999 -9999 -9999 -9999 -9999 -9999 -9999 -9999 -9999 -9999 -9999 -9999 -9999 -9999 -9999 -9999 -9999 -9999 -9999 -9999 -9999 -9999 -9999 -9999 -9999 -9999 -9999 -9999 -9999 -9999
17 1143 1141 4 3 2 1 0 0 3 4 40 9 8 7 1 2 37 0 5 5 5 8 8 8 10 18 18 15 0 3 27 9 8 7 28 12 1 8 3 23 5 4 3 3 2 1 0 120 10 7 1 7 2 1 0 0 0 1 -9999 -9999 -9999 -9999 -9999 -9999 -9999 -9999 -9999 -9999 -9999 -9999 -9999 -9999 -9999 -9999 -9999 -9999 -9999 -9999 -9999 -9999 -9999 -9999 -9999 -9999 -9999 -9999 -9999 -9999 -9999
1145 0 7 6 5 4 3 2 1 0 2 3 29 1 0 6 0 1 36 34 4 4 4 7 7 7 9 17 17 14 3 2 26 8 7 6 27 9 0 3 2 22 4 3 2 2 1 0 88 30 1 4 0 3 1 0 2 0 0 -9999 -9999 -9999 -9999 -9999 -9999 -9999 -9999 -9999 -9999 -9999 -9999 -9999 -9999 -9999 -9999 -9999 -9999 -9999 -9999 -9999 -9999 -9999 -9999 -9999 -9999 -9999 -9999 -9999 -9999 -9999
18 17 8 7 6 5 4 3 2 1 0 1 2 26 25 0 5 4 0 0 33 3 3 3 6 6 6 8 16 16 9 2 1 25 7 6 5 26 8 4 2 1 21 3 2 1 1 0 87 1 27 0 3 1 0 3 1 1 0 -9999 -9999 -9999 -9999 -9999 -9999 -9999 -9999 -9999 -9999 -9999 -9999 -9999 -9999 -9999 -9999 -9999 -9999 -9999 -9999 -9999 -9999 -9999 -9999 -9999 -9999 -9999 -9999 -9999 -9999 -9999
79 78 71 70 69 68 67 66 63 60 52 4 0 1 0 23 21 18 3 2 1 32 2 2 2 5 5 5 7 15 15 8 1 0 24 6 5 4 25 2 3 1 0 20 2 1 0 0 7 78 0 26 0 0 0 13 6 2 0 -9999 -9999 -9999 -9999 -9999 -9999 -9999 -9999 -9999 -9999 -9999 -9999 -9999 -9999 -9999 -9999 -9999 -9999 -9999 -9999 -9999 -9999 -9999 -9999 -9999 -9999 -9999 -9999 -9999 -9999 -9999
0 0 5 4 3 2 1 0 1 1 6 46 3 2 1 0 0 1 17 15 0 0 31 1 1 1 4 4 4 6 14 14 7 0 1 21 5 4 3 24 1 2 0 16 2 1 0 3 2 17 59 1 22 0 16 1 0 0 0 -9999 -9999 -9999 -9999 -9999 -9999 -9999 -9999 -9999 -9999 -9999 -9999 -9999 -9999 -9999 -9999 -9999 -9999 -9999 -9999 -9999 -9999 -9999 -9999 -9999 -9999 -9999 -9999 -9999 -9999 -9999
2 0 6 5 4 3 2 1 0 0 0 5 45 4 3 2 1 0 0 0 13 11 1 30 0 0 0 3 3 3 5 13 13 6 0 14 5 4 3 2 23 0 1 12 2 1 0 2 1 14 1 58 0 20 0 0 0 0 0 0 -9999 -9999 -9999 -9999 -9999 -9999 -9999 -9999 -9999 -9999 -9999 -9999 -9999 -9999 -9999 -9999 -9999 -9999 -9999 -9999 -9999 -9999 -9999 -9999 -9999 -9999 -9999 -9999 -9999 -9999
0 7 85 84 83 82 81 74 73 72 3 2 4 39 38 12 10 7 6 4 0 0 8 0 29 27 24 20 2 2 2 4 12 12 5 7 5 4 3 2 1 22 0 8 2 1 0 1 0 3 9 0 57 0 0 20 18 1 0 2 0 -9999 -9999 -9999 -9999 -9999 -9999 -9999 -9999 -9999 -9999 -9999 -9999 -9999 -9999 -9999 -9999 -9999 -9999 -9999 -9999 -9999 -9999 -9999 -9999 -9999 -9999 -9999 -9999 -9999
100 91 4 3 2 1 0 5 4 0 67 66 1 3 0 24 0 1 0 0 2 1 0 7 0 0 1 2 19 1 1 1 3 11 11 4 6 4 3 2 1 0 21 0 6 1 0 0 1 0 8 11 17 38 4 11 0 13 5 1 0 -9999 -9999 -9999 -9999 -9999 -9999 -9999 -9999 -9999 -9999 -9999 -9999 -9999 -9999 -9999 -9999 -9999 -9999 -9999 -9999 -9999 -9999 -9999 -9999 -9999 -9999 -9999 -9999 -9999
20 19 18 17 16 15 14 13 0 2 1 0 65 0 1 0 23 22 21 20 19 18 16 0 5 4 2 0 1 18 0 0 0 2 10 10 3 5 3 2 1 0 19 0 3 1 0 0 0 7 10 2 1 37 3 3 0 2 2 1 0 -9999 -9999 -9999 -9999 -9999 -9999 -9999 -9999 -9999 -9999 -9999 -9999 -9999 -9999 -9999 -9999 -9999 -9999 -9999 -9999 -9999 -9999 -9999 -9999 -9999 -9999 -9999 -9999 -9999
7 6 5 4 3 2 1 0 11 10 9 8 0 64 62 60 19 18 17 5 4 3 0 14 13 0 0 1 0 0 17 16 13 0 1 9 9 2 4 2 1 0 15 2 1 0 0 1 5 2 6 1 0 36 2 1 0 0 0 -9999 -9999 -9999 -9999 -9999 -9999 -9999 -9999 -9999 -9999 -9999 -9999 -9999 -9999 -9999 -9999 -9999 -9999 -9999 -9999 -9999 -9999 -9999 -9999 -9999 -9999 -9999 -9999 -9999 -9999 -9999
12 11 10 9 8 7 6 5 4 3 2 1 6 0 0 0 39 35 0 10 1 0 2 1 0 11 10 9 7 2 1 0 1 11 0 0 8 8 1 3 1 0 8 5 1 0 0 2 1 2 2 0 28 6 1 0 -9999 -9999 -9999 -9999 -9999 -9999 -9999 -9999 -9999 -9999 -9999 -9999 -9999 -9999 -9999 -9999 -9999 -9999 -9999 -9999 -9999 -9999 -9999 -9999 -9999 -9999 -9999 -9999 -9999 -9999 -9999 -9999 -9999 -9999
11 10 9 8 7 6 5 4 3 2 1 0 0 4 3 2 1 2 33 32 7 6 5 4 3 2 1 0 0 3 2 1 0 0 9 8 4 7 7 0 2 0 7 2 1 0 1 0 1 1 7 27 5 0 -9999 -9999 -9999 -9999 -9999 -9999 -9999 -9999 -9999 -9999 -9999 -9999 -9999 -9999 -9999 -9999 -9999 -9999 -9999 -9999 -9999 -9999 -9999 -9999 -9999 -9999 -9999 -9999 -9999 -9999 -9999 -9999 -9999 -9999 -9999 -9999
16 15 14 13 12 11 10 9 8 7 6 5 4 3 2 1 0 0 1 0 31 30 13 12 11 10 9 8 7 6 5 4 3 2 1 0 2 3 6 6 4 1 5 0 1 0 0 0 0 6 1 16 4 -9999 -9999 -9999 -9999 -9999 -9999 -9999 -9999 -9999 -9999 -9999 -9999 -9999 -9999 -9999 -9999 -9999 -9999 -9999 -9999 -9999 -9999 -9999 -9999 -9999 -9999 -9999 -9999 -9999 -9999 -9999 -9999 -9999 -9999 -9999 -9999 -9999
37 36 35 34 33 32 31 30 29 28 27 26 25 24 23 22 21 20 19 18 17 0 15 14 13 12 11 10 9 8 7 6 5 4 3 2 1 1 2 5 0 3 0 4 0 0 0 3 5 0 15 1 1 -9999 -9999 -9999 -9999 -9999 -9999 -9999 -9999 -9999 -9999 -9999 -9999 -9999 -9999 -9999 -9999 -9999 -9999 -9999 -9999 -9999 -9999 -9999 -9999 -9999 -9999 -9999 -9999 -9999 -9999 -9999 -9999 -9999 -9999 -9999 -9999 -9999
20 19 18 17 16 15 14 13 12 11 10 9 8 7 6 5 4 3 2 1 0 15 14 13 12 11 10 9 8 7 6 5 4 3 2 1 0 0 0 1 4 0 1 1 0 0 1 0 0 14 0 0 -9999 -9999 -9999 -9999 -9999 -9999 -9999 -9999 -9999 -9999 -9999 -9999 -9999 -9999 -9999 -9999 -9999 -9999 -9999 -9999 -9999 -9999 -9999 -9999 -9999 -9999 -9999 -9999 -9999 -9999 -9999 -9999 -9999 -9999 -9999 -9999 -9999 -9999
115 114 113 112 111 110 109 58 57 56 55 54 53 52 51 50 49 48 47 46 45 44 43 42 41 40 39 38 37 10 9 8 7 6 5 4 3 2 1 0 0 3 0 0 0 0 1 7 12 -9999 -9999 -9999 -9999 -9999 -9999 -9999 -9999 -9999 -9999 -9999 -9999 -9999 -9999 -9999 -9999 -9999 -9999 -9999 -9999 -9999 -9999 -9999 -9999 -9999 -9999 -9999 -9999 -9999 -9999 -9999 -9999 -9999 -9999 -9999 -9999 -9999 -9999 -9999 -9999 -9999
6 5 4 3 2 1 0 49 48 47 46 45 44 43 42 41 40 39 38 37 36 35 34 5 4 3 2 1 0 25 24 23 22 21 20 17 16 14 10 9 4 3 1 0 0 2 4 3 -9999 -9999 -9999 -9999 -9999 -9999 -9999 -9999 -9999 -9999 -9999 -9999 -9999 -9999 -9999 -9999 -9999 -9999 -9999 -9999 -9999 -9999 -9999 -9999 -9999 -9999 -9999 -9999 -9999 -9999 -9999 -9999 -9999 -9999 -9999 -9999 -9999 -9999 -9999 -9999 -9999 -9999
22 21 20 19 18 17 16 15 14 13 12 11 10 9 8 7 6 5 4 3 2 1 0 27 4 3 2 1 0 5 4 3 2 1 0 1 0 0 2 1 3 0 2 0 0 0 2 -9999 -9999 -9999 -9999 -9999 -9999 -9999 -9999 -9999 -9999 -9999 -9999 -9999 -9999 -9999 -9999 -9999 -9999 -9999 -9999 -9999 -9999 -9999 -9999 -9999 -9999 -9999 -9999 -9999 -9999 -9999 -9999 -9999 -9999 -9999 -9999 -9999 -9999 -9999 -9999 -9999 -9999 -9999
23 22 21 20 19 18 17 16 15 14 13 12 11 10 9 8 7 6 5 4 3 2 1 0 21 20 19 18 17 10 9 8 7 6 5 4 3 2 1 0 0 1 0 0 0 1 -9999 -9999 -9999 -9999 -9999 -9999 -9999 -9999 -9999 -9999 -9999 -9999 -9999 -9999 -9999 -9999 -9999 -9999 -9999 -9999 -9999 -9999 -9999 -9999 -9999 -9999 -9999 -9999 -9999 -9999 -9999 -9999 -9999 -9999 -9999 -9999 -9999 -9999 -9999 -9999 -9999 -9999 -9999 -9999
