testcase_input/parameters/flowacc_r_g.dat
ncols         214
nrows         263
xllcorner     382500
yllcorner     7541702
cellsize      16
NODATA_value  -9999
[rows 160 to 175 of 263, columns 111 to 147 of 214]
2.597905000000000086e+01 6.445908000000000193e+00 5.189496000000000109e+00 1.513754999999999962e+00 1.714136000000000104e+00 2.358197000000000116e+02 8.446088000000000306e+01 5.087914999999999743e+00 1.053129999999999988e+01 9.377009999999999934e+01 6.531565999999999406e+01 7.139688999999999730e+00 3.460039000000000087e+00 5.843657000000000323e+00 2.837168000000000134e+00 2.712537000000000198e+00 8.091518999999999906e+00 5.475571999999999662e+00 3.500504999999999978e+00 2.372082999999999942e+00 3.406655000000000211e+00 5.440502999999999645e+00 1.129537999999999975e+01 1.677011000000000029e+00 2.039369000000000209e+00 2.842004999999999892e+00 1.131704000000000043e+00 1.000000000000000000e+00 0.000000000000000000e+00 5.466644000000000503e-01 9.078973000000000182e-01 0.000000000000000000e+00 -9.999000000000000000e+03 -9.999000000000000000e+03 -9.999000000000000000e+03 -9.999000000000000000e+03 -9.999000000000000000e+03
1.366279000000000021e+00 2.497905000000000086e+01 7.275911999999999935e+00 5.564210000000000100e+00 1.636511999999999967e+00 1.539587000000000039e-01 1.513263000000000034e+02 2.275917000000000030e+02 2.195193999999999903e+02 1.329773999999999887e+02 4.246047999999999689e+01 6.375384000000000384e+00 5.990020000000000344e+00 3.994769999999999932e+00 9.751557999999999282e+00 1.189950999999999937e+01 4.431916000000000189e+00 1.867118999999999973e+00 2.342846000000000206e+00 7.302692000000000405e+00 8.343272000000000688e+00 1.238358999999999988e+01 3.642300999999999789e+00 2.970168000000000141e+00 1.861358999999999986e+00 6.815811000000000508e-01 9.508575000000000221e-01 0.000000000000000000e+00 1.374937999999999994e-01 4.497270999999999908e-01 6.286699000000000037e-01 0.000000000000000000e+00 -9.999000000000000000e+03 -9.999000000000000000e+03 -9.999000000000000000e+03 -9.999000000000000000e+03 -9.999000000000000000e+03
3.655044999999999789e+01 2.977391000000000076e+01 2.214903999999999940e+01 1.242204000000000086e+01 1.144937999999999967e+01 1.138349999999999973e+01 2.185728999999999811e+00 5.370264999999999622e-01 0.000000000000000000e+00 2.451009000000000104e-01 3.349192000000000036e+01 6.348398999999999859e+01 2.450037000000000020e+01 1.552111000000000018e+01 8.618567999999999785e+00 3.755288999999999877e+00 3.821210999999999913e+00 4.489689000000000263e+00 8.271976999999999691e+00 8.487614999999999910e+00 1.021688999999999936e+01 4.554090999999999667e+00 2.989113999999999827e+00 2.063442000000000220e+00 1.681580999999999992e+00 1.558975000000000000e+00 9.174387000000000514e-01 5.922224999999999850e-01 2.390305000000000124e+00 1.178943000000000074e+00 4.634327999999999781e-01 0.000000000000000000e+00 -9.999000000000000000e+03 -9.999000000000000000e+03 -9.999000000000000000e+03 -9.999000000000000000e+03 -9.999000000000000000e+03
6.282123999999999597e+00 8.341494000000000852e+00 3.392083999999999833e+01 2.114631999999999934e+01 9.424170000000000158e+00 0.000000000000000000e+00 7.054120000000000168e+00 2.492989000000000122e+00 1.623613999999999891e+00 7.548991000000000451e-01 0.000000000000000000e+00 1.665747999999999951e-01 3.415802000000000049e+01 3.174848000000000070e+01 1.138585999999999920e+01 9.438729999999999620e+00 1.042060999999999993e+01 1.440590000000000082e+01 1.488170999999999999e+01 1.007183000000000028e+01 3.526801999999999992e+00 3.989113999999999827e+00 2.709493999999999847e+00 1.915350000000000108e+00 2.326643999999999934e+00 2.149770000000000181e+00 1.022887000000000102e+00 3.959640999999999966e+00 1.646141999999999994e+00 5.457842000000000526e-01 1.546554999999999902e+00 3.710937999999999737e-01 0.000000000000000000e+00 -9.999000000000000000e+03 -9.999000000000000000e+03 -9.999000000000000000e+03 -9.999000000000000000e+03
3.727221000000000117e+01 0.000000000000000000e+00 2.496668999999999805e+00 2.490221999999999980e+01 3.868847999999999843e+01 3.284895999999999816e+01 2.919000000000000128e+01 1.969855000000000089e+01 5.389040999999999748e+00 7.360172999999999632e+00 1.274340000000000028e+00 8.334251999999999772e-01 0.000000000000000000e+00 5.318604999999999805e+00 2.047896000000000072e+01 1.860866000000000042e+01 1.508591000000000015e+01 1.252968000000000082e+01 7.220831999999999695e+00 4.502499000000000251e+00 3.865540999999999894e+00 4.833065999999999640e+00 2.898015000000000008e+00 3.282982000000000067e+00 2.358134999999999870e+00 2.635120000000000129e+00 3.466002000000000027e+00 3.452217000000000091e+00 2.176359000000000155e+00 2.782947000000000060e+00 9.974024000000000223e-01 3.736913000000000040e-01 1.000000000000000000e+00 -9.999000000000000000e+03 -9.999000000000000000e+03 -9.999000000000000000e+03 -9.999000000000000000e+03
1.101287999999999911e+01 3.616485999999999734e+01 1.837828000000000017e+01 1.175721000000000060e+01 1.407758000000000065e+00 1.326369000000000042e+01 1.440896000000000043e+01 2.681671000000000049e+01 3.001001000000000118e+01 6.366954999999999920e+00 1.045279000000000025e+01 8.718315999999999732e+00 8.318550000000000111e+00 6.745963999999999849e+00 6.019474999999999909e+00 8.454074999999999562e+00 1.500298000000000087e+01 9.550000000000000711e+00 6.627100000000000435e+00 4.382690000000000197e+00 2.232566999999999968e+00 6.740903000000000311e+00 4.814535000000000231e+00 3.358134999999999870e+00 3.224790000000000045e+00 3.535756000000000121e+00 4.978438999999999837e+00 3.990712999999999955e+00 3.782947000000000060e+00 1.324764000000000053e+00 1.927262000000000031e+00 2.119066999999999812e+00 0.000000000000000000e+00 9.626991000000000298e+00 -9.999000000000000000e+03 -9.999000000000000000e+03 -9.999000000000000000e+03
2.934066999999999936e+01 3.170270000000000010e+01 3.429917999999999978e+01 7.117736999999999981e+00 1.320365999999999929e+01 1.119558999999999926e+01 3.785441000000000056e+00 3.364031999999999911e+00 1.155325000000000024e+01 2.864781999999999940e+01 2.033236000000000132e+01 1.236214000000000013e+01 1.353918999999999961e+01 1.279593999999999987e+01 1.284174999999999933e+01 1.433925999999999945e+01 4.856391999999999598e+00 4.036896999999999736e+00 4.531719999999999970e+00 9.962566999999999950e+00 1.099288999999999916e+01 8.330621999999999971e+00 5.647681999999999647e+00 3.119936000000000043e+00 5.310242999999999824e+00 3.689983999999999931e+00 5.742575999999999681e+00 7.906196999999999697e+00 2.301820999999999895e+00 2.687113000000000085e+00 2.795005000000000184e+00 1.587155000000000094e+00 0.000000000000000000e+00 0.000000000000000000e+00 1.062698999999999927e+01 -9.999000000000000000e+03 -9.999000000000000000e+03
3.201729999999999876e+01 1.405772999999999939e+01 1.219009999999999927e+01 3.329917999999999978e+01 3.223854999999999915e+00 2.439440999999999971e+00 5.923830999999999847e+00 2.090822999999999876e+00 1.424212000000000033e+00 1.870284000000000058e+00 8.185745999999999967e+00 1.433135000000000048e+01 9.980299999999999727e+00 9.296129000000000531e+00 1.074751000000000012e+01 4.800199000000000105e+00 1.107837999999999923e+01 9.086434999999999818e+00 1.267681999999999931e+01 3.802388000000000101e+00 4.094454999999999956e+00 8.446156999999999471e+00 3.798541000000000167e+00 4.016308999999999685e+00 5.814872000000000263e+00 6.776451999999999920e+00 1.004137000000000057e+01 2.045530999999999988e+00 1.993603000000000014e+00 5.488514000000000337e+00 6.185005000000000086e-01 2.146317999999999948e+00 1.206369999999999942e+00 6.159664000000000250e-01 1.284057999999999922e+00 2.400003999999999849e+01 -9.999000000000000000e+03
5.694093999999999767e+01 1.942334999999999923e+01 2.149334999999999951e+01 1.119009999999999927e+01 3.357135000000000247e+01 1.182220000000000049e+01 3.468353000000000019e+00 5.429642000000000301e+00 8.440934999999999633e+00 8.237073000000000533e+00 7.135278999999999705e+00 7.623311000000000170e+00 2.554851000000000205e+00 5.236439999999999984e+00 9.847979999999999512e-01 7.850641999999999676e+00 1.383002999999999982e+00 8.660666000000000864e+00 8.477263000000000437e-01 5.738468000000000124e+00 9.446156999999999471e+00 2.441806000000000143e+00 5.113992999999999789e+00 1.504785000000000039e+00 1.796868999999999872e+01 1.338024000000000058e+01 6.570414000000000421e+00 4.517497999999999791e+00 4.748477000000000281e+00 2.472074999999999800e+00 2.498883000000000187e+00 1.749568000000000012e+00 3.255377000000000187e+00 3.512888000000000122e-01 6.962477000000000249e-01 2.096301000000000059e+01 -9.999000000000000000e+03
9.450562999999999647e+01 3.378083000000000169e+01 2.680310000000000059e+01 4.470618999999999943e+01 1.143947000000000003e+01 3.027198999999999884e+01 2.932086999999999932e+01 1.614096999999999937e+01 1.083835000000000015e+01 8.923840000000000217e+00 4.596858000000000111e+00 1.558416999999999941e+00 5.200649000000000299e+00 5.190597000000000127e-01 5.334247000000000405e+00 4.656477999999999895e+00 9.353277999999999537e+00 3.555315999999999921e+00 4.658449000000000062e+00 1.323109999999999964e+01 4.478565999999999825e+00 5.637984999999999580e+00 1.632033999999999985e+00 1.896868999999999872e+01 7.314930999999999628e+00 7.380794999999999995e+00 5.050435000000000230e+00 4.224582999999999977e+00 3.472074999999999800e+00 2.065513000000000154e+00 3.814299000000000106e+00 4.070249999999999702e+00 1.224625000000000075e+00 6.804289000000000032e-01 1.597018999999999966e+00 1.230913999999999930e+01 -9.999000000000000000e+03
2.012644999999999982e+02 5.623606000000000193e+01 3.776826999999999934e+00 3.288349999999999884e+00 4.069707999999999970e+01 2.539164999999999850e+01 3.211789999999999878e+01 2.811572999999999922e+01 1.158875000000000099e+00 2.772452999999999723e-01 2.706020999999999788e+00 8.211317000000000199e-01 0.000000000000000000e+00 4.977661000000000335e+00 1.356586000000000070e+00 2.194051999999999936e+01 4.930765000000000065e+00 3.687699999999999978e+00 2.037632999999999939e+01 1.000416000000000061e+01 7.920866000000000184e+00 2.632033999999999985e+00 1.996868999999999872e+01 8.314930999999999628e+00 5.352501000000000175e+00 8.822701000000000349e+00 5.382163000000000252e+00 3.423446000000000211e+00 4.523545000000000371e+00 3.417593999999999799e+00 6.466955999999999705e+00 1.295789000000000080e+00 1.493610000000000104e+00 2.912733999999999934e+00 7.999399999999999844e-01 1.330913999999999930e+01 -9.999000000000000000e+03
1.888129999999999953e+01 2.002644999999999982e+02 1.199406000000000034e+02 1.776593000000000089e+00 6.033895000000000231e+00 1.509709999999999930e+01 4.213993999999999573e+00 1.752982000000000085e+01 3.771379000000000303e+01 2.550692000000000093e+01 1.653359999999999985e+01 2.900954000000000033e+00 1.942191999999999918e+00 7.645463999999999594e+00 2.353437999999999874e+01 0.000000000000000000e+00 1.331958999999999946e+02 3.093505000000000038e+01 8.909086999999999534e+00 2.922788000000000164e+00 1.312392999999999921e+00 1.841257999999999839e+01 1.211172999999999966e+01 4.096734999999999793e+00 1.287979999999999947e+01 6.386171000000000042e+00 2.911103000000000218e+00 4.171649999999999636e+00 5.360085999999999906e+00 7.043353999999999893e+00 3.205563999999999858e+00 2.695513000000000048e+00 3.912733999999999934e+00 0.000000000000000000e+00 7.981503000000000014e+00 8.127575999999999468e+00 -9.999000000000000000e+03
1.916414999999999980e+00 2.413436000000000092e+01 1.263251000000000062e+02 1.937502000000000066e+02 7.679448999999999970e+00 4.466816999999999815e+00 1.489657000000000053e+01 9.729876000000000857e+00 1.203118000000000087e+01 1.595447000000000060e+01 2.292779000000000167e+01 3.467589000000000254e+01 3.253726999999999947e+01 2.506467999999999918e+01 1.595356999999999914e+01 2.492031000000000063e+02 1.134936000000000007e+02 2.088117000000000019e+02 2.074612999999999943e+02 1.188014000000000081e+01 1.941257999999999839e+01 1.206969999999999921e+01 1.754240999999999939e+00 1.501646000000000036e+01 1.207296000000000014e+01 3.150399000000000171e+00 4.515361000000000402e+00 4.878823999999999828e+00 1.012495000000000012e+01 4.377989000000000352e+00 3.007436999999999916e+00 3.848047000000000217e+00 1.449553000000000091e+00 7.761858999999999842e-01 1.794802999999999926e+01 0.000000000000000000e+00 0.000000000000000000e+00
2.447220000000000173e+00 5.399769000000000041e+00 6.082932000000000272e+01 1.189600000000000080e+01 1.796742000000000132e+02 7.368628000000000178e+00 0.000000000000000000e+00 4.063679999999999737e+00 2.036784000000000094e-01 5.283580999999999861e+00 3.432084999999999830e+00 1.679426000000000085e+00 5.559306000000000525e-01 0.000000000000000000e+00 2.961918999999999755e+02 3.952233999999999980e+01 6.747779000000000416e-01 5.903340999999999728e-01 0.000000000000000000e+00 1.917377999999999929e+02 1.054714000000000027e+02 1.556832999999999911e+00 1.776588999999999885e+01 1.201196000000000019e+01 7.190512000000000015e+00 6.142104999999999926e+00 4.558144000000000418e+00 1.244562999999999953e+01 1.737027000000000099e+00 7.531928999999999874e+00 3.951954000000000189e+00 2.043177000000000021e+00 1.940212000000000048e+00 2.032086999999999932e+01 5.065897999999999790e-01 2.399761999999999951e+00 0.000000000000000000e+00
2.670228999999999964e+00 1.844788000000000094e+00 1.236542000000000030e+01 4.779587000000000074e+01 3.713839000000000112e+01 1.498893999999999949e+02 7.166929999999999801e+00 0.000000000000000000e+00 3.063680000000000181e+00 2.267200000000000049e-01 7.821635000000000393e-02 1.150722999999999940e+00 4.440694000000000030e-01 2.971918999999999755e+02 4.783594000000000079e+01 4.922462000000000160e+01 8.490346999999999866e+01 8.354935000000000400e+01 8.021863000000000454e+01 7.828602999999999668e+01 1.486401999999999930e+02 1.956825000000000045e+02 2.457267999999999830e+01 9.754780999999999480e+00 3.922438999999999787e+00 4.274975000000000414e+00 1.344562999999999953e+01 2.030551999999999913e-01 7.926709999999999923e+00 6.986393999999999771e+00 2.646393000000000217e+00 3.662869999999999848e+00 2.417566000000000059e+01 3.330566999999999833e+00 4.428579000000000043e+00 4.767916999999999850e-01 0.000000000000000000e+00
7.617506000000000277e-02 4.914376999999999995e+00 7.295828000000000202e+00 4.565561000000000291e+01 8.417932000000000192e-01 5.170716999999999786e+01 1.318207999999999913e+02 6.808940999999999910e+00 5.632571999999999690e+00 5.673211000000000226e+00 1.482194999999999929e+00 2.513312999999999797e-01 0.000000000000000000e+00 3.536154000000000224e+02 5.759703000000000017e+00 3.927246999999999932e+00 2.715240000000000098e+00 1.117949999999999999e+00 1.123455000000000092e+00 2.326486000000000109e-01 1.767350999999999894e+00 1.693762000000000114e+02 2.282680999999999827e+01 7.998774000000000051e+00 4.034582000000000335e+00 1.283636000000000088e+01 2.186608999999999803e+00 3.604928000000000132e+00 1.251210000000000022e+01 3.007064000000000181e+00 2.893543999999999983e+01 2.798207000000000022e+01 4.873499999999999943e+00 5.227227000000000068e+00 1.755811999999999928e+00 1.343345000000000011e+00 0.000000000000000000e+00
