testcase_input/parameters/LAI_conif.dat
NCOLS         214
NROWS         263
XLLCORNER     382500.0
YLLCORNER     7541702.0
CELLSIZE      16.0
NODATA_VALUE  -9999
[rows 198 to 219 of 263, columns 98 to 146 of 214]
2.686000000000000054e-01 4.702000000000000068e-01 2.076900000000000190e+00 1.658500000000000085e+00 1.917699999999999960e+00 1.346500000000000030e+00 8.126999999999999780e-01 8.173999999999999044e-01 1.048900000000000166e+00 9.762999999999999456e-01 1.093599999999999905e+00 1.029300000000000104e+00 9.036999999999999478e-01 1.098200000000000065e+00 1.372100000000000097e+00 8.226999999999999869e-01 7.757000000000000561e-01 1.796200000000000241e+00 1.299600000000000088e+00 1.413100000000000023e+00 1.957899999999999974e+00 2.162900000000000045e+00 2.156099999999999905e+00 1.958900000000000086e+00 1.952100000000000168e+00 1.947400000000000020e+00 1.947400000000000020e+00 2.144600000000000062e+00 2.158200000000000340e+00 2.158200000000000340e+00 1.996100000000000207e+00 1.957500000000000240e+00 1.966399999999999704e+00 1.142900000000000027e+00 2.011300000000000310e+00 1.300499999999999989e+00 1.659299999999999997e+00 1.672900000000000054e+00 1.683500000000000218e+00 1.203100000000000058e+00 1.114500000000000046e+00 1.352300000000000058e+00 1.269400000000000084e+00 2.243199999999999861e+00 1.923500000000000210e+00 1.684199999999999919e+00 1.710800000000000098e+00 3.663000000000000145e-01 1.914000000000000146e-01
4.904999999999999916e-01 8.074999999999999956e-01 1.448400000000000132e+00 2.117599999999999927e+00 1.948100000000000165e+00 1.516599999999999948e+00 9.978000000000000203e-01 1.141499999999999959e+00 1.476299999999999946e+00 1.476299999999999946e+00 8.126999999999999780e-01 8.173999999999999044e-01 1.075700000000000101e+00 9.491999999999999327e-01 1.089199999999999946e+00 1.106999999999999984e+00 5.620000000000000551e-01 7.711999999999999966e-01 1.446299999999999919e+00 1.276100000000000012e+00 1.105999999999999872e+00 1.519899999999999807e+00 1.933600000000000207e+00 2.016100000000000225e+00 2.003800000000000026e+00 1.996300000000000185e+00 2.173599999999999977e+00 2.104999999999999982e+00 2.107099999999999973e+00 1.954200000000000159e+00 2.241600000000000037e+00 2.143100000000000005e+00 1.645499999999999963e+00 1.484599999999999920e+00 1.791700000000000070e+00 1.327199999999999935e+00 1.307799999999999851e+00 1.303099999999999925e+00 1.324600000000000222e+00 1.289099999999999913e+00 1.745400000000000063e+00 1.733400000000000052e+00 1.970099999999999962e+00 1.959600000000000009e+00 1.930300000000000127e+00 1.847399999999999931e+00 1.324100000000000055e+00 3.563999999999999391e-01 2.164999999999999702e-01
1.236099999999999977e+00 1.591700000000000115e+00 2.118199999999999861e+00 2.742199999999999971e+00 2.512700000000000156e+00 1.600200000000000067e+00 8.943999999999999728e-01 1.058899999999999952e+00 1.320500000000000229e+00 1.895799999999999930e+00 9.011000000000000121e-01 8.001000000000000334e-01 1.351100000000000190e+00 1.053700000000000081e+00 1.129900000000000126e+00 2.880999999999999672e-01 1.087999999999999939e-01 4.145000000000000351e-01 3.613000000000000100e-01 6.328000000000000291e-01 1.136700000000000044e+00 1.074699999999999989e+00 1.058999999999999941e+00 1.074800000000000200e+00 1.824899999999999967e+00 2.026200000000000223e+00 2.446000000000000174e+00 2.424900000000000055e+00 2.112300000000000288e+00 1.960999999999999854e+00 2.131099999999999994e+00 1.860700000000000021e+00 1.477800000000000002e+00 1.387599999999999945e+00 1.286499999999999977e+00 1.535700000000000065e+00 1.361199999999999966e+00 1.770799999999999930e+00 2.007699999999999818e+00 2.008900000000000130e+00 1.959600000000000009e+00 2.257299999999999862e+00 2.095600000000000129e+00 2.043400000000000105e+00 2.033999999999999808e+00 1.847399999999999931e+00 1.499200000000000088e+00 4.812000000000000721e-01 2.185999999999999888e-01
2.016199999999999992e+00 2.639100000000000001e+00 2.641700000000000159e+00 2.846300000000000274e+00 2.715599999999999792e+00 1.979900000000000215e+00 8.938999999999999169e-01 7.928999999999999382e-01 7.745999999999999552e-01 8.431999999999999496e-01 9.458999999999999631e-01 9.249999999999999334e-01 9.263000000000000123e-01 4.989000000000000101e-01 4.239000000000000545e-01 6.129000000000000004e-01 5.131999999999999895e-01 5.059000000000000163e-01 2.019000000000000239e-01 2.427000000000000268e-01 5.780000000000000693e-01 5.920000000000000817e-01 7.968999999999999417e-01 6.617999999999999439e-01 1.336699999999999999e+00 2.032799999999999940e+00 2.449899999999999967e+00 2.473899999999999988e+00 2.041800000000000281e+00 2.173399999999999999e+00 1.954200000000000159e+00 1.727400000000000047e+00 1.680900000000000061e+00 1.628200000000000092e+00 1.537500000000000089e+00 2.129500000000000171e+00 2.156699999999999839e+00 2.062699999999999978e+00 2.038699999999999957e+00 2.009199999999999875e+00 2.524700000000000166e+00 2.355299999999999727e+00 2.357399999999999718e+00 2.357399999999999718e+00 2.061300000000000132e+00 2.080200000000000049e+00 1.631499999999999950e+00 1.741000000000000103e+00 6.040999999999999703e-01
2.666399999999999881e+00 2.817600000000000549e+00 2.907899999999999707e+00 2.940799999999999859e+00 2.717900000000000205e+00 2.636300000000000310e+00 1.059699999999999864e+00 6.976999999999999869e-01 7.368999999999999995e-01 6.998000000000000886e-01 9.249999999999999334e-01 9.424000000000000155e-01 4.219999999999999862e-01 3.876000000000000001e-01 4.937000000000000277e-01 4.463000000000000300e-01 1.475000000000000200e-01 1.475000000000000200e-01 1.407000000000000195e-01 1.407000000000000195e-01 3.554000000000000492e-01 3.981999999999999984e-01 4.082999999999999963e-01 1.063200000000000145e+00 9.025000000000000799e-01 2.077099999999999724e+00 2.430100000000000371e+00 1.942300000000000137e+00 2.446099999999999941e+00 2.382200000000000095e+00 2.375200000000000422e+00 1.743600000000000039e+00 1.753400000000000070e+00 1.526499999999999968e+00 1.943900000000000183e+00 1.943400000000000238e+00 2.486800000000000122e+00 2.355299999999999727e+00 2.518400000000000194e+00 2.636400000000000077e+00 2.755600000000000271e+00 2.631700000000000372e+00 2.359999999999999876e+00 2.528900000000000148e+00 2.524199999999999999e+00 2.699000000000000288e+00 2.163200000000000234e+00 1.715999999999999970e+00 1.752800000000000136e+00
2.868700000000000472e+00 2.849099999999999966e+00 2.772100000000000009e+00 2.763200000000000323e+00 2.701700000000000212e+00 2.710000000000000409e+00 6.909000000000000696e-01 4.000000000000000222e-01 7.044000000000000261e-01 8.377000000000001112e-01 1.097599999999999909e+00 5.082999999999999741e-01 6.350000000000000089e-01 1.087999999999999939e-01 1.224000000000000088e-01 1.156000000000000083e-01 1.087999999999999939e-01 1.019999999999999934e-01 1.271000000000000185e-01 1.271000000000000185e-01 1.338999999999999913e-01 1.768000000000000127e-01 2.424000000000000044e-01 1.192099999999999937e+00 1.486800000000000122e+00 1.998800000000000132e+00 2.218500000000000139e+00 2.119099999999999984e+00 1.957999999999999963e+00 2.710399999999999920e+00 2.374700000000000255e+00 2.472399999999999931e+00 2.599800000000000111e+00 1.903100000000000014e+00 1.998600000000000154e+00 2.065999999999999837e+00 2.381300000000000416e+00 2.459500000000000242e+00 2.499200000000000088e+00 2.543499999999999872e+00 2.704200000000000159e+00 2.422500000000000320e+00 2.529399999999999871e+00 2.520500000000000185e+00 2.509999999999999787e+00 2.693200000000000038e+00 2.165300000000000225e+00 1.659200000000000230e+00 1.441600000000000215e+00
2.525000000000000355e+00 2.907300000000000217e+00 2.924000000000000377e+00 2.798099999999999810e+00 2.837200000000000166e+00 2.934000000000000163e+00 1.974699999999999900e+00 1.135499999999999954e+00 5.585999999999999854e-01 5.811000000000000609e-01 6.917999999999999705e-01 4.136999999999999567e-01 8.759000000000001229e-01 1.224000000000000088e-01 1.224000000000000088e-01 1.632000000000000117e-01 1.700000000000000122e-01 1.632000000000000117e-01 1.087999999999999939e-01 1.019999999999999934e-01 9.519999999999999296e-02 2.515999999999999903e-01 1.551000000000000156e-01 1.717600000000000016e+00 1.188199999999999923e+00 1.449600000000000000e+00 1.218199999999999950e+00 1.402500000000000080e+00 1.970399999999999929e+00 2.719700000000000450e+00 2.374700000000000255e+00 2.283700000000000063e+00 2.338500000000000245e+00 2.048499999999999766e+00 2.369800000000000129e+00 2.352100000000000080e+00 2.381300000000000416e+00 2.445899999999999963e+00 -9999 -9999 -9999 2.066399999999999793e+00 2.390400000000000080e+00 2.520999999999999908e+00 2.415700000000000180e+00 2.424100000000000144e+00 2.107899999999999885e+00 1.954900000000000304e+00 1.828500000000000014e+00
1.838200000000000056e+00 1.836100000000000065e+00 2.702600000000000335e+00 2.711500000000000021e+00 2.758000000000000007e+00 2.793600000000000083e+00 2.488100000000000200e+00 1.932900000000000063e+00 8.431999999999999496e-01 9.380999999999999339e-01 6.748000000000000664e-01 4.136999999999999567e-01 6.409000000000000252e-01 2.380000000000000171e-01 1.224000000000000088e-01 4.509000000000000230e-01 1.542999999999999927e-01 1.428000000000000103e-01 1.700000000000000122e-01 1.156000000000000083e-01 1.224000000000000088e-01 3.800000000000000044e-01 6.411999999999999922e-01 1.703400000000000025e+00 1.699000000000000288e+00 1.302100000000000035e+00 1.310999999999999943e+00 1.793700000000000072e+00 1.603300000000000169e+00 1.960999999999999854e+00 2.433900000000000396e+00 2.297299999999999898e+00 2.340600000000000236e+00 2.048499999999999766e+00 -9999 -9999 2.097700000000000120e+00 -9999 -9999 -9999 -9999 -9999 -9999 -9999 -9999 -9999 -9999 2.096400000000000041e+00 -9999
1.677300000000000013e+00 1.828300000000000036e+00 1.600100000000000078e+00 1.793400000000000105e+00 2.018200000000000216e+00 2.632800000000000029e+00 2.603000000000000203e+00 2.031200000000000117e+00 1.414600000000000080e+00 6.998000000000000886e-01 5.847999999999999865e-01 3.510000000000000342e-01 3.077000000000000290e-01 3.518000000000000016e-01 2.107999999999999874e-01 1.632000000000000117e-01 5.394999999999999796e-01 1.542999999999999927e-01 1.632000000000000117e-01 1.700000000000000122e-01 1.632000000000000117e-01 1.833000000000000185e-01 8.366000000000000103e-01 2.062000000000000277e+00 1.276599999999999957e+00 1.300000000000000044e+00 1.302100000000000035e+00 1.267800000000000038e+00 1.669399999999999995e+00 1.991900000000000004e+00 2.408300000000000107e+00 2.410900000000000265e+00 2.361100000000000421e+00 -9999 -9999 -9999 -9999 -9999 -9999 -9999 -9999 -9999 -9999 -9999 -9999 -9999 -9999 -9999 -9999
2.064499999999999780e+00 1.626700000000000257e+00 1.707200000000000051e+00 1.727600000000000025e+00 2.088499999999999801e+00 2.505100000000000549e+00 2.387700000000000156e+00 2.029600000000000293e+00 1.671399999999999997e+00 7.066000000000000059e-01 8.010000000000000453e-01 2.445000000000000229e-01 3.292999999999999816e-01 3.366000000000000103e-01 3.195999999999999952e-01 4.329999999999999405e-01 4.202000000000000179e-01 1.679000000000000214e-01 1.632000000000000117e-01 1.338999999999999913e-01 2.268999999999999906e-01 6.567000000000000615e-01 1.013600000000000056e+00 2.147999999999999687e+00 1.618800000000000017e+00 1.633999999999999897e+00 1.582799999999999985e+00 1.826300000000000034e+00 1.537999999999999812e+00 1.692600000000000104e+00 1.822999999999999954e+00 1.937100000000000044e+00 -9999 -9999 -9999 -9999 -9999 -9999 -9999 -9999 -9999 -9999 -9999 -9999 -9999 -9999 -9999 -9999 -9999
2.060400000000000453e+00 1.854900000000000215e+00 1.731800000000000006e+00 1.646700000000000053e+00 1.959799999999999986e+00 2.524700000000000166e+00 2.394499999999999851e+00 2.011300000000000310e+00 1.416700000000000070e+00 1.081399999999999917e+00 3.876000000000000001e-01 5.177000000000000490e-01 3.851999999999999869e-01 3.846999999999999864e-01 8.243000000000000327e-01 4.179000000000000492e-01 2.207000000000000073e-01 2.086999999999999966e-01 8.160000000000000586e-02 4.141999999999999571e-01 4.420000000000000040e-01 5.574000000000000066e-01 1.760699999999999932e+00 1.658999999999999808e+00 1.893800000000000150e+00 2.046499999999999986e+00 1.973300000000000054e+00 1.814599999999999991e+00 2.052100000000000257e+00 1.820899999999999963e+00 1.927700000000000191e+00 -9999 -9999 -9999 -9999 -9999 -9999 -9999 -9999 -9999 -9999 -9999 -9999 -9999 -9999 -9999 -9999 -9999 -9999
2.451200000000000045e+00 1.972500000000000142e+00 1.663900000000000157e+00 1.389000000000000012e+00 2.092400000000000038e+00 2.049500000000000099e+00 2.352700000000000014e+00 2.139899999999999913e+00 1.357600000000000140e+00 1.521500000000000075e+00 4.680999999999999606e-01 4.790000000000000369e-01 2.448000000000000176e-01 4.215999999999999748e-01 8.850999999999999979e-01 3.807999999999999718e-01 4.759999999999999648e-02 1.835999999999999854e-01 2.448000000000000176e-01 3.059999999999999942e-01 9.361000000000000432e-01 1.049500000000000099e+00 1.845299999999999940e+00 2.035600000000000076e+00 1.824200000000000044e+00 2.053400000000000336e+00 2.024000000000000021e+00 2.091699999999999893e+00 1.966900000000000315e+00 2.114700000000000024e+00 1.975800000000000001e+00 -9999 -9999 -9999 -9999 -9999 -9999 -9999 -9999 -9999 -9999 -9999 -9999 -9999 -9999 -9999 -9999 -9999 -9999
1.413000000000000034e+00 9.721000000000000751e-01 9.656000000000001249e-01 1.405200000000000227e+00 1.963200000000000056e+00 2.012900000000000134e+00 2.320300000000000473e+00 2.142500000000000071e+00 1.386200000000000099e+00 1.202800000000000091e+00 3.277999999999999803e-01 7.876999999999999558e-01 5.011000000000001009e-01 4.838000000000000078e-01 6.594999999999999751e-01 2.175999999999999879e-01 1.224000000000000088e-01 3.138000000000000234e-01 2.959999999999999853e-01 6.310000000000000053e-01 1.037600000000000078e+00 1.845299999999999940e+00 2.037700000000000067e+00 2.368100000000000094e+00 2.409200000000000230e+00 2.418800000000000061e+00 2.507900000000000240e+00 2.530499999999999972e+00 2.371900000000000119e+00 2.368200000000000305e+00 -9999 -9999 -9999 -9999 -9999 -9999 -9999 -9999 -9999 -9999 -9999 -9999 -9999 -9999 -9999 -9999 -9999 -9999 -9999
9.204999999999999849e-01 1.031800000000000050e+00 9.061999999999998945e-01 1.838100000000000067e+00 1.522800000000000153e+00 1.992500000000000160e+00 2.389299999999999979e+00 2.391399999999999970e+00 1.992500000000000160e+00 8.870000000000000107e-01 5.495000000000000995e-01 4.727999999999999980e-01 0.000000000000000000e+00 0.000000000000000000e+00 0.000000000000000000e+00 -9999 -9999 6.109000000000001096e-01 1.770500000000000185e+00 1.106000000000000094e+00 1.552099999999999813e+00 1.937100000000000044e+00 2.221099999999999852e+00 2.510199999999999765e+00 2.679700000000000415e+00 2.646799999999999820e+00 2.515800000000000036e+00 2.507000000000000117e+00 2.363799999999999901e+00 -9999 -9999 -9999 -9999 -9999 -9999 -9999 -9999 -9999 -9999 -9999 -9999 -9999 -9999 -9999 -9999 -9999 -9999 -9999 -9999
1.414099999999999913e+00 5.988999999999999879e-01 9.612000000000000544e-01 2.122100000000000097e+00 1.829300000000000148e+00 2.396099999999999675e+00 2.368399999999999839e+00 2.423299999999999788e+00 2.471900000000000208e+00 1.320500000000000229e+00 0.000000000000000000e+00 0.000000000000000000e+00 0.000000000000000000e+00 0.000000000000000000e+00 -9999 -9999 -9999 -9999 1.327299999999999924e+00 1.222099999999999964e+00 1.857599999999999918e+00 2.042400000000000215e+00 2.531299999999999883e+00 2.515800000000000036e+00 2.677200000000000024e+00 2.526299999999999990e+00 2.590300000000000047e+00 2.592900000000000205e+00 2.588200000000000056e+00 -9999 -9999 -9999 -9999 -9999 -9999 -9999 -9999 -9999 -9999 -9999 -9999 -9999 -9999 -9999 -9999 -9999 -9999 -9999 -9999
1.990600000000000147e+00 7.487000000000000322e-01 7.815999999999999615e-01 1.808100000000000041e+00 2.108700000000000241e+00 2.116500000000000270e+00 2.122800000000000242e+00 2.122300000000000075e+00 2.233299999999999841e+00 1.870199999999999863e+00 8.461999999999999522e-01 0.000000000000000000e+00 0.000000000000000000e+00 -9999 -9999 -9999 -9999 -9999 8.949000000000000288e-01 1.821800000000000086e+00 1.645499999999999963e+00 2.044999999999999929e+00 -9999 2.510199999999999765e+00 2.588200000000000056e+00 2.465900000000000425e+00 2.509999999999999787e+00 2.457399999999999807e+00 -9999 -9999 -9999 -9999 -9999 -9999 -9999 -9999 -9999 -9999 -9999 -9999 -9999 -9999 -9999 -9999 -9999 -9999 -9999 -9999 -9999
1.881899999999999906e+00 1.829300000000000148e+00 1.812800000000000189e+00 1.822200000000000042e+00 2.106100000000000083e+00 2.164699999999999847e+00 2.118100000000000094e+00 2.118100000000000094e+00 -9999 -9999 -9999 -9999 -9999 -9999 -9999 -9999 -9999 -9999 -9999 -9999 -9999 -9999 -9999 -9999 -9999 -9999 -9999 -9999 -9999 -9999 -9999 -9999 -9999 -9999 -9999 -9999 -9999 -9999 -9999 -9999 -9999 -9999 -9999 -9999 -9999 -9999 -9999 -9999 -9999
1.867799999999999905e+00 1.819100000000000161e+00 1.878500000000000281e+00 1.879000000000000004e+00 2.103499999999999925e+00 2.148500000000000298e+00 2.223100000000000076e+00 -9999 -9999 -9999 -9999 -9999 -9999 -9999 -9999 -9999 -9999 -9999 -9999 -9999 -9999 -9999 -9999 -9999 -9999 -9999 -9999 -9999 -9999 -9999 -9999 -9999 -9999 -9999 -9999 -9999 -9999 -9999 -9999 -9999 -9999 -9999 -9999 -9999 -9999 -9999 -9999 -9999 -9999
1.607800000000000118e+00 1.789600000000000080e+00 2.089399999999999924e+00 2.094100000000000072e+00 2.108700000000000241e+00 2.111800000000000122e+00 2.020400000000000418e+00 -9999 -9999 -9999 -9999 -9999 -9999 -9999 -9999 -9999 -9999 -9999 -9999 -9999 -9999 -9999 -9999 -9999 -9999 -9999 -9999 -9999 -9999 -9999 -9999 -9999 -9999 -9999 -9999 -9999 -9999 -9999 -9999 -9999 -9999 -9999 -9999 -9999 -9999 -9999 -9999 -9999 -9999
1.254000000000000004e+00 1.787000000000000144e+00 2.096700000000000230e+00 2.108200000000000074e+00 2.109200000000000408e+00 2.025599999999999845e+00 -9999 -9999 -9999 -9999 -9999 -9999 -9999 -9999 -9999 -9999 -9999 -9999 -9999 -9999 -9999 -9999 -9999 -9999 -9999 -9999 -9999 -9999 -9999 -9999 -9999 -9999 -9999 -9999 -9999 -9999 -9999 -9999 -9999 -9999 -9999 -9999 -9999 -9999 -9999 -9999 -9999 -9999 -9999
9.366999999999999771e-01 2.111900000000000333e+00 2.115499999999999936e+00 2.113399999999999945e+00 1.979900000000000215e+00 2.039600000000000080e+00 -9999 -9999 -9999 -9999 -9999 -9999 -9999 -9999 -9999 -9999 -9999 -9999 -9999 -9999 -9999 -9999 -9999 -9999 -9999 -9999 -9999 -9999 -9999 -9999 -9999 -9999 -9999 -9999 -9999 -9999 -9999 -9999 -9999 -9999 -9999 -9999 -9999 -9999 -9999 -9999 -9999 -9999 -9999
9.675000000000000266e-01 1.948599999999999888e+00 2.114500000000000046e+00 2.117100000000000204e+00 1.981500000000000039e+00 -9999 -9999 -9999 -9999 -9999 -9999 -9999 -9999 -9999 -9999 -9999 -9999 -9999 -9999 -9999 -9999 -9999 -9999 -9999 -9999 -9999 -9999 -9999 -9999 -9999 -9999 -9999 -9999 -9999 -9999 -9999 -9999 -9999 -9999 -9999 -9999 -9999 -9999 -9999 -9999 -9999 -9999 -9999 -9999
