testcase_input/parameters/LAI_shrub.dat
NCOLS         214
NROWS         263
XLLCORNER     382500.0
YLLCORNER     7541702.0
CELLSIZE      16.0
NODATA_VALUE  -9999
[rows 160 to 175 of 263, columns 37 to 73 of 214]
-9.999000000000000000e+03 -9.999000000000000000e+03 -9.999000000000000000e+03 -9.999000000000000000e+03 -9.999000000000000000e+03 -9.999000000000000000e+03 -9.999000000000000000e+03 -9.999000000000000000e+03 -9.999000000000000000e+03 -9.999000000000000000e+03 -9.999000000000000000e+03 -9.999000000000000000e+03 -9.999000000000000000e+03 -9.999000000000000000e+03 -9.999000000000000000e+03 -9.999000000000000000e+03 -9.999000000000000000e+03 -9.999000000000000000e+03 -9.999000000000000000e+03 5.128401000000000209e-01 6.101807999999999677e-01 5.488395000000000357e-01 6.217863000000000140e-01 4.761159000000000363e-01 5.051577000000000428e-01 5.200629999999999420e-01 4.934742999999999769e-01 5.588885000000000103e-01 6.639928999999999970e-01 6.041916000000000508e-01 5.874508000000000507e-01 6.006369000000000291e-01 5.375240000000000018e-01 4.744884999999999797e-01 6.245133999999999963e-01 5.773007999999999473e-01 5.828834000000000515e-01
-9.999000000000000000e+03 -9.999000000000000000e+03 -9.999000000000000000e+03 -9.999000000000000000e+03 -9.999000000000000000e+03 -9.999000000000000000e+03 -9.999000000000000000e+03 -9.999000000000000000e+03 -9.999000000000000000e+03 -9.999000000000000000e+03 -9.999000000000000000e+03 -9.999000000000000000e+03 -9.999000000000000000e+03 -9.999000000000000000e+03 -9.999000000000000000e+03 -9.999000000000000000e+03 -9.999000000000000000e+03 -9.999000000000000000e+03 -9.999000000000000000e+03 5.205916999999999906e-01 5.826352000000000197e-01 5.678111999999999604e-01 4.647911000000000126e-01 5.286570000000000435e-01 6.196304999999999730e-01 6.035709999999999686e-01 5.686032000000000863e-01 4.643095000000000416e-01 6.758118000000000736e-01 7.108119999999999994e-01 5.758109999999999618e-01 6.315336999999999756e-01 5.724976999999999983e-01 5.619405000000000650e-01 6.126460000000000239e-01 5.221123999999999210e-01 5.889763000000000082e-01
-9.999000000000000000e+03 -9.999000000000000000e+03 -9.999000000000000000e+03 -9.999000000000000000e+03 -9.999000000000000000e+03 -9.999000000000000000e+03 -9.999000000000000000e+03 -9.999000000000000000e+03 -9.999000000000000000e+03 -9.999000000000000000e+03 -9.999000000000000000e+03 -9.999000000000000000e+03 -9.999000000000000000e+03 -9.999000000000000000e+03 -9.999000000000000000e+03 -9.999000000000000000e+03 -9.999000000000000000e+03 -9.999000000000000000e+03 -9.999000000000000000e+03 5.383712999999999971e-01 4.868989999999999707e-01 6.543790000000000440e-01 6.691123999999999405e-01 4.613166000000000211e-01 5.937879999999999825e-01 5.002569999999999517e-01 5.205112000000000627e-01 5.446522999999999781e-01 5.643635999999999653e-01 5.673250999999999156e-01 5.659980999999999485e-01 6.361151000000000444e-01 5.150360999999999967e-01 6.037664999999999837e-01 5.758373999999999437e-01 6.298278999999999961e-01 5.658488000000000406e-01
-9.999000000000000000e+03 -9.999000000000000000e+03 -9.999000000000000000e+03 -9.999000000000000000e+03 -9.999000000000000000e+03 -9.999000000000000000e+03 -9.999000000000000000e+03 -9.999000000000000000e+03 -9.999000000000000000e+03 -9.999000000000000000e+03 -9.999000000000000000e+03 -9.999000000000000000e+03 -9.999000000000000000e+03 -9.999000000000000000e+03 -9.999000000000000000e+03 -9.999000000000000000e+03 -9.999000000000000000e+03 -9.999000000000000000e+03 5.361126999999999976e-01 4.536898000000000319e-01 6.558380999999999794e-01 6.460835999999999801e-01 5.856521000000000088e-01 4.609906999999999755e-01 4.701701999999999826e-01 5.520597000000000421e-01 5.099069000000000518e-01 4.876576999999999718e-01 5.712361000000000244e-01 5.712361000000000244e-01 6.009073999999999804e-01 6.183918999999999944e-01 4.721604999999999830e-01 5.860193000000000207e-01 6.358345000000000802e-01 5.685683000000000265e-01 6.802508000000000443e-01
-9.999000000000000000e+03 -9.999000000000000000e+03 -9.999000000000000000e+03 -9.999000000000000000e+03 -9.999000000000000000e+03 -9.999000000000000000e+03 -9.999000000000000000e+03 -9.999000000000000000e+03 -9.999000000000000000e+03 -9.999000000000000000e+03 -9.999000000000000000e+03 -9.999000000000000000e+03 -9.999000000000000000e+03 -9.999000000000000000e+03 -9.999000000000000000e+03 -9.999000000000000000e+03 -9.999000000000000000e+03 5.819332999999999867e-01 5.235457999999999501e-01 5.574687999999999866e-01 4.555227000000000026e-01 6.504853999999999914e-01 6.816216999999999970e-01 6.792770000000000197e-01 5.803475000000000161e-01 6.024107000000000767e-01 5.397271000000000152e-01 5.989436999999999678e-01 5.905245000000000077e-01 7.082421999999999329e-01 5.303505000000000580e-01 6.868602999999999792e-01 5.903675000000000450e-01 5.674122999999999806e-01 5.792192999999999925e-01 7.305618000000000389e-01 5.959977000000000746e-01
-9.999000000000000000e+03 -9.999000000000000000e+03 -9.999000000000000000e+03 -9.999000000000000000e+03 -9.999000000000000000e+03 -9.999000000000000000e+03 -9.999000000000000000e+03 -9.999000000000000000e+03 -9.999000000000000000e+03 -9.999000000000000000e+03 -9.999000000000000000e+03 -9.999000000000000000e+03 -9.999000000000000000e+03 -9.999000000000000000e+03 -9.999000000000000000e+03 -9.999000000000000000e+03 -9.999000000000000000e+03 5.958122999999999614e-01 4.975907999999999998e-01 6.586776999999999216e-01 4.996822000000000208e-01 5.715114999999999501e-01 5.419084000000000678e-01 5.950039000000000300e-01 6.627334000000000280e-01 6.193182999999999883e-01 5.643382999999999594e-01 5.047930000000000472e-01 6.124133999999999967e-01 5.825814000000000270e-01 5.662722000000000033e-01 5.335743000000000569e-01 5.856293999999999667e-01 5.356954999999999911e-01 5.361148000000000025e-01 6.557043000000000177e-01 5.808712999999999793e-01
-9.999000000000000000e+03 -9.999000000000000000e+03 -9.999000000000000000e+03 -9.999000000000000000e+03 -9.999000000000000000e+03 -9.999000000000000000e+03 -9.999000000000000000e+03 -9.999000000000000000e+03 -9.999000000000000000e+03 -9.999000000000000000e+03 -9.999000000000000000e+03 -9.999000000000000000e+03 -9.999000000000000000e+03 -9.999000000000000000e+03 -9.999000000000000000e+03 -9.999000000000000000e+03 -9.999000000000000000e+03 5.758727000000000151e-01 5.866462000000000065e-01 4.540013999999999994e-01 5.098812000000000344e-01 5.344223999999999641e-01 5.626510999999999596e-01 6.351065000000000182e-01 6.689825000000000355e-01 6.439270999999999745e-01 5.290040000000000298e-01 6.593571999999999766e-01 6.066203999999999485e-01 5.669422000000000628e-01 6.134832000000000063e-01 6.175663000000000125e-01 5.562228000000000172e-01 5.951613000000000042e-01 5.152661000000000602e-01 5.626915000000000111e-01 6.260894999999999655e-01
-9.999000000000000000e+03 -9.999000000000000000e+03 -9.999000000000000000e+03 -9.999000000000000000e+03 -9.999000000000000000e+03 -9.999000000000000000e+03 -9.999000000000000000e+03 -9.999000000000000000e+03 -9.999000000000000000e+03 -9.999000000000000000e+03 -9.999000000000000000e+03 -9.999000000000000000e+03 -9.999000000000000000e+03 -9.999000000000000000e+03 -9.999000000000000000e+03 -9.999000000000000000e+03 -9.999000000000000000e+03 5.420477999999999685e-01 4.302469999999999906e-01 6.438177000000000483e-01 5.078262000000000054e-01 4.962280000000000024e-01 6.188169999999999504e-01 6.106017000000000250e-01 4.835238000000000036e-01 6.289517000000000024e-01 5.921090999999999438e-01 6.110107000000000177e-01 6.761191999999999203e-01 5.499507000000000145e-01 5.788808999999999205e-01 6.358000999999999792e-01 5.629556999999999478e-01 5.520791000000000448e-01 5.474273000000000611e-01 5.786972999999999701e-01 5.578239000000000392e-01
-9.999000000000000000e+03 -9.999000000000000000e+03 -9.999000000000000000e+03 -9.999000000000000000e+03 -9.999000000000000000e+03 -9.999000000000000000e+03 -9.999000000000000000e+03 -9.999000000000000000e+03 -9.999000000000000000e+03 -9.999000000000000000e+03 -9.999000000000000000e+03 -9.999000000000000000e+03 -9.999000000000000000e+03 -9.999000000000000000e+03 -9.999000000000000000e+03 -9.999000000000000000e+03 -9.999000000000000000e+03 5.400601000000000429e-01 5.201496999999999371e-01 4.428900999999999533e-01 5.289513000000000131e-01 4.419196000000000235e-01 0.000000000000000000e+00 6.469262000000000068e-01 0.000000000000000000e+00 5.413860999999999812e-01 6.052830000000000155e-01 5.516155000000000364e-01 6.851559999999999873e-01 6.378622000000000458e-01 5.419532000000000238e-01 6.469787000000000177e-01 5.349411000000000582e-01 6.310009999999999231e-01 5.517210999999999643e-01 6.768715000000000703e-01 5.549558999999999465e-01
-9.999000000000000000e+03 -9.999000000000000000e+03 -9.999000000000000000e+03 -9.999000000000000000e+03 -9.999000000000000000e+03 -9.999000000000000000e+03 -9.999000000000000000e+03 -9.999000000000000000e+03 -9.999000000000000000e+03 -9.999000000000000000e+03 -9.999000000000000000e+03 -9.999000000000000000e+03 -9.999000000000000000e+03 -9.999000000000000000e+03 -9.999000000000000000e+03 -9.999000000000000000e+03 -9.999000000000000000e+03 -9.999000000000000000e+03 4.944415999999999811e-01 5.410519999999999774e-01 5.352875000000000272e-01 5.973357999999999723e-01 0.000000000000000000e+00 0.000000000000000000e+00 0.000000000000000000e+00 6.127089000000000008e-01 4.273556000000000021e-01 5.181704999999999783e-01 6.780256000000000061e-01 5.595509000000000732e-01 6.693651000000000462e-01 6.110729999999999773e-01 5.669492999999999894e-01 5.783647000000000649e-01 5.171266999999999392e-01 5.863144000000000133e-01 5.838560999999999890e-01
-9.999000000000000000e+03 -9.999000000000000000e+03 -9.999000000000000000e+03 -9.999000000000000000e+03 -9.999000000000000000e+03 -9.999000000000000000e+03 -9.999000000000000000e+03 -9.999000000000000000e+03 -9.999000000000000000e+03 -9.999000000000000000e+03 -9.999000000000000000e+03 -9.999000000000000000e+03 -9.999000000000000000e+03 -9.999000000000000000e+03 -9.999000000000000000e+03 -9.999000000000000000e+03 -9.999000000000000000e+03 -9.999000000000000000e+03 -9.999000000000000000e+03 5.840320999999999430e-01 5.343134999999999968e-01 4.625357999999999969e-01 0.000000000000000000e+00 0.000000000000000000e+00 0.000000000000000000e+00 4.465919999999999890e-01 6.319350000000000245e-01 5.454647999999999719e-01 5.718769000000000213e-01 6.610829999999999762e-01 5.148599000000000370e-01 5.986024000000000900e-01 5.293533999999999740e-01 5.324750000000000316e-01 5.435476999999999670e-01 5.309104000000000045e-01 4.752349999999999630e-01
-9.999000000000000000e+03 -9.999000000000000000e+03 -9.999000000000000000e+03 -9.999000000000000000e+03 -9.999000000000000000e+03 -9.999000000000000000e+03 -9.999000000000000000e+03 -9.999000000000000000e+03 -9.999000000000000000e+03 -9.999000000000000000e+03 -9.999000000000000000e+03 -9.999000000000000000e+03 -9.999000000000000000e+03 -9.999000000000000000e+03 -9.999000000000000000e+03 -9.999000000000000000e+03 -9.999000000000000000e+03 -9.999000000000000000e+03 -9.999000000000000000e+03 6.005941999999999670e-01 5.494645000000000223e-01 6.203128999999999449e-01 0.000000000000000000e+00 6.483844000000000829e-01 5.462662000000000351e-01 5.989598000000000422e-01 7.091212999999999544e-01 5.564929000000000681e-01 6.407348000000000487e-01 6.938538000000000761e-01 5.848892999999999454e-01 5.010134000000000531e-01 5.687766000000000766e-01 6.419247999999999621e-01 5.114982999999999613e-01 5.293898999999999688e-01 5.402628999999999904e-01
-9.999000000000000000e+03 -9.999000000000000000e+03 -9.999000000000000000e+03 -9.999000000000000000e+03 -9.999000000000000000e+03 -9.999000000000000000e+03 -9.999000000000000000e+03 -9.999000000000000000e+03 -9.999000000000000000e+03 -9.999000000000000000e+03 -9.999000000000000000e+03 -9.999000000000000000e+03 -9.999000000000000000e+03 -9.999000000000000000e+03 -9.999000000000000000e+03 -9.999000000000000000e+03 -9.999000000000000000e+03 -9.999000000000000000e+03 -9.999000000000000000e+03 6.040697999999999901e-01 5.778971000000000524e-01 6.682846000000000064e-01 5.245351999999999792e-01 5.618461999999999623e-01 6.917573999999999668e-01 6.382567999999999575e-01 6.444809000000000232e-01 5.373489000000000182e-01 5.088934000000000513e-01 5.949932999999999472e-01 5.748598000000000319e-01 4.946215999999999946e-01 4.890371000000000024e-01 6.228143999999999902e-01 4.531184000000000323e-01 5.467039999999999678e-01 5.354072000000000831e-01
-9.999000000000000000e+03 -9.999000000000000000e+03 -9.999000000000000000e+03 -9.999000000000000000e+03 -9.999000000000000000e+03 -9.999000000000000000e+03 -9.999000000000000000e+03 -9.999000000000000000e+03 -9.999000000000000000e+03 -9.999000000000000000e+03 -9.999000000000000000e+03 -9.999000000000000000e+03 -9.999000000000000000e+03 -9.999000000000000000e+03 -9.999000000000000000e+03 -9.999000000000000000e+03 -9.999000000000000000e+03 -9.999000000000000000e+03 5.474809999999999954e-01 6.011003000000000318e-01 5.090365999999999502e-01 6.880271999999999499e-01 4.868177999999999672e-01 6.068546000000000218e-01 6.123083000000000276e-01 5.151350999999999569e-01 6.444809000000000232e-01 6.490103000000000399e-01 5.021640000000000548e-01 5.130103000000000302e-01 5.376184999999999992e-01 5.704270000000000174e-01 5.004937000000000413e-01 4.961014000000000257e-01 4.630634999999999613e-01 5.551486999999999394e-01 6.018228999999999385e-01
-9.999000000000000000e+03 -9.999000000000000000e+03 -9.999000000000000000e+03 -9.999000000000000000e+03 -9.999000000000000000e+03 -9.999000000000000000e+03 -9.999000000000000000e+03 -9.999000000000000000e+03 -9.999000000000000000e+03 -9.999000000000000000e+03 -9.999000000000000000e+03 -9.999000000000000000e+03 -9.999000000000000000e+03 -9.999000000000000000e+03 -9.999000000000000000e+03 -9.999000000000000000e+03 -9.999000000000000000e+03 -9.999000000000000000e+03 4.652186999999999850e-01 4.269559000000000548e-01 5.799856999999999374e-01 5.216494999999999882e-01 6.309903999999999513e-01 4.839434000000000236e-01 3.680147000000000279e-01 4.687175000000000091e-01 6.474172999999999734e-01 5.516353000000000506e-01 5.442274999999999752e-01 5.130103000000000302e-01 4.542208999999999830e-01 4.555634000000000072e-01 5.417973000000000372e-01 5.509055999999999953e-01 4.395396999999999776e-01 5.740426000000000695e-01 4.810696999999999890e-01
-9.999000000000000000e+03 -9.999000000000000000e+03 -9.999000000000000000e+03 -9.999000000000000000e+03 -9.999000000000000000e+03 -9.999000000000000000e+03 -9.999000000000000000e+03 -9.999000000000000000e+03 -9.999000000000000000e+03 -9.999000000000000000e+03 -9.999000000000000000e+03 -9.999000000000000000e+03 -9.999000000000000000e+03 -9.999000000000000000e+03 -9.999000000000000000e+03 -9.999000000000000000e+03 -9.999000000000000000e+03 -9.999000000000000000e+03 -9.999000000000000000e+03 -9.999000000000000000e+03 -9.999000000000000000e+03 5.807860999999999718e-01 4.392606999999999484e-01 5.282839000000000285e-01 3.680147000000000279e-01 5.261055999999999511e-01 5.565210000000000434e-01 6.230381000000000391e-01 4.436375000000000179e-01 3.989462000000000286e-01 4.640494000000000563e-01 4.131072000000000077e-01 5.323164000000000229e-01 5.410319000000000100e-01 5.677590999999999610e-01 5.585927000000000531e-01 5.485096999999999889e-01
