testcase_input/parameters/LAI_grass.dat
NCOLS         214
NROWS         263
XLLCORNER     382500.0
YLLCORNER     7541702.0
CELLSIZE      16.0
NODATA_VALUE  -9999
[rows 176 to 191 of 263, columns 111 to 147 of 214]
1.781333999999999973e-01 2.089451999999999976e-01 2.494098999999999899e-01 3.592588999999999921e-01 2.892679000000000222e-01 4.248275000000000245e-01 4.778955999999999760e-01 4.994519000000000042e-01 4.854688999999999810e-01 5.298922999999999828e-01 5.456429000000000418e-01 6.101429000000000435e-01 6.046489000000000447e-01 4.852567999999999881e-01 3.407223999999999808e-01 2.940130000000000243e-01 2.610179000000000249e-01 2.407102000000000130e-01 2.546951000000000076e-01 2.183982999999999897e-01 2.108562999999999965e-01 3.586541999999999786e-01 3.829213000000000200e-01 5.090953999999999757e-01 4.825176999999999938e-01 3.970952999999999844e-01 3.238783000000000079e-01 2.509534999999999960e-01 2.453203999999999940e-01 2.235298000000000007e-01 2.109094999999999998e-01 1.799247999999999958e-01 1.545310000000000017e-01 1.377608999999999917e-01 1.711577999999999988e-01 1.603798999999999919e-01 1.785878999999999939e-01
1.824438999999999922e-01 1.648264000000000118e-01 2.637164000000000175e-01 3.795496999999999899e-01 2.808800000000000185e-01 3.103912999999999811e-01 3.899508999999999892e-01 5.142896000000000134e-01 5.162873000000000046e-01 5.486326000000000258e-01 6.079310999999999465e-01 6.101429000000000435e-01 6.025922999999999696e-01 6.124943000000000470e-01 3.445478000000000152e-01 3.934156999999999793e-01 2.740833999999999770e-01 2.541377000000000219e-01 2.339810999999999974e-01 2.723939000000000221e-01 2.389446000000000070e-01 2.972952999999999846e-01 2.999376999999999738e-01 3.229671000000000070e-01 4.301776999999999962e-01 3.837149000000000254e-01 3.615861000000000214e-01 2.504696000000000145e-01 2.366968999999999879e-01 2.531340000000000257e-01 1.946365999999999929e-01 1.995172000000000057e-01 1.632161000000000028e-01 1.586421000000000081e-01 1.709655999999999954e-01 1.732051000000000007e-01 1.689231999999999956e-01
1.910146000000000066e-01 1.920064999999999966e-01 2.366188999999999931e-01 2.629418000000000033e-01 3.006361000000000172e-01 3.915854999999999753e-01 4.159675999999999929e-01 4.813162000000000273e-01 5.670536000000000465e-01 5.694694999999999618e-01 6.177266999999999619e-01 5.754449000000000369e-01 5.865245000000000042e-01 5.951130000000000031e-01 3.575923999999999769e-01 2.543134000000000228e-01 3.433179000000000092e-01 2.801821999999999924e-01 2.387008999999999936e-01 3.561122999999999927e-01 3.069647999999999821e-01 2.454886000000000013e-01 2.935693999999999804e-01 2.620274000000000214e-01 3.264655000000000196e-01 3.115694999999999992e-01 4.048507000000000078e-01 3.881942999999999921e-01 2.736922999999999995e-01 2.604785000000000017e-01 2.138896999999999882e-01 1.836694000000000104e-01 1.746972999999999998e-01 1.829531000000000074e-01 2.021406000000000036e-01 1.559983000000000064e-01 1.612653000000000003e-01
2.655850000000000155e-01 2.542659999999999920e-01 3.146336000000000133e-01 3.077847000000000222e-01 3.992513999999999785e-01 5.072837000000000041e-01 5.078009999999999469e-01 6.035300999999999583e-01 6.387886000000000397e-01 5.826318000000000330e-01 5.669870999999999661e-01 5.999187999999999743e-01 6.628876999999999686e-01 6.922764999999999613e-01 4.241352999999999929e-01 2.592191999999999830e-01 2.465063000000000115e-01 3.256625000000000214e-01 4.313897999999999899e-01 2.595477999999999952e-01 3.599616999999999956e-01 2.915243000000000140e-01 2.727278000000000202e-01 2.955888999999999878e-01 2.384120999999999879e-01 2.409412999999999971e-01 3.526941000000000104e-01 2.843784999999999785e-01 3.372285999999999895e-01 2.533528999999999920e-01 2.569471999999999867e-01 1.961071000000000064e-01 1.678243000000000096e-01 1.762756000000000045e-01 1.566912000000000027e-01 1.846962000000000048e-01 1.905197999999999892e-01
1.995085000000000053e-01 1.920671999999999935e-01 1.955917000000000072e-01 3.046363999999999739e-01 3.758955999999999964e-01 5.486252999999999824e-01 6.353102000000000471e-01 5.803091999999999695e-01 6.066445999999999783e-01 6.885442000000000506e-01 5.874346000000000290e-01 6.272417000000000131e-01 6.301128000000000284e-01 6.115000999999999909e-01 2.833951000000000109e-01 2.776194000000000162e-01 2.877283999999999953e-01 3.427272000000000096e-01 3.309739999999999904e-01 2.784670000000000201e-01 2.597688000000000219e-01 3.044124999999999748e-01 2.580049999999999844e-01 2.621696000000000026e-01 2.106513999999999887e-01 1.835044000000000119e-01 2.994531000000000276e-01 2.564437999999999995e-01 2.422233000000000025e-01 2.453552999999999984e-01 2.498827999999999883e-01 2.320288000000000073e-01 1.823266000000000053e-01 2.481177999999999995e-01 2.008478999999999959e-01 1.441250000000000031e-01 1.532280000000000031e-01
1.738929999999999920e-01 1.959741000000000122e-01 2.639429999999999832e-01 3.633100000000000218e-01 5.441511999999999460e-01 6.227487000000000439e-01 5.653491999999999962e-01 5.989506999999999470e-01 6.329592000000000551e-01 6.371141999999999639e-01 5.039573000000000524e-01 5.257117999999999514e-01 5.716369999999999507e-01 5.601013999999999715e-01 3.003562000000000176e-01 2.614679999999999782e-01 3.152673999999999754e-01 2.615975999999999857e-01 2.313325999999999993e-01 2.924189999999999845e-01 2.807996999999999854e-01 2.782774000000000081e-01 3.033182999999999852e-01 2.389079000000000064e-01 2.464256999999999975e-01 2.428404000000000118e-01 2.855249000000000259e-01 2.730244000000000004e-01 2.623425999999999814e-01 2.992322000000000037e-01 2.409260000000000013e-01 2.223578999999999972e-01 2.099338000000000037e-01 2.081491000000000036e-01 1.470159000000000049e-01 1.875562000000000062e-01 1.582361999999999935e-01
2.584236999999999784e-01 1.880008999999999986e-01 2.492302000000000128e-01 4.542707000000000273e-01 5.400485000000000424e-01 5.365535999999999639e-01 5.571709999999999718e-01 6.187331999999999832e-01 6.360879999999999868e-01 5.631907999999999914e-01 5.972652000000000516e-01 5.868415000000000159e-01 5.203537000000000301e-01 2.859561999999999937e-01 3.325944000000000123e-01 2.786821999999999910e-01 2.884336000000000122e-01 2.413914000000000060e-01 2.578283000000000103e-01 2.823211999999999944e-01 2.840365999999999724e-01 2.543179999999999885e-01 2.870681999999999956e-01 3.952207999999999832e-01 3.109441000000000010e-01 3.598601000000000161e-01 3.227628000000000164e-01 3.107285000000000186e-01 2.618149000000000171e-01 2.324958000000000025e-01 2.451100999999999974e-01 2.354125999999999996e-01 2.088740000000000041e-01 1.662224999999999953e-01 1.572591999999999879e-01 1.589036000000000060e-01 1.686736000000000069e-01
3.042067999999999994e-01 3.419727000000000183e-01 4.906810999999999812e-01 3.852202000000000126e-01 4.664275999999999978e-01 5.996631999999999518e-01 5.352369000000000154e-01 5.834000000000000297e-01 6.332965000000000400e-01 5.825453999999999910e-01 5.557353000000000431e-01 5.667927999999999855e-01 3.040194999999999981e-01 2.296692999999999929e-01 2.174670999999999965e-01 2.354186000000000056e-01 2.288296999999999970e-01 2.423435999999999924e-01 2.547086000000000072e-01 2.543397000000000019e-01 3.061322000000000210e-01 3.075957999999999748e-01 3.060268999999999906e-01 3.205625999999999753e-01 3.577946000000000182e-01 2.849103000000000052e-01 3.270850000000000146e-01 2.583602999999999872e-01 2.328242000000000089e-01 2.342210999999999876e-01 2.027049999999999963e-01 2.453340999999999994e-01 2.201124000000000136e-01 1.530768999999999880e-01 1.580845999999999918e-01 1.821839000000000097e-01 1.923726000000000047e-01
2.592612999999999723e-01 5.464261999999999730e-01 5.641804999999999737e-01 5.400827000000000266e-01 5.991047999999999929e-01 6.091098999999999819e-01 5.166452999999999740e-01 5.966318999999999928e-01 6.032667000000000446e-01 4.188867000000000007e-01 4.195923999999999765e-01 2.712969000000000075e-01 2.529024000000000272e-01 2.555433999999999761e-01 2.355698999999999987e-01 2.066533000000000120e-01 2.221663000000000110e-01 2.513213000000000252e-01 2.747862999999999833e-01 2.406816999999999984e-01 3.010479999999999823e-01 2.862663999999999764e-01 3.226048000000000249e-01 3.861245999999999845e-01 3.530926999999999816e-01 2.985121000000000024e-01 2.712337000000000220e-01 2.762030999999999792e-01 2.482323999999999919e-01 2.285244999999999915e-01 2.277845000000000009e-01 2.256838999999999928e-01 2.390470000000000095e-01 2.023282999999999887e-01 1.844877000000000045e-01 1.708530000000000049e-01 1.548836000000000102e-01
3.205149999999999944e-01 5.447710000000000052e-01 6.295610999999999846e-01 6.023901999999999868e-01 5.328861999999999766e-01 6.749522999999999495e-01 5.865283999999999498e-01 6.475041000000000269e-01 6.274965000000000126e-01 2.698997000000000202e-01 3.002523000000000275e-01 2.481272999999999951e-01 2.251029999999999975e-01 2.317261999999999933e-01 2.287488000000000021e-01 2.192993000000000026e-01 2.310927999999999871e-01 2.293174000000000046e-01 2.455971000000000126e-01 2.525997999999999855e-01 2.475718000000000085e-01 2.767546000000000173e-01 2.673944999999999794e-01 2.803508000000000111e-01 3.338652999999999760e-01 3.107665000000000011e-01 3.193593000000000126e-01 2.472073999999999938e-01 2.590976999999999864e-01 2.126821999999999879e-01 2.114995000000000069e-01 2.300620999999999916e-01 2.370797000000000043e-01 2.405293000000000014e-01 2.210990999999999929e-01 1.760830999999999924e-01 1.595248999999999973e-01
2.578311999999999826e-01 5.265625000000000444e-01 5.438920000000000421e-01 6.261174999999999935e-01 6.393187999999999649e-01 6.463206000000000229e-01 6.527454000000000311e-01 6.059402000000000399e-01 4.316680999999999990e-01 2.828551999999999733e-01 2.938476999999999895e-01 2.481272999999999951e-01 1.954268000000000116e-01 2.270253999999999883e-01 2.597752999999999868e-01 2.054358000000000017e-01 2.056196000000000135e-01 2.544856999999999814e-01 2.472502000000000033e-01 2.792881999999999865e-01 2.810045999999999933e-01 2.897451999999999805e-01 2.411603999999999970e-01 2.722458999999999851e-01 2.650660000000000238e-01 2.654895999999999923e-01 2.473182999999999909e-01 2.533629000000000020e-01 2.581212999999999980e-01 2.237744999999999873e-01 2.825924000000000214e-01 2.227430999999999994e-01 2.338710999999999984e-01 2.262930999999999970e-01 2.174512999999999863e-01 1.975214000000000136e-01 2.161409999999999998e-01
2.067485000000000017e-01 3.185683000000000265e-01 4.918575000000000030e-01 5.370625999999999456e-01 5.143543999999999894e-01 5.396524999999999794e-01 5.364366000000000412e-01 5.767375000000000140e-01 2.899223000000000217e-01 2.716360999999999915e-01 2.505670999999999871e-01 2.139745000000000119e-01 2.460835000000000106e-01 2.213619000000000003e-01 2.310454000000000119e-01 2.091195999999999888e-01 2.074206000000000105e-01 2.329627999999999977e-01 2.573714999999999753e-01 2.644962000000000146e-01 3.051189000000000262e-01 2.512908999999999837e-01 2.641922999999999910e-01 2.891090000000000049e-01 2.839091999999999727e-01 2.946292999999999829e-01 3.273597999999999786e-01 3.057868000000000253e-01 2.555338999999999805e-01 3.866835000000000133e-01 2.758985999999999938e-01 3.282674999999999899e-01 2.481697999999999960e-01 2.918846999999999969e-01 2.372711999999999877e-01 2.492636000000000018e-01 2.119729999999999948e-01
3.353240000000000109e-01 3.397698000000000107e-01 5.124176999999999760e-01 5.355782999999999516e-01 5.207235999999999532e-01 5.078989999999999894e-01 5.539952999999999683e-01 3.894571000000000005e-01 3.439898000000000122e-01 3.078963000000000116e-01 2.598466999999999860e-01 2.140593000000000079e-01 2.150339000000000000e-01 1.858820999999999946e-01 2.171337999999999879e-01 2.235430999999999946e-01 2.473870999999999987e-01 2.237100999999999951e-01 2.158413999999999888e-01 2.033839000000000063e-01 2.072759000000000129e-01 1.992291999999999952e-01 2.196070999999999995e-01 2.399196000000000106e-01 2.877228000000000008e-01 2.702407000000000004e-01 3.030206999999999762e-01 3.515613000000000210e-01 2.716869000000000089e-01 2.438985999999999932e-01 2.741771000000000069e-01 3.101542999999999939e-01 2.937540000000000151e-01 2.070247000000000059e-01 2.211625000000000119e-01 2.282048999999999883e-01 1.664969000000000032e-01
3.029124999999999734e-01 4.301120999999999972e-01 4.682073999999999958e-01 3.627340000000000009e-01 3.412679000000000129e-01 4.468032000000000115e-01 4.291337000000000068e-01 4.191543999999999826e-01 3.038508999999999793e-01 2.449602999999999919e-01 2.219952000000000036e-01 2.263716000000000061e-01 2.220853000000000133e-01 1.953302000000000094e-01 2.547256999999999993e-01 2.221913000000000082e-01 2.410462999999999911e-01 2.200409999999999866e-01 1.900720999999999938e-01 2.612434000000000145e-01 2.304782999999999971e-01 1.730271999999999921e-01 2.824609000000000147e-01 2.698612000000000233e-01 2.720090000000000008e-01 2.845773999999999804e-01 3.622001000000000248e-01 2.539137000000000199e-01 2.615485000000000171e-01 3.267871999999999999e-01 3.423938000000000259e-01 3.123519000000000156e-01 3.315394999999999870e-01 2.371023999999999909e-01 2.332461999999999869e-01 1.875973999999999975e-01 2.000732000000000066e-01
2.291896999999999962e-01 5.247946000000000000e-01 3.511803000000000008e-01 2.618236999999999925e-01 3.094143999999999783e-01 2.752682000000000184e-01 2.463421000000000083e-01 2.519481000000000082e-01 2.297887000000000124e-01 2.865434000000000037e-01 2.210898000000000030e-01 2.234328999999999898e-01 2.220853000000000133e-01 1.720495999999999970e-01 1.867518999999999985e-01 1.857251000000000041e-01 2.289380000000000026e-01 1.906547000000000103e-01 1.943050000000000055e-01 2.093069999999999931e-01 2.003290000000000071e-01 1.905184000000000044e-01 2.280474999999999863e-01 2.411733000000000071e-01 3.262531000000000181e-01 2.679110000000000102e-01 3.249691000000000107e-01 2.875499999999999723e-01 2.545907000000000031e-01 2.522860000000000102e-01 3.679077000000000042e-01 3.583455999999999864e-01 4.147612999999999994e-01 3.102487999999999913e-01 2.872102999999999740e-01 2.077909000000000006e-01 1.889869999999999883e-01
2.486846000000000056e-01 3.655737000000000014e-01 2.520598000000000005e-01 2.465690000000000104e-01 2.221521999999999941e-01 2.652525000000000022e-01 2.463421000000000083e-01 2.456508000000000025e-01 2.298952999999999969e-01 2.327044000000000057e-01 2.294201999999999908e-01 1.898917999999999995e-01 2.007674999999999876e-01 1.974888999999999950e-01 1.833344000000000085e-01 2.396147000000000138e-01 2.477097000000000049e-01 2.153921000000000030e-01 1.894257000000000024e-01 1.966357999999999995e-01 2.000434000000000101e-01 1.762661000000000089e-01 2.166102000000000027e-01 2.390793999999999975e-01 2.457447000000000104e-01 2.783331000000000000e-01 2.894751999999999881e-01 3.329737999999999865e-01 3.641979000000000188e-01 3.081306999999999796e-01 3.187741000000000047e-01 3.659044000000000185e-01 4.540926000000000129e-01 3.816669999999999785e-01 2.509311000000000180e-01 2.153523999999999994e-01 1.781374000000000013e-01
