testcase_input/parameters/LAI_conif.dat
NCOLS         214
NROWS         263
XLLCORNER     382500.0
YLLCORNER     7541702.0
CELLSIZE      16.0
NODATA_VALUE  -9999
[rows 198 to 219 of 263, columns 49 to 97 of 214]
-9999 -9999 -9999 -9999 -9999 -9999 -9999 -9999 -9999 -9999 -9999 -9999 -9999 -9999 -9999 -9999 -9999 -9999 -9999 -9999 -9999 -9999 -9999 1.786900000000000155e+00 1.786900000000000155e+00 1.948299999999999921e+00 1.864300000000000068e+00 1.687599999999999989e+00 1.673499999999999988e+00 1.678300000000000125e+00 1.666199999999999903e+00 1.836300000000000043e+00 1.641100000000000003e+00 1.710099999999999953e+00 1.758799999999999919e+00 1.974100000000000188e+00 1.928599999999999870e+00 1.735800000000000232e+00 9.215999999999999748e-01 5.848999999999999755e-01 3.925000000000000155e-01 9.586000000000001187e-01 1.459000000000000019e-01 1.402699999999999836e+00 1.438800000000000079e+00 2.119699999999999918e+00 2.110800000000000232e+00 1.170400000000000107e+00 3.912000000000000477e-01
-9999 -9999 -9999 -9999 -9999 -9999 -9999 -9999 -9999 -9999 -9999 -9999 -9999 -9999 -9999 -9999 -9999 -9999 -9999 -9999 -9999 -9999 -9999 1.879800000000000137e+00 1.622999999999999998e+00 1.776799999999999935e+00 1.746999999999999886e+00 1.590600000000000014e+00 1.728699999999999903e+00 1.879800000000000137e+00 1.841700000000000115e+00 1.274799999999999933e+00 1.296699999999999964e+00 1.993000000000000105e+00 2.027000000000000135e+00 2.195899999999999963e+00 1.746999999999999886e+00 1.645799999999999930e+00 9.215999999999999748e-01 5.421000000000000263e-01 3.077999999999999625e-01 5.372000000000000108e-01 3.158000000000000251e-01 2.000000000000000042e-02 1.191699999999999982e+00 2.156800000000000050e+00 2.121800000000000352e+00 8.976000000000000645e-01 8.538000000000001144e-01
-9999 -9999 -9999 -9999 -9999 -9999 -9999 -9999 -9999 -9999 -9999 -9999 -9999 -9999 -9999 -9999 -9999 -9999 -9999 -9999 -9999 -9999 -9999 2.178100000000000147e+00 1.573499999999999899e+00 1.804699999999999971e+00 1.791100000000000136e+00 1.829700000000000326e+00 2.013399999999999856e+00 2.029100000000000126e+00 2.140500000000000291e+00 2.143100000000000005e+00 2.133700000000000152e+00 2.133199999999999985e+00 2.001700000000000035e+00 2.033800000000000274e+00 1.746999999999999886e+00 1.643699999999999939e+00 1.732700000000000129e+00 4.604000000000000314e-01 2.442000000000000282e-01 1.725499999999999812e+00 1.225600000000000023e+00 2.000000000000000042e-02 1.335999999999999854e+00 2.103499999999999925e+00 2.123899999999999899e+00 2.105599999999999916e+00 8.856000000000000538e-01
-9999 -9999 -9999 -9999 -9999 -9999 -9999 -9999 -9999 -9999 -9999 -9999 -9999 -9999 -9999 -9999 -9999 -9999 -9999 -9999 -9999 -9999 -9999 2.035899999999999821e+00 2.035899999999999821e+00 1.997700000000000031e+00 2.062199999999999811e+00 1.966699999999999893e+00 2.033800000000000274e+00 2.140500000000000291e+00 2.143100000000000005e+00 2.145700000000000163e+00 2.417800000000000171e+00 2.638700000000000045e+00 2.150399999999999867e+00 1.749600000000000044e+00 1.655400000000000205e+00 1.682399999999999896e+00 1.540200000000000014e+00 1.760499999999999954e+00 8.730000000000001092e-01 1.444100000000000161e+00 9.696000000000000174e-01 2.000000000000000042e-02 9.366999999999999771e-01 1.474699999999999900e+00 1.999300000000000077e+00 2.146200000000000330e+00 2.007300000000000306e+00
-9999 -9999 -9999 -9999 -9999 -9999 -9999 -9999 -9999 -9999 -9999 -9999 -9999 -9999 -9999 -9999 -9999 -9999 -9999 -9999 -9999 -9999 -9999 2.003800000000000026e+00 2.014799999999999702e+00 2.006600000000000161e+00 2.075800000000000090e+00 2.128499999999999837e+00 2.133199999999999985e+00 2.578700000000000436e+00 2.605300000000000171e+00 2.222100000000000186e+00 2.023699999999999832e+00 1.909800000000000164e+00 2.053900000000000503e+00 1.820500000000000007e+00 1.496700000000000141e+00 1.579099999999999948e+00 2.011600000000000055e+00 2.180699999999999861e+00 2.654200000000000337e+00 2.491200000000000081e+00 1.060599999999999987e+00 9.947000000000000286e-01 9.899999999999999911e-01 9.183999999999999941e-01 1.508800000000000141e+00 2.084099999999999842e+00 2.114399999999999835e+00
-9999 -9999 -9999 -9999 -9999 -9999 -9999 -9999 -9999 -9999 -9999 -9999 -9999 -9999 -9999 -9999 -9999 -9999 -9999 -9999 -9999 -9999 -9999 2.016900000000000137e+00 1.999100000000000099e+00 2.071100000000000385e+00 1.896100000000000119e+00 2.135299999999999976e+00 2.121700000000000141e+00 2.621999999999999886e+00 2.250799999999999912e+00 2.065500000000000114e+00 1.586300000000000043e+00 9.583999999999999186e-01 1.783499999999999863e+00 1.254399999999999959e+00 1.507700000000000040e+00 1.858600000000000030e+00 1.864900000000000002e+00 2.001100000000000101e+00 2.124400000000000066e+00 2.098800000000000221e+00 8.565999999999999170e-01 1.156800000000000050e+00 1.459800000000000209e+00 1.167999999999999927e+00 2.671999999999999931e-01 5.897000000000000020e-01 2.487300000000000288e+00
-9999 -9999 -9999 -9999 -9999 -9999 -9999 -9999 -9999 -9999 -9999 -9999 -9999 -9999 -9999 -9999 -9999 -9999 -9999 -9999 -9999 -9999 2.019499999999999851e+00 1.997000000000000108e+00 2.015499999999999847e+00 2.159800000000000164e+00 2.150399999999999867e+00 2.366700000000000248e+00 2.374000000000000110e+00 2.447000000000000064e+00 2.243999999999999773e+00 1.620800000000000018e+00 9.263999999999998902e-01 6.211999999999999744e-01 1.970900000000000096e+00 1.681300000000000017e+00 1.960900000000000087e+00 2.126900000000000013e+00 2.047299999999999898e+00 1.992700000000000138e+00 2.105599999999999916e+00 1.818500000000000005e+00 1.166800000000000059e+00 1.455100000000000060e+00 1.450900000000000079e+00 9.275999999999999801e-01 4.130000000000000338e-01 7.337000000000000188e-01 2.607700000000000351e+00
-9999 -9999 -9999 -9999 -9999 -9999 -9999 -9999 -9999 -9999 -9999 -9999 -9999 -9999 -9999 -9999 -9999 -9999 -9999 -9999 -9999 1.557200000000000140e+00 1.578199999999999825e+00 1.624400000000000066e+00 1.910200000000000120e+00 2.138399999999999856e+00 2.376599999999999824e+00 2.548700000000000188e+00 2.585199999999999942e+00 2.491400000000000503e+00 2.384400000000000297e+00 1.102500000000000036e+00 9.252000000000000224e-01 0.000000000000000000e+00 8.186999999999999833e-01 2.126400000000000290e+00 2.279600000000000293e+00 2.244600000000000151e+00 2.135699999999999932e+00 2.100900000000000212e+00 2.243199999999999861e+00 2.142500000000000071e+00 1.142300000000000093e+00 1.112899999999999778e+00 2.000000000000000042e-02 1.126500000000000057e+00 2.068999999999999950e+00 2.724000000000000199e+00 1.617300000000000182e+00
-9999 -9999 -9999 -9999 -9999 -9999 -9999 -9999 -9999 -9999 -9999 -9999 -9999 -9999 -9999 -9999 -9999 -9999 -9999 -9999 1.932000000000000162e+00 1.319399999999999906e+00 1.568700000000000205e+00 2.015800000000000036e+00 2.213200000000000056e+00 2.319700000000000095e+00 2.393800000000000150e+00 2.492900000000000116e+00 2.577900000000000080e+00 2.510699999999999932e+00 2.379199999999999982e+00 1.143199999999999994e+00 6.044999999999999263e-01 0.000000000000000000e+00 0.000000000000000000e+00 4.190000000000000391e-01 2.226900000000000102e+00 2.124699999999999811e+00 2.100900000000000212e+00 2.211300000000000043e+00 2.213400000000000034e+00 2.080000000000000071e+00 1.508800000000000141e+00 1.161000000000000032e+00 2.000000000000000042e-02 1.006899999999999906e+00 2.074100000000000055e+00 2.751100000000000101e+00 1.687200000000000033e+00
-9999 -9999 -9999 -9999 -9999 -9999 -9999 -9999 -9999 -9999 -9999 -9999 -9999 -9999 -9999 -9999 -9999 -9999 -9999 -9999 1.818300000000000249e+00 1.326699999999999990e+00 1.548300000000000010e+00 1.999100000000000099e+00 1.992800000000000127e+00 1.807000000000000162e+00 1.807000000000000162e+00 2.331700000000000106e+00 2.314500000000000224e+00 2.393299999999999983e+00 2.234599999999999920e+00 1.725800000000000001e+00 5.826000000000000068e-01 0.000000000000000000e+00 0.000000000000000000e+00 0.000000000000000000e+00 8.039000000000000590e-01 1.435799999999999965e+00 2.101399999999999935e+00 2.119699999999999918e+00 2.548200000000000021e+00 2.193000000000000060e+00 1.508800000000000141e+00 1.142200000000000104e+00 2.000000000000000042e-02 8.341999999999999416e-01 2.701000000000000068e+00 2.592400000000000482e+00 1.855400000000000160e+00
-9999 -9999 -9999 -9999 -9999 -9999 -9999 -9999 -9999 -9999 -9999 -9999 -9999 -9999 -9999 -9999 -9999 -9999 -9999 -9999 1.371599999999999930e+00 1.555099999999999927e+00 1.999100000000000099e+00 1.992800000000000127e+00 1.654000000000000137e+00 1.143000000000000016e+00 1.592100000000000071e+00 1.982800000000000118e+00 2.321800000000000086e+00 2.364600000000000257e+00 1.799799999999999844e+00 2.120999999999999996e+00 5.454999999999999849e-01 0.000000000000000000e+00 0.000000000000000000e+00 0.000000000000000000e+00 0.000000000000000000e+00 1.437400000000000233e+00 2.108200000000000074e+00 2.226300000000000168e+00 2.689400000000000013e+00 2.375799999999999912e+00 1.804300000000000015e+00 1.140099999999999891e+00 2.000000000000000042e-02 1.373499999999999943e+00 2.093500000000000139e+00 2.557400000000000340e+00 2.703100000000000058e+00
-9999 -9999 -9999 -9999 -9999 -9999 -9999 -9999 -9999 -9999 -9999 -9999 -9999 -9999 -9999 -9999 -9999 -9999 -9999 -9999 2.027000000000000135e+00 2.145700000000000163e+00 2.025199999999999889e+00 1.835100000000000176e+00 1.618500000000000050e+00 1.615600000000000147e+00 1.816900000000000182e+00 1.994800000000000129e+00 2.364600000000000257e+00 2.104499999999999815e+00 2.010099999999999998e+00 2.059400000000000119e+00 0.000000000000000000e+00 0.000000000000000000e+00 0.000000000000000000e+00 0.000000000000000000e+00 0.000000000000000000e+00 1.836300000000000043e+00 2.223200000000000287e+00 2.649200000000000443e+00 2.844300000000000495e+00 2.558100000000000041e+00 1.807400000000000118e+00 1.155299999999999994e+00 2.000000000000000042e-02 1.432600000000000096e+00 1.815300000000000136e+00 2.574800000000000200e+00 2.598800000000000221e+00
-9999 -9999 -9999 -9999 -9999 -9999 -9999 -9999 -9999 -9999 -9999 -9999 -9999 -9999 -9999 -9999 -9999 -9999 -9999 1.434100000000000152e+00 1.317099999999999937e+00 2.023600000000000065e+00 1.647199999999999998e+00 1.241200000000000081e+00 1.248000000000000220e+00 1.681000000000000050e+00 2.011099999999999888e+00 2.341600000000000126e+00 2.348399999999999821e+00 2.104499999999999815e+00 1.269600000000000062e+00 1.199899999999999967e+00 0.000000000000000000e+00 0.000000000000000000e+00 0.000000000000000000e+00 0.000000000000000000e+00 0.000000000000000000e+00 1.861200000000000188e+00 2.553399999999999892e+00 2.837500000000000355e+00 2.792600000000000193e+00 2.780900000000000372e+00 2.099299999999999944e+00 1.155299999999999994e+00 1.389100000000000001e+00 1.267299999999999871e+00 1.078799999999999981e+00 1.805299999999999905e+00 2.077900000000000080e+00
-9999 -9999 -9999 -9999 -9999 -9999 -9999 -9999 -9999 -9999 -9999 -9999 -9999 -9999 -9999 -9999 -9999 -9999 -9999 1.873600000000000154e+00 1.712000000000000188e+00 1.140900000000000025e+00 1.157799999999999940e+00 1.012100000000000000e+00 1.140400000000000080e+00 2.008500000000000174e+00 2.378700000000000259e+00 2.362000000000000099e+00 2.131099999999999994e+00 2.123800000000000132e+00 1.777099999999999902e+00 7.086999999999999966e-01 0.000000000000000000e+00 0.000000000000000000e+00 0.000000000000000000e+00 0.000000000000000000e+00 1.316100000000000048e+00 1.378200000000000092e+00 2.626600000000000268e+00 2.924900000000000055e+00 2.948399999999999910e+00 2.940200000000000369e+00 2.452799999999999869e+00 1.157399999999999984e+00 1.037600000000000078e+00 1.055900000000000061e+00 1.209699999999999998e+00 1.368999999999999995e+00 1.926099999999999923e+00
-9999 -9999 -9999 -9999 -9999 -9999 -9999 -9999 -9999 -9999 -9999 -9999 -9999 -9999 -9999 -9999 -9999 -9999 -9999 2.212899999999999867e+00 1.259000000000000119e+00 1.790100000000000247e+00 1.839700000000000113e+00 9.085999999999999632e-01 1.155699999999999950e+00 1.858100000000000085e+00 2.021600000000000286e+00 2.038799999999999724e+00 2.243500000000000050e+00 1.795400000000000107e+00 1.708200000000000163e+00 0.000000000000000000e+00 0.000000000000000000e+00 0.000000000000000000e+00 0.000000000000000000e+00 0.000000000000000000e+00 1.856300000000000061e+00 1.500900000000000123e+00 2.517399999999999860e+00 2.689700000000000202e+00 2.754900000000000126e+00 2.726700000000000124e+00 2.506200000000000205e+00 1.095699999999999896e+00 1.260500000000000176e+00 1.255800000000000249e+00 1.102999999999999980e+00 1.422200000000000131e+00 1.780200000000000227e+00
-9999 -9999 -9999 -9999 -9999 -9999 -9999 -9999 -9999 -9999 -9999 -9999 -9999 -9999 -9999 -9999 -9999 -9999 -9999 2.145500000000000185e+00 1.504600000000000160e+00 1.263300000000000090e+00 1.256900000000000128e+00 1.924100000000000144e+00 1.157799999999999940e+00 1.187500000000000000e+00 1.419499999999999984e+00 9.972000000000000863e-01 8.316000000000000059e-01 1.726199999999999957e+00 1.228700000000000125e+00 0.000000000000000000e+00 0.000000000000000000e+00 0.000000000000000000e+00 0.000000000000000000e+00 0.000000000000000000e+00 1.578100000000000058e+00 2.091000000000000192e+00 2.024900000000000144e+00 2.010699999999999932e+00 1.855599999999999916e+00 1.726399999999999935e+00 1.831399999999999917e+00 1.420000000000000151e+00 1.249000000000000110e+00 2.000000000000000042e-02 1.450800000000000090e+00 1.606700000000000017e+00 1.879500000000000171e+00
-9999 -9999 -9999 -9999 -9999 -9999 -9999 -9999 -9999 -9999 -9999 -9999 -9999 -9999 -9999 -9999 -9999 -9999 -9999 2.169599999999999973e+00 1.850200000000000067e+00 1.838700000000000223e+00 1.509300000000000086e+00 1.401400000000000201e+00 1.250399999999999956e+00 1.245700000000000029e+00 1.171300000000000008e+00 1.008199999999999985e+00 1.932099999999999929e+00 1.169599999999999973e+00 0.000000000000000000e+00 0.000000000000000000e+00 0.000000000000000000e+00 0.000000000000000000e+00 0.000000000000000000e+00 0.000000000000000000e+00 1.883599999999999941e+00 2.089399999999999924e+00 2.012300000000000200e+00 1.970700000000000118e+00 1.602700000000000014e+00 1.621500000000000163e+00 1.826699999999999990e+00 1.699300000000000033e+00 1.151599999999999957e+00 2.000000000000000042e-02 1.163599999999999968e+00 1.196300000000000141e+00 1.744199999999999973e+00
-9999 -9999 -9999 -9999 -9999 -9999 -9999 -9999 -9999 -9999 -9999 -9999 -9999 -9999 -9999 -9999 -9999 -9999 -9999 1.469500000000000028e+00 2.116600000000000037e+00 2.014100000000000001e+00 1.895500000000000185e+00 1.786900000000000155e+00 1.335099999999999953e+00 1.386800000000000033e+00 1.251200000000000090e+00 1.243800000000000017e+00 2.167600000000000193e+00 7.054000000000000270e-01 0.000000000000000000e+00 0.000000000000000000e+00 0.000000000000000000e+00 0.000000000000000000e+00 0.000000000000000000e+00 0.000000000000000000e+00 1.802000000000000046e+00 1.798999999999999932e+00 2.006000000000000227e+00 1.910100000000000131e+00 1.675799999999999956e+00 1.694599999999999884e+00 2.045300000000000118e+00 2.085700000000000109e+00 1.173599999999999977e+00 1.158399999999999874e+00 1.158199999999999896e+00 1.465899999999999981e+00 1.509800000000000031e+00
-9999 -9999 -9999 -9999 -9999 -9999 -9999 -9999 -9999 -9999 -9999 -9999 -9999 -9999 -9999 -9999 -9999 -9999 -9999 -9999 2.107099999999999973e+00 2.020900000000000141e+00 2.020400000000000418e+00 1.654700000000000060e+00 1.771199999999999886e+00 1.785400000000000098e+00 2.066699999999999982e+00 1.774100000000000010e+00 2.094899999999999984e+00 0.000000000000000000e+00 0.000000000000000000e+00 0.000000000000000000e+00 0.000000000000000000e+00 0.000000000000000000e+00 0.000000000000000000e+00 0.000000000000000000e+00 1.200099999999999945e+00 2.045800000000000285e+00 1.614399999999999835e+00 9.882999999999999563e-01 1.085900000000000087e+00 1.315599999999999881e+00 1.940399999999999903e+00 1.969200000000000284e+00 1.839700000000000113e+00 8.797999999999999154e-01 2.000000000000000042e-02 1.562500000000000000e+00 1.822599999999999998e+00
-9999 -9999 -9999 -9999 -9999 -9999 -9999 -9999 -9999 -9999 -9999 -9999 -9999 -9999 -9999 -9999 -9999 -9999 -9999 -9999 2.108200000000000074e+00 2.116500000000000270e+00 1.800499999999999989e+00 1.783800000000000274e+00 1.624900000000000233e+00 1.887300000000000200e+00 2.100100000000000300e+00 2.163599999999999746e+00 2.165900000000000158e+00 0.000000000000000000e+00 0.000000000000000000e+00 0.000000000000000000e+00 0.000000000000000000e+00 0.000000000000000000e+00 0.000000000000000000e+00 0.000000000000000000e+00 6.552999999999999936e-01 1.901499999999999968e+00 1.355999999999999872e+00 8.016999999999999682e-01 8.446000000000000174e-01 1.526599999999999957e+00 1.475700000000000234e+00 2.022800000000000153e+00 1.904000000000000137e+00 9.298999999999999488e-01 1.444100000000000161e+00 1.461899999999999977e+00 1.016199999999999992e+00
-9999 -9999 -9999 -9999 -9999 -9999 -9999 -9999 -9999 -9999 -9999 -9999 -9999 -9999 -9999 -9999 -9999 -9999 -9999 -9999 2.588400000000000034e+00 2.118100000000000094e+00 2.115499999999999936e+00 2.017300000000000093e+00 2.003200000000000092e+00 1.993800000000000239e+00 1.817299999999999915e+00 1.632200000000000095e+00 1.500399999999999956e+00 1.409899999999999931e+00 0.000000000000000000e+00 0.000000000000000000e+00 0.000000000000000000e+00 0.000000000000000000e+00 0.000000000000000000e+00 0.000000000000000000e+00 9.839999999999999858e-01 1.645399999999999974e+00 1.734200000000000186e+00 1.971500000000000030e+00 2.069900000000000073e+00 1.938300000000000134e+00 1.480999999999999872e+00 1.987999999999999989e+00 2.047900000000000276e+00 1.343999999999999861e+00 1.087399999999999922e+00 2.000000000000000042e-02 1.163599999999999968e+00
-9999 -9999 -9999 -9999 -9999 -9999 -9999 -9999 -9999 -9999 -9999 -9999 -9999 -9999 -9999 -9999 -9999 -9999 -9999 -9999 2.599700000000000344e+00 2.245100000000000318e+00 2.110800000000000232e+00 2.014200000000000212e+00 2.011600000000000055e+00 1.805800000000000072e+00 2.019400000000000084e+00 2.003700000000000259e+00 1.824600000000000222e+00 1.511400000000000077e+00 0.000000000000000000e+00 0.000000000000000000e+00 0.000000000000000000e+00 0.000000000000000000e+00 0.000000000000000000e+00 0.000000000000000000e+00 5.475999999999999757e-01 2.241400000000000503e+00 2.225299999999999834e+00 2.263200000000000323e+00 1.731700000000000017e+00 1.451999999999999957e+00 1.666600000000000081e+00 1.990099999999999980e+00 1.985400000000000276e+00 1.479500000000000259e+00 8.215999999999998860e-01 1.138099999999999890e+00 2.000000000000000042e-02
