testcase_input/parameters/LAI_shrub.dat
NCOLS         214
NROWS         263
XLLCORNER     382500.0
YLLCORNER     7541702.0
CELLSIZE      16.0
NODATA_VALUE  -9999
[rows 208 to 223 of 263, columns 74 to 110 of 214]
5.794677999999999773e-01 5.073531000000000013e-01 5.873577999999999300e-01 5.346397000000000510e-01 5.457416999999999963e-01 5.656790999999999903e-01 5.689383000000000079e-01 7.373910000000000187e-01 6.251037000000000399e-01 5.176920999999999884e-01 5.306963000000000097e-01 7.136673999999999518e-01 6.567079000000000111e-01 5.546944999999999792e-01 5.812954000000000176e-01 5.006186000000000247e-01 5.589290000000000092e-01 5.882967000000000057e-01 6.271305999999999825e-01 4.239394000000000218e-01 5.287992000000000248e-01 5.545835000000000070e-01 5.807459999999999845e-01 5.652409000000000461e-01 5.948400000000000354e-01 6.286758999999999542e-01 6.634854000000000029e-01 6.370613999999999999e-01 5.758632000000000195e-01 5.974498000000000308e-01 5.249310999999999838e-01 4.894091999999999887e-01 6.444491999999999443e-01 6.359510999999999914e-01 6.668266999999999944e-01 5.275505000000000333e-01 4.281285999999999703e-01
5.910497999999999585e-01 5.642618999999999829e-01 7.128958000000000794e-01 4.505548999999999804e-01 4.836514000000000646e-01 5.079196999999999740e-01 5.542709999999999582e-01 7.112509000000000192e-01 4.516900000000000359e-01 3.885740000000000305e-01 3.923039999999999861e-01 6.070846000000000853e-01 5.693002999999999814e-01 5.794616000000000211e-01 5.714483000000000201e-01 5.523890000000000189e-01 5.450798999999999506e-01 5.717832000000000470e-01 6.221130000000000271e-01 3.726688000000000223e-01 6.449899000000000049e-01 5.506596999999999742e-01 5.272286999999999946e-01 6.296402000000000942e-01 6.051064999999999916e-01 5.905584999999999862e-01 6.534041999999999906e-01 6.125958999999999710e-01 6.078978999999999910e-01 5.827569000000000221e-01 5.879868999999999790e-01 6.628647000000000844e-01 5.989426999999999390e-01 6.852289999999999770e-01 5.933199999999999585e-01 4.691122999999999821e-01 3.795308000000000015e-01
5.705451999999999746e-01 6.798208000000000029e-01 7.269285000000000885e-01 4.861379999999999590e-01 5.628606999999999916e-01 5.076792999999999445e-01 5.075743999999999811e-01 5.567022999999999833e-01 3.478748000000000395e-01 4.681705000000000449e-01 4.239633999999999903e-01 6.070846000000000853e-01 5.312150999999999401e-01 5.290209000000000161e-01 5.322217000000000198e-01 6.299084999999999823e-01 5.636745999999999146e-01 4.898887000000000103e-01 6.048983999999999472e-01 4.635432999999999915e-01 5.651368999999999421e-01 5.290297000000000471e-01 6.164209999999999967e-01 4.942290999999999768e-01 6.189850000000000074e-01 5.225541999999999687e-01 6.367264000000000257e-01 5.418043000000000164e-01 6.321993999999999669e-01 5.599802000000000390e-01 5.276205999999999952e-01 5.646655999999999898e-01 5.944544000000000494e-01 6.787995000000000001e-01 6.675210000000000310e-01 5.511551999999999563e-01 3.485774000000000372e-01
5.999923000000000339e-01 5.239082999999999934e-01 6.805778999999999579e-01 4.861379999999999590e-01 6.046376999999999446e-01 6.410776999999999726e-01 6.817881999999999554e-01 5.537012000000000045e-01 4.110995000000000066e-01 4.649650000000000172e-01 4.759386999999999923e-01 6.037989000000000273e-01 5.570998000000000339e-01 4.776822000000000012e-01 5.305982000000000198e-01 5.077424999999999855e-01 6.123659999999999659e-01 6.026175000000000281e-01 5.965328000000000852e-01 0.000000000000000000e+00 5.565411000000000108e-01 5.272451999999999694e-01 4.852621999999999769e-01 5.991591000000000555e-01 6.007660999999999696e-01 7.115903000000000089e-01 6.094524000000000052e-01 5.613249000000000155e-01 6.054192000000000462e-01 5.777014999999999789e-01 4.778108999999999829e-01 5.161622000000000154e-01 4.718126999999999738e-01 6.312259000000000064e-01 6.291575000000000362e-01 5.532718999999999276e-01 4.637388000000000066e-01
6.680677999999999894e-01 6.690080999999998834e-01 5.384557999999999289e-01 5.056741000000000152e-01 4.874661999999999606e-01 5.437478000000000034e-01 6.189687000000000383e-01 3.763429999999999831e-01 5.022254999999999914e-01 5.000717999999999552e-01 4.507238000000000078e-01 6.037989000000000273e-01 4.574207000000000134e-01 4.771996000000000016e-01 5.059301999999999966e-01 5.527189999999999603e-01 6.508625999999999578e-01 5.385516999999999666e-01 5.642096999999999252e-01 0.000000000000000000e+00 4.846153999999999740e-01 5.347458000000000489e-01 5.807914000000000687e-01 6.693776000000000170e-01 5.839307000000000247e-01 5.773391999999999413e-01 6.540029000000000536e-01 5.698642999999999903e-01 6.745624000000000065e-01 5.489929000000000059e-01 5.497893999999999837e-01 5.825690000000000035e-01 5.523614999999999498e-01 6.487825999999999871e-01 6.670598999999999279e-01 4.788489000000000217e-01 4.407476999999999645e-01
5.071090999999999793e-01 5.583789000000000113e-01 5.472318000000000460e-01 4.665639000000000314e-01 5.165870000000000184e-01 6.001762000000000485e-01 6.736777000000000459e-01 3.879007999999999901e-01 4.733935000000000226e-01 5.036971000000000087e-01 4.399707999999999952e-01 5.200076000000000143e-01 4.995562999999999532e-01 4.895643000000000078e-01 5.296465999999999674e-01 5.874285000000000201e-01 6.563048999999999689e-01 6.297928999999999888e-01 6.039890999999999455e-01 3.851721000000000172e-01 5.154355000000000464e-01 5.887913999999999648e-01 5.882361999999999869e-01 6.549582999999999933e-01 6.408844000000000207e-01 6.315359999999999863e-01 6.960623999999999700e-01 6.486671999999999993e-01 5.859731000000000245e-01 5.403926000000000007e-01 5.301936000000000426e-01 4.867439000000000071e-01 5.611148999999999720e-01 6.368063999999999947e-01 6.641288999999999110e-01 4.658516000000000323e-01 4.457179000000000002e-01
5.668218999999999896e-01 5.955609000000000597e-01 6.106920999999999600e-01 6.248675000000000201e-01 5.871104999999999796e-01 7.283508000000000759e-01 3.762569000000000052e-01 4.679347999999999841e-01 5.235933999999999866e-01 4.733935000000000226e-01 7.162764999999999826e-01 5.565350000000000019e-01 5.467490999999999879e-01 4.364069999999999894e-01 4.638461999999999863e-01 5.923251000000000488e-01 5.779933999999999905e-01 6.525326000000000182e-01 5.455740000000000034e-01 5.863534999999999719e-01 0.000000000000000000e+00 5.677882999999999125e-01 5.604457999999999940e-01 5.570840999999999710e-01 6.228730000000000100e-01 6.360816999999999721e-01 6.433630000000000182e-01 5.493240999999999818e-01 5.191151000000000515e-01 5.588328000000000184e-01 4.824648000000000270e-01 5.565567999999999627e-01 -9.999000000000000000e+03 -9.999000000000000000e+03 -9.999000000000000000e+03 -9.999000000000000000e+03 -9.999000000000000000e+03
6.340946000000000637e-01 5.531059999999999865e-01 4.772365000000000079e-01 4.258801999999999865e-01 6.664257999999999571e-01 3.418896599999999841e-01 3.334609000000000045e-01 3.735487999999999587e-01 5.634471999999999259e-01 5.101351000000000635e-01 5.286482000000000125e-01 6.120764000000000760e-01 6.510911999999999811e-01 4.676974999999999882e-01 5.572745999999999533e-01 6.428009000000000084e-01 6.413780999999999510e-01 6.279597999999999569e-01 5.499728000000000394e-01 5.676710000000000367e-01 5.081356000000000206e-01 5.237271999999999483e-01 5.276986999999999650e-01 6.514754999999999852e-01 6.315096000000000043e-01 6.654933000000000654e-01 6.040455000000000130e-01 5.622249000000000274e-01 5.590410000000000101e-01 4.902446999999999777e-01 5.672334999999999461e-01 -9.999000000000000000e+03 -9.999000000000000000e+03 -9.999000000000000000e+03 -9.999000000000000000e+03 -9.999000000000000000e+03 -9.999000000000000000e+03
5.905302999999999525e-01 5.487348000000000781e-01 5.855337999999999932e-01 4.887051000000000034e-01 6.078322000000000447e-01 3.603245000000000475e-01 3.345397999999999983e-01 4.344219000000000275e-01 5.411991000000000440e-01 5.409486999999999490e-01 5.828618999999999328e-01 6.428717999999999932e-01 7.229054999999999787e-01 5.721308000000000504e-01 6.054578000000000459e-01 6.993485000000000396e-01 5.611847999999999281e-01 6.267276999999999987e-01 6.315298000000000300e-01 5.107159999999999478e-01 6.070043000000000522e-01 4.849763999999999742e-01 5.345660999999999330e-01 5.839843000000000117e-01 5.192993000000000192e-01 6.188835999999999782e-01 5.607328999999999786e-01 5.506946000000000341e-01 6.404159999999999853e-01 5.716590999999999756e-01 5.716590999999999756e-01 -9.999000000000000000e+03 -9.999000000000000000e+03 -9.999000000000000000e+03 -9.999000000000000000e+03 -9.999000000000000000e+03 -9.999000000000000000e+03
5.474414000000000780e-01 5.873424999999999896e-01 4.710161000000000486e-01 5.698149000000000131e-01 6.156958000000000153e-01 3.580183000000000115e-01 4.309249000000000551e-01 4.126077000000000217e-01 4.250941999999999776e-01 4.429661999999999766e-01 5.032450000000000534e-01 6.196802000000000143e-01 5.301496999999999460e-01 6.272193999999999825e-01 5.768109999999999626e-01 5.035526999999999642e-01 5.119055000000000133e-01 4.683918999999999722e-01 5.467241999999999935e-01 5.428827999999999987e-01 6.347192999999999863e-01 0.000000000000000000e+00 5.125340999999999925e-01 6.264929999999999666e-01 5.252544000000000102e-01 5.852154999999999996e-01 5.876890000000000169e-01 4.993396999999999974e-01 5.824532999999999516e-01 5.232651999999999859e-01 -9.999000000000000000e+03 -9.999000000000000000e+03 -9.999000000000000000e+03 -9.999000000000000000e+03 -9.999000000000000000e+03 -9.999000000000000000e+03 -9.999000000000000000e+03
6.359452999999999356e-01 5.487016999999999589e-01 6.189404000000000572e-01 5.230597999999999637e-01 6.588168999999999276e-01 5.990283000000000690e-01 5.157764000000000237e-01 4.895780000000000132e-01 6.247650999999999621e-01 5.127239999999999576e-01 7.421303999999999679e-01 6.048729000000000466e-01 5.984898999999999081e-01 6.076220999999999428e-01 6.568020999999999443e-01 5.726552999999999782e-01 5.709281000000000494e-01 5.684453000000000422e-01 5.494938999999999796e-01 5.833724000000000132e-01 5.321002999999999705e-01 6.626372999999999847e-01 4.945895999999999626e-01 5.794510999999999967e-01 6.630186000000000135e-01 5.736824000000000368e-01 5.672565000000000524e-01 4.645518000000000147e-01 5.669199999999999795e-01 5.758790999999999771e-01 -9.999000000000000000e+03 -9.999000000000000000e+03 -9.999000000000000000e+03 -9.999000000000000000e+03 -9.999000000000000000e+03 -9.999000000000000000e+03 -9.999000000000000000e+03
5.810218999999999800e-01 5.849210000000000242e-01 6.237954999999999472e-01 4.676917999999999909e-01 7.000979000000000507e-01 5.313439100000000304e-01 4.308975999999999917e-01 4.019466999999999901e-01 4.540191000000000088e-01 5.668851000000000306e-01 7.112647999999999193e-01 7.538198999999999872e-01 5.374863000000000834e-01 6.801566000000000001e-01 5.770949999999999136e-01 6.160624999999999574e-01 5.740757999999999139e-01 5.467368000000000228e-01 5.800594000000000028e-01 4.796721999999999930e-01 5.562247000000000163e-01 5.912317000000000267e-01 0.000000000000000000e+00 5.172786999999999802e-01 5.331204000000000498e-01 4.968156000000000239e-01 7.174806000000000239e-01 5.437089999999999979e-01 5.745546999999999738e-01 -9.999000000000000000e+03 -9.999000000000000000e+03 -9.999000000000000000e+03 -9.999000000000000000e+03 -9.999000000000000000e+03 -9.999000000000000000e+03 -9.999000000000000000e+03 -9.999000000000000000e+03
5.205864000000000047e-01 5.217319000000000262e-01 6.382600999999999969e-01 5.416163999999999978e-01 5.757741000000000664e-01 6.652742000000000377e-01 4.800049999999999595e-01 6.183022999999999714e-01 5.292987000000000108e-01 6.097008000000000427e-01 4.969834000000000196e-01 6.330502000000000073e-01 5.206709999999999949e-01 6.224992999999999777e-01 5.862191999999999403e-01 5.335109999999999575e-01 7.202625000000000277e-01 7.354864000000000956e-01 6.460372999999999255e-01 6.522485000000000088e-01 6.072895999999999850e-01 5.063523000000000884e-01 5.302234000000000114e-01 5.288603999999998972e-01 6.086981000000000197e-01 5.744666999999999968e-01 6.342244999999999688e-01 5.548754000000000186e-01 5.320664999999999978e-01 -9.999000000000000000e+03 -9.999000000000000000e+03 -9.999000000000000000e+03 -9.999000000000000000e+03 -9.999000000000000000e+03 -9.999000000000000000e+03 -9.999000000000000000e+03 -9.999000000000000000e+03
5.406128000000000045e-01 5.861094999999999500e-01 6.200615000000000432e-01 5.766930999999999585e-01 4.821465999999999807e-01 6.708572000000000424e-01 6.859988000000000197e-01 6.403769999999999740e-01 5.737737000000000531e-01 6.036192000000000224e-01 4.917943999999999649e-01 7.704410000000000425e-01 5.613776000000000321e-01 5.168352000000000501e-01 6.359120000000000328e-01 6.895983999999999448e-01 6.082381000000000038e-01 6.475920000000000565e-01 6.421942999999999957e-01 6.128533000000000452e-01 -9.999000000000000000e+03 6.452166999999999764e-01 6.113248000000000015e-01 4.602616999999999958e-01 5.155237999999999765e-01 6.013817000000000190e-01 -9.999000000000000000e+03 -9.999000000000000000e+03 -9.999000000000000000e+03 -9.999000000000000000e+03 -9.999000000000000000e+03 -9.999000000000000000e+03 -9.999000000000000000e+03 -9.999000000000000000e+03 -9.999000000000000000e+03 -9.999000000000000000e+03 -9.999000000000000000e+03
5.035819000000000267e-01 6.556602000000000263e-01 5.152569000000000177e-01 4.666860000000000452e-01 5.485923999999999801e-01 5.422129999999999450e-01 5.610003999999999547e-01 7.170590000000000019e-01 5.811638000000000082e-01 4.869052999999999853e-01 5.273801000000000183e-01 7.634039000000000241e-01 5.342306999999999473e-01 6.370033999999999974e-01 6.931602000000000041e-01 6.595328000000000301e-01 6.084832999999999492e-01 5.512687000000000559e-01 -9.999000000000000000e+03 -9.999000000000000000e+03 -9.999000000000000000e+03 -9.999000000000000000e+03 -9.999000000000000000e+03 -9.999000000000000000e+03 -9.999000000000000000e+03 -9.999000000000000000e+03 -9.999000000000000000e+03 -9.999000000000000000e+03 -9.999000000000000000e+03 -9.999000000000000000e+03 -9.999000000000000000e+03 -9.999000000000000000e+03 -9.999000000000000000e+03 -9.999000000000000000e+03 -9.999000000000000000e+03 -9.999000000000000000e+03 -9.999000000000000000e+03
5.420975999999999573e-01 4.584906000000000259e-01 5.291493999999999920e-01 5.736486000000000640e-01 5.256906000000000079e-01 5.605103000000000169e-01 5.354727000000000237e-01 5.120620000000000172e-01 7.370560000000000445e-01 5.084319000000000477e-01 6.425954000000000388e-01 7.997704999999999398e-01 7.330634000000000317e-01 6.620280000000000609e-01 5.931007999999999836e-01 6.919672999999999519e-01 5.684377000000000457e-01 6.328365000000000240e-01 -9.999000000000000000e+03 -9.999000000000000000e+03 -9.999000000000000000e+03 -9.999000000000000000e+03 -9.999000000000000000e+03 -9.999000000000000000e+03 -9.999000000000000000e+03 -9.999000000000000000e+03 -9.999000000000000000e+03 -9.999000000000000000e+03 -9.999000000000000000e+03 -9.999000000000000000e+03 -9.999000000000000000e+03 -9.999000000000000000e+03 -9.999000000000000000e+03 -9.999000000000000000e+03 -9.999000000000000000e+03 -9.999000000000000000e+03 -9.999000000000000000e+03
