testcase_input/parameters/LAI_shrub.dat
NCOLS         214
NROWS         263
XLLCORNER     382500.0
YLLCORNER     7541702.0
CELLSIZE      16.0
NODATA_VALUE  -9999
[rows 96 to 111 of 263, columns 111 to 147 of 214]
5.382929000000000741e-01 5.736596999999999946e-01 5.344415000000000138e-01 5.568075000000000108e-01 5.883224999999999705e-01 6.305165999999999826e-01 5.649110999999999994e-01 5.570497999999999283e-01 5.272286000000000472e-01 6.320293999999999635e-01 7.315982000000000873e-01 6.631392000000000397e-01 6.199938999999999867e-01 4.957879000000000591e-01 4.277334999999999887e-01 4.222067000000000458e-01 5.246475999999999917e-01 4.160584999999999978e-01 4.647226999999999886e-01 3.829282999999999992e-01 3.641596999999999751e-01 4.361513000000000195e-01 4.246465000000000378e-01 4.184337999999999669e-01 4.801848999999999701e-01 5.215262999999999982e-01 4.842648999999999981e-01 4.813677000000000095e-01 3.939036999999999678e-01 4.717137000000000135e-01 6.023081000000000129e-01 5.577256000000000435e-01 4.429470999999999825e-01 4.661975999999999898e-01 5.552749999999999631e-01 5.354023999999999450e-01 5.878155999999999937e-01
5.073932999999999360e-01 5.448281000000000374e-01 4.959226999999999941e-01 4.964300999999999853e-01 5.246398999999999369e-01 5.631737999999999467e-01 4.698316999999999632e-01 4.982474000000000069e-01 5.738491000000000009e-01 6.971952999999999623e-01 5.491965999999999237e-01 6.760435999999999668e-01 7.047731999999999886e-01 6.264083999999999763e-01 4.757881999999999945e-01 4.102850000000000108e-01 5.053415999999999464e-01 4.925513000000000252e-01 4.630126999999999993e-01 3.780752000000000002e-01 3.694833000000000145e-01 4.184259999999999646e-01 5.294429000000000496e-01 5.696351000000000608e-01 5.237156000000000589e-01 4.551443000000000016e-01 4.961953999999999532e-01 4.081883000000000039e-01 4.594097999999999793e-01 4.654232999999999842e-01 5.685891000000000695e-01 5.443050000000000388e-01 3.657308999999999699e-01 3.802908000000000399e-01 4.570768000000000053e-01 4.827635000000000121e-01 5.050308000000000019e-01
3.531428999999999818e-01 3.669295999999999669e-01 5.073890999999999263e-01 5.235585999999999851e-01 3.884545000000000359e-01 4.873404000000000069e-01 4.869938000000000322e-01 4.538860000000000117e-01 5.688124999999999432e-01 6.777060999999999780e-01 8.064474000000000364e-01 7.564998000000000555e-01 8.432546999999999127e-01 4.772204999999999364e-01 5.367653999999999481e-01 4.448035999999999657e-01 4.463407000000000346e-01 4.802829000000000126e-01 4.762319999999999887e-01 3.974714000000000302e-01 4.071259000000000405e-01 3.955872000000000277e-01 4.650440000000000129e-01 4.809861999999999749e-01 4.560878000000000432e-01 4.419467000000000256e-01 4.494313999999999809e-01 4.593365000000000364e-01 4.622547999999999657e-01 3.900175999999999643e-01 4.435311000000000115e-01 4.993611999999999496e-01 4.641851000000000171e-01 5.188878999999999575e-01 5.059097999999999651e-01 4.973493999999999415e-01 5.597202000000000011e-01
3.962277000000000160e-01 3.880523000000000167e-01 3.533728000000000424e-01 4.002968000000000082e-01 3.602834999999999788e-01 3.884545000000000359e-01 4.536352999999999636e-01 4.631875000000000298e-01 5.250894000000000394e-01 6.564354000000000022e-01 7.351764000000000632e-01 6.070193999999999868e-01 6.343748000000000165e-01 6.328751999999999711e-01 5.819370000000000376e-01 5.095903999999999989e-01 4.418313999999999853e-01 4.370910000000000073e-01 5.282309000000000587e-01 4.959324999999999983e-01 5.925924000000000191e-01 4.588474000000000164e-01 3.917489000000000110e-01 4.136687000000000003e-01 4.361475000000000213e-01 3.850205999999999906e-01 4.026228000000000029e-01 4.754043999999999492e-01 4.539198999999999873e-01 4.748071000000000375e-01 4.193065999999999738e-01 4.773259000000000252e-01 5.006127000000000216e-01 4.557638000000000522e-01 3.587557999999999581e-01 5.690180000000000238e-01 5.805100000000000815e-01
3.775808999999999971e-01 3.480824999999999614e-01 3.605964000000000391e-01 3.513070999999999833e-01 3.540710000000000246e-01 3.605036999999999825e-01 4.137834000000000234e-01 4.621701000000000281e-01 4.532650000000000290e-01 5.589946000000000081e-01 6.380219999999999780e-01 6.079224000000000849e-01 6.484410999999999925e-01 5.600522999999999474e-01 6.473702999999999541e-01 4.373544999999999794e-01 5.832038000000000499e-01 4.661746999999999974e-01 4.020728000000000080e-01 5.680055999999999994e-01 6.689392000000000671e-01 5.400899999999999590e-01 3.680071999999999788e-01 3.720978000000000341e-01 3.941204999999999847e-01 3.695965999999999974e-01 3.539919999999999733e-01 4.548925999999999803e-01 3.729966000000000115e-01 5.058097000000000287e-01 3.846127000000000296e-01 5.158584999999999976e-01 4.737130999999999981e-01 4.780204000000000120e-01 5.132320999999999689e-01 4.837699000000000304e-01 5.878548000000000107e-01
5.320915000000000505e-01 4.901931999999999956e-01 4.137210000000000054e-01 3.583258999999999750e-01 3.480122999999999966e-01 3.540710000000000246e-01 3.731357000000000146e-01 4.242121999999999837e-01 4.242121999999999837e-01 4.357932999999999946e-01 5.271820999999999868e-01 6.411218000000000750e-01 5.962636999999999521e-01 5.450914000000000037e-01 5.098283000000000120e-01 4.373544999999999794e-01 4.344257000000000257e-01 4.859437999999999813e-01 4.614372999999999947e-01 4.498018000000000294e-01 5.661182999999999632e-01 6.993386999999999798e-01 5.107298000000000116e-01 3.781094999999999873e-01 3.750379000000000351e-01 3.949416999999999511e-01 4.785019999999999829e-01 4.716460000000000097e-01 4.931741000000000041e-01 5.003079999999999750e-01 4.098719000000000112e-01 4.985410000000000119e-01 5.125735000000000152e-01 4.575945000000000151e-01 4.987882000000000149e-01 4.781788999999999623e-01 5.448623000000000216e-01
4.869796000000000125e-01 4.877363999999999589e-01 5.612634999999999152e-01 3.786262000000000238e-01 3.583258999999999750e-01 3.984480999999999717e-01 3.805592999999999893e-01 4.202089999999999992e-01 3.844164999999999943e-01 5.184784000000000059e-01 5.191767999999999939e-01 5.707149000000000250e-01 6.106890000000000374e-01 5.879868999999999790e-01 5.203837000000000046e-01 4.616453999999999835e-01 4.992613000000000190e-01 4.550929999999999698e-01 4.022121000000000168e-01 4.722340999999999900e-01 5.097533000000000758e-01 5.237301999999999236e-01 4.692872999999999628e-01 3.704809000000000019e-01 4.143895000000000217e-01 4.229831000000000008e-01 4.646827000000000041e-01 4.444953999999999850e-01 5.562655999999999157e-01 4.548820000000000086e-01 4.210913000000000017e-01 5.279266999999999710e-01 5.054518999999999540e-01 5.359650999999999721e-01 4.646413999999999822e-01 5.161568999999999185e-01 5.197442999999999369e-01
4.717611999999999917e-01 4.840554999999999719e-01 3.977136000000000005e-01 4.140580999999999845e-01 4.267657000000000256e-01 3.599102000000000134e-01 3.511389999999999789e-01 3.528046000000000237e-01 3.752610000000000112e-01 4.786479000000000150e-01 4.659430999999999989e-01 6.222208000000000183e-01 6.442582999999999505e-01 6.662782000000000426e-01 5.466067000000000009e-01 4.349102999999999719e-01 3.854587000000000430e-01 4.044111000000000233e-01 3.956775000000000153e-01 4.734579999999999900e-01 4.427648000000000139e-01 4.712442000000000020e-01 4.627544000000000102e-01 3.885458999999999996e-01 3.065554000000000334e-01 4.052868000000000026e-01 5.007698999999999900e-01 4.583804000000000212e-01 4.877048999999999968e-01 4.364864999999999995e-01 0.000000000000000000e+00 5.074172999999999600e-01 4.653050000000000241e-01 5.663588000000000511e-01 5.700167999999999902e-01 6.212507999999999919e-01 5.975197999999999343e-01
5.103385000000000282e-01 4.148553000000000379e-01 4.043638999999999983e-01 4.070791000000000270e-01 3.418649999999999745e-01 3.690308999999999950e-01 3.710282999999999776e-01 3.433467000000000047e-01 3.784307000000000087e-01 4.208498999999999990e-01 5.032683000000000018e-01 5.803842999999999641e-01 6.539212000000000913e-01 6.406439999999999912e-01 6.566110000000000557e-01 4.546582000000000123e-01 4.106453999999999938e-01 3.970507999999999815e-01 4.044177999999999940e-01 3.786156999999999995e-01 4.574966999999999784e-01 4.888166999999999929e-01 4.852286999999999573e-01 4.491629999999999789e-01 4.278572999999999960e-01 5.012138000000000426e-01 4.825768999999999753e-01 5.256830999999999587e-01 4.576862999999999904e-01 5.016336000000000128e-01 3.279442000000000190e-01 5.371939999999999493e-01 4.906864000000000225e-01 6.315498999999999974e-01 6.467087999999999726e-01 6.467338999999999727e-01 5.547493000000000007e-01
5.135848000000000635e-01 4.557744999999999713e-01 3.828502999999999767e-01 3.680331000000000019e-01 3.640986999999999973e-01 3.526526999999999856e-01 3.592714000000000185e-01 3.898203000000000085e-01 3.822875000000000023e-01 4.537341000000000291e-01 5.737353000000000591e-01 5.861213000000000672e-01 6.152817999999999898e-01 5.162411000000000083e-01 5.723082000000000447e-01 4.503061000000000424e-01 4.346772999999999887e-01 4.521482000000000001e-01 3.944779999999999953e-01 4.314440999999999971e-01 4.269497999999999904e-01 4.585365999999999609e-01 5.185153000000000123e-01 4.991513000000000200e-01 4.966363999999999779e-01 5.053564999999999863e-01 4.974420999999999982e-01 4.488473000000000046e-01 5.298315000000000108e-01 4.728007000000000182e-01 3.870596000000000037e-01 5.933298000000000183e-01 6.113927999999999585e-01 6.215066000000000201e-01 6.368063000000000473e-01 5.998291000000000039e-01 5.897584000000000160e-01
5.056264000000000314e-01 4.092318000000000344e-01 3.828502999999999767e-01 3.727753000000000316e-01 3.936817999999999707e-01 3.750141999999999642e-01 3.887245999999999757e-01 5.513114000000000070e-01 4.242232000000000225e-01 5.570459999999999301e-01 5.570459999999999301e-01 5.161259999999999737e-01 6.100122000000000044e-01 5.269873999999999947e-01 4.861438999999999622e-01 5.120344999999999480e-01 5.208631000000000233e-01 4.521482000000000001e-01 5.378188000000000413e-01 4.829843000000000330e-01 5.266127999999999920e-01 4.014153000000000304e-01 4.607643999999999629e-01 4.291705000000000103e-01 4.552645000000000164e-01 5.295825000000000671e-01 4.642268000000000505e-01 5.366921000000000053e-01 5.118797999999999959e-01 4.219182999999999684e-01 3.776442999999999883e-01 4.591787999999999981e-01 7.202367000000000630e-01 6.600156000000000356e-01 6.730285000000000295e-01 5.905057000000000222e-01 5.680848000000000564e-01
4.533823000000000158e-01 4.159240000000000159e-01 3.867762999999999618e-01 3.702980000000000160e-01 3.570389999999999953e-01 4.136419999999999542e-01 4.364052999999999960e-01 4.587552000000000296e-01 5.163116999999999290e-01 6.062214999999999687e-01 6.818254000000000259e-01 6.617081999999999686e-01 6.233300999999999981e-01 6.005454000000000070e-01 5.860103999999999314e-01 6.479660999999999893e-01 6.333992999999999984e-01 4.708531999999999718e-01 5.000111999999999890e-01 4.020327999999999680e-01 4.620923000000000114e-01 4.138024999999999620e-01 4.754699000000000009e-01 4.492504999999999971e-01 4.590638999999999692e-01 4.476818000000000186e-01 4.624635000000000273e-01 4.247220999999999913e-01 5.008452999999999378e-01 4.674015000000000253e-01 4.552063000000000081e-01 5.592916999999999472e-01 6.003789999999999960e-01 7.093140000000000001e-01 6.942833000000000476e-01 7.213917999999999164e-01 7.646318000000000836e-01
3.903250999999999804e-01 4.277395999999999976e-01 4.222071000000000018e-01 4.009110999999999647e-01 4.055429999999999868e-01 3.604681000000000135e-01 4.470716000000000134e-01 5.675124999999999753e-01 5.794778000000000429e-01 7.480976000000000292e-01 5.536600000000000410e-01 6.038900000000000379e-01 6.038900000000000379e-01 5.954591999999999663e-01 5.957869999999999555e-01 7.165371000000000379e-01 6.536296999999999802e-01 5.010067000000000270e-01 4.674270999999999843e-01 4.257541000000000242e-01 4.705728000000000133e-01 4.873074000000000017e-01 4.357353999999999949e-01 4.275619999999999976e-01 5.077743999999999591e-01 5.221559000000000061e-01 4.883978999999999404e-01 4.622611999999999832e-01 4.740333999999999937e-01 4.616117000000000137e-01 4.498754000000000364e-01 5.486492999999998954e-01 5.132989999999999498e-01 6.132946000000000231e-01 6.922521999999999842e-01 6.045499999999999208e-01 6.959613000000000049e-01
4.059528000000000025e-01 3.616135999999999795e-01 3.784830000000000139e-01 3.979734000000000327e-01 3.501527999999999863e-01 3.705572000000000310e-01 5.111904999999999921e-01 5.839117000000000335e-01 5.277579000000000020e-01 5.009409999999999696e-01 5.687552000000000163e-01 5.351903999999999550e-01 5.227745000000000308e-01 5.154739999999999878e-01 5.414003000000000565e-01 5.139464000000000254e-01 5.674517000000000033e-01 4.385961999999999916e-01 3.610661000000000009e-01 3.434407000000000432e-01 4.286969999999999947e-01 4.867295999999999845e-01 4.049255999999999966e-01 4.756668000000000007e-01 4.961075000000000346e-01 4.819892999999999539e-01 5.093022000000000382e-01 4.677533999999999859e-01 5.374678999999999984e-01 4.290741000000000138e-01 4.376898999999999651e-01 4.376898999999999651e-01 4.840248999999999802e-01 5.700620000000000687e-01 6.075652000000000275e-01 5.916320000000000467e-01 7.670379000000000502e-01
3.321142999999999734e-01 3.489092999999999778e-01 3.781872000000000011e-01 3.823914000000000479e-01 3.726905000000000356e-01 5.493111999999999995e-01 5.763700999999999963e-01 5.832498000000000404e-01 5.949496999999999147e-01 5.009409999999999696e-01 4.803651999999999922e-01 4.355874000000000135e-01 5.257206999999999297e-01 4.957368999999999803e-01 3.982242999999999755e-01 4.123088999999999782e-01 4.184623000000000093e-01 4.602604999999999613e-01 4.374497999999999998e-01 5.037251999999999841e-01 6.335257000000000804e-01 5.757954000000000683e-01 4.608884999999999788e-01 4.638664999999999594e-01 5.003743000000000496e-01 5.469315999999999622e-01 6.501320999999999906e-01 4.946310999999999902e-01 4.476276999999999617e-01 3.670447000000000015e-01 5.001778000000000057e-01 4.224712999999999941e-01 4.931531000000000109e-01 4.773797000000000179e-01 5.751283000000000367e-01 6.404464999999999186e-01 6.968771999999999744e-01
3.867932000000000037e-01 4.479874000000000356e-01 3.849557000000000118e-01 3.690259000000000178e-01 3.823914000000000479e-01 4.059085000000000054e-01 5.623332999999999249e-01 5.713253999999999833e-01 4.547153000000000445e-01 4.278377999999999903e-01 4.985228000000000437e-01 4.681647999999999366e-01 4.660221999999999420e-01 4.878143999999999814e-01 3.830008999999999775e-01 4.018443000000000431e-01 4.830790999999999835e-01 5.347912999999999695e-01 5.110410000000000785e-01 5.301093000000000055e-01 4.742836000000000274e-01 5.064028000000000418e-01 4.494679000000000313e-01 4.391063000000000049e-01 5.148983000000000310e-01 4.742916999999999828e-01 5.418060000000000098e-01 6.022490000000000343e-01 4.308077000000000156e-01 4.719048999999999605e-01 4.794798000000000116e-01 4.481078000000000006e-01 3.485169000000000183e-01 3.932944999999999913e-01 4.556267999999999985e-01 -9.999000000000000000e+03 -9.999000000000000000e+03
