testcase_input/parameters/LAI_grass.dat
NCOLS         214
NROWS         263
XLLCORNER     382500.0
YLLCORNER     7541702.0
CELLSIZE      16.0
NODATA_VALUE  -9999
[rows 64 to 79 of 263, columns 37 to 73 of 214]
-9.999000000000000000e+03 -9.999000000000000000e+03 -9.999000000000000000e+03 -9.999000000000000000e+03 -9.999000000000000000e+03 -9.999000000000000000e+03 -9.999000000000000000e+03 -9.999000000000000000e+03 -9.999000000000000000e+03 -9.999000000000000000e+03 -9.999000000000000000e+03 -9.999000000000000000e+03 -9.999000000000000000e+03 -9.999000000000000000e+03 3.671351999999999949e-01 5.436693999999999694e-01 5.496117999999999837e-01 5.981798000000000393e-01 6.232780999999999461e-01 6.588751000000000468e-01 6.641002000000000294e-01 6.058373999999999704e-01 5.555229999999999890e-01 5.958908000000000538e-01 7.228042000000000078e-01 7.261495000000000033e-01 6.381628999999999774e-01 6.162016000000000160e-01 6.766109000000000151e-01 6.243868000000000196e-01 6.364522999999999708e-01 6.233984999999999665e-01 4.832647999999999944e-01 3.192706000000000155e-01 1.374937999999999994e-01 2.808466000000000018e-01 2.410307999999999895e-01
-9.999000000000000000e+03 -9.999000000000000000e+03 -9.999000000000000000e+03 -9.999000000000000000e+03 -9.999000000000000000e+03 -9.999000000000000000e+03 -9.999000000000000000e+03 -9.999000000000000000e+03 -9.999000000000000000e+03 -9.999000000000000000e+03 -9.999000000000000000e+03 -9.999000000000000000e+03 -9.999000000000000000e+03 -9.999000000000000000e+03 3.931207999999999925e-01 6.065996999999999639e-01 6.636117999999999739e-01 6.507711000000000467e-01 6.749142000000000197e-01 6.639304000000000316e-01 6.637587000000000348e-01 5.692616000000000342e-01 5.349118000000000483e-01 7.214289999999999869e-01 7.343321999999999905e-01 7.383199000000000289e-01 7.074323999999999613e-01 6.331436999999999760e-01 7.087719000000000102e-01 6.490976000000000523e-01 6.129482000000000541e-01 6.124163999999999719e-01 3.658118000000000203e-01 1.964693999999999885e-01 1.690098999999999907e-01 3.275297999999999821e-01 2.904131999999999825e-01
-9.999000000000000000e+03 -9.999000000000000000e+03 -9.999000000000000000e+03 -9.999000000000000000e+03 -9.999000000000000000e+03 -9.999000000000000000e+03 -9.999000000000000000e+03 -9.999000000000000000e+03 -9.999000000000000000e+03 -9.999000000000000000e+03 -9.999000000000000000e+03 -9.999000000000000000e+03 -9.999000000000000000e+03 -9.999000000000000000e+03 5.658556999999999615e-01 6.726828000000000252e-01 6.674754999999999994e-01 6.715959999999999708e-01 7.315477999999999703e-01 7.514885999999999511e-01 6.960904999999999454e-01 6.268795000000000339e-01 5.004433999999999827e-01 6.709119000000000055e-01 7.319339000000000262e-01 7.116348000000000118e-01 6.978904000000000218e-01 6.256363000000000341e-01 6.355041000000000162e-01 6.311094999999999899e-01 3.387817000000000189e-01 4.067121000000000208e-01 3.770024000000000153e-01 3.241268999999999956e-01 3.012193000000000231e-01 3.529944999999999888e-01 3.450361000000000122e-01
-9.999000000000000000e+03 -9.999000000000000000e+03 -9.999000000000000000e+03 -9.999000000000000000e+03 -9.999000000000000000e+03 -9.999000000000000000e+03 -9.999000000000000000e+03 -9.999000000000000000e+03 -9.999000000000000000e+03 -9.999000000000000000e+03 -9.999000000000000000e+03 -9.999000000000000000e+03 -9.999000000000000000e+03 -9.999000000000000000e+03 -9.999000000000000000e+03 7.024656999999999707e-01 6.421959000000000417e-01 6.645685000000000064e-01 7.259641000000000011e-01 6.446602000000000166e-01 7.096225999999999923e-01 5.044975999999999905e-01 5.327127999999999863e-01 6.550861999999999519e-01 6.960899999999999865e-01 6.901715999999999962e-01 5.755042000000000213e-01 6.901861000000000246e-01 7.134084000000000536e-01 5.826523000000000119e-01 4.949935999999999781e-01 4.594149000000000149e-01 4.698188999999999838e-01 5.299500000000000322e-01 2.432109000000000076e-01 3.457945000000000046e-01 3.691958000000000184e-01
-9.999000000000000000e+03 -9.999000000000000000e+03 -9.999000000000000000e+03 -9.999000000000000000e+03 -9.999000000000000000e+03 -9.999000000000000000e+03 -9.999000000000000000e+03 -9.999000000000000000e+03 -9.999000000000000000e+03 -9.999000000000000000e+03 -9.999000000000000000e+03 -9.999000000000000000e+03 -9.999000000000000000e+03 -9.999000000000000000e+03 -9.999000000000000000e+03 7.945198999999999456e-01 7.053462000000000343e-01 5.849075999999999720e-01 5.770172000000000079e-01 6.096766999999999603e-01 6.375619999999999621e-01 4.664546999999999999e-01 5.266990999999999756e-01 6.854523000000000144e-01 6.672109999999999985e-01 6.371598000000000539e-01 5.646805000000000296e-01 5.663006000000000428e-01 7.599671000000000065e-01 6.662801000000000418e-01 6.017171999999999521e-01 4.660918000000000005e-01 3.503138000000000085e-01 4.086708000000000007e-01 3.913833999999999924e-01 5.129744999999999999e-01 3.041089000000000153e-01
-9.999000000000000000e+03 -9.999000000000000000e+03 -9.999000000000000000e+03 -9.999000000000000000e+03 -9.999000000000000000e+03 -9.999000000000000000e+03 -9.999000000000000000e+03 -9.999000000000000000e+03 -9.999000000000000000e+03 -9.999000000000000000e+03 -9.999000000000000000e+03 -9.999000000000000000e+03 -9.999000000000000000e+03 -9.999000000000000000e+03 8.169035000000000046e-01 7.690185000000000493e-01 7.507287999999999739e-01 7.106335999999999764e-01 6.946012000000000297e-01 6.882527000000000506e-01 6.001847000000000154e-01 5.581030999999999631e-01 5.898333000000000048e-01 6.458123000000000058e-01 6.972363000000000310e-01 7.102308999999999983e-01 6.112933999999999868e-01 5.171268999999999449e-01 6.289677999999999658e-01 6.232016999999999696e-01 5.752616999999999869e-01 6.004696999999999951e-01 4.338971999999999829e-01 4.086708000000000007e-01 4.802450999999999803e-01 5.240173000000000192e-01 3.911295000000000188e-01
-9.999000000000000000e+03 -9.999000000000000000e+03 -9.999000000000000000e+03 -9.999000000000000000e+03 -9.999000000000000000e+03 -9.999000000000000000e+03 -9.999000000000000000e+03 -9.999000000000000000e+03 -9.999000000000000000e+03 -9.999000000000000000e+03 -9.999000000000000000e+03 -9.999000000000000000e+03 -9.999000000000000000e+03 -9.999000000000000000e+03 7.536502000000000479e-01 7.602881999999999696e-01 7.947303999999999480e-01 7.514482000000000106e-01 7.365673999999999833e-01 6.970311000000000146e-01 7.000842999999999927e-01 6.091505999999999865e-01 6.243617999999999668e-01 6.440251000000000170e-01 6.769477000000000411e-01 6.924601000000000228e-01 5.680404999999999482e-01 3.015597999999999890e-01 4.058223000000000247e-01 5.013771999999999673e-01 5.971404999999999630e-01 6.656068000000000540e-01 6.448161000000000032e-01 6.583208000000000393e-01 4.725712000000000246e-01 3.739518000000000009e-01 4.623034999999999783e-01
-9.999000000000000000e+03 -9.999000000000000000e+03 -9.999000000000000000e+03 -9.999000000000000000e+03 -9.999000000000000000e+03 -9.999000000000000000e+03 -9.999000000000000000e+03 -9.999000000000000000e+03 -9.999000000000000000e+03 -9.999000000000000000e+03 -9.999000000000000000e+03 -9.999000000000000000e+03 -9.999000000000000000e+03 -9.999000000000000000e+03 7.475549000000000222e-01 7.398278000000000354e-01 7.448061999999999738e-01 7.610746999999999929e-01 7.171579000000000148e-01 7.185306000000000193e-01 6.909475999999999951e-01 6.456534000000000439e-01 6.335258000000000278e-01 6.687731000000000092e-01 6.444908000000000303e-01 7.235120999999999913e-01 6.800026000000000126e-01 6.043058999999999514e-01 5.368635999999999964e-01 5.238104999999999567e-01 5.533110999999999446e-01 6.170349000000000528e-01 6.641633999999999594e-01 7.062079999999999469e-01 5.015707999999999833e-01 4.549479000000000162e-01 3.789409999999999723e-01
-9.999000000000000000e+03 -9.999000000000000000e+03 -9.999000000000000000e+03 -9.999000000000000000e+03 -9.999000000000000000e+03 -9.999000000000000000e+03 -9.999000000000000000e+03 -9.999000000000000000e+03 -9.999000000000000000e+03 -9.999000000000000000e+03 -9.999000000000000000e+03 -9.999000000000000000e+03 -9.999000000000000000e+03 -9.999000000000000000e+03 -9.999000000000000000e+03 7.204654000000000336e-01 7.494307000000000052e-01 7.463762000000000452e-01 7.210153999999999730e-01 6.759452999999999712e-01 6.584052999999999711e-01 6.747965999999999687e-01 6.609523999999999955e-01 6.640055999999999736e-01 6.341752000000000500e-01 6.692483000000000182e-01 6.606910999999999756e-01 6.624423000000000394e-01 4.994802999999999882e-01 5.401787999999999590e-01 6.136182999999999499e-01 5.993121000000000143e-01 6.058267999999999986e-01 6.714721000000000162e-01 7.293091999999999908e-01 4.070929999999999827e-01 4.345191999999999943e-01
-9.999000000000000000e+03 -9.999000000000000000e+03 -9.999000000000000000e+03 -9.999000000000000000e+03 -9.999000000000000000e+03 -9.999000000000000000e+03 -9.999000000000000000e+03 -9.999000000000000000e+03 -9.999000000000000000e+03 -9.999000000000000000e+03 -9.999000000000000000e+03 -9.999000000000000000e+03 -9.999000000000000000e+03 -9.999000000000000000e+03 -9.999000000000000000e+03 -9.999000000000000000e+03 7.156924000000000063e-01 7.020108999999999932e-01 6.626655000000000184e-01 6.202796000000000420e-01 6.654151999999999845e-01 6.339970999999999801e-01 6.812989999999999879e-01 7.006887000000000532e-01 6.695640999999999954e-01 5.344573000000000240e-01 4.796367999999999743e-01 5.551970000000000516e-01 5.325663000000000480e-01 5.683224999999999527e-01 6.251438999999999746e-01 5.774848000000000203e-01 6.462333999999999579e-01 6.309314999999999785e-01 6.053007000000000248e-01 5.178424999999999834e-01 5.684320000000000483e-01
-9.999000000000000000e+03 -9.999000000000000000e+03 -9.999000000000000000e+03 -9.999000000000000000e+03 -9.999000000000000000e+03 -9.999000000000000000e+03 -9.999000000000000000e+03 -9.999000000000000000e+03 -9.999000000000000000e+03 -9.999000000000000000e+03 -9.999000000000000000e+03 -9.999000000000000000e+03 -9.999000000000000000e+03 -9.999000000000000000e+03 -9.999000000000000000e+03 -9.999000000000000000e+03 6.937065999999999510e-01 7.133325000000000360e-01 6.849821999999999855e-01 6.108449999999999713e-01 6.878303000000000056e-01 6.986415000000000264e-01 6.785130999999999801e-01 6.794651999999999914e-01 5.908579000000000470e-01 5.408638000000000057e-01 4.949310000000000098e-01 4.921984999999999832e-01 5.095414000000000332e-01 6.038904999999999967e-01 6.344402000000000097e-01 5.916805000000000536e-01 6.297517000000000253e-01 6.297517000000000253e-01 5.371884999999999577e-01 6.361118999999999524e-01 5.943150999999999851e-01
-9.999000000000000000e+03 -9.999000000000000000e+03 -9.999000000000000000e+03 -9.999000000000000000e+03 -9.999000000000000000e+03 -9.999000000000000000e+03 -9.999000000000000000e+03 -9.999000000000000000e+03 -9.999000000000000000e+03 -9.999000000000000000e+03 -9.999000000000000000e+03 -9.999000000000000000e+03 -9.999000000000000000e+03 -9.999000000000000000e+03 -9.999000000000000000e+03 -9.999000000000000000e+03 6.532411000000000190e-01 6.762917999999999985e-01 5.905413000000000467e-01 6.395205000000000473e-01 6.610120999999999913e-01 7.018955999999999529e-01 6.766976000000000102e-01 6.895972000000000213e-01 6.954029999999999934e-01 6.177063000000000415e-01 5.534185999999999828e-01 4.364113000000000020e-01 5.178051999999999655e-01 6.192318999999999463e-01 6.229381999999999975e-01 7.168771999999999922e-01 7.082640999999999520e-01 7.311450000000000449e-01 6.979861000000000537e-01 5.900058000000000247e-01 5.513251000000000124e-01
-9.999000000000000000e+03 -9.999000000000000000e+03 -9.999000000000000000e+03 -9.999000000000000000e+03 -9.999000000000000000e+03 -9.999000000000000000e+03 -9.999000000000000000e+03 -9.999000000000000000e+03 -9.999000000000000000e+03 -9.999000000000000000e+03 -9.999000000000000000e+03 -9.999000000000000000e+03 -9.999000000000000000e+03 -9.999000000000000000e+03 -9.999000000000000000e+03 4.961154999999999871e-01 5.262892999999999599e-01 6.400392999999999777e-01 6.260073000000000443e-01 5.825512999999999941e-01 6.869153999999999538e-01 6.575507999999999909e-01 6.740121999999999503e-01 6.886092000000000324e-01 6.641405999999999699e-01 6.788714000000000137e-01 6.438353999999999466e-01 2.597960000000000269e-01 5.756457999999999853e-01 6.003321000000000351e-01 6.470481000000000149e-01 6.725735999999999937e-01 7.046561000000000075e-01 7.261490999999999918e-01 6.140801000000000176e-01 5.797601000000000004e-01 6.096523999999999832e-01
-9.999000000000000000e+03 -9.999000000000000000e+03 -9.999000000000000000e+03 -9.999000000000000000e+03 -9.999000000000000000e+03 -9.999000000000000000e+03 -9.999000000000000000e+03 -9.999000000000000000e+03 -9.999000000000000000e+03 -9.999000000000000000e+03 -9.999000000000000000e+03 -9.999000000000000000e+03 -9.999000000000000000e+03 -9.999000000000000000e+03 -9.999000000000000000e+03 3.172578999999999816e-01 4.162447000000000230e-01 5.575164000000000231e-01 6.139006999999999659e-01 5.559142999999999724e-01 6.532972000000000223e-01 6.512057999999999458e-01 6.782287999999999650e-01 7.115105000000000457e-01 6.841412999999999522e-01 7.182410000000000183e-01 6.816455999999999626e-01 3.086014999999999731e-01 1.896953999999999863e-01 4.092206999999999928e-01 6.124174999999999480e-01 6.275916999999999746e-01 6.145810000000000439e-01 7.371712000000000264e-01 6.862251000000000323e-01 6.729490999999999667e-01 6.736229000000000244e-01
-9.999000000000000000e+03 -9.999000000000000000e+03 -9.999000000000000000e+03 -9.999000000000000000e+03 -9.999000000000000000e+03 -9.999000000000000000e+03 -9.999000000000000000e+03 -9.999000000000000000e+03 -9.999000000000000000e+03 -9.999000000000000000e+03 -9.999000000000000000e+03 -9.999000000000000000e+03 -9.999000000000000000e+03 -9.999000000000000000e+03 -9.999000000000000000e+03 3.663150000000000017e-01 3.274820999999999982e-01 4.758950000000000125e-01 5.398595999999999950e-01 5.945354999999999945e-01 6.116175999999999835e-01 6.443716999999999917e-01 6.359574999999999534e-01 7.341195999999999833e-01 6.927010000000000112e-01 7.451149999999999718e-01 6.844133999999999496e-01 4.082025000000000237e-01 2.191970000000000030e-01 1.959009999999999918e-01 6.661354000000000442e-01 6.009419999999999762e-01 6.614037999999999862e-01 6.604624999999999524e-01 7.646667000000000325e-01 7.254861999999999700e-01 6.975791000000000075e-01
-9.999000000000000000e+03 -9.999000000000000000e+03 -9.999000000000000000e+03 -9.999000000000000000e+03 -9.999000000000000000e+03 -9.999000000000000000e+03 -9.999000000000000000e+03 -9.999000000000000000e+03 -9.999000000000000000e+03 -9.999000000000000000e+03 -9.999000000000000000e+03 -9.999000000000000000e+03 -9.999000000000000000e+03 -9.999000000000000000e+03 -9.999000000000000000e+03 3.338363999999999776e-01 2.515334000000000181e-01 3.749222999999999861e-01 4.171011000000000024e-01 6.172374000000000471e-01 6.251970999999999501e-01 6.397659999999999458e-01 6.342529000000000083e-01 6.757172999999999652e-01 6.903409999999999824e-01 7.083574000000000259e-01 7.169229000000000296e-01 4.376284999999999759e-01 2.569964000000000137e-01 1.802716000000000041e-01 5.176481000000000554e-01 6.131689000000000167e-01 3.542779999999999818e-01 6.130976999999999677e-01 7.904942999999999831e-01 7.303547999999999707e-01 7.302258999999999833e-01
