testcase_input/parameters/LAI_conif.dat
NCOLS         214
NROWS         263
XLLCORNER     382500.0
YLLCORNER     7541702.0
CELLSIZE      16.0
NODATA_VALUE  -9999
[rows 176 to 197 of 263, columns 49 to 97 of 214]
-9999 -9999 -9999 -9999 -9999 -9999 -9999 -9999 -9999 1.771200000000000330e+00 2.020399999999999974e+00 2.403900000000000148e+00 2.720899999999999874e+00 2.787200000000000344e+00 2.006299999999999972e+00 1.833699999999999886e+00 1.787700000000000067e+00 1.946700000000000097e+00 1.951999999999999957e+00 2.808400000000000230e+00 2.874799999999999578e+00 2.849099999999999966e+00 2.842200000000000060e+00 2.669599999999999973e+00 2.658100000000000129e+00 2.878100000000000325e+00 2.906300000000000328e+00 2.872300000000000075e+00 2.857000000000000206e+00 2.895100000000000229e+00 2.881999999999999673e+00 2.797800000000000065e+00 2.862700000000000244e+00 2.883800000000000363e+00 2.712299999999999933e+00 1.909800000000000164e+00 2.243000000000000327e+00 1.843400000000000150e+00 1.439000000000000057e+00 5.325999999999999623e-01 1.506499999999999950e+00 1.568100000000000271e+00 1.477899999999999991e+00 1.494099999999999984e+00 1.667100000000000026e+00 1.667100000000000026e+00 1.650400000000000311e+00 2.001599999999999824e+00 1.828800000000000203e+00
-9999 -9999 -9999 -9999 -9999 -9999 -9999 -9999 -9999 2.378900000000000237e+00 2.388300000000000090e+00 2.430600000000000094e+00 2.928599999999999870e+00 2.157900000000000151e+00 1.818300000000000249e+00 2.026699999999999946e+00 1.826400000000000023e+00 2.003700000000000259e+00 2.393000000000000238e+00 2.910400000000000098e+00 2.879100000000000215e+00 2.706199999999999939e+00 2.701499999999999790e+00 2.693699999999999761e+00 2.522599999999999731e+00 2.631200000000000205e+00 2.645800000000000374e+00 2.826400000000000023e+00 2.799100000000000144e+00 2.816300000000000470e+00 2.830300000000000260e+00 2.843800000000000328e+00 2.741100000000000314e+00 2.615800000000000125e+00 2.125300000000000189e+00 1.601599999999999913e+00 2.437899999999999956e+00 2.320800000000000196e+00 1.056300000000000017e+00 8.179999999999999494e-01 1.680400000000000116e+00 1.895000000000000018e+00 1.786700000000000177e+00 1.819599999999999884e+00 1.665000000000000258e+00 1.875400000000000178e+00 1.855800000000000338e+00 1.621500000000000163e+00 1.974700000000000122e+00
-9999 -9999 -9999 -9999 -9999 -9999 -9999 -9999 -9999 -9999 2.545300000000000118e+00 2.550000000000000266e+00 2.954200000000000159e+00 2.937500000000000000e+00 2.040799999999999947e+00 2.040799999999999947e+00 1.838700000000000223e+00 2.348600000000000243e+00 2.910400000000000098e+00 2.850900000000000212e+00 2.821700000000000319e+00 2.671300000000000452e+00 2.673899999999999721e+00 2.710999999999999854e+00 2.559099999999999930e+00 2.588900000000000201e+00 2.610300000000000065e+00 2.742399999999999949e+00 2.899500000000000188e+00 2.762100000000000222e+00 2.808500000000000441e+00 2.716499999999999915e+00 2.612300000000000288e+00 2.165000000000000036e+00 1.683899999999999952e+00 1.082300000000000040e+00 2.099299999999999944e+00 2.556200000000000472e+00 1.042999999999999927e+00 1.137599999999999945e+00 1.582199999999999829e+00 1.812200000000000033e+00 2.334400000000000031e+00 1.987500000000000044e+00 2.025100000000000122e+00 1.777600000000000069e+00 1.850300000000000278e+00 2.090600000000000236e+00 2.015600000000000058e+00
-9999 -9999 -9999 -9999 -9999 -9999 -9999 -9999 -9999 -9999 2.611099999999999977e+00 2.634100000000000108e+00 2.975600000000000023e+00 2.975600000000000023e+00 2.062200000000000255e+00 2.059600000000000097e+00 1.843400000000000150e+00 2.383599999999999941e+00 2.915599999999999525e+00 2.767300000000000093e+00 2.810700000000000198e+00 2.700000000000000178e+00 2.807600000000000318e+00 2.717299999999999827e+00 2.563800000000000079e+00 2.586300000000000043e+00 2.643900000000000361e+00 2.743900000000000006e+00 2.775799999999999823e+00 2.866099999999999870e+00 2.708899999999999864e+00 2.761699999999999822e+00 2.522599999999999731e+00 1.863399999999999945e+00 1.353399999999999936e+00 1.004499999999999948e+00 1.066499999999999782e+00 1.175799999999999956e+00 9.836000000000000298e-01 8.734000000000000652e-01 2.000000000000000042e-02 1.604700000000000015e+00 2.865400000000000169e+00 2.788200000000000234e+00 2.495600000000000485e+00 2.687800000000000189e+00 2.543099999999999916e+00 2.218399999999999928e+00 2.496999999999999886e+00
-9999 -9999 -9999 -9999 -9999 -9999 -9999 -9999 -9999 -9999 2.614800000000000235e+00 2.891600000000000392e+00 2.970899999999999874e+00 2.980300000000000171e+00 2.509700000000000486e+00 2.036100000000000243e+00 2.013100000000000112e+00 1.975500000000000034e+00 2.407100000000000239e+00 2.879600000000000382e+00 2.815400000000000347e+00 2.745999999999999996e+00 2.779500000000000082e+00 2.640600000000000058e+00 2.622300000000000075e+00 2.744499999999999940e+00 2.877600000000000158e+00 2.797600000000000087e+00 2.797600000000000087e+00 2.792899999999999938e+00 2.861400000000000166e+00 2.704800000000000093e+00 2.496999999999999886e+00 1.795500000000000096e+00 1.396700000000000053e+00 8.320999999999999508e-01 8.511999999999999567e-01 7.066000000000000059e-01 6.868000000000000771e-01 7.709999999999999076e-01 2.000000000000000042e-02 1.237600000000000033e+00 2.725600000000000023e+00 3.064200000000000035e+00 2.865099999999999980e+00 2.629000000000000448e+00 2.003400000000000070e+00 2.573300000000000143e+00 2.751700000000000479e+00
-9999 -9999 -9999 -9999 -9999 -9999 -9999 -9999 -9999 2.874900000000000233e+00 2.770399999999999974e+00 2.791300000000000114e+00 2.951600000000000001e+00 2.963600000000000012e+00 2.378900000000000237e+00 1.841300000000000159e+00 1.989600000000000035e+00 1.989600000000000035e+00 1.841300000000000159e+00 2.755300000000000082e+00 2.814900000000000180e+00 2.586800000000000210e+00 2.635900000000000354e+00 2.548700000000000188e+00 2.712600000000000122e+00 2.834700000000000664e+00 2.887299999999999756e+00 2.961000000000000298e+00 2.463500000000000245e+00 2.393000000000000238e+00 2.781400000000000095e+00 2.842100000000000293e+00 2.488199999999999967e+00 2.088400000000000034e+00 1.698800000000000310e+00 1.198500000000000121e+00 6.779000000000000581e-01 4.284000000000000030e-01 2.720000000000000195e-01 1.274599999999999955e+00 2.000000000000000042e-02 9.730999999999999650e-01 2.115600000000000147e+00 2.583200000000000163e+00 2.677999999999999936e+00 2.626400000000000290e+00 1.964900000000000091e+00 1.993500000000000050e+00 1.951500000000000012e+00
-9999 -9999 -9999 -9999 -9999 -9999 -9999 -9999 -9999 -9999 2.820100000000000051e+00 2.824800000000000200e+00 2.901500000000000412e+00 2.934899999999999842e+00 2.833099999999999952e+00 1.841300000000000159e+00 1.834000000000000075e+00 2.003700000000000259e+00 2.489800000000000235e+00 2.715199999999999836e+00 2.544999999999999929e+00 2.562800000000000189e+00 2.354400000000000048e+00 2.334400000000000031e+00 2.536699999999999733e+00 2.645599999999999952e+00 2.683600000000000207e+00 2.803200000000000358e+00 2.960500000000000131e+00 2.943800000000000416e+00 2.947999999999999954e+00 2.756299999999999972e+00 2.700899999999999856e+00 2.672500000000000320e+00 1.946100000000000163e+00 9.594000000000000306e-01 6.098999999999999977e-01 5.534000000000000030e-01 1.835999999999999854e-01 5.303999999999999826e-01 2.000000000000000042e-02 1.157899999999999929e+00 1.834700000000000220e+00 2.513799999999999812e+00 2.661000000000000032e+00 2.624800000000000022e+00 1.665400000000000214e+00 1.346300000000000052e+00 1.347299999999999942e+00
-9999 -9999 -9999 -9999 -9999 -9999 -9999 -9999 -9999 -9999 2.697900000000000187e+00 2.553800000000000292e+00 2.841500000000000359e+00 2.889000000000000234e+00 2.802800000000000402e+00 1.843400000000000150e+00 1.831399999999999917e+00 1.831399999999999917e+00 2.748599999999999710e+00 2.583700000000000330e+00 2.053400000000000336e+00 2.111299999999999955e+00 2.120200000000000085e+00 2.479800000000000004e+00 2.169900000000000162e+00 2.172499999999999876e+00 2.169300000000000228e+00 2.670700000000000074e+00 2.956900000000000084e+00 2.910400000000000098e+00 2.863300000000000178e+00 2.684700000000000308e+00 2.591099999999999959e+00 2.680200000000000138e+00 1.928400000000000114e+00 8.659999999999998810e-01 4.722000000000000086e-01 6.711000000000000298e-01 6.711000000000000298e-01 4.351999999999999758e-01 2.000000000000000042e-02 1.473400000000000265e+00 2.099899999999999878e+00 2.679300000000000015e+00 2.408200000000000340e+00 2.626900000000000013e+00 1.558800000000000185e+00 6.913000000000000256e-01 8.642000000000000792e-01
-9999 -9999 -9999 -9999 -9999 -9999 -9999 -9999 -9999 -9999 2.492000000000000437e+00 2.461700000000000443e+00 2.485700000000000465e+00 2.492900000000000116e+00 1.838700000000000223e+00 1.838700000000000223e+00 1.834000000000000075e+00 2.412900000000000489e+00 2.743400000000000283e+00 2.093599999999999905e+00 1.948599999999999888e+00 2.001400000000000290e+00 2.115499999999999936e+00 2.117599999999999927e+00 2.119699999999999918e+00 2.119699999999999918e+00 2.119699999999999918e+00 2.124400000000000066e+00 2.128600000000000048e+00 2.512500000000000178e+00 2.593100000000000183e+00 2.390400000000000080e+00 2.027099999999999902e+00 2.630700000000000038e+00 1.939900000000000180e+00 1.191200000000000037e+00 7.024000000000000243e-01 6.643000000000000016e-01 5.465999999999999748e-01 3.195999999999999952e-01 1.119799999999999907e+00 1.427899999999999947e+00 1.830000000000000071e+00 2.436500000000000110e+00 2.174700000000000077e+00 1.353500000000000147e+00 6.318000000000000282e-01 7.137999999999999901e-01 5.403999999999999915e-01
-9999 -9999 -9999 -9999 -9999 -9999 -9999 -9999 -9999 -9999 2.488300000000000178e+00 2.481500000000000039e+00 1.878900000000000237e+00 1.831399999999999917e+00 1.831399999999999917e+00 2.571299999999999919e+00 2.593900000000000539e+00 2.812199999999999811e+00 2.754399999999999959e+00 2.068299999999999805e+00 2.068900000000000183e+00 2.018100000000000449e+00 2.156100000000000350e+00 2.113999999999999879e+00 2.010500000000000398e+00 2.015200000000000102e+00 2.022000000000000242e+00 1.783600000000000074e+00 2.011300000000000310e+00 1.898700000000000276e+00 1.889299999999999979e+00 2.015499999999999847e+00 1.942800000000000082e+00 2.605900000000000549e+00 2.156100000000000350e+00 1.385099999999999998e+00 6.779000000000000581e-01 5.752999999999999226e-01 5.644000000000000128e-01 4.896000000000000352e-01 1.169100000000000028e+00 1.433500000000000218e+00 1.512399999999999967e+00 2.122900000000000009e+00 1.711600000000000010e+00 1.205899999999999972e+00 5.967000000000000082e-01 7.960000000000000409e-01 5.958000000000001073e-01
-9999 -9999 -9999 -9999 -9999 -9999 -9999 -9999 -9999 -9999 -9999 2.552100000000000257e+00 1.841300000000000159e+00 1.838700000000000223e+00 1.829300000000000148e+00 2.346000000000000085e+00 3.015300000000000313e+00 2.960400000000000365e+00 2.911500000000000199e+00 2.318299999999999805e+00 2.043200000000000127e+00 2.153999999999999915e+00 1.993500000000000050e+00 1.985900000000000221e+00 1.588000000000000078e+00 1.595299999999999940e+00 1.619699999999999918e+00 2.038799999999999724e+00 2.406600000000000072e+00 2.506199999999999761e+00 2.479099999999999859e+00 1.894499999999999851e+00 1.738900000000000112e+00 2.682700000000000085e+00 1.693000000000000060e+00 1.418800000000000061e+00 6.410000000000000142e-01 6.779000000000000581e-01 6.779000000000000581e-01 4.351999999999999758e-01 1.142400000000000082e+00 1.108299999999999841e+00 1.453799999999999981e+00 2.095400000000000151e+00 2.012199999999999989e+00 1.025700000000000056e+00 5.011000000000001009e-01 5.048000000000000265e-01 7.368000000000001215e-01
-9999 -9999 -9999 -9999 -9999 -9999 -9999 -9999 -9999 -9999 -9999 -9999 -9999 1.990800000000000125e+00 1.985600000000000254e+00 2.786099999999999799e+00 2.913300000000000445e+00 2.876199999999999868e+00 2.755700000000000038e+00 2.642999999999999794e+00 2.562300000000000022e+00 2.118700000000000028e+00 1.967900000000000205e+00 1.641100000000000003e+00 1.636400000000000077e+00 1.261200000000000099e+00 2.044500000000000206e+00 2.059299999999999908e+00 2.445199999999999818e+00 2.467099999999999849e+00 2.452499999999999680e+00 2.431900000000000173e+00 1.810700000000000198e+00 2.538600000000000190e+00 2.007400000000000073e+00 1.535800000000000054e+00 8.669000000000000039e-01 6.908999999999999586e-01 6.711000000000000298e-01 6.683999999999999941e-01 2.651999999999999913e-01 2.000000000000000042e-02 8.938999999999999169e-01 1.628900000000000015e+00 1.971500000000000030e+00 1.086300000000000043e+00 7.346000000000000307e-01 5.346000000000000751e-01 5.836999999999999966e-01
-9999 -9999 -9999 -9999 -9999 -9999 -9999 -9999 -9999 -9999 -9999 -9999 -9999 -9999 2.433000000000000274e+00 2.712600000000000122e+00 2.796000000000000263e+00 2.739000000000000323e+00 2.740700000000000358e+00 2.675900000000000389e+00 2.600400000000000045e+00 2.117599999999999927e+00 2.005300000000000082e+00 1.872500000000000053e+00 1.281600000000000072e+00 2.044500000000000206e+00 2.069700000000000095e+00 2.081699999999999662e+00 2.464500000000000135e+00 2.069700000000000095e+00 2.263300000000000090e+00 2.404200000000000337e+00 1.979400000000000048e+00 1.904300000000000104e+00 1.890900000000000247e+00 2.013300000000000090e+00 1.032699999999999951e+00 6.711000000000000298e-01 6.711000000000000298e-01 6.590000000000000302e-01 2.515999999999999903e-01 2.000000000000000042e-02 2.053900000000000059e+00 1.062500000000000000e+00 9.677000000000000046e-01 8.726000000000000423e-01 8.918000000000001481e-01 5.315000000000000835e-01 5.785000000000000142e-01
-9999 -9999 -9999 -9999 -9999 -9999 -9999 -9999 -9999 -9999 -9999 -9999 -9999 -9999 -9999 -9999 -9999 -9999 -9999 2.656100000000000350e+00 2.612900000000000222e+00 2.219500000000000028e+00 2.232600000000000140e+00 2.242099999999999760e+00 2.145700000000000163e+00 2.048700000000000188e+00 2.072799999999999976e+00 2.084799999999999986e+00 2.064999999999999947e+00 2.074399999999999800e+00 2.253899999999999793e+00 2.417800000000000171e+00 1.753400000000000070e+00 1.859600000000000142e+00 1.838100000000000067e+00 1.243400000000000061e+00 1.028000000000000025e+00 6.779000000000000581e-01 6.175000000000000488e-01 6.522000000000000020e-01 2.583999999999999631e-01 2.000000000000000042e-02 2.855000000000000315e-01 6.364999999999999547e-01 9.012000000000000011e-01 9.848000000000000087e-01 1.370100000000000096e+00 1.354400000000000048e+00 5.738000000000000878e-01
-9999 -9999 -9999 -9999 -9999 -9999 -9999 -9999 -9999 -9999 -9999 -9999 -9999 -9999 -9999 -9999 -9999 -9999 -9999 -9999 2.617599999999999927e+00 2.317899999999999849e+00 2.564799999999999969e+00 2.556999999999999940e+00 2.582699999999999996e+00 2.227300000000000058e+00 2.074399999999999800e+00 2.078000000000000291e+00 2.062400000000000233e+00 2.069200000000000372e+00 2.225200000000000067e+00 2.391200000000000436e+00 1.268699999999999939e+00 1.626800000000000024e+00 1.400800000000000045e+00 8.106999999999999762e-01 6.711000000000000298e-01 6.711000000000000298e-01 8.011000000000000343e-01 4.790000000000000369e-01 2.720000000000000195e-01 2.000000000000000042e-02 7.489000000000000101e-01 7.573999999999999622e-01 9.813999999999999391e-01 1.363800000000000123e+00 1.618400000000000283e+00 1.254099999999999993e+00 1.027000000000000135e+00
-9999 -9999 -9999 -9999 -9999 -9999 -9999 -9999 -9999 -9999 -9999 -9999 -9999 -9999 -9999 -9999 -9999 -9999 -9999 -9999 -9999 2.048000000000000043e+00 2.590899999999999981e+00 2.568999999999999950e+00 2.909699999999999953e+00 2.229400000000000048e+00 2.085899999999999643e+00 2.082699999999999996e+00 2.060299999999999798e+00 2.071799999999999642e+00 2.404500000000000526e+00 2.329099999999999948e+00 1.275500000000000078e+00 1.428199999999999914e+00 1.417499999999999982e+00 8.127999999999999670e-01 6.711000000000000298e-01 4.653999999999999804e-01 6.579000000000000403e-01 4.811000000000000276e-01 2.515999999999999903e-01 4.079999999999999738e-01 1.127199999999999980e+00 5.988999999999999879e-01 7.001999999999999336e-01 1.290100000000000025e+00 1.276000000000000023e+00 1.232700000000000129e+00 7.157000000000000028e-01
-9999 -9999 -9999 -9999 -9999 -9999 -9999 -9999 -9999 -9999 -9999 -9999 -9999 -9999 -9999 -9999 -9999 -9999 -9999 -9999 -9999 -9999 2.109799999999999898e+00 2.022299999999999986e+00 2.006600000000000161e+00 1.897100000000000009e+00 2.268000000000000238e+00 2.089500000000000135e+00 1.945000000000000284e+00 1.942400000000000126e+00 2.063400000000000123e+00 1.919599999999999973e+00 1.565700000000000092e+00 1.991600000000000037e+00 1.730899999999999883e+00 1.434699999999999864e+00 9.003999999999999782e-01 5.752999999999999226e-01 4.790000000000000369e-01 4.722000000000000086e-01 1.808999999999999775e-01 4.284000000000000030e-01 1.008899999999999908e+00 9.640000000000000790e-01 6.192999999999999616e-01 6.051999999999999602e-01 1.258300000000000196e+00 9.606000000000000094e-01 9.607999999999999874e-01
-9999 -9999 -9999 -9999 -9999 -9999 -9999 -9999 -9999 -9999 -9999 -9999 -9999 -9999 -9999 -9999 -9999 -9999 -9999 -9999 -9999 -9999 1.921800000000000175e+00 1.990900000000000114e+00 1.905499999999999972e+00 1.908100000000000129e+00 1.918499999999999872e+00 2.080099999999999838e+00 1.947099999999999831e+00 9.552000000000000490e-01 1.357600000000000140e+00 1.496199999999999974e+00 1.835399999999999920e+00 1.956600000000000339e+00 2.004599999999999937e+00 2.047000000000000153e+00 1.103199999999999958e+00 1.483899999999999997e+00 1.469500000000000028e+00 1.008199999999999985e+00 4.284000000000000030e-01 1.349599999999999911e+00 2.000000000000000042e-02 1.129199999999999982e+00 7.641999999999999904e-01 9.699999999999999734e-01 1.111099999999999977e+00 5.921000000000000707e-01 1.738999999999999990e-01
-9999 -9999 -9999 -9999 -9999 -9999 -9999 -9999 -9999 -9999 -9999 -9999 -9999 -9999 -9999 -9999 -9999 -9999 -9999 -9999 -9999 -9999 1.733400000000000052e+00 1.888600000000000279e+00 1.888600000000000279e+00 1.689400000000000013e+00 2.377600000000000158e+00 1.793499999999999872e+00 1.488399999999999945e+00 1.053500000000000103e+00 1.241500000000000048e+00 2.021399999999999864e+00 2.077900000000000080e+00 2.154799999999999827e+00 2.513900000000000023e+00 2.144400000000000084e+00 2.733200000000000074e+00 2.940500000000000114e+00 2.477300000000000058e+00 1.389000000000000234e+00 7.233999999999999320e-01 1.249000000000000110e+00 2.000000000000000042e-02 1.400700000000000056e+00 1.462800000000000100e+00 1.652200000000000113e+00 9.345999999999999863e-01 7.802999999999999936e-01 1.019999999999999934e-01
-9999 -9999 -9999 -9999 -9999 -9999 -9999 -9999 -9999 -9999 -9999 -9999 -9999 -9999 -9999 -9999 -9999 -9999 -9999 -9999 -9999 -9999 1.753800000000000026e+00 1.749099999999999877e+00 1.890700000000000047e+00 2.011300000000000310e+00 1.573499999999999899e+00 1.525999999999999801e+00 1.824100000000000055e+00 2.182500000000000107e+00 1.831399999999999917e+00 1.720600000000000129e+00 2.071600000000000108e+00 2.046899999999999942e+00 2.384199999999999875e+00 2.690400000000000347e+00 2.819200000000000372e+00 3.246000000000000441e+00 2.423299999999999788e+00 5.510000000000000453e-01 5.941999999999999504e-01 1.162699999999999845e+00 2.000000000000000042e-02 1.532399999999999984e+00 1.798200000000000021e+00 2.582600000000000229e+00 1.166900000000000048e+00 4.624000000000000332e-01 1.156000000000000083e-01
-9999 -9999 -9999 -9999 -9999 -9999 -9999 -9999 -9999 -9999 -9999 -9999 -9999 -9999 -9999 -9999 -9999 -9999 -9999 -9999 -9999 -9999 1.772100000000000009e+00 1.774199999999999999e+00 1.797899999999999832e+00 2.020199999999999996e+00 2.020199999999999996e+00 1.990900000000000114e+00 1.594800000000000217e+00 1.709600000000000009e+00 1.705400000000000027e+00 1.699100000000000055e+00 1.597399999999999931e+00 1.897600000000000176e+00 2.395999999999999908e+00 2.395000000000000018e+00 2.679499999999999993e+00 2.709400000000000475e+00 1.952300000000000146e+00 1.032399999999999984e+00 6.485000000000000764e-01 5.443999999999999950e-01 2.000000000000000042e-02 1.014000000000000012e+00 1.779399999999999871e+00 2.695200000000000262e+00 2.075600000000000112e+00 8.467000000000000082e-01 1.224000000000000088e-01
-9999 -9999 -9999 -9999 -9999 -9999 -9999 -9999 -9999 -9999 -9999 -9999 -9999 -9999 -9999 -9999 -9999 -9999 -9999 -9999 -9999 -9999 1.769500000000000073e+00 1.881899999999999906e+00 1.886600000000000055e+00 2.027000000000000135e+00 2.006600000000000161e+00 1.766500000000000181e+00 1.680299999999999905e+00 1.679799999999999960e+00 1.689200000000000035e+00 1.475999999999999979e+00 1.819900000000000073e+00 1.603700000000000347e+00 1.772100000000000009e+00 2.266799999999999926e+00 2.028100000000000236e+00 2.164699999999999847e+00 1.178799999999999848e+00 8.799000000000000155e-01 6.176999999999999158e-01 1.777999999999999858e-01 5.113000000000000878e-01 1.389599999999999946e+00 1.758499999999999952e+00 2.652600000000000513e+00 2.174199999999999910e+00 8.998999999999999222e-01 9.519999999999999296e-02
