testcase_input/parameters/LAI_grass.dat
NCOLS         214
NROWS         263
XLLCORNER     382500.0
YLLCORNER     7541702.0
CELLSIZE      16.0
NODATA_VALUE  -9999
[rows 208 to 223 of 263, columns 74 to 110 of 214]
1.849349000000000132e-01 2.811641999999999753e-01 3.110880999999999785e-01 2.551226999999999800e-01 1.794818999999999998e-01 1.834359999999999880e-01 2.221762999999999932e-01 3.961180999999999730e-01 6.585944999999999716e-01 6.116892000000000440e-01 5.562527999999999917e-01 3.415342000000000100e-01 2.409769999999999968e-01 2.096028000000000058e-01 1.890295999999999921e-01 1.720309999999999895e-01 1.715495999999999965e-01 1.618922999999999890e-01 1.793598999999999888e-01 4.255495999999999723e-01 2.186375000000000124e-01 2.224778000000000033e-01 2.144134000000000040e-01 1.966593000000000091e-01 2.261926999999999965e-01 2.078581999999999930e-01 1.657350999999999963e-01 1.873490999999999906e-01 1.782583000000000084e-01 1.753242000000000134e-01 1.608702999999999939e-01 2.129041999999999879e-01 1.904264999999999985e-01 3.392562000000000078e-01 5.458307000000000020e-01 5.337714999999999543e-01 5.409566000000000097e-01
2.797796000000000172e-01 2.484457999999999944e-01 3.021016999999999730e-01 2.383612999999999982e-01 1.907443000000000055e-01 2.164912999999999976e-01 2.285519000000000023e-01 5.161883000000000443e-01 6.494950999999999919e-01 6.142613999999999574e-01 6.698307999999999485e-01 3.656881000000000159e-01 2.443866000000000094e-01 2.594193000000000193e-01 1.773531999999999886e-01 1.752234000000000014e-01 1.530883000000000105e-01 1.683851000000000098e-01 2.309755000000000003e-01 4.268306000000000044e-01 1.688746999999999887e-01 1.909324000000000021e-01 1.835944999999999938e-01 2.104296999999999973e-01 2.400085000000000135e-01 1.903257999999999894e-01 1.999024000000000079e-01 2.750117000000000256e-01 2.151030999999999915e-01 1.768609999999999904e-01 2.059516000000000124e-01 2.193500999999999923e-01 2.116666000000000103e-01 2.937336999999999865e-01 4.263698000000000210e-01 5.223434999999999606e-01 5.299490999999999508e-01
3.147107000000000099e-01 2.981707000000000107e-01 2.756677000000000155e-01 3.217020999999999908e-01 2.046240000000000003e-01 2.269357999999999931e-01 2.523288000000000197e-01 6.546463000000000143e-01 6.006333999999999840e-01 5.187793000000000543e-01 5.716444000000000525e-01 3.656881000000000159e-01 2.083944000000000074e-01 1.965096000000000065e-01 1.739764000000000033e-01 1.644779000000000102e-01 1.535959000000000074e-01 1.786008000000000040e-01 1.689439000000000080e-01 4.119799000000000100e-01 1.564384000000000052e-01 1.841628999999999905e-01 1.881530999999999898e-01 2.408802999999999916e-01 2.185436000000000045e-01 2.396003999999999912e-01 2.746829000000000076e-01 2.559156000000000208e-01 2.032653000000000099e-01 1.876192999999999889e-01 1.988651999999999920e-01 1.714257999999999893e-01 1.986158000000000090e-01 3.612265000000000059e-01 4.012112999999999929e-01 4.965347999999999984e-01 5.205111000000000043e-01
3.137080999999999897e-01 2.630573999999999968e-01 2.901711000000000151e-01 3.217020999999999908e-01 2.632993000000000139e-01 2.339523000000000019e-01 2.539287000000000072e-01 6.970950999999999675e-01 6.228827000000000114e-01 5.440711999999999771e-01 5.617560000000000331e-01 4.137726999999999933e-01 2.353368999999999878e-01 2.027744999999999964e-01 1.772726000000000024e-01 1.664487000000000050e-01 1.833390000000000020e-01 1.445596000000000103e-01 1.535911000000000082e-01 0.000000000000000000e+00 1.422877999999999921e-01 1.601345999999999881e-01 1.960810000000000053e-01 1.957702000000000053e-01 1.963901999999999870e-01 2.166723999999999872e-01 2.242239000000000038e-01 2.172997000000000123e-01 2.048598000000000086e-01 2.051715000000000066e-01 1.932679999999999954e-01 2.078853999999999980e-01 1.782568999999999959e-01 2.317190000000000083e-01 3.246137000000000050e-01 4.313922000000000034e-01 4.656411999999999773e-01
2.975413000000000086e-01 2.464645000000000030e-01 3.293003999999999931e-01 3.301895000000000246e-01 2.225522000000000056e-01 2.158222999999999947e-01 4.208118000000000136e-01 6.360424999999999551e-01 5.486060000000000381e-01 5.331175999999999693e-01 5.601958000000000215e-01 4.137726999999999933e-01 2.681424000000000030e-01 1.864898999999999862e-01 2.165620000000000045e-01 1.648690999999999907e-01 1.725165999999999922e-01 1.583951000000000109e-01 2.255707999999999880e-01 0.000000000000000000e+00 2.049880000000000035e-01 1.810428000000000037e-01 2.352042000000000022e-01 2.304374999999999896e-01 3.107895999999999992e-01 3.917467000000000033e-01 2.251365999999999923e-01 2.376930999999999905e-01 2.309798999999999880e-01 1.990292999999999923e-01 1.924963000000000091e-01 1.683521000000000045e-01 1.990068999999999866e-01 2.624097000000000235e-01 5.409498000000000362e-01 5.735786999999999969e-01 5.719400000000000039e-01
3.516882000000000064e-01 2.503353999999999857e-01 2.828774000000000011e-01 2.742099000000000064e-01 3.000818000000000096e-01 2.511543999999999999e-01 4.916363000000000261e-01 6.799754000000000076e-01 5.315339000000000036e-01 5.297800000000000287e-01 5.397922000000000553e-01 2.422563000000000077e-01 2.264900999999999998e-01 1.956759000000000137e-01 1.706020000000000036e-01 1.491600999999999899e-01 1.829683000000000004e-01 2.045819000000000110e-01 1.919712000000000085e-01 3.225165999999999866e-01 1.996587999999999974e-01 2.570848000000000022e-01 1.753691000000000000e-01 2.187331000000000136e-01 3.140490000000000226e-01 3.976048999999999833e-01 2.978727999999999931e-01 2.047878999999999949e-01 2.025238000000000038e-01 2.408981000000000039e-01 1.929234999999999978e-01 1.755193999999999921e-01 1.647776999999999992e-01 2.387605999999999895e-01 4.172472999999999876e-01 6.720694999999999864e-01 6.281645999999999619e-01
2.606826999999999894e-01 3.236567000000000194e-01 2.235723000000000016e-01 2.262338000000000127e-01 3.277766999999999764e-01 4.299399999999999888e-01 6.983430000000000470e-01 6.043161999999999701e-01 5.765801999999999872e-01 5.315339000000000036e-01 4.268845000000000001e-01 2.006361999999999868e-01 1.833963000000000121e-01 1.730320999999999942e-01 1.712140000000000051e-01 1.654362000000000055e-01 1.840413999999999939e-01 2.296919000000000044e-01 1.591382000000000074e-01 2.057122000000000117e-01 0.000000000000000000e+00 1.977629999999999943e-01 1.962067999999999868e-01 2.203682999999999892e-01 3.527194000000000162e-01 2.547060999999999908e-01 2.292559000000000125e-01 2.224427999999999961e-01 2.035571999999999937e-01 2.008137000000000116e-01 1.861902000000000001e-01 1.810722999999999916e-01 -9.999000000000000000e+03 -9.999000000000000000e+03 -9.999000000000000000e+03 -9.999000000000000000e+03 -9.999000000000000000e+03
2.713114999999999832e-01 2.310809000000000057e-01 2.412711999999999912e-01 2.741025999999999740e-01 3.129333999999999727e-01 7.268303999999999876e-01 6.969648999999999983e-01 6.087945000000000162e-01 5.796097000000000055e-01 5.597798999999999969e-01 5.223577999999999832e-01 2.298895999999999995e-01 1.403326000000000018e-01 1.807931999999999872e-01 1.521300999999999903e-01 1.651984999999999981e-01 2.044361000000000095e-01 2.198079000000000005e-01 1.849522999999999862e-01 1.442312000000000038e-01 3.399496000000000184e-01 2.000497999999999998e-01 1.990838000000000052e-01 2.402828999999999937e-01 2.892372000000000276e-01 2.479420999999999986e-01 2.236346999999999918e-01 2.128272999999999970e-01 2.051823000000000119e-01 2.030714000000000130e-01 2.052800999999999931e-01 -9.999000000000000000e+03 -9.999000000000000000e+03 -9.999000000000000000e+03 -9.999000000000000000e+03 -9.999000000000000000e+03 -9.999000000000000000e+03
2.745863000000000054e-01 2.059304000000000134e-01 2.555217000000000183e-01 2.539266000000000023e-01 2.606627999999999723e-01 7.066603000000000190e-01 6.983553999999999595e-01 6.010440999999999701e-01 5.323944999999999927e-01 5.654114000000000084e-01 5.480085000000000095e-01 2.525535999999999892e-01 1.491793999999999898e-01 1.626624000000000125e-01 1.909277000000000057e-01 1.556983000000000117e-01 1.944709000000000021e-01 1.745108999999999966e-01 1.675842999999999916e-01 1.283980000000000121e-01 1.608643999999999907e-01 3.853418000000000121e-01 2.150044999999999873e-01 2.138276000000000066e-01 2.282845000000000013e-01 2.178115999999999941e-01 2.200971999999999928e-01 1.780735999999999986e-01 2.513610000000000011e-01 2.035560999999999898e-01 2.035560999999999898e-01 -9.999000000000000000e+03 -9.999000000000000000e+03 -9.999000000000000000e+03 -9.999000000000000000e+03 -9.999000000000000000e+03 -9.999000000000000000e+03
3.115318000000000254e-01 2.222814999999999930e-01 2.101492000000000082e-01 3.083053000000000043e-01 3.214732000000000145e-01 7.264203000000000188e-01 5.985546000000000477e-01 6.147709000000000090e-01 6.184507999999999672e-01 6.096703999999999457e-01 5.382746000000000475e-01 2.400106999999999935e-01 1.590165000000000051e-01 1.596753999999999951e-01 1.574923000000000017e-01 1.457662000000000124e-01 1.523210000000000119e-01 1.691114999999999979e-01 1.604691000000000034e-01 1.505765000000000020e-01 2.159802999999999862e-01 0.000000000000000000e+00 2.001267999999999936e-01 2.635578000000000087e-01 2.250012999999999874e-01 2.051756000000000135e-01 2.186294000000000015e-01 2.093687999999999938e-01 2.177655000000000007e-01 2.028428999999999927e-01 -9.999000000000000000e+03 -9.999000000000000000e+03 -9.999000000000000000e+03 -9.999000000000000000e+03 -9.999000000000000000e+03 -9.999000000000000000e+03 -9.999000000000000000e+03
1.958418000000000103e-01 2.877038000000000095e-01 2.066063999999999956e-01 3.068042999999999743e-01 3.488730999999999915e-01 6.516302999999999956e-01 6.226521000000000416e-01 6.255564000000000124e-01 5.840079999999999716e-01 5.989149000000000278e-01 3.312102000000000102e-01 2.202174000000000076e-01 1.869396000000000113e-01 1.377429000000000014e-01 1.818126999999999938e-01 1.529623999999999984e-01 1.556825000000000014e-01 1.588727000000000056e-01 1.642776999999999987e-01 2.406642999999999977e-01 1.267411999999999983e-01 1.963233000000000061e-01 2.517825000000000202e-01 2.027809999999999890e-01 1.564773000000000136e-01 1.992967999999999962e-01 2.013521000000000061e-01 2.226323000000000052e-01 1.965040000000000120e-01 2.005936000000000108e-01 -9.999000000000000000e+03 -9.999000000000000000e+03 -9.999000000000000000e+03 -9.999000000000000000e+03 -9.999000000000000000e+03 -9.999000000000000000e+03 -9.999000000000000000e+03
2.164358000000000115e-01 2.698568000000000078e-01 2.901050000000000018e-01 2.703774999999999928e-01 2.762237000000000164e-01 6.875771000000000521e-01 6.521118000000000192e-01 6.194859000000000337e-01 6.567007999999999734e-01 5.714742999999999906e-01 4.611256000000000244e-01 2.446265999999999996e-01 2.072009999999999963e-01 1.422706999999999999e-01 2.352377999999999969e-01 1.553258000000000139e-01 1.790995999999999977e-01 1.495638999999999996e-01 1.838913000000000075e-01 1.160265999999999936e-01 1.235091999999999995e-01 1.686633999999999911e-01 0.000000000000000000e+00 2.063482000000000094e-01 1.512058000000000013e-01 1.579867000000000077e-01 2.043524999999999925e-01 1.661252000000000006e-01 1.644991000000000092e-01 -9.999000000000000000e+03 -9.999000000000000000e+03 -9.999000000000000000e+03 -9.999000000000000000e+03 -9.999000000000000000e+03 -9.999000000000000000e+03 -9.999000000000000000e+03 -9.999000000000000000e+03
2.939245999999999803e-01 2.178754999999999997e-01 2.049449999999999883e-01 2.817061000000000148e-01 2.090841999999999978e-01 4.613692999999999822e-01 6.253948999999999758e-01 5.592810000000000281e-01 6.445340999999999987e-01 6.043321000000000387e-01 6.064140000000000086e-01 2.519303999999999988e-01 2.226696999999999982e-01 1.899643000000000026e-01 1.565522000000000025e-01 1.483333000000000013e-01 1.483542999999999945e-01 2.000677999999999901e-01 1.557883999999999936e-01 1.454108000000000067e-01 1.190266999999999992e-01 1.390406999999999893e-01 2.089270000000000016e-01 2.827763999999999833e-01 1.668258999999999992e-01 1.754092999999999902e-01 1.546227000000000018e-01 1.598893999999999871e-01 1.631132999999999889e-01 -9.999000000000000000e+03 -9.999000000000000000e+03 -9.999000000000000000e+03 -9.999000000000000000e+03 -9.999000000000000000e+03 -9.999000000000000000e+03 -9.999000000000000000e+03 -9.999000000000000000e+03
2.475609000000000004e-01 2.613507999999999942e-01 2.192503000000000091e-01 2.406559000000000059e-01 2.535283999999999871e-01 2.169665000000000066e-01 2.851155000000000217e-01 4.410362999999999922e-01 6.661884000000000139e-01 6.178765000000000507e-01 5.918807000000000373e-01 3.419259000000000048e-01 2.398355000000000070e-01 2.386697999999999875e-01 1.729879000000000000e-01 1.536366999999999872e-01 1.496506999999999976e-01 1.724036999999999931e-01 1.446562999999999877e-01 1.583962999999999899e-01 -9.999000000000000000e+03 1.549258000000000024e-01 1.681018999999999985e-01 2.939222000000000223e-01 1.650282999999999889e-01 1.461406000000000094e-01 -9.999000000000000000e+03 -9.999000000000000000e+03 -9.999000000000000000e+03 -9.999000000000000000e+03 -9.999000000000000000e+03 -9.999000000000000000e+03 -9.999000000000000000e+03 -9.999000000000000000e+03 -9.999000000000000000e+03 -9.999000000000000000e+03 -9.999000000000000000e+03
2.265801000000000065e-01 2.278357000000000021e-01 1.966557999999999917e-01 2.184996999999999912e-01 1.835447000000000051e-01 2.600042000000000186e-01 2.422517999999999894e-01 2.973287000000000013e-01 6.352754999999999930e-01 6.983578000000000285e-01 6.214631000000000460e-01 4.058899999999999730e-01 2.755761999999999934e-01 2.777561000000000058e-01 2.264846000000000081e-01 1.701032000000000100e-01 1.483199000000000045e-01 1.602832999999999897e-01 -9.999000000000000000e+03 -9.999000000000000000e+03 -9.999000000000000000e+03 -9.999000000000000000e+03 -9.999000000000000000e+03 -9.999000000000000000e+03 -9.999000000000000000e+03 -9.999000000000000000e+03 -9.999000000000000000e+03 -9.999000000000000000e+03 -9.999000000000000000e+03 -9.999000000000000000e+03 -9.999000000000000000e+03 -9.999000000000000000e+03 -9.999000000000000000e+03 -9.999000000000000000e+03 -9.999000000000000000e+03 -9.999000000000000000e+03 -9.999000000000000000e+03
2.197431999999999996e-01 2.617317000000000116e-01 2.017256000000000049e-01 2.656633999999999940e-01 2.121048000000000100e-01 1.802794000000000063e-01 2.182779999999999998e-01 2.527293999999999929e-01 2.664670000000000094e-01 6.484202000000000021e-01 6.117358000000000517e-01 3.887583000000000011e-01 2.803488000000000091e-01 2.611531000000000269e-01 2.308649999999999869e-01 1.739449999999999885e-01 1.683285999999999949e-01 1.485712999999999895e-01 -9.999000000000000000e+03 -9.999000000000000000e+03 -9.999000000000000000e+03 -9.999000000000000000e+03 -9.999000000000000000e+03 -9.999000000000000000e+03 -9.999000000000000000e+03 -9.999000000000000000e+03 -9.999000000000000000e+03 -9.999000000000000000e+03 -9.999000000000000000e+03 -9.999000000000000000e+03 -9.999000000000000000e+03 -9.999000000000000000e+03 -9.999000000000000000e+03 -9.999000000000000000e+03 -9.999000000000000000e+03 -9.999000000000000000e+03 -9.999000000000000000e+03
