testcase_input/parameters/LAI_shrub.dat
NCOLS         214
NROWS         263
XLLCORNER     382500.0
YLLCORNER     7541702.0
CELLSIZE      16.0
NODATA_VALUE  -9999
[rows 64 to 79 of 263, columns 74 to 110 of 214]
6.455014000000000030e-01 5.367541000000000118e-01 6.123990000000000267e-01 5.729682000000000386e-01 7.048472000000000071e-01 6.911399000000000292e-01 6.259293999999999691e-01 6.699235000000000051e-01 6.279069999999999929e-01 6.273704999999999421e-01 5.460184000000000148e-01 6.972303000000000806e-01 6.735145000000000159e-01 5.492468999999999824e-01 6.031153999999999682e-01 7.004135000000000222e-01 6.852401000000000186e-01 5.724005000000000898e-01 6.544727000000000183e-01 6.544671000000000793e-01 6.665060000000000429e-01 3.125247999999999915e-01 3.605831999999999926e-01 3.789888999999999619e-01 3.278082999999999969e-01 3.045999999999999819e-01 3.287527000000000088e-01 3.319484000000000323e-01 5.730859999999999843e-01 5.669500000000000650e-01 5.550583000000000045e-01 6.285806000000000449e-01 5.169688999999999535e-01 6.076510999999999996e-01 5.413613000000000453e-01 6.263261999999999441e-01 7.598267999999999134e-01
5.723293999999999881e-01 5.228433000000000108e-01 5.785953000000000346e-01 6.889410999999999730e-01 6.195243999999999751e-01 7.221459999999999546e-01 5.374573000000000267e-01 6.948485999999999274e-01 6.193437999999999999e-01 6.173315999999999804e-01 5.517514999999999503e-01 7.406285999999999703e-01 6.357944999999999292e-01 6.353877999999999471e-01 5.606400000000000272e-01 6.878454999999999986e-01 7.385395999999999628e-01 6.738707000000000447e-01 7.046239000000000807e-01 6.342839000000000116e-01 6.250541000000000569e-01 3.237725000000000186e-01 3.819118999999999708e-01 3.342157000000000044e-01 2.999582000000000082e-01 3.492958999999999925e-01 3.159100999999999715e-01 3.264164999999999983e-01 4.108182000000000222e-01 5.141234000000000082e-01 5.684635999999999578e-01 5.067466000000000470e-01 5.384120999999999491e-01 5.240363999999999578e-01 5.469789000000000456e-01 5.989986000000000477e-01 5.440464999999999884e-01
7.252350000000000740e-01 4.856673999999999713e-01 4.802939999999999987e-01 6.793614999999999515e-01 6.164016999999999413e-01 6.477114999999999956e-01 6.293288999999999689e-01 6.407692000000000387e-01 5.832929000000000030e-01 5.853654999999999831e-01 5.467108999999999996e-01 7.116042999999999674e-01 6.664265000000000327e-01 6.568745999999999752e-01 6.751635000000000275e-01 7.651928999999999537e-01 7.603685000000000027e-01 7.298947000000000074e-01 4.590708000000000011e-01 5.633557000000000148e-01 6.156869999999999843e-01 6.122818999999999345e-01 3.779257999999999784e-01 4.271384000000000292e-01 3.677322000000000091e-01 3.374514000000000125e-01 3.594558999999999949e-01 4.034461000000000297e-01 6.035580999999999863e-01 5.667060000000000430e-01 5.715266999999999431e-01 5.326821999999999946e-01 5.594019999999999548e-01 3.232729999999999770e-01 4.540872000000000241e-01 6.642194000000000154e-01 7.498643999999999865e-01
6.578265000000000917e-01 5.693205999999999545e-01 5.896877000000000368e-01 5.464276999999999607e-01 5.644538999999999529e-01 6.394117000000000273e-01 5.972075000000000022e-01 6.001286000000000120e-01 5.659739000000000297e-01 6.027130000000000543e-01 6.105089000000000210e-01 5.737642000000000575e-01 6.395608000000000404e-01 6.715311999999999948e-01 6.283513000000000570e-01 4.779131999999999825e-01 6.057776999999999745e-01 6.387730000000000352e-01 3.370237999999999845e-01 5.858775000000000510e-01 6.361761000000000221e-01 6.555306000000000743e-01 3.916341999999999879e-01 4.310745999999999745e-01 3.553012999999999866e-01 3.711959999999999704e-01 4.024421000000000248e-01 3.873670999999999642e-01 5.166285000000000460e-01 6.270326000000000510e-01 7.244809000000000943e-01 6.038539000000000545e-01 6.100932000000000022e-01 4.743613999999999886e-01 4.513202000000000602e-01 6.659676999999999403e-01 7.571206999999999798e-01
4.873016000000000014e-01 6.861901999999999724e-01 5.957535999999999943e-01 5.917031999999999847e-01 6.968543000000000376e-01 7.420910000000000561e-01 6.287002999999999897e-01 6.320736000000000132e-01 5.304265999999999703e-01 6.354897999999999936e-01 6.640963999999999201e-01 5.724464000000000219e-01 6.388130999999999116e-01 6.776607999999999521e-01 6.893671999999999578e-01 7.090824000000000016e-01 7.342587000000000419e-01 6.667706999999999384e-01 4.267832999999999766e-01 5.602306999999999704e-01 5.636609999999999676e-01 6.192713000000000800e-01 4.189325000000000410e-01 3.915467999999999726e-01 3.683551000000000464e-01 3.556723000000000523e-01 4.078334000000000126e-01 5.800389999999999713e-01 6.225180000000000158e-01 6.886220000000000674e-01 4.822610000000000507e-01 5.597463999999999773e-01 4.480071999999999943e-01 5.586018999999999846e-01 4.650678999999999785e-01 6.658728999999999898e-01 7.190479999999999094e-01
5.919259999999999522e-01 6.239190000000000014e-01 4.961067999999999589e-01 4.574700999999999906e-01 6.023716999999999544e-01 7.053418000000000188e-01 5.636310999999999405e-01 5.565598999999999963e-01 6.183001000000000191e-01 6.280141999999999669e-01 5.672049000000000119e-01 5.640965999999999481e-01 5.939503000000000421e-01 7.031720000000000192e-01 7.114720999999999407e-01 5.925207000000000113e-01 7.756492999999999860e-01 6.088109000000000437e-01 4.493105000000000016e-01 4.645704999999999973e-01 5.543204999999999938e-01 6.129738999999999605e-01 3.654891000000000112e-01 3.819519999999999582e-01 3.342296999999999629e-01 3.480748000000000175e-01 5.120221000000000355e-01 5.800389999999999713e-01 5.878273999999999999e-01 6.744287999999999395e-01 4.423360000000000070e-01 4.465480000000000005e-01 4.037138000000000115e-01 4.041278000000000370e-01 4.534247999999999612e-01 4.365015999999999896e-01 6.095935999999999577e-01
5.946472999999999898e-01 5.535953000000000124e-01 5.659682999999999797e-01 5.563164000000000442e-01 5.548930999999999170e-01 7.031181000000000791e-01 5.587436000000000069e-01 5.142077000000000453e-01 5.328091000000000355e-01 6.094973999999999670e-01 5.895679999999999810e-01 5.475147999999999682e-01 6.783011999999999375e-01 6.215532000000000279e-01 6.626134000000000190e-01 7.197940000000000449e-01 6.149797000000000180e-01 5.972437999999999914e-01 6.064043000000000072e-01 7.388232000000000133e-01 5.588145999999999392e-01 5.982927999999999580e-01 3.292260000000000186e-01 3.441535999999999484e-01 3.489355000000000095e-01 3.108365000000000156e-01 5.512642999999999294e-01 4.463479999999999670e-01 3.558120000000000172e-01 5.258275999999999506e-01 4.469670999999999506e-01 5.838486999999999982e-01 6.038255999999999624e-01 5.978575999999999890e-01 4.819723999999999675e-01 3.515749000000000235e-01 5.173982999999999777e-01
5.614966000000000124e-01 6.471194999999999586e-01 6.387495000000000811e-01 7.004789000000000154e-01 6.172524999999999817e-01 5.238270999999999900e-01 6.176679999999999948e-01 5.310002999999999806e-01 5.265682999999999891e-01 6.264882000000000506e-01 6.847980999999999652e-01 6.256458000000000297e-01 6.219141000000000252e-01 7.340206000000000230e-01 7.002009000000000150e-01 5.919725000000000126e-01 6.461102999999999152e-01 6.442582999999999505e-01 5.656236000000000042e-01 6.449430999999999914e-01 6.323851999999999807e-01 6.434706000000000037e-01 3.192935000000000079e-01 2.954934000000000172e-01 3.244076000000000182e-01 3.108365000000000156e-01 3.036503999999999870e-01 2.960631000000000235e-01 5.080191000000000567e-01 5.891754999999999631e-01 6.691918000000000033e-01 6.777769000000000155e-01 6.213925000000000143e-01 5.569465000000000110e-01 5.477748000000000062e-01 5.966651000000000593e-01 4.793062000000000156e-01
5.811425999999999537e-01 6.229497999999999980e-01 5.900706000000000007e-01 4.956721000000000599e-01 5.423405000000000031e-01 6.265203999999999773e-01 6.095308999999999866e-01 5.439195000000000002e-01 4.464485000000000259e-01 5.092986000000000457e-01 6.098006000000000260e-01 5.436202999999999452e-01 6.003293000000000657e-01 6.033077000000000023e-01 5.981482000000000188e-01 5.035263999999999296e-01 4.726247000000000087e-01 5.716795000000000071e-01 0.000000000000000000e+00 6.454033999999999605e-01 6.632375000000000353e-01 6.434706000000000037e-01 3.141247000000000344e-01 2.925828999999999791e-01 2.954934000000000172e-01 3.020271999999999957e-01 3.298054000000000263e-01 2.834216999999999986e-01 5.248996999999999691e-01 5.078107000000000593e-01 5.937296999999999159e-01 5.483762999999999277e-01 6.350808999999999482e-01 6.105773999999999369e-01 6.117422999999999611e-01 6.782388999999999779e-01 5.448082999999999121e-01
4.305860999999999716e-01 4.015099999999999780e-01 4.557149999999999812e-01 4.321346000000000354e-01 4.487451000000000079e-01 5.502780000000000449e-01 5.721886000000000472e-01 4.778517999999999932e-01 4.176700999999999886e-01 5.240772000000000208e-01 6.309952999999999257e-01 5.580414999999999681e-01 5.729444999999999677e-01 5.800491999999999315e-01 5.416309999999999736e-01 4.816894999999999927e-01 7.284462000000000437e-01 6.341139000000000081e-01 4.351028000000000118e-01 6.454033999999999605e-01 6.467118000000000588e-01 6.528505000000000003e-01 2.797146000000000354e-01 3.220245999999999942e-01 3.533082000000000167e-01 3.616983999999999755e-01 3.481354999999999866e-01 3.972626000000000213e-01 6.287671999999999706e-01 5.255794999999999773e-01 6.415486000000000244e-01 6.446693999999999480e-01 6.056162999999999963e-01 5.810604000000000324e-01 6.019520999999999900e-01 6.130206000000000266e-01 5.842754000000000003e-01
3.019654999999999978e-01 4.030274999999999830e-01 5.060339000000000365e-01 5.343162000000000189e-01 5.605876999999999111e-01 5.330264000000000113e-01 5.418141000000000762e-01 5.803009999999999557e-01 5.291531999999999902e-01 5.186317999999999762e-01 5.880125999999999964e-01 6.675888999999999296e-01 6.167004999999999848e-01 5.048646999999999441e-01 5.553192999999999602e-01 5.359206000000000802e-01 6.422662999999999567e-01 6.060468999999999440e-01 4.351028000000000118e-01 6.116791999999999785e-01 6.153513999999999928e-01 3.120302999999999827e-01 2.733387999999999929e-01 4.117085999999999801e-01 3.771604000000000068e-01 3.710968000000000044e-01 3.144305000000000017e-01 4.368474999999999997e-01 7.174658000000000424e-01 5.680822000000000926e-01 6.858216999999999786e-01 6.527334000000000191e-01 5.680420000000000469e-01 6.480084999999999873e-01 7.464064999999999728e-01 6.587344000000000532e-01 6.471850000000000103e-01
3.258140999999999954e-01 3.019654999999999978e-01 5.067920000000000202e-01 5.397480999999999529e-01 5.471015000000000184e-01 6.027360999999999969e-01 5.499354999999999105e-01 5.349637999999999893e-01 5.291531999999999902e-01 4.906407999999999880e-01 5.239736999999999867e-01 5.542342000000000102e-01 5.503527999999999754e-01 5.324640999999999957e-01 5.407735999999999654e-01 4.850351000000000523e-01 6.979054999999999565e-01 4.250504999999999978e-01 4.580065999999999860e-01 6.162784999999999513e-01 7.094328000000000856e-01 4.343687999999999994e-01 2.859994999999999621e-01 4.076554000000000011e-01 4.070314999999999905e-01 4.295771999999999924e-01 3.754887000000000086e-01 7.089281000000000610e-01 6.503102000000000604e-01 3.412302999999999864e-01 4.309867000000000004e-01 6.499000000000000332e-01 6.010723000000000038e-01 5.073187000000000113e-01 4.457971000000000572e-01 5.569507999999999681e-01 6.618660000000000654e-01
5.466490999999999989e-01 3.678212000000000148e-01 3.071254999999999957e-01 5.542305000000000703e-01 6.142248999999999626e-01 5.460681000000000562e-01 5.307972999999999164e-01 6.087537000000000642e-01 5.604555999999999427e-01 4.907692000000000165e-01 5.117112999999999801e-01 5.734900000000000553e-01 5.644164999999999877e-01 5.431071000000000648e-01 4.757706999999999908e-01 4.330308999999999964e-01 5.733766000000000140e-01 0.000000000000000000e+00 6.576022999999999730e-01 6.485901000000000582e-01 6.755168000000000283e-01 3.062171999999999672e-01 2.662288999999999906e-01 3.062171999999999672e-01 4.070314999999999905e-01 4.366084999999999550e-01 4.197558000000000122e-01 5.897475999999999274e-01 6.208873999999999782e-01 3.250847000000000042e-01 3.023810000000000109e-01 4.595620000000000260e-01 6.527126000000000872e-01 6.674101000000000061e-01 6.043670999999999349e-01 6.126875999999999989e-01 6.871859000000000162e-01
4.304766999999999899e-01 3.258499000000000256e-01 3.024044000000000176e-01 5.342940000000000467e-01 5.460390000000000521e-01 5.434470000000000134e-01 5.790205999999999964e-01 6.481430999999999720e-01 6.183935999999999877e-01 6.020400999999999669e-01 5.070464000000000082e-01 5.085766000000000453e-01 5.161711999999999412e-01 5.265831999999999180e-01 6.030322000000000182e-01 6.264842999999999940e-01 5.307745999999999853e-01 0.000000000000000000e+00 5.792273999999999479e-01 6.527266999999999930e-01 6.576834999999999765e-01 3.185157000000000127e-01 3.208803000000000072e-01 3.976195000000000146e-01 3.493108999999999797e-01 3.805840999999999807e-01 5.099477999999999511e-01 5.837308999999999415e-01 5.513981000000000021e-01 4.630435999999999996e-01 3.495855999999999963e-01 3.941388999999999587e-01 5.515349000000000501e-01 5.088395000000000001e-01 5.637351999999999919e-01 6.252872000000000430e-01 6.443767000000000245e-01
4.992172999999999750e-01 3.232440999999999787e-01 3.900044999999999762e-01 3.555601999999999929e-01 5.747482000000000424e-01 6.152914000000000438e-01 6.392290000000000472e-01 5.564280000000000337e-01 6.575775000000000370e-01 6.735668000000000211e-01 6.826512000000000135e-01 4.728352000000000110e-01 6.299160999999999788e-01 6.523458999999999230e-01 6.430464000000000180e-01 5.139682999999999335e-01 5.895610000000000017e-01 4.655858999999999970e-01 6.091741999999999990e-01 6.580683000000000504e-01 4.582895999999999637e-01 2.924900999999999751e-01 2.630496999999999974e-01 3.293036000000000296e-01 4.464892999999999779e-01 5.394487000000000032e-01 5.720032999999999923e-01 6.019187000000000287e-01 5.976517000000000079e-01 5.073317000000000521e-01 4.451592000000000326e-01 5.604183000000000359e-01 5.417340000000000488e-01 5.316880999999999968e-01 5.516714000000000340e-01 5.393204999999999805e-01 6.528477999999999781e-01
3.684648000000000367e-01 3.349982200000000132e-01 5.182727999999999779e-01 3.460267999999999677e-01 6.503951000000000038e-01 6.052383999999999542e-01 6.597794000000000159e-01 6.727691000000000088e-01 6.839918999999999860e-01 4.576500000000000012e-01 4.774119999999999475e-01 4.507363999999999815e-01 5.779353000000000407e-01 5.487009999999999943e-01 6.128953000000000317e-01 6.552238999999999702e-01 6.201704999999999579e-01 5.199822000000000610e-01 7.009076999999999114e-01 6.588815999999999562e-01 5.877476000000000367e-01 4.156535999999999564e-01 3.399005999999999972e-01 3.156748999999999805e-01 3.617177999999999782e-01 5.394487000000000032e-01 5.970303999999999611e-01 5.448432000000000830e-01 5.165934999999999278e-01 7.255745000000000111e-01 5.861342000000000496e-01 6.866140000000000576e-01 6.850439999999999863e-01 6.010461000000000276e-01 5.484504999999999519e-01 6.038968999999999587e-01 6.413900999999999630e-01
