testcase_input/parameters/LAI_grass.dat
NCOLS         214
NROWS         263
XLLCORNER     382500.0
YLLCORNER     7541702.0
CELLSIZE      16.0
NODATA_VALUE  -9999
[rows 128 to 143 of 263, columns 111 to 147 of 214]
2.385513999999999968e-01 1.972129999999999994e-01 1.973715000000000053e-01 1.944748000000000032e-01 2.013718999999999926e-01 1.992589999999999917e-01 1.794094999999999995e-01 2.431443000000000076e-01 2.200026999999999955e-01 2.240165000000000073e-01 1.964259999999999895e-01 2.275716999999999879e-01 2.224877000000000105e-01 2.072967000000000004e-01 2.258637000000000006e-01 1.856020999999999921e-01 1.566829999999999889e-01 1.839183000000000068e-01 1.624950000000000006e-01 1.873585999999999863e-01 1.823064000000000073e-01 2.380233999999999961e-01 1.762322000000000055e-01 1.626364999999999894e-01 1.626364999999999894e-01 1.732470999999999872e-01 1.968757999999999897e-01 2.148845000000000061e-01 1.951228000000000129e-01 2.330300999999999900e-01 2.028649999999999898e-01 -9.999000000000000000e+03 -9.999000000000000000e+03 -9.999000000000000000e+03 -9.999000000000000000e+03 -9.999000000000000000e+03 -9.999000000000000000e+03
1.912522999999999862e-01 1.972129999999999994e-01 1.830752999999999964e-01 1.730930999999999997e-01 1.850883999999999863e-01 2.183218000000000103e-01 2.034256999999999871e-01 1.952244999999999953e-01 2.102274000000000087e-01 2.200026999999999955e-01 1.943826999999999916e-01 2.254586000000000090e-01 1.806719999999999993e-01 2.072967000000000004e-01 2.068791000000000102e-01 1.816083000000000003e-01 1.796258000000000021e-01 1.711969999999999881e-01 1.839183000000000068e-01 1.757018999999999942e-01 1.976005999999999874e-01 2.041029000000000038e-01 1.829815999999999943e-01 1.655173000000000061e-01 1.836704000000000114e-01 1.665879000000000110e-01 2.231414999999999926e-01 1.819398999999999877e-01 1.841627999999999876e-01 2.171334000000000042e-01 -9.999000000000000000e+03 -9.999000000000000000e+03 -9.999000000000000000e+03 -9.999000000000000000e+03 -9.999000000000000000e+03 -9.999000000000000000e+03 -9.999000000000000000e+03
1.745311999999999975e-01 1.644464999999999955e-01 1.764959999999999862e-01 1.677246000000000015e-01 1.824700999999999962e-01 2.071794000000000135e-01 2.055687999999999960e-01 1.534519000000000022e-01 1.654387999999999970e-01 1.925310000000000077e-01 1.867177999999999893e-01 1.735279999999999878e-01 2.095351000000000019e-01 2.105867999999999907e-01 2.010735999999999912e-01 1.816083000000000003e-01 2.019578999999999958e-01 2.288752000000000009e-01 1.974245000000000028e-01 1.811075000000000046e-01 1.831106000000000122e-01 1.815576000000000134e-01 1.938894999999999924e-01 1.904916000000000109e-01 1.513584000000000040e-01 1.615410999999999930e-01 1.473308000000000118e-01 1.809289000000000036e-01 1.693611999999999895e-01 2.081252000000000102e-01 -9.999000000000000000e+03 -9.999000000000000000e+03 -9.999000000000000000e+03 -9.999000000000000000e+03 -9.999000000000000000e+03 -9.999000000000000000e+03 -9.999000000000000000e+03
2.069478999999999902e-01 1.871195999999999970e-01 2.026133999999999991e-01 1.943632999999999889e-01 1.887906000000000029e-01 1.860784000000000049e-01 2.012127999999999972e-01 1.542996000000000090e-01 1.884840000000000126e-01 1.822751999999999983e-01 1.908343000000000123e-01 2.144786999999999944e-01 2.249817000000000067e-01 2.136913000000000007e-01 2.026494000000000073e-01 2.115646999999999944e-01 2.019578999999999958e-01 2.174223999999999879e-01 2.011283000000000099e-01 2.171094000000000079e-01 1.804677000000000087e-01 2.048520000000000063e-01 1.360448999999999964e-01 1.557433000000000012e-01 1.419844000000000106e-01 1.929047999999999874e-01 1.601868999999999932e-01 1.540438000000000085e-01 1.815653999999999879e-01 2.265124000000000026e-01 -9.999000000000000000e+03 -9.999000000000000000e+03 -9.999000000000000000e+03 -9.999000000000000000e+03 -9.999000000000000000e+03 -9.999000000000000000e+03 -9.999000000000000000e+03
2.146374000000000060e-01 1.744177000000000088e-01 2.079762000000000000e-01 1.943632999999999889e-01 1.871242999999999934e-01 2.009875000000000134e-01 1.811225999999999947e-01 1.791590999999999878e-01 2.014261999999999997e-01 1.975511000000000073e-01 2.105004000000000042e-01 2.330485999999999946e-01 2.048624000000000001e-01 2.466462000000000099e-01 1.855040000000000022e-01 2.020173000000000108e-01 1.928931000000000118e-01 1.972677999999999932e-01 2.224737999999999993e-01 1.982495999999999980e-01 2.282057000000000113e-01 2.489628000000000119e-01 2.043357000000000090e-01 1.602017000000000024e-01 1.275203000000000031e-01 1.487462999999999980e-01 1.595891000000000115e-01 1.936153999999999931e-01 1.774544000000000121e-01 2.241499000000000130e-01 -9.999000000000000000e+03 -9.999000000000000000e+03 -9.999000000000000000e+03 -9.999000000000000000e+03 -9.999000000000000000e+03 -9.999000000000000000e+03 -9.999000000000000000e+03
2.152891999999999861e-01 1.929145999999999916e-01 1.827621000000000107e-01 1.759900000000000075e-01 1.899928999999999923e-01 1.905370000000000119e-01 2.048608000000000096e-01 1.762904000000000138e-01 2.208635999999999933e-01 2.444080999999999892e-01 2.643934000000000006e-01 2.105004000000000042e-01 2.150320000000000009e-01 2.327635999999999872e-01 1.839166000000000134e-01 1.796727999999999936e-01 1.905258999999999980e-01 2.434948000000000112e-01 2.003468999999999944e-01 1.853119000000000016e-01 2.072448000000000068e-01 2.188318999999999959e-01 2.003845999999999961e-01 1.521409999999999985e-01 1.339461999999999875e-01 1.518384000000000122e-01 1.323451999999999962e-01 1.758850999999999887e-01 1.700821999999999889e-01 1.636998000000000064e-01 1.899973000000000078e-01 2.039748999999999868e-01 -9.999000000000000000e+03 -9.999000000000000000e+03 -9.999000000000000000e+03 -9.999000000000000000e+03 -9.999000000000000000e+03
2.366620000000000112e-01 1.826859000000000122e-01 2.083710000000000007e-01 2.153598999999999930e-01 1.529393000000000002e-01 1.968321000000000098e-01 2.218567999999999929e-01 2.122854000000000130e-01 1.868051000000000017e-01 2.536960999999999800e-01 2.904180000000000095e-01 2.187334999999999974e-01 2.274368999999999974e-01 1.931618999999999975e-01 1.800507000000000080e-01 1.769807999999999937e-01 2.191946999999999923e-01 2.007270999999999916e-01 1.941289999999999960e-01 2.097297999999999940e-01 1.898986000000000007e-01 2.127373999999999932e-01 1.809941999999999940e-01 1.785268999999999884e-01 1.538129000000000024e-01 1.420500000000000096e-01 1.523555000000000048e-01 1.915695000000000037e-01 2.176870999999999945e-01 1.636998000000000064e-01 1.749025999999999914e-01 1.966639000000000026e-01 2.247998999999999969e-01 1.761842000000000130e-01 -9.999000000000000000e+03 -9.999000000000000000e+03 -9.999000000000000000e+03
2.366620000000000112e-01 2.267551999999999901e-01 2.013828000000000007e-01 1.765749000000000068e-01 1.777652000000000121e-01 1.973783000000000065e-01 1.784594999999999931e-01 2.106693000000000038e-01 2.498481999999999925e-01 2.285324999999999995e-01 2.241831999999999991e-01 2.342221999999999915e-01 2.002499000000000084e-01 2.131724000000000119e-01 1.789858000000000005e-01 1.877115000000000034e-01 1.921019999999999950e-01 2.152506999999999893e-01 1.821193000000000117e-01 1.881502999999999926e-01 2.167602999999999891e-01 1.794669999999999876e-01 2.112738000000000116e-01 1.658377000000000046e-01 1.676490999999999953e-01 1.714463999999999988e-01 1.771832000000000129e-01 1.702227000000000046e-01 1.850922000000000123e-01 2.240999999999999936e-01 1.667636000000000118e-01 1.911956999999999962e-01 1.588289999999999980e-01 1.506807000000000007e-01 1.848243999999999998e-01 -9.999000000000000000e+03 -9.999000000000000000e+03
1.840074999999999905e-01 2.117689000000000099e-01 1.668561000000000072e-01 1.746609000000000078e-01 1.732212999999999947e-01 1.923248999999999931e-01 1.562060000000000115e-01 2.530625000000000235e-01 2.095904000000000100e-01 2.334476000000000051e-01 2.199674000000000074e-01 2.454129999999999923e-01 2.202472000000000041e-01 2.061815999999999927e-01 1.965917000000000081e-01 2.097061000000000064e-01 1.937328000000000106e-01 1.703847000000000000e-01 2.090286000000000088e-01 2.209667999999999910e-01 2.045471000000000095e-01 1.973165000000000058e-01 2.301484000000000030e-01 1.985313999999999968e-01 1.652473999999999887e-01 2.455479000000000134e-01 2.284870999999999985e-01 2.002057999999999893e-01 1.820543000000000022e-01 3.207595999999999781e-01 1.924019999999999897e-01 1.762798999999999894e-01 2.065096999999999905e-01 1.659056999999999893e-01 2.048979999999999968e-01 -9.999000000000000000e+03 -9.999000000000000000e+03
1.436011000000000093e-01 1.525720000000000132e-01 1.549214999999999898e-01 2.166344000000000047e-01 1.727592000000000017e-01 1.805222999999999967e-01 1.823069999999999968e-01 1.725644000000000067e-01 2.164022999999999919e-01 1.960327000000000042e-01 2.001452999999999982e-01 1.842681999999999931e-01 1.980390999999999957e-01 1.978638000000000063e-01 1.906265000000000043e-01 2.553668000000000049e-01 1.895911999999999875e-01 2.213173999999999975e-01 2.169909999999999894e-01 1.997330999999999968e-01 1.632019000000000108e-01 1.729044999999999888e-01 1.465985999999999956e-01 1.638900000000000079e-01 1.747141000000000111e-01 1.494256999999999946e-01 2.002546000000000048e-01 1.672295000000000031e-01 1.858529999999999904e-01 1.954737000000000002e-01 2.109807999999999961e-01 1.792379000000000056e-01 1.717001999999999973e-01 2.506418000000000257e-01 1.686730999999999925e-01 -9.999000000000000000e+03 -9.999000000000000000e+03
1.723024999999999973e-01 1.652251000000000136e-01 1.388723000000000041e-01 1.474128000000000105e-01 1.890213000000000032e-01 1.663933999999999969e-01 2.164354000000000000e-01 1.876035000000000064e-01 2.111667999999999878e-01 1.897293999999999925e-01 2.305172000000000054e-01 1.812643999999999922e-01 2.094290000000000040e-01 1.516299000000000119e-01 1.911621000000000015e-01 1.901607999999999910e-01 2.242079999999999906e-01 2.213173999999999975e-01 1.748850000000000127e-01 2.057499000000000133e-01 2.116284999999999972e-01 1.953331000000000095e-01 1.725771999999999862e-01 1.999283000000000032e-01 1.670314999999999994e-01 1.582339000000000107e-01 1.383476999999999901e-01 1.637935000000000085e-01 2.250088000000000088e-01 1.954737000000000002e-01 2.263963999999999976e-01 2.807102000000000208e-01 1.775357999999999936e-01 1.978445000000000065e-01 1.775432999999999872e-01 1.484392999999999962e-01 -9.999000000000000000e+03
1.516899999999999915e-01 1.641218999999999872e-01 1.744030000000000025e-01 1.898095999999999950e-01 1.696533000000000069e-01 1.712947999999999971e-01 1.961689000000000072e-01 1.767575999999999870e-01 2.033003999999999922e-01 2.290011000000000130e-01 1.797644999999999937e-01 1.881240000000000134e-01 1.928835999999999884e-01 1.677569999999999895e-01 1.576786000000000021e-01 1.966412999999999911e-01 1.642086000000000101e-01 1.840395999999999976e-01 2.149494999999999878e-01 2.032827000000000106e-01 1.742234000000000005e-01 2.051128999999999869e-01 1.901187000000000016e-01 1.961015999999999870e-01 1.831397999999999915e-01 1.572685000000000055e-01 1.329751000000000127e-01 1.623228999999999922e-01 1.848566000000000098e-01 2.067374999999999907e-01 1.872358000000000078e-01 1.792091000000000101e-01 2.062400000000000067e-01 1.745590999999999948e-01 1.674472999999999934e-01 1.647502000000000133e-01 -9.999000000000000000e+03
1.857496999999999898e-01 1.634931000000000023e-01 1.708669999999999911e-01 1.503413999999999862e-01 1.621315999999999868e-01 2.085885000000000100e-01 1.872929999999999873e-01 1.816262999999999905e-01 1.710425999999999891e-01 1.820728000000000069e-01 1.768480000000000052e-01 1.918171999999999933e-01 1.725866000000000067e-01 1.567652999999999963e-01 1.448929999999999940e-01 1.359660000000000035e-01 1.778273999999999966e-01 1.577646000000000048e-01 1.765377999999999947e-01 1.768428999999999973e-01 1.827874999999999917e-01 1.769682999999999951e-01 1.832088000000000050e-01 1.947235999999999967e-01 1.896222999999999936e-01 1.279934000000000072e-01 1.321007999999999905e-01 1.571996999999999978e-01 1.816730000000000012e-01 2.373763999999999874e-01 1.949720000000000064e-01 2.112439999999999873e-01 1.867078000000000071e-01 1.632513999999999910e-01 1.700891999999999959e-01 1.490786000000000056e-01 -9.999000000000000000e+03
1.582371999999999945e-01 1.866282999999999970e-01 1.708146000000000109e-01 1.906606999999999885e-01 1.654180000000000095e-01 1.792493000000000003e-01 1.658512000000000042e-01 2.119092999999999949e-01 1.906541999999999959e-01 1.778628999999999905e-01 2.351292000000000104e-01 1.809968999999999884e-01 1.728821000000000108e-01 1.726621000000000128e-01 1.562399999999999900e-01 1.320424000000000042e-01 1.447322000000000053e-01 1.676103999999999927e-01 2.031872999999999874e-01 1.635839000000000043e-01 1.640181000000000000e-01 1.641481999999999941e-01 1.602573999999999943e-01 1.914435999999999916e-01 1.852673999999999987e-01 1.727351000000000025e-01 1.760120000000000018e-01 1.754390999999999867e-01 1.874019000000000101e-01 2.484282999999999908e-01 2.239396999999999915e-01 1.965957000000000121e-01 1.775173999999999919e-01 1.867078000000000071e-01 1.420065000000000077e-01 1.462958000000000036e-01 -9.999000000000000000e+03
1.504935000000000023e-01 1.494711999999999985e-01 1.532606999999999997e-01 1.690476999999999952e-01 1.248539000000000038e-01 1.959471000000000129e-01 1.704280999999999990e-01 1.859947000000000128e-01 1.601521999999999946e-01 1.795307999999999904e-01 1.775185999999999986e-01 1.681295999999999902e-01 1.816029000000000115e-01 1.511821999999999888e-01 1.519048000000000065e-01 1.596478000000000064e-01 1.394833000000000045e-01 1.595833999999999864e-01 1.595208999999999933e-01 1.645870000000000111e-01 1.663719999999999921e-01 2.130191999999999919e-01 1.841770000000000074e-01 1.744195000000000051e-01 1.856738000000000000e-01 1.843481999999999899e-01 1.721464000000000050e-01 2.164366000000000068e-01 2.165838999999999959e-01 2.143943000000000099e-01 2.174705000000000110e-01 2.296858999999999984e-01 2.070712000000000108e-01 1.807931000000000121e-01 1.567967999999999862e-01 1.365656000000000092e-01 -9.999000000000000000e+03
1.417683999999999889e-01 1.595418999999999865e-01 1.313091999999999870e-01 1.243974000000000052e-01 1.766976000000000102e-01 1.520749000000000128e-01 1.643200999999999967e-01 1.878294000000000075e-01 1.852727000000000124e-01 2.638314999999999966e-01 1.769699999999999884e-01 1.903413999999999939e-01 1.663102999999999942e-01 1.865694999999999992e-01 1.434583000000000108e-01 1.500302000000000024e-01 1.403339999999999865e-01 1.793509000000000075e-01 1.750594000000000039e-01 1.747401000000000093e-01 1.559667999999999888e-01 1.993749999999999967e-01 1.658677000000000068e-01 1.846626000000000101e-01 1.934586000000000083e-01 2.261279999999999957e-01 1.826707999999999943e-01 2.262379999999999947e-01 2.194521999999999862e-01 2.462311000000000083e-01 2.165503000000000011e-01 2.150845000000000118e-01 1.935158999999999907e-01 1.496524999999999939e-01 1.465837000000000112e-01 1.532678000000000096e-01 1.229934000000000027e-01
