testcase_input/parameters/slope.dat
ncols         214
nrows         263
xllcorner     382500
yllcorner     7541702
cellsize      16
NODATA_value  -9999
[rows 112 to 127 of 263, columns 37 to 73 of 214]
-9.999000000000000000e+03 -9.999000000000000000e+03 -9.999000000000000000e+03 -9.999000000000000000e+03 -9.999000000000000000e+03 -9.999000000000000000e+03 -9.999000000000000000e+03 -9.999000000000000000e+03 -9.999000000000000000e+03 -9.999000000000000000e+03 -9.999000000000000000e+03 1.199641100000000016e+00 1.577081900000000036e+00 2.075892200000000187e+00 2.854032500000000194e+00 3.717252699999999965e+00 3.497160200000000163e+00 2.082865700000000153e+00 6.581150000000000055e-01 1.324586499999999889e+00 1.675117100000000026e+00 7.345987000000000489e-01 1.539188699999999965e+00 7.252025600000000516e-01 2.124634499999999981e+00 1.502874100000000102e+00 1.216407000000000016e+00 9.753423300000000351e-01 7.900470000000000548e-01 8.667181000000000468e-01 1.083141200000000026e+00 1.202857899999999924e+00 2.253605600000000209e+00 3.181363800000000186e+00 3.826449400000000001e+00 3.584614300000000142e+00 2.509746300000000208e+00
-9.999000000000000000e+03 -9.999000000000000000e+03 -9.999000000000000000e+03 -9.999000000000000000e+03 -9.999000000000000000e+03 -9.999000000000000000e+03 -9.999000000000000000e+03 -9.999000000000000000e+03 -9.999000000000000000e+03 -9.999000000000000000e+03 -9.999000000000000000e+03 1.080607899999999955e+00 1.720110299999999981e+00 2.655610799999999827e+00 3.165500399999999992e+00 3.804682000000000119e+00 3.250012900000000204e+00 1.473372600000000032e+00 6.363625499999999713e-01 1.949452299999999916e+00 1.338162199999999968e+00 4.198593999999999937e-01 1.131538500000000003e+00 1.212912400000000002e+00 1.589264800000000033e+00 1.279902499999999943e+00 7.351224400000000436e-01 6.999444999999999695e-01 7.204085599999999756e-01 7.725334000000000367e-01 1.379609099999999922e+00 1.852111499999999911e+00 1.843207700000000004e+00 9.072921999999999931e-01 2.308717699999999873e+00 2.404209999999999958e+00 1.806594999999999951e+00
-9.999000000000000000e+03 -9.999000000000000000e+03 -9.999000000000000000e+03 -9.999000000000000000e+03 -9.999000000000000000e+03 -9.999000000000000000e+03 -9.999000000000000000e+03 -9.999000000000000000e+03 -9.999000000000000000e+03 -9.999000000000000000e+03 -9.999000000000000000e+03 1.169957899999999995e+00 2.029213700000000120e+00 3.177824699999999947e+00 3.367608499999999783e+00 3.544643199999999883e+00 2.793139500000000108e+00 1.196064199999999911e+00 1.003256399999999937e+00 2.342058999999999891e+00 1.478764500000000037e+00 1.679317100000000007e+00 5.590732999999999953e-01 4.256656200000000223e-01 9.103957999999999773e-01 1.096457800000000038e+00 3.738546999999999843e-01 5.541234600000000121e-01 6.561272999999999689e-01 7.393542499999999906e-01 1.511355999999999922e+00 1.456641199999999969e+00 7.645642000000000271e-01 3.477875999999999745e-01 1.230854600000000021e+00 2.132922399999999996e+00 1.474996699999999938e+00
-9.999000000000000000e+03 -9.999000000000000000e+03 -9.999000000000000000e+03 -9.999000000000000000e+03 -9.999000000000000000e+03 -9.999000000000000000e+03 -9.999000000000000000e+03 -9.999000000000000000e+03 -9.999000000000000000e+03 -9.999000000000000000e+03 -9.999000000000000000e+03 1.447064499999999976e+00 2.655295600000000089e+00 3.566364999999999785e+00 3.477921700000000005e+00 3.168932400000000094e+00 2.210644199999999948e+00 9.563523999999999914e-01 7.443533500000000247e-01 2.148215800000000009e+00 8.161382000000000358e-01 1.451839799999999903e+00 1.391050099999999956e+00 4.089904699999999949e-01 5.420215000000000449e-01 7.653472000000000053e-01 3.956842999999999888e-01 5.576364400000000110e-01 5.493800599999999479e-01 4.873326399999999836e-01 1.141735600000000073e+00 3.926854699999999809e-01 2.828058600000000200e-01 7.802599000000000062e-01 7.940926000000000373e-01 1.785197700000000109e+00 1.618808299999999978e+00
-9.999000000000000000e+03 -9.999000000000000000e+03 -9.999000000000000000e+03 -9.999000000000000000e+03 -9.999000000000000000e+03 -9.999000000000000000e+03 -9.999000000000000000e+03 -9.999000000000000000e+03 -9.999000000000000000e+03 -9.999000000000000000e+03 -9.999000000000000000e+03 1.712881199999999993e+00 3.436324599999999840e+00 3.761782999999999877e+00 3.467970000000000219e+00 2.973731299999999855e+00 1.851598000000000077e+00 6.978109000000000117e-01 3.713787000000000060e-01 1.860149599999999959e+00 1.442794600000000038e+00 1.222831400000000013e+00 1.550625900000000001e+00 7.039697000000000315e-01 3.982840799999999848e-01 3.712644600000000183e-01 2.698133600000000021e-01 2.327509100000000053e-01 2.616533600000000015e-01 9.762861999999999929e-02 7.091520000000000046e-01 7.504781999999999842e-01 5.642308000000000323e-01 1.088750399999999896e+00 8.213599999999999790e-01 1.455503999999999909e+00 1.893837599999999899e+00
-9.999000000000000000e+03 -9.999000000000000000e+03 -9.999000000000000000e+03 -9.999000000000000000e+03 -9.999000000000000000e+03 -9.999000000000000000e+03 -9.999000000000000000e+03 -9.999000000000000000e+03 -9.999000000000000000e+03 -9.999000000000000000e+03 -9.999000000000000000e+03 2.259552999999999923e+00 4.181114700000000184e+00 3.797304399999999802e+00 3.220045600000000174e+00 2.746851400000000165e+00 1.668368000000000073e+00 5.270289000000000224e-01 2.486971600000000004e-01 1.204240399999999989e+00 1.047974600000000089e+00 1.159780599999999939e+00 1.250086299999999984e+00 5.497381700000000260e-01 2.442793099999999995e-01 1.141464799999999946e-01 7.814038500000000664e-02 9.680266999999999344e-02 4.165909400000000068e-02 5.418399000000000409e-01 1.035826700000000100e+00 1.316637400000000069e+00 1.217289899999999925e+00 9.330085000000000184e-01 8.839544700000000477e-01 1.952966999999999897e+00 2.642815399999999926e+00
-9.999000000000000000e+03 -9.999000000000000000e+03 -9.999000000000000000e+03 -9.999000000000000000e+03 -9.999000000000000000e+03 -9.999000000000000000e+03 -9.999000000000000000e+03 -9.999000000000000000e+03 -9.999000000000000000e+03 -9.999000000000000000e+03 1.912358000000000113e-01 2.751187299999999780e+00 4.721673499999999635e+00 3.733191000000000148e+00 2.836257499999999876e+00 2.340207299999999879e+00 1.468191699999999988e+00 5.597997300000000509e-01 2.512632000000000199e-01 7.040556999999999510e-01 7.173161500000000412e-01 9.813513000000000375e-01 8.609272999999999509e-01 2.895021700000000031e-01 6.690854599999999930e-02 7.602499999999999536e-02 4.925561999999999996e-02 4.791833000000000203e-02 5.406364999999999643e-01 1.254721900000000057e+00 1.361012499999999958e+00 1.331642200000000109e+00 1.193016599999999983e+00 6.460567999999999866e-01 6.864115600000000317e-01 1.467140399999999900e+00 1.196707399999999977e+00
-9.999000000000000000e+03 -9.999000000000000000e+03 -9.999000000000000000e+03 -9.999000000000000000e+03 -9.999000000000000000e+03 -9.999000000000000000e+03 -9.999000000000000000e+03 -9.999000000000000000e+03 -9.999000000000000000e+03 -9.999000000000000000e+03 7.191870000000000207e-01 2.992567799999999778e+00 4.929021999999999792e+00 3.754248399999999819e+00 2.412173300000000076e+00 1.796078899999999923e+00 1.272098299999999904e+00 6.541458999999999468e-01 3.838603800000000010e-01 2.487641600000000119e-01 3.763411300000000237e-01 7.352362999999999538e-01 5.306186699999999590e-01 1.513298299999999985e-01 4.985157299999999903e-01 6.670977000000000157e-01 7.234291000000000471e-01 7.884962599999999489e-01 1.122507499999999991e+00 1.315133899999999967e+00 8.320969000000000282e-01 7.546005999999999547e-01 7.792457000000000411e-01 5.263472999999999624e-01 7.716790999999999512e-01 8.434832700000000072e-01 3.759804999999999953e-01
-9.999000000000000000e+03 -9.999000000000000000e+03 -9.999000000000000000e+03 -9.999000000000000000e+03 -9.999000000000000000e+03 -9.999000000000000000e+03 -9.999000000000000000e+03 -9.999000000000000000e+03 -9.999000000000000000e+03 -9.999000000000000000e+03 1.292746399999999962e+00 3.052038700000000215e+00 4.673568699999999687e+00 3.775492400000000082e+00 2.050914999999999822e+00 1.412100099999999969e+00 9.705549500000000274e-01 4.603094200000000247e-01 4.936348999999999876e-01 2.951763299999999868e-01 1.123345800000000033e-01 5.081255000000000077e-01 3.559369700000000192e-01 6.664036500000000141e-01 1.117901199999999928e+00 1.339542900000000092e+00 1.481188699999999914e+00 1.384791000000000105e+00 1.274693499999999924e+00 1.130330800000000080e+00 9.216183000000000014e-01 8.923393499999999756e-01 5.883314600000000283e-01 5.817495599999999989e-01 6.420839999999999881e-01 4.922842000000000051e-01 7.397268000000000177e-01
-9.999000000000000000e+03 -9.999000000000000000e+03 -9.999000000000000000e+03 -9.999000000000000000e+03 -9.999000000000000000e+03 -9.999000000000000000e+03 -9.999000000000000000e+03 -9.999000000000000000e+03 -9.999000000000000000e+03 -9.999000000000000000e+03 1.611698000000000075e+00 2.859475999999999907e+00 3.927726499999999898e+00 3.601827999999999808e+00 1.969471299999999925e+00 1.327547199999999927e+00 7.716673600000000244e-01 2.484667899999999929e-01 3.505540200000000217e-01 4.424215599999999915e-01 4.521519999999999984e-01 5.678218999999999905e-01 6.635381000000000196e-01 1.278207099999999929e+00 1.606916100000000069e+00 1.474384399999999928e+00 1.436417300000000008e+00 1.403323700000000063e+00 1.406388500000000041e+00 1.327319700000000102e+00 1.040500500000000050e+00 7.865214000000000372e-01 6.495791699999999835e-01 8.959576000000000207e-01 5.744229600000000380e-01 8.535469999999999446e-01 1.653592200000000068e+00
-9.999000000000000000e+03 -9.999000000000000000e+03 -9.999000000000000000e+03 -9.999000000000000000e+03 -9.999000000000000000e+03 -9.999000000000000000e+03 -9.999000000000000000e+03 -9.999000000000000000e+03 -9.999000000000000000e+03 -9.999000000000000000e+03 2.105224999999999902e+00 2.639360400000000162e+00 3.056892400000000176e+00 3.106307999999999847e+00 2.090801200000000026e+00 1.663120600000000060e+00 1.023571999999999926e+00 5.664067000000000407e-01 5.554947000000000079e-01 7.602212400000000203e-01 7.832815600000000433e-01 7.783348599999999617e-01 1.247557000000000027e+00 1.841233600000000026e+00 1.939633699999999905e+00 1.449904599999999988e+00 1.322093200000000079e+00 1.750749799999999912e+00 2.543836999999999904e+00 2.702237100000000058e+00 1.898044199999999959e+00 7.607763400000000509e-01 5.469938500000000037e-01 8.598218600000000489e-01 5.935666000000000553e-01 9.954449499999999951e-01 2.006347199999999997e+00
-9.999000000000000000e+03 -9.999000000000000000e+03 -9.999000000000000000e+03 -9.999000000000000000e+03 -9.999000000000000000e+03 -9.999000000000000000e+03 -9.999000000000000000e+03 -9.999000000000000000e+03 -9.999000000000000000e+03 5.964348999999999901e-01 2.507232999999999823e+00 2.472652699999999815e+00 2.314886599999999905e+00 2.312533100000000008e+00 2.004404800000000098e+00 2.000862099999999977e+00 1.491367899999999969e+00 1.127333300000000094e+00 9.774725399999999453e-01 9.130320499999999839e-01 1.007450100000000015e+00 1.078770599999999913e+00 1.841848300000000105e+00 2.523776300000000195e+00 2.188553000000000193e+00 1.750468600000000041e+00 1.898847100000000010e+00 2.775317699999999999e+00 3.550489400000000018e+00 3.393642199999999942e+00 3.252700299999999878e+00 2.025232599999999827e+00 1.180305699999999902e+00 1.300583199999999939e+00 1.202231199999999944e+00 1.367580999999999936e+00 1.898064999999999891e+00
-9.999000000000000000e+03 -9.999000000000000000e+03 -9.999000000000000000e+03 -9.999000000000000000e+03 -9.999000000000000000e+03 -9.999000000000000000e+03 -9.999000000000000000e+03 -9.999000000000000000e+03 -9.999000000000000000e+03 1.083342999999999945e+00 2.303221199999999858e+00 2.138300399999999879e+00 1.551950900000000022e+00 1.774824399999999969e+00 1.942201300000000019e+00 1.745652100000000040e+00 1.462679000000000062e+00 1.270222500000000032e+00 1.039978400000000081e+00 9.985176999999999525e-01 1.232647000000000048e+00 1.485830200000000101e+00 2.749197500000000183e+00 3.032957000000000125e+00 2.110411599999999943e+00 1.814385200000000031e+00 2.401308799999999799e+00 3.180495500000000142e+00 3.197784700000000147e+00 2.684694499999999984e+00 3.363309999999999800e+00 3.016375299999999982e+00 2.962609800000000071e+00 3.701290800000000214e+00 5.073889300000000269e+00 7.747370000000000090e+00 8.574669000000000096e+00
-9.999000000000000000e+03 -9.999000000000000000e+03 -9.999000000000000000e+03 -9.999000000000000000e+03 -9.999000000000000000e+03 -9.999000000000000000e+03 -9.999000000000000000e+03 -9.999000000000000000e+03 -9.999000000000000000e+03 -9.999000000000000000e+03 1.959955700000000078e+00 1.794476299999999913e+00 7.531761999999999624e-01 1.208794399999999936e+00 1.997590299999999930e+00 1.378431100000000020e+00 1.165392299999999937e+00 1.250019999999999909e+00 1.218775299999999895e+00 1.279587899999999889e+00 1.404039700000000002e+00 2.245849999999999902e+00 3.768666300000000025e+00 2.523893399999999954e+00 1.556151999999999980e+00 1.810769599999999979e+00 2.722231999999999985e+00 2.616417400000000004e+00 2.293848500000000179e+00 1.870435599999999976e+00 3.116318000000000144e+00 4.454889299999999608e+00 4.567942000000000391e+00 3.399244299999999885e+00 5.663502000000000258e+00 1.009386100000000042e+01 1.080682200000000037e+01
-9.999000000000000000e+03 -9.999000000000000000e+03 -9.999000000000000000e+03 -9.999000000000000000e+03 -9.999000000000000000e+03 -9.999000000000000000e+03 -9.999000000000000000e+03 -9.999000000000000000e+03 -9.999000000000000000e+03 -9.999000000000000000e+03 1.608776200000000101e+00 1.391310899999999906e+00 4.485361999999999960e-01 7.184447999999999945e-01 1.690981700000000032e+00 1.442470600000000047e+00 1.414468899999999918e+00 1.351717199999999952e+00 1.103886600000000051e+00 1.108170300000000053e+00 1.533797400000000088e+00 2.969595400000000218e+00 3.418041500000000177e+00 1.572490500000000013e+00 1.425548100000000096e+00 2.115756300000000145e+00 2.903766599999999976e+00 2.674482600000000154e+00 2.045323799999999803e+00 1.608081099999999930e+00 3.457568000000000197e+00 5.532284699999999944e+00 5.224999000000000393e+00 3.787690000000000001e+00 6.642368300000000225e+00 6.191254599999999719e+00 2.263049999999999784e+00
-9.999000000000000000e+03 -9.999000000000000000e+03 -9.999000000000000000e+03 -9.999000000000000000e+03 -9.999000000000000000e+03 -9.999000000000000000e+03 -9.999000000000000000e+03 -9.999000000000000000e+03 -9.999000000000000000e+03 -9.999000000000000000e+03 1.153369899999999948e+00 8.491674000000000166e-01 1.872253999999999863e-01 4.606905299999999870e-01 9.888221600000000056e-01 1.301253699999999958e+00 1.555087799999999909e+00 1.429041699999999970e+00 1.022562699999999936e+00 1.059364999999999890e+00 1.814320900000000014e+00 2.996322999999999848e+00 2.213245899999999988e+00 1.078926999999999969e+00 1.376530800000000054e+00 2.105790400000000062e+00 2.742020000000000124e+00 2.529876999999999931e+00 2.413427399999999778e+00 2.935564299999999793e+00 5.104611000000000232e+00 4.416184399999999677e+00 4.748109999999999609e+00 4.542605000000000004e+00 4.159826800000000269e+00 3.523540500000000186e+00 8.387990000000000279e+00
