testcase_input/parameters/slope_2023.asc
ncols         214
nrows         263
xllcorner     382500
yllcorner     7541702
cellsize      16
NODATA_value  -9999
[rows 62 to 92 of 263, columns 70 to 139 of 214]
8.714606 6.742943 7.395669 4.863331 2.217179 5.811556 3.756325 1.441504 1.975982 1.722528 1.725109 2.018663 2.34195 2.535006 3.17986 3.448096 2.353093 1.991988 2.251392 2.342021 2.114227 1.504982 1.112141 1.374821 1.198119 0.7419583 0.6809376 0.6527562 0.6149411 0.6871765 0.8087379 0.9973775 2.136792 3.295489 3.414305 4.039872 4.419225 3.781025 4.168969 5.281765 5.827741 6.58663 6.892422 6.757013 6.337977 5.958412 6.048609 5.331794 4.362303 3.155632 2.323076 4.019503 6.18891 6.793724 6.085685 6.091701 8.026025 8.289143 5.94556 5.271237 6.540375 6.776947 6.160028 5.807779 5.855007 5.4301 4.23102 3.263663 2.076891 1.125321
7.970451 3.338765 6.652079 2.648457 3.063082 5.376868 3.143563 2.793011 2.866024 2.242026 2.023959 1.94579 1.726018 1.921186 3.159431 3.554423 2.276379 2.013975 2.176396 2.594227 2.759979 1.557386 1.090743 1.4875 1.230107 0.7272071 0.60404 0.5803656 0.6125255 0.6523052 0.813098 1.283114 2.32092 2.930332 2.864822 3.376521 3.596304 3.235875 3.938723 5.327813 6.554356 7.203481 6.925206 6.458045 6.316345 6.081945 6.044421 5.436781 4.351695 3.337988 2.763109 4.308526 5.953228 6.54163 5.900774 6.400604 8.239018 7.733961 5.429069 5.080391 6.603279 6.600638 5.961804 6.032394 6.224601 5.151524 3.86719 3.489852 2.830334 1.971712
6.111784 4.273229 5.876513 1.188545 3.356576 3.802576 3.425272 3.164599 3.290568 2.591269 2.324549 2.190476 1.691519 1.961625 3.013245 3.256081 2.210996 1.892694 2.206526 2.651722 2.96095 2.150206 1.548722 1.552887 1.247122 0.7762467 0.6030793 0.6177107 0.7029523 0.7500975 0.8919756 1.569755 2.416879 2.674842 2.469533 2.648752 2.945276 2.976245 3.88083 5.270451 6.65251 7.378181 7.274772 6.865879 6.82743 6.497245 6.274722 5.828634 4.439367 3.872847 3.516068 4.0553 5.332308 5.969452 6.366344 7.078219 7.753992 7.121405 5.471804 5.330173 6.139902 5.900204 5.635737 6.307061 6.630216 5.134432 3.668 3.540151 3.254448 2.497974
3.048021 3.633465 2.645969 1.331972 2.829578 2.201231 2.049148 2.783142 3.471545 2.958719 2.529621 2.622698 2.272207 2.288896 2.639416 2.597191 1.869773 1.759118 2.436962 2.909156 2.987333 2.562623 1.972328 1.560578 1.20556 0.8436872 0.7143294 0.7517832 0.7320899 0.7759214 1.029439 1.801733 2.337462 2.324785 2.244239 2.15556 2.299095 2.575478 3.696714 5.016443 6.118245 6.765699 7.018223 7.347227 7.469059 7.02659 7.101557 6.60318 4.743876 4.464594 4.088663 3.649504 4.477953 5.308855 7.045863 7.480775 7.052424 6.772168 5.780965 5.973347 5.684348 4.70419 5.024587 6.489121 6.953665 5.362628 3.946465 3.661757 3.322428 2.348026
1.643449 1.103183 0.345944 1.614599 2.077529 1.191131 1.580425 2.892876 3.93485 3.48727 2.91875 3.001439 2.493681 2.302952 2.562072 2.100381 1.524202 1.910191 2.704293 3.190769 2.992345 2.604929 2.37818 1.550821 0.8042457 0.5784481 0.6514434 0.7342648 0.6494652 0.7596545 1.28477 2.001498 2.25752 2.103054 2.144496 2.106719 2.052011 2.276752 3.365045 4.56491 5.474198 6.11482 6.108896 6.859796 7.643072 7.586167 8.18856 7.707368 5.414174 4.797753 4.320472 3.331742 3.696959 4.993625 7.423722 7.61829 6.637599 6.368413 6.004926 6.467495 5.219705 3.858133 4.994064 6.706512 6.752015 5.647418 4.557646 4.00373 3.455699 2.227507
1.179317 0.7472075 0.4220665 1.576148 1.660556 0.8991971 1.325198 2.940133 4.246955 3.900429 3.411251 3.088635 2.410268 2.151351 2.195674 1.594443 1.34561 2.102257 2.934104 3.181777 2.853788 2.689977 2.757557 1.669529 0.9155105 0.5332218 0.5653564 0.6302953 0.5666698 0.769619 1.612749 2.14261 2.142406 1.97559 2.033666 2.225092 2.159462 2.255455 2.952467 4.04327 4.942298 5.657048 5.680341 5.783264 6.592273 7.590154 8.898819 8.765512 6.403934 5.128096 4.604063 3.057644 3.098294 5.102607 7.564384 7.647171 6.495846 5.956873 5.883417 6.449039 4.545751 3.694925 5.386292 6.696974 6.239243 5.995444 5.170758 4.309458 3.630021 2.757398
1.014825 1.050157 0.7336249 1.4053 1.307717 1.198129 1.715927 2.680488 4.091556 4.245856 3.694199 3.24812 2.367968 1.651325 1.710582 1.698873 1.719027 2.323521 3.061509 3.097119 2.751124 2.908342 3.035774 1.480606 0.6077511 0.09841742 0.6379185 0.658596 0.5158602 0.8477634 1.886457 2.164734 1.861037 1.812162 2.011732 2.163006 2.120596 2.328849 2.627227 3.608274 4.564457 5.14475 5.635981 5.448679 5.720522 7.002506 8.571501 9.032151 7.249038 5.717805 4.850523 2.816182 2.880405 5.266403 7.397667 7.521101 6.48355 6.036123 5.658375 5.485799 4.427351 3.820446 5.621844 5.994445 5.527472 5.980059 5.338343 4.119859 3.062773 3.058932
0.5039845 0.8295188 1.090594 1.397179 1.15149 1.58996 2.574086 3.119478 3.701544 3.854909 3.747763 3.902028 2.542426 1.03725 1.188297 1.798795 2.330963 2.430093 2.980423 3.329238 2.958841 3.027968 2.91454 1.233629 0.7587882 0.4614073 0.8882317 0.671078 0.5558293 1.061717 1.927833 1.921346 1.558792 1.779412 2.196283 2.231881 2.208037 2.469056 2.605819 3.268002 4.094381 4.817405 5.573505 5.62148 5.805391 6.841506 7.889664 8.384118 7.812964 6.345647 4.626133 2.901433 3.268727 5.545949 6.675708 6.9711 6.553035 6.134264 5.548796 5.065273 4.935614 4.804599 5.657425 5.298237 4.917031 5.798215 5.202549 4.066953 2.838823 2.797134
0.6738944 0.3368315 0.7563882 1.429571 1.370093 1.973933 3.431397 3.764389 3.145376 3.012828 3.766717 4.637887 2.692596 0.6841239 0.8224859 1.947986 2.567833 2.211193 2.971749 3.877882 3.495877 3.156166 2.479843 1.009208 0.7088925 1.041888 0.882355 0.5593766 0.5743425 1.211815 1.738202 1.525514 1.419846 1.996377 2.700931 2.829226 2.666844 2.645255 3.071789 3.41406 3.558135 4.444094 5.823587 6.217944 6.045494 6.468903 7.368744 7.64135 7.88202 6.930067 4.639791 3.528188 4.348861 5.538649 5.559806 6.24901 6.22624 5.278752 5.007909 5.287239 6.032949 5.683819 5.773409 4.944088 4.366742 5.445178 5.047895 4.060519 2.941423 2.683582
0.7637783 0.6345059 0.09307293 0.9727838 1.450941 2.422331 3.945663 4.081987 2.786626 2.521935 3.739188 4.785789 2.745617 0.165772 0.7016989 2.19872 2.270583 1.887279 3.407453 4.38752 3.966645 3.203066 1.75226 0.6454629 0.3077897 0.4141368 0.4505161 0.5080686 0.6136971 1.13794 1.432777 1.323298 1.656755 2.655129 3.520864 3.515034 3.213303 3.166279 3.556272 3.69599 3.458982 4.193148 6.094254 6.748081 6.114244 6.224177 7.329548 7.416185 7.546754 7.343699 5.657128 4.791512 5.050418 5.10018 4.772644 5.342046 5.245391 4.394589 4.091178 5.564022 6.507618 6.225086 6.161986 4.695853 4.05704 4.996784 4.944895 4.287863 3.521253 3.132787
1.04676 0.9624847 0.7343735 0.5259368 1.339402 2.772479 4.304543 4.204708 2.877609 2.392065 3.402567 4.433917 2.986873 0.3648967 0.7804796 2.232204 1.906735 1.802252 3.948204 4.611436 4.036992 3.096502 1.086666 0.4553339 0.2936837 0.144734 0.2657158 0.4358408 0.5387786 0.891082 1.159009 1.543289 2.371937 3.204584 3.79526 3.584954 3.340032 3.321287 3.351451 3.331944 3.344896 4.088704 5.65137 6.497581 6.464699 7.018759 7.743484 7.416682 7.294699 7.217756 6.176322 4.786201 4.346028 4.596612 4.438364 4.010543 3.753585 4.036373 4.408266 5.41155 5.78234 5.988924 6.196628 5.133889 4.220844 4.723542 4.568825 4.284225 4.33888 3.77523
0.612152 0.8735057 0.4676719 0.4770053 0.8378814 2.464246 4.701486 4.806598 3.114423 2.357093 2.929971 3.875787 3.256631 1.046727 0.9407638 1.766307 1.797539 2.107429 4.153301 4.801627 4.221628 3.178338 1.166094 0.6625162 0.4145377 0.2671175 0.40021 0.3819436 0.4619481 0.7293792 1.044254 2.079342 2.749806 2.934545 3.655157 3.524163 3.283955 3.133926 2.886876 2.95985 3.50581 4.110082 5.110584 5.9877 6.797499 7.92118 7.805115 6.966038 6.654307 6.627025 6.127348 4.792289 4.135371 4.443935 4.17762 3.194091 3.052758 4.280287 5.45927 5.534431 5.202739 4.728778 4.775922 5.256341 4.677964 4.771 4.378619 3.85741 4.152441 3.847634
0.6750836 1.064466 0.1878589 0.5799455 0.4662316 1.546357 4.393621 5.440527 3.737007 2.773981 2.75126 3.430142 3.60427 1.723404 0.7352997 1.025868 1.722782 2.62564 4.264053 5.116541 4.759001 3.543463 1.544556 0.9713975 0.63715 0.5421746 0.4025664 0.3926536 0.547447 0.6989407 1.163491 2.565885 2.708322 2.311742 3.249614 3.760983 3.706539 3.450152 2.966703 2.903232 3.685968 4.233195 4.974621 5.767706 6.751473 8.148194 7.867147 6.574796 6.143734 6.383198 6.136448 4.927899 4.266076 4.12665 3.810928 3.196898 3.375102 4.855597 5.790987 5.466637 4.752988 3.751968 3.26999 4.206904 4.442181 4.433971 4.189909 4.090712 3.939197 3.160834
0.7559415 0.8147421 0.7529016 0.9159385 0.6622481 0.7967922 3.410749 5.299471 4.263 3.531589 3.177893 3.284824 3.731808 2.629075 1.157578 0.8620403 1.816483 2.913397 4.371648 5.5311 5.231029 3.59551 1.122928 0.9778146 0.4246442 0.3379794 0.2276943 0.4212951 0.7386329 0.8786482 1.39933 2.894461 2.675997 1.785667 2.39316 3.376351 4.030286 4.095515 3.629518 3.553854 3.957385 4.207121 4.937927 5.900426 7.129202 8.007563 7.560752 6.375741 5.856753 6.264272 6.097445 5.015792 4.532171 3.980873 3.44442 3.286955 3.843154 5.217502 5.623671 5.435764 4.570108 3.355775 2.341074 3.010262 3.928944 3.963977 4.152614 4.522779 3.869621 2.762223
1.272304 1.03459 1.075923 1.105125 0.9173433 0.7131509 2.142359 4.401054 4.519047 3.999511 3.471483 3.176903 3.440888 2.838131 1.824091 1.462136 2.135262 2.969448 4.663344 5.864677 5.16108 3.269021 0.06646706 0.9434503 0.2761492 0.1764965 0.2062943 0.4176587 0.8987619 1.142691 1.614389 2.937425 2.558137 1.487973 1.804548 2.876477 4.048277 4.533734 4.245142 4.077393 4.065688 4.26528 5.242468 6.428896 7.727619 7.795115 7.130698 6.424233 5.653337 5.840546 5.847594 5.096928 4.829218 4.183975 3.314653 3.307762 4.211423 5.323567 5.571027 5.387199 4.322307 3.13713 1.674368 1.729045 3.33619 4.041583 4.526573 4.626282 3.898339 3.193753
1.446387 0.9525093 1.039339 0.9817626 0.7637501 0.6983139 1.155112 3.110975 4.260294 4.257329 3.554734 3.043008 3.114912 2.5144 1.921613 1.990134 2.415386 3.423455 5.263777 5.786198 4.406555 2.649624 0.7817168 1.034853 0.4017864 0.1725264 0.2912056 0.4154664 1.092189 1.605142 1.886299 2.667462 2.327587 1.483777 1.810599 2.878734 4.292892 4.948927 4.597714 4.139298 4.10058 4.592051 5.840638 6.974665 7.869355 7.530674 6.820866 6.351713 5.425707 5.408626 5.641077 5.160301 4.964689 4.4026 3.334865 3.542105 4.701973 5.355963 5.420335 5.072186 3.880044 3.00414 1.811307 1.016735 1.867644 3.494907 4.425356 4.557611 3.873892 3.603561
1.770376 0.770965 0.767563 0.6856217 0.548368 0.6235428 0.8623123 2.369198 3.797501 4.278329 3.892582 3.215157 3.042934 2.676983 2.58504 2.576423 2.86214 4.206861 5.577127 5.217787 3.388999 1.8182 0.6050047 0.5109695 0.1413785 0.3294478 0.3292558 0.4992194 1.388886 2.240479 2.27244 2.265656 2.072519 1.793337 2.193516 3.19531 4.411662 4.922862 4.665199 4.304019 4.31015 4.969728 6.319159 7.325105 7.803499 7.44627 6.83177 6.167642 5.147739 5.000817 5.313415 5.188648 4.935392 4.187721 3.409064 4.037681 4.991248 5.15165 4.960169 4.495805 3.458734 3.041168 2.31451 0.8504217 1.012235 2.79021 3.55416 3.536049 3.060473 2.627669
3.210553 1.08379 0.3782827 0.2379485 0.4324561 0.7580898 0.897094 1.856248 3.275278 4.015386 4.19432 3.527636 3.207953 3.361561 3.600081 3.421087 3.336517 4.298218 5.201716 4.611106 2.77704 1.220275 0.3458149 0.1652422 0.2000535 0.4182294 0.489476 0.7695155 1.738107 2.665675 2.154691 1.579835 1.679794 1.990848 2.537567 3.570178 4.255737 4.341077 4.604334 4.518862 4.456211 5.21609 6.376706 7.674162 8.056166 7.343299 6.733167 5.915992 4.928355 4.61603 4.914725 5.223656 4.856801 3.949509 3.803428 4.549277 4.902295 4.774465 4.385607 3.786571 3.134863 3.352597 2.940508 1.469067 1.935471 3.298481 3.3989 2.790815 2.281949 2.323097
5.844309 2.023033 0.2899334 0.2869523 0.6806633 0.9244214 1.067406 1.545232 2.803682 3.825006 4.069348 3.740989 3.856324 4.266119 4.537765 3.888343 3.028743 3.480564 4.534548 4.414144 2.620328 0.9854664 0.3410833 0.1947397 0.3065414 0.5891002 0.780617 1.151804 1.896618 2.408663 1.663633 1.246806 1.445269 2.223889 3.298675 3.965377 3.99976 3.970366 4.519967 4.688324 4.685387 5.449728 6.652836 8.478798 8.647908 7.253013 6.516089 5.722348 4.777322 4.33761 4.606493 5.042072 4.899502 4.215082 4.17584 4.755926 4.783586 4.450061 3.856769 3.445114 3.443727 3.984972 3.746499 2.894927 3.791639 4.679586 4.011379 3.156991 2.805371 3.222721
7.876681 2.946148 0.435896 0.5999147 0.821402 0.8381401 0.8915777 1.364263 2.454231 3.526556 3.617715 3.635601 4.670547 5.147946 5.025959 3.671729 2.319639 2.640209 3.994023 4.388706 2.613065 1.036549 0.5659165 0.5355828 0.4334991 0.7947507 0.9993291 1.129512 1.43193 1.776389 1.399478 1.402088 1.49106 2.679607 4.289029 4.415736 4.230742 4.506479 4.999567 5.021185 4.928844 5.778111 7.5832 9.268028 8.791774 6.970839 5.973494 5.18124 4.412485 4.153199 4.273421 4.635652 4.956455 4.561586 4.193061 4.651115 4.664235 4.043467 3.630581 3.907117 4.492304 4.396667 3.851811 3.511684 4.115861 4.274309 3.418182 2.763626 2.590261 3.263329
9.170185 3.473268 0.4396805 0.6740516 0.7639696 0.713017 0.7135425 1.566195 2.366501 2.902031 3.228822 3.26199 4.969676 6.042255 5.352879 3.538197 1.910014 2.231004 3.753955 4.220975 2.648552 1.275323 0.5776603 0.7524464 0.4419766 0.771048 1.037986 0.8539237 0.8606219 1.364902 1.440984 1.565431 1.843899 3.65702 5.075491 4.923265 4.912601 5.421388 5.86265 5.452861 5.144183 6.376153 8.645612 9.379885 8.16942 6.457585 5.228044 4.252094 4.041196 4.329655 4.074061 4.4515 4.93052 4.576108 4.197203 4.506208 4.353371 3.677081 4.090284 4.59341 4.661999 4.063717 3.532203 3.628121 3.867852 3.282982 2.421921 2.243018 2.236525 2.844585
10.10999 4.786511 0.6424622 0.6051565 0.6806785 0.5176208 0.5499362 1.921517 2.31396 2.168302 2.921506 3.110914 4.926085 6.4208 5.503932 3.83877 2.399685 2.311156 3.846392 4.286695 2.916281 1.60901 1.045747 1.045415 0.6320786 0.7199515 1.062726 0.7922574 0.4961261 0.9532998 1.166989 1.466016 2.785219 4.871834 5.48375 5.377826 5.771326 6.097171 6.087163 5.61254 5.908933 7.530716 9.248729 8.706372 7.047771 5.967816 4.812509 3.735378 4.002503 4.636468 4.112218 4.577125 4.880927 4.30772 4.177456 4.282894 3.825625 3.655944 4.944746 5.062129 4.386788 4.011201 3.634413 3.699586 3.695531 2.808529 1.876908 1.70039 1.886883 2.708141
10.21064 8.836783 1.750182 0.6492592 0.5737706 0.4190455 0.6094999 1.764863 2.159559 2.126217 2.826489 3.078442 4.672926 6.315791 5.57284 4.512955 3.1819 2.484046 3.933507 4.451973 3.011551 1.648888 1.445939 1.398001 0.5883009 0.728628 1.033943 0.5855115 0.280332 0.7141425 0.9342093 1.799267 3.88786 5.496268 5.716041 5.766909 6.414904 6.310901 5.805768 5.724725 6.427664 7.679708 8.255138 7.27496 6.146829 5.504642 4.367026 3.619707 3.914362 4.5072 4.294015 4.680232 4.722688 3.979366 3.877943 3.755125 3.519575 4.016288 5.427958 5.461311 4.312551 3.99719 4.003823 3.781167 3.211071 2.493141 1.741247 1.384383 2.106163 3.157681
6.190225 13.65047 6.561322 2.391191 0.9677088 0.4760937 0.6363026 1.202516 1.718377 2.654103 3.403289 2.873601 4.035367 6.123859 5.499839 5.275604 4.063071 2.488109 3.592977 4.248 2.912205 1.046828 1.049212 1.553827 0.7285486 0.6927927 0.8112208 0.3631034 0.2311136 0.4843529 0.8519214 2.371444 4.907328 6.239213 6.454895 6.304027 6.627611 6.024471 5.452328 5.746785 6.365355 6.75692 6.739922 6.284079 5.848266 5.26362 3.862502 3.266777 3.77514 4.308381 4.496715 4.851206 4.76463 3.98523 3.359012 3.109827 3.582245 4.270581 5.328539 5.697307 4.597888 4.262394 4.473267 3.726239 2.677049 2.374701 1.878669 1.656311 2.561203 3.177303
5.951996 11.34216 15.32654 10.82694 5.793054 5.804925 6.290126 4.537649 1.766394 2.286417 3.88666 2.773767 3.619177 6.114813 5.59076 5.627405 4.674577 2.587511 3.088964 3.977125 3.319333 1.313094 0.6504631 1.628806 0.9728274 0.6373487 0.7012307 0.3428328 0.2732182 0.2347118 0.3309624 2.735047 5.834537 7.058962 7.15749 6.368126 6.080465 5.438973 5.342062 5.916412 6.550633 6.425017 6.037726 5.82964 5.611804 5.005136 3.461471 2.958856 3.766383 4.305999 4.55797 4.942747 4.826642 3.942085 3.036472 3.161623 3.91407 4.205693 4.982473 5.632417 4.940546 4.660936 4.744568 3.685586 2.517996 2.26948 1.954125 1.910035 2.458922 2.7659
10.59854 4.163927 8.371242 14.72861 14.00616 14.39024 12.77427 9.42273 4.860911 1.215991 3.395642 2.761239 3.431815 6.175295 6.1451 5.456597 4.769323 3.160212 3.088013 3.951737 3.49837 1.435251 0.6234894 1.449885 1.055422 0.541178 0.7153344 0.2568242 0.248483 0.2768859 0.5039039 3.137952 6.22078 7.648233 7.324103 6.16112 5.660094 5.2451 5.623544 6.323791 6.481734 5.929228 5.585545 5.530272 5.323083 4.51818 3.278893 3.112322 3.923114 4.396549 4.502664 4.49231 4.565124 4.053486 3.493288 3.975912 4.246048 4.297852 5.159038 5.789866 5.208084 4.5756 4.445692 3.793769 2.553231 1.972448 1.992636 1.950156 2.102086 2.535633
3.814867 9.156088 6.904488 2.906613 10.03195 11.21184 9.898045 10.0633 7.481699 1.284886 2.846049 2.444983 2.752987 5.681579 6.932623 5.441701 4.576214 3.645017 3.352156 4.046905 3.227515 1.275055 0.9395006 1.286417 1.123954 0.6387094 0.8588418 0.4738868 0.7019093 0.6744465 1.168159 3.69313 6.400138 7.667528 6.982275 6.355971 5.990175 5.500253 6.009262 6.599616 6.125191 5.529676 5.478461 5.400228 5.068146 4.191159 3.449065 3.575441 4.049856 4.163697 4.051709 3.858129 4.25836 4.402578 4.341653 4.703562 4.554187 4.683234 5.563806 5.719571 5.019604 4.482437 4.316228 4.021785 2.942494 2.438873 2.363899 1.996639 2.176504 2.752513
2.913003 2.016042 7.082645 7.879114 6.55041 1.792265 6.111859 9.305593 8.661633 2.877417 2.203341 2.678631 2.489747 4.379093 6.968815 5.871705 4.656916 4.151754 3.585683 3.92272 2.765277 0.8228478 0.7741753 1.387988 1.306309 1.007467 1.157313 1.032752 1.012306 0.8869403 1.913029 4.36833 6.473802 7.178907 6.608418 6.760978 6.612773 5.871051 6.19972 6.550705 5.970839 5.278219 5.165341 5.257385 4.931388 4.214477 3.693784 3.718692 3.93296 3.814671 3.687065 3.800084 4.28109 4.545653 4.682379 4.798966 4.625381 4.643116 5.200085 5.156873 4.505764 4.392743 4.585425 4.221327 3.287945 2.925958 2.282661 1.714467 2.255012 2.848721
1.261419 2.20502 1.995375 6.221875 9.945171 8.131807 2.608093 8.879011 8.390155 4.207347 1.492682 3.241654 3.155988 3.843859 6.204107 6.034104 5.127488 4.676907 3.624186 3.633739 2.378198 0.4686842 0.9615309 1.671147 1.508981 1.563643 1.973858 1.783226 1.244659 1.735759 2.962442 4.974537 6.462003 6.541966 6.417387 6.970553 6.954017 6.318444 6.228577 6.289719 6.016084 5.059465 4.746842 5.16246 5.029216 4.474777 3.956113 3.632385 3.571096 3.537162 3.734347 4.096882 4.300582 4.313052 4.456109 4.783142 5.042319 5.287469 5.509535 5.433908 4.931288 4.656214 4.546922 3.881001 2.999248 2.328953 1.498499 1.452507 2.483399 3.05911
2.511062 2.490508 0.8712434 1.132564 4.253531 9.478663 2.278852 10.82952 9.057893 3.584509 1.510399 3.082544 3.857478 4.511043 5.834729 5.937099 5.387118 4.670475 3.380642 3.38265 2.157658 0.05673262 1.172327 1.885351 1.721494 1.669137 1.808723 1.517748 1.546652 2.900259 3.808681 5.304596 6.25995 5.770421 6.028984 7.126773 7.169267 6.647737 6.158988 6.140696 6.337159 5.377314 4.820028 5.181276 5.230709 4.881671 4.403924 3.776916 3.413897 3.630676 4.178377 4.28457 4.231492 4.292434 4.423286 5.26651 6.012314 6.441102 6.273179 5.627081 5.028884 4.324134 3.78883 3.516404 2.984787 1.796559 1.188712 1.679737 2.968292 3.457462
4.13241 1.386497 1.299448 3.950197 7.335709 10.62434 3.242222 13.41655 10.24117 1.291783 2.000729 2.224596 3.901772 5.61137 6.348564 5.7463 4.767742 3.965618 3.058129 3.419167 2.276016 0.1197791 1.461318 2.186302 1.960635 1.17643 1.278313 1.062572 1.981754 3.491189 4.258373 5.322942 5.688206 5.31392 5.944436 7.701565 7.779496 6.619401 6.024023 6.53846 6.844355 5.638121 4.916755 5.139413 5.193062 4.796054 4.406791 3.801623 3.463657 3.94565 4.448003 4.257544 4.455708 4.945572 5.138606 6.073555 6.686293 6.215351 5.542069 4.731919 4.115424 3.416994 2.923524 3.074036 3.08469 1.655211 1.137741 2.148073 3.249186 3.338842
