testcase_input/parameters/slope_old.dat
ncols         214
nrows         263
xllcorner     382500
yllcorner     7541702
cellsize      16
NODATA_value  -9999
[rows 128 to 143 of 263, columns 37 to 73 of 214]
-9.999000000000000000e+03 -9.999000000000000000e+03 -9.999000000000000000e+03 -9.999000000000000000e+03 -9.999000000000000000e+03 -9.999000000000000000e+03 -9.999000000000000000e+03 -9.999000000000000000e+03 -9.999000000000000000e+03 -9.999000000000000000e+03 -9.999000000000000000e+03 -9.999000000000000000e+03 -9.999000000000000000e+03 5.066422999999999899e-01 4.326221000000000094e-01 5.093482000000000287e-01 9.694099000000000466e-01 1.373771000000000075e+00 1.378887999999999892e+00 1.584676999999999891e+00 2.499439999999999884e+00 2.997621000000000091e+00 1.617256000000000027e+00 1.094348000000000098e+00 1.505266999999999911e+00 2.190653999999999879e+00 2.637579999999999814e+00 2.372206999999999955e+00 2.708947000000000216e+00 4.581417000000000073e+00 4.982652999999999999e+00 2.178843000000000085e+00 2.728272000000000030e+00 4.131983000000000184e-01 3.282221999999999973e+00 5.436969000000000385e+00 3.590033000000000030e+00
-9.999000000000000000e+03 -9.999000000000000000e+03 -9.999000000000000000e+03 -9.999000000000000000e+03 -9.999000000000000000e+03 -9.999000000000000000e+03 -9.999000000000000000e+03 -9.999000000000000000e+03 -9.999000000000000000e+03 -9.999000000000000000e+03 -9.999000000000000000e+03 -9.999000000000000000e+03 -9.999000000000000000e+03 7.896408000000000316e-01 5.084710000000000063e-01 4.452104000000000061e-01 7.345374000000000070e-01 1.384408000000000083e+00 1.769225999999999965e+00 2.116905000000000037e+00 3.100265999999999966e+00 2.685976000000000141e+00 1.281522000000000050e+00 1.167246999999999924e+00 1.746486999999999901e+00 2.040795000000000137e+00 2.487705000000000055e+00 3.110285000000000188e+00 3.965948000000000029e+00 4.068062000000000289e+00 1.916654000000000080e+00 1.653092999999999924e+00 2.524859999999999882e+00 2.406337000000000170e+00 2.800807999999999964e+00 1.403429999999999955e+00 2.923112999999999850e+00
-9.999000000000000000e+03 -9.999000000000000000e+03 -9.999000000000000000e+03 -9.999000000000000000e+03 -9.999000000000000000e+03 -9.999000000000000000e+03 -9.999000000000000000e+03 -9.999000000000000000e+03 -9.999000000000000000e+03 -9.999000000000000000e+03 -9.999000000000000000e+03 -9.999000000000000000e+03 -9.999000000000000000e+03 9.546809000000000545e-01 7.935432000000000041e-01 1.066313000000000066e+00 1.436692000000000080e+00 1.700873999999999997e+00 1.882331999999999894e+00 2.299792000000000058e+00 3.248585999999999974e+00 2.145204999999999806e+00 1.438067999999999902e+00 1.414469999999999894e+00 1.987028000000000016e+00 2.013546999999999976e+00 3.178894000000000108e+00 4.374280999999999864e+00 3.592442999999999831e+00 1.436476000000000086e+00 9.303510000000000391e-01 2.262979000000000074e+00 2.446124000000000187e+00 2.090215000000000156e+00 1.896873000000000031e+00 3.403242000000000100e+00 3.656779999999999919e+00
-9.999000000000000000e+03 -9.999000000000000000e+03 -9.999000000000000000e+03 -9.999000000000000000e+03 -9.999000000000000000e+03 -9.999000000000000000e+03 -9.999000000000000000e+03 -9.999000000000000000e+03 -9.999000000000000000e+03 -9.999000000000000000e+03 -9.999000000000000000e+03 -9.999000000000000000e+03 -9.999000000000000000e+03 1.147497999999999907e+00 1.257552000000000003e+00 1.850927999999999907e+00 2.118418999999999830e+00 1.966971000000000025e+00 1.871555999999999997e+00 2.303761999999999865e+00 3.098098999999999936e+00 1.857334000000000040e+00 1.773136000000000045e+00 1.859269000000000061e+00 2.206220000000000070e+00 2.294151999999999969e+00 4.406568000000000040e+00 4.182212999999999958e+00 1.131971000000000060e+00 5.064446000000000225e-01 1.609907999999999895e+00 1.996439999999999992e+00 1.915662999999999894e+00 1.269308000000000103e+00 1.732377999999999973e+00 7.398255999999999721e-01 4.525268999999999764e+00
-9.999000000000000000e+03 -9.999000000000000000e+03 -9.999000000000000000e+03 -9.999000000000000000e+03 -9.999000000000000000e+03 -9.999000000000000000e+03 -9.999000000000000000e+03 -9.999000000000000000e+03 -9.999000000000000000e+03 -9.999000000000000000e+03 -9.999000000000000000e+03 -9.999000000000000000e+03 -9.999000000000000000e+03 1.348605999999999971e+00 1.733621000000000079e+00 2.309400000000000119e+00 2.246281000000000194e+00 1.998785999999999952e+00 2.003899999999999793e+00 2.511416999999999788e+00 2.973103000000000051e+00 1.760802999999999896e+00 1.865283999999999942e+00 2.108816000000000024e+00 2.116461999999999843e+00 3.305844000000000005e+00 4.951295000000000002e+00 1.998798000000000075e+00 1.007554999999999978e+00 6.146329999999999849e-01 1.192015999999999964e+00 1.674795000000000034e+00 1.864448000000000105e+00 7.958119999999999639e-01 1.907542999999999989e+00 2.683199999999999807e+00 5.739945999999999771e+00
-9.999000000000000000e+03 -9.999000000000000000e+03 -9.999000000000000000e+03 -9.999000000000000000e+03 -9.999000000000000000e+03 -9.999000000000000000e+03 -9.999000000000000000e+03 -9.999000000000000000e+03 -9.999000000000000000e+03 -9.999000000000000000e+03 -9.999000000000000000e+03 -9.999000000000000000e+03 -9.999000000000000000e+03 1.147024999999999961e+00 1.837171000000000110e+00 2.455367999999999995e+00 2.107836999999999961e+00 1.976701000000000041e+00 2.200895000000000046e+00 2.738990999999999953e+00 2.847752999999999979e+00 1.786019000000000023e+00 1.765992999999999924e+00 2.059438000000000102e+00 2.262271999999999839e+00 4.508108000000000004e+00 3.492484999999999840e+00 1.153613999999999917e+00 9.396828000000000403e-01 5.537881000000000054e-01 9.898843000000000503e-01 1.727062000000000097e+00 1.864514999999999922e+00 5.900946000000000247e-01 1.373680999999999930e+00 3.176025999999999794e+00 4.720981000000000094e+00
-9.999000000000000000e+03 -9.999000000000000000e+03 -9.999000000000000000e+03 -9.999000000000000000e+03 -9.999000000000000000e+03 -9.999000000000000000e+03 -9.999000000000000000e+03 -9.999000000000000000e+03 -9.999000000000000000e+03 -9.999000000000000000e+03 -9.999000000000000000e+03 -9.999000000000000000e+03 -9.999000000000000000e+03 1.291439999999999921e+00 2.262500999999999873e+00 2.639781000000000155e+00 2.186240999999999879e+00 2.107132000000000005e+00 2.213284999999999947e+00 2.677827999999999875e+00 2.553638999999999992e+00 1.782796999999999965e+00 1.584721000000000046e+00 1.845820000000000016e+00 2.030156999999999989e+00 3.702662999999999816e+00 1.114775999999999989e+00 1.882438999999999973e+00 2.826460000000000083e-01 9.872838999999999920e-01 1.496361000000000052e+00 1.949507000000000101e+00 1.796378000000000030e+00 8.677038000000000251e-01 1.528820000000000068e+00 3.029494000000000131e+00 5.955280000000000129e+00
-9.999000000000000000e+03 -9.999000000000000000e+03 -9.999000000000000000e+03 -9.999000000000000000e+03 -9.999000000000000000e+03 -9.999000000000000000e+03 -9.999000000000000000e+03 -9.999000000000000000e+03 -9.999000000000000000e+03 -9.999000000000000000e+03 -9.999000000000000000e+03 -9.999000000000000000e+03 -9.999000000000000000e+03 1.687230000000000008e+00 2.591121999999999925e+00 2.581694999999999851e+00 1.969797000000000020e+00 1.967716999999999938e+00 2.101618999999999904e+00 2.471579000000000192e+00 2.171930000000000138e+00 1.867328000000000099e+00 2.700463000000000058e+00 3.753629000000000104e+00 2.732831000000000010e+00 2.288234999999999797e+00 6.515431000000000417e-01 1.389639999999999986e+00 6.827782000000000018e-01 1.101682000000000050e+00 2.532941999999999805e+00 3.646710999999999814e+00 2.978045999999999971e+00 1.073504999999999932e+00 2.585885999999999907e+00 4.582771000000000150e+00 7.131287999999999627e+00
-9.999000000000000000e+03 -9.999000000000000000e+03 -9.999000000000000000e+03 -9.999000000000000000e+03 -9.999000000000000000e+03 -9.999000000000000000e+03 -9.999000000000000000e+03 -9.999000000000000000e+03 -9.999000000000000000e+03 -9.999000000000000000e+03 -9.999000000000000000e+03 -9.999000000000000000e+03 -9.999000000000000000e+03 1.732904000000000000e+00 2.394684999999999953e+00 2.310712000000000099e+00 1.650443000000000104e+00 1.809301999999999966e+00 2.082841000000000165e+00 2.166227999999999820e+00 1.828629000000000060e+00 2.456088999999999967e+00 4.699215999999999838e+00 4.276918000000000220e+00 3.243697000000000052e+00 2.455985999999999780e+00 1.914763999999999911e+00 1.900506999999999946e+00 1.048470999999999931e+00 2.132458000000000187e+00 2.322731000000000101e+00 3.609621000000000191e+00 3.958451999999999860e+00 1.516224999999999934e+00 3.232740999999999865e+00 5.333808000000000327e+00 4.798422999999999661e+00
-9.999000000000000000e+03 -9.999000000000000000e+03 -9.999000000000000000e+03 -9.999000000000000000e+03 -9.999000000000000000e+03 -9.999000000000000000e+03 -9.999000000000000000e+03 -9.999000000000000000e+03 -9.999000000000000000e+03 -9.999000000000000000e+03 -9.999000000000000000e+03 -9.999000000000000000e+03 -9.999000000000000000e+03 1.712472999999999912e+00 2.199583000000000066e+00 2.088283999999999807e+00 1.519276999999999989e+00 1.668087000000000097e+00 1.875000000000000000e+00 1.810362000000000027e+00 1.748204000000000091e+00 3.536557000000000173e+00 4.078947000000000322e+00 2.084182999999999897e+00 2.137776000000000121e+00 3.278348999999999958e+00 2.706875999999999838e+00 2.814671999999999841e+00 1.472131999999999996e+00 2.871790999999999983e+00 1.538151999999999964e+00 2.812597999999999931e+00 3.819904999999999884e+00 2.112772000000000094e+00 3.906467999999999829e+00 6.689947000000000088e+00 3.757617999999999903e+00
-9.999000000000000000e+03 -9.999000000000000000e+03 -9.999000000000000000e+03 -9.999000000000000000e+03 -9.999000000000000000e+03 -9.999000000000000000e+03 -9.999000000000000000e+03 -9.999000000000000000e+03 -9.999000000000000000e+03 -9.999000000000000000e+03 -9.999000000000000000e+03 -9.999000000000000000e+03 -9.999000000000000000e+03 -9.999000000000000000e+03 2.156824999999999992e+00 2.058294000000000068e+00 1.620902999999999983e+00 1.520707999999999949e+00 1.469572000000000100e+00 1.599496999999999947e+00 1.963294000000000095e+00 4.196887000000000256e+00 2.315202999999999900e+00 2.437803999999999860e+00 2.095419999999999838e+00 3.613869000000000220e+00 2.838722999999999885e+00 3.930547999999999931e+00 1.467154999999999987e+00 2.723510000000000097e+00 1.643022999999999900e+00 3.070809000000000122e+00 3.835674000000000028e+00 2.537342000000000208e+00 4.745357000000000269e+00 6.615053999999999768e+00 7.559097999999999651e-01
-9.999000000000000000e+03 -9.999000000000000000e+03 -9.999000000000000000e+03 -9.999000000000000000e+03 -9.999000000000000000e+03 -9.999000000000000000e+03 -9.999000000000000000e+03 -9.999000000000000000e+03 -9.999000000000000000e+03 -9.999000000000000000e+03 -9.999000000000000000e+03 -9.999000000000000000e+03 -9.999000000000000000e+03 -9.999000000000000000e+03 -9.999000000000000000e+03 2.064350999999999825e+00 1.824856000000000034e+00 1.765025999999999984e+00 1.660166000000000031e+00 1.726137000000000032e+00 2.683135000000000048e+00 4.039718999999999838e+00 1.171599000000000057e+00 1.846719999999999917e+00 2.574222999999999928e+00 2.889254999999999907e+00 2.561796000000000184e+00 4.601708999999999605e+00 2.398927000000000032e+00 3.158141000000000087e+00 2.555254999999999832e+00 3.778249999999999886e+00 4.432985000000000397e+00 3.453437999999999786e+00 4.953071999999999697e+00 3.960093000000000085e+00 2.721398000000000206e+00
-9.999000000000000000e+03 -9.999000000000000000e+03 -9.999000000000000000e+03 -9.999000000000000000e+03 -9.999000000000000000e+03 -9.999000000000000000e+03 -9.999000000000000000e+03 -9.999000000000000000e+03 -9.999000000000000000e+03 -9.999000000000000000e+03 -9.999000000000000000e+03 -9.999000000000000000e+03 -9.999000000000000000e+03 -9.999000000000000000e+03 -9.999000000000000000e+03 -9.999000000000000000e+03 2.109188000000000063e+00 2.198516000000000137e+00 2.143581000000000181e+00 1.924260000000000081e+00 4.036392000000000202e+00 3.697092000000000045e+00 1.659337000000000062e+00 8.876214999999999522e-01 2.205594000000000054e+00 2.449997999999999898e+00 2.518718999999999930e+00 4.945026000000000366e+00 6.056333999999999662e+00 5.903129999999999988e+00 4.748725999999999559e+00 5.050314000000000192e+00 6.040667000000000009e+00 4.826446999999999932e+00 3.486276000000000153e+00 9.796067000000000524e-01 2.304966999999999988e+00
-9.999000000000000000e+03 -9.999000000000000000e+03 -9.999000000000000000e+03 -9.999000000000000000e+03 -9.999000000000000000e+03 -9.999000000000000000e+03 -9.999000000000000000e+03 -9.999000000000000000e+03 -9.999000000000000000e+03 -9.999000000000000000e+03 -9.999000000000000000e+03 -9.999000000000000000e+03 -9.999000000000000000e+03 -9.999000000000000000e+03 -9.999000000000000000e+03 -9.999000000000000000e+03 -9.999000000000000000e+03 2.544461999999999779e+00 2.560592000000000201e+00 2.454181999999999864e+00 4.548301999999999623e+00 2.549221999999999877e+00 2.678659000000000123e+00 1.630951000000000040e+00 2.173842000000000052e+00 2.582961000000000062e+00 2.222245000000000026e+00 3.881028000000000144e+00 5.615251999999999910e+00 5.921956999999999915e+00 7.102357999999999727e+00 8.321438000000000557e+00 8.665508000000000877e+00 5.325539000000000023e+00 2.492334000000000049e+00 1.624500999999999973e+00 2.293267999999999862e+00
-9.999000000000000000e+03 -9.999000000000000000e+03 -9.999000000000000000e+03 -9.999000000000000000e+03 -9.999000000000000000e+03 -9.999000000000000000e+03 -9.999000000000000000e+03 -9.999000000000000000e+03 -9.999000000000000000e+03 -9.999000000000000000e+03 -9.999000000000000000e+03 -9.999000000000000000e+03 -9.999000000000000000e+03 -9.999000000000000000e+03 -9.999000000000000000e+03 -9.999000000000000000e+03 -9.999000000000000000e+03 -9.999000000000000000e+03 2.586667999999999967e+00 2.719100000000000072e+00 3.763456000000000135e+00 1.779705000000000092e+00 2.323653999999999886e+00 2.540182000000000162e+00 2.626498000000000221e+00 2.501281999999999783e+00 2.396002999999999883e+00 3.206837000000000160e+00 3.353061999999999987e+00 5.730432999999999666e+00 8.788710999999999274e+00 7.805142000000000024e+00 8.312350999999999601e+00 5.112106999999999957e+00 3.631095999999999879e+00 3.403487999999999847e+00 3.201079000000000008e+00
-9.999000000000000000e+03 -9.999000000000000000e+03 -9.999000000000000000e+03 -9.999000000000000000e+03 -9.999000000000000000e+03 -9.999000000000000000e+03 -9.999000000000000000e+03 -9.999000000000000000e+03 -9.999000000000000000e+03 -9.999000000000000000e+03 -9.999000000000000000e+03 -9.999000000000000000e+03 -9.999000000000000000e+03 -9.999000000000000000e+03 -9.999000000000000000e+03 -9.999000000000000000e+03 -9.999000000000000000e+03 -9.999000000000000000e+03 2.602825999999999862e+00 2.641000000000000014e+00 3.149058000000000135e+00 1.938360000000000083e+00 1.815226999999999924e+00 2.446105999999999892e+00 2.541751000000000094e+00 2.390740000000000087e+00 3.504303999999999863e+00 4.570629000000000275e+00 5.003911000000000442e+00 5.718280000000000030e+00 3.624578000000000078e+00 4.145209999999999617e+00 7.348574000000000161e+00 3.177715000000000067e+00 3.234707999999999917e+00 3.525063999999999975e+00 4.356525999999999677e+00
