testcase_input/parameters/slope.dat
ncols         214
nrows         263
xllcorner     382500
yllcorner     7541702
cellsize      16
NODATA_value  -9999
[rows 128 to 143 of 263, columns 111 to 147 of 214]
5.440440999999999860e+00 5.421291400000000316e+00 5.347425499999999943e+00 5.734072699999999578e+00 6.014145400000000308e+00 6.103564300000000387e+00 4.976796600000000126e+00 3.832888099999999909e+00 3.298980999999999941e+00 2.979786999999999964e+00 3.724653500000000061e+00 4.775442599999999871e+00 4.911256999999999984e+00 4.144860699999999731e+00 3.248495800000000155e+00 3.090643599999999935e+00 2.983754199999999912e+00 2.712853700000000146e+00 2.425415300000000052e+00 2.245211600000000196e+00 1.900532399999999900e+00 2.145837300000000170e+00 3.280326099999999911e+00 2.551655999999999924e+00 9.248140500000000541e-01 8.819540999999999631e-01 6.038863700000000057e-01 1.018269960000000030e-01 3.975758899999999874e-01 5.019152999999999532e-01 7.026186599999999505e-01 -9.999000000000000000e+03 -9.999000000000000000e+03 -9.999000000000000000e+03 -9.999000000000000000e+03 -9.999000000000000000e+03 -9.999000000000000000e+03
5.799525000000000041e+00 5.398094000000000392e+00 4.909507999999999761e+00 5.340592000000000006e+00 5.707484199999999674e+00 5.946126500000000092e+00 5.159140999999999977e+00 3.936975200000000008e+00 3.479182000000000219e+00 3.369619399999999931e+00 3.708628000000000036e+00 4.062195000000000000e+00 4.161407500000000148e+00 4.012604699999999802e+00 3.606890400000000163e+00 3.073189999999999866e+00 2.576871000000000134e+00 2.665303499999999826e+00 2.718119399999999963e+00 2.654904800000000176e+00 2.623679000000000094e+00 2.931413200000000163e+00 3.472158400000000089e+00 2.134219199999999983e+00 5.394642400000000393e-01 7.226734000000000213e-01 1.052562999999999915e+00 8.548121499999999928e-01 3.693292699999999873e-01 5.536127699999999763e-01 -9.999000000000000000e+03 -9.999000000000000000e+03 -9.999000000000000000e+03 -9.999000000000000000e+03 -9.999000000000000000e+03 -9.999000000000000000e+03 -9.999000000000000000e+03
5.899148000000000280e+00 5.114521500000000387e+00 4.503504799999999975e+00 4.956797599999999804e+00 5.559120700000000248e+00 5.743781000000000247e+00 5.062037000000000120e+00 4.144454500000000152e+00 3.799420399999999809e+00 3.649782699999999824e+00 3.371814300000000042e+00 3.243497000000000074e+00 3.286420800000000142e+00 3.582868299999999895e+00 3.844240999999999797e+00 3.209585999999999828e+00 2.597998000000000030e+00 2.582657799999999781e+00 2.752711999999999826e+00 3.018575999999999926e+00 3.127787600000000001e+00 3.206096000000000057e+00 3.071534600000000115e+00 1.991699099999999945e+00 8.582435000000000480e-01 9.409216999999999720e-01 9.661686000000000440e-01 1.309250999999999943e+00 8.651809000000000305e-01 5.748406999999999822e-01 -9.999000000000000000e+03 -9.999000000000000000e+03 -9.999000000000000000e+03 -9.999000000000000000e+03 -9.999000000000000000e+03 -9.999000000000000000e+03 -9.999000000000000000e+03
5.373419000000000167e+00 5.075599699999999714e+00 4.522644999999999804e+00 4.848670000000000258e+00 5.458854699999999838e+00 5.401818999999999704e+00 4.683307000000000109e+00 4.294629999999999725e+00 4.056644399999999706e+00 3.661536700000000089e+00 3.309563900000000114e+00 2.940983300000000078e+00 2.844005999999999812e+00 3.090955300000000072e+00 3.693101200000000084e+00 3.286492599999999875e+00 2.909592400000000190e+00 3.050975300000000168e+00 2.967096999999999873e+00 3.206827600000000000e+00 3.104241099999999864e+00 3.065962299999999807e+00 2.946657399999999871e+00 2.132404999999999884e+00 9.794903000000000359e-01 4.056897999999999893e-01 1.054892299999999894e+00 1.604914799999999975e+00 1.152827899999999905e+00 2.526811999999999947e-01 -9.999000000000000000e+03 -9.999000000000000000e+03 -9.999000000000000000e+03 -9.999000000000000000e+03 -9.999000000000000000e+03 -9.999000000000000000e+03 -9.999000000000000000e+03
4.807199999999999918e+00 4.994447700000000268e+00 4.827157500000000212e+00 5.222676800000000341e+00 5.357056599999999946e+00 4.761256999999999628e+00 4.153497699999999959e+00 4.340043500000000165e+00 4.073623999999999690e+00 3.351341199999999798e+00 3.377536999999999789e+00 3.289869500000000002e+00 3.083966999999999903e+00 3.110408300000000015e+00 3.623482200000000208e+00 3.534165999999999919e+00 3.381986100000000217e+00 3.294102399999999875e+00 3.025948500000000152e+00 3.080506999999999884e+00 2.913819000000000159e+00 2.919186999999999976e+00 2.831595200000000201e+00 2.098863399999999935e+00 1.078270999999999979e+00 2.056564499999999907e-01 1.329325899999999949e+00 1.807902499999999968e+00 9.516793000000000058e-01 1.820532699999999893e-01 -9.999000000000000000e+03 -9.999000000000000000e+03 -9.999000000000000000e+03 -9.999000000000000000e+03 -9.999000000000000000e+03 -9.999000000000000000e+03 -9.999000000000000000e+03
4.759464000000000361e+00 4.796636600000000250e+00 5.093755999999999950e+00 5.412600000000000300e+00 5.100984000000000407e+00 4.251619299999999768e+00 3.505923999999999818e+00 4.025011000000000116e+00 3.863874200000000148e+00 3.033256999999999870e+00 3.337254999999999860e+00 3.609898799999999852e+00 3.689074000000000186e+00 4.162329699999999910e+00 4.310037999999999592e+00 3.563995100000000082e+00 3.240860200000000191e+00 3.142217200000000155e+00 2.854335499999999914e+00 2.902979600000000104e+00 2.866526400000000141e+00 2.742091199999999951e+00 2.567177500000000112e+00 2.036033600000000110e+00 1.136375200000000030e+00 6.978280999999999512e-01 1.392268300000000014e+00 1.911888999999999950e+00 6.774269299999999827e-01 3.259729399999999888e-01 5.127144500000000438e-01 6.107666000000000484e-01 -9.999000000000000000e+03 -9.999000000000000000e+03 -9.999000000000000000e+03 -9.999000000000000000e+03 -9.999000000000000000e+03
4.756181200000000331e+00 4.762378700000000187e+00 5.085742500000000277e+00 5.362567399999999651e+00 5.074737999999999971e+00 4.148366000000000220e+00 3.067636499999999877e+00 3.271314400000000067e+00 3.411872900000000097e+00 3.077329999999999899e+00 3.668496999999999897e+00 4.227735000000000021e+00 4.750190299999999866e+00 5.089945300000000117e+00 4.398361000000000409e+00 3.075332599999999861e+00 2.688544999999999963e+00 2.726099000000000050e+00 2.522115700000000071e+00 2.878953500000000165e+00 2.908061299999999960e+00 2.555371000000000059e+00 2.465566400000000158e+00 1.953738799999999998e+00 1.142915399999999915e+00 1.012857600000000025e+00 1.409865600000000052e+00 1.809971800000000020e+00 9.400674700000000161e-01 9.671969999999999734e-01 9.858267299999999844e-01 8.117290999999999812e-01 5.409119999999999484e-01 3.057252200000000197e-01 -9.999000000000000000e+03 -9.999000000000000000e+03 -9.999000000000000000e+03
4.634574399999999983e+00 5.152792999999999957e+00 5.296803999999999846e+00 5.369406999999999819e+00 5.217948400000000042e+00 4.195196000000000147e+00 2.773248000000000157e+00 2.498500799999999966e+00 2.877098000000000155e+00 3.346374299999999913e+00 4.111054000000000208e+00 4.519696999999999854e+00 5.434592199999999984e+00 5.280650999999999762e+00 3.864031000000000216e+00 2.445829600000000159e+00 2.048073800000000055e+00 2.128073500000000173e+00 2.167953499999999867e+00 2.752081899999999859e+00 2.809663299999999975e+00 2.651301099999999966e+00 2.828361300000000078e+00 1.980975300000000106e+00 9.022240000000000260e-01 8.280182000000000375e-01 1.098653099999999938e+00 1.598121899999999984e+00 1.233253500000000003e+00 1.086724599999999930e+00 1.067459500000000006e+00 7.572041999999999939e-01 5.870254599999999989e-01 6.019330600000000198e-01 5.358893999999999602e-01 -9.999000000000000000e+03 -9.999000000000000000e+03
5.120376000000000261e+00 5.809772500000000228e+00 5.753823299999999641e+00 5.368294699999999864e+00 5.182942399999999950e+00 4.162784000000000262e+00 2.714136400000000116e+00 2.315164600000000128e+00 2.713493000000000155e+00 3.522621399999999792e+00 4.167099999999999582e+00 4.624266999999999683e+00 5.733567700000000045e+00 5.227290599999999898e+00 3.479842000000000102e+00 2.427965400000000162e+00 1.933233999999999897e+00 1.663027199999999928e+00 1.852379900000000079e+00 2.512604699999999802e+00 2.593717299999999781e+00 2.844657999999999909e+00 3.219580699999999851e+00 2.060608000000000217e+00 1.201977099999999909e+00 7.812801999999999802e-01 6.342244000000000215e-01 1.604175099999999965e+00 1.357026700000000030e+00 7.856811999999999685e-01 6.341226699999999994e-01 5.967354999999999743e-01 5.766299999999999759e-01 4.558433599999999752e-01 3.157595000000000263e-01 -9.999000000000000000e+03 -9.999000000000000000e+03
5.594536299999999684e+00 6.062177700000000335e+00 5.681646999999999892e+00 5.202090300000000056e+00 4.944995399999999819e+00 3.940322399999999892e+00 2.832351000000000063e+00 2.587543999999999844e+00 2.785994300000000035e+00 3.553611800000000098e+00 4.302483600000000408e+00 4.771982000000000390e+00 5.361690000000000289e+00 4.637967599999999635e+00 3.348918199999999956e+00 2.624662999999999968e+00 2.025294000000000150e+00 1.397637100000000077e+00 1.519829199999999991e+00 2.159939500000000123e+00 2.605075400000000041e+00 3.286957699999999871e+00 3.382432999999999801e+00 2.469283799999999918e+00 2.100878699999999988e+00 1.678145500000000068e+00 6.033705000000000318e-01 1.868979100000000004e+00 1.612361799999999956e+00 1.007119499999999945e+00 8.432017000000000539e-01 9.338897000000000448e-01 9.388853299999999624e-01 8.688924000000000092e-01 1.191046000000000049e+00 -9.999000000000000000e+03 -9.999000000000000000e+03
5.817775000000000141e+00 5.905794000000000210e+00 5.297109999999999985e+00 4.819312599999999946e+00 4.426314999999999777e+00 3.500642299999999985e+00 2.974768399999999868e+00 3.012726999999999933e+00 2.932901399999999992e+00 3.320803600000000078e+00 4.073157000000000139e+00 4.415424999999999933e+00 4.547671000000000241e+00 4.083164700000000202e+00 3.517238900000000168e+00 2.874625200000000103e+00 2.036817600000000006e+00 1.314195000000000002e+00 1.282444600000000046e+00 1.598521499999999929e+00 2.167019799999999830e+00 3.208483000000000196e+00 3.289769399999999955e+00 3.015183200000000063e+00 2.736826000000000203e+00 2.601122399999999946e+00 1.844031900000000057e+00 2.589612699999999990e+00 2.060404999999999820e+00 1.507381000000000082e+00 1.315211799999999931e+00 1.065368899999999952e+00 7.948969000000000174e-01 1.645526999999999962e+00 1.751403000000000043e+00 7.247225600000000156e-01 -9.999000000000000000e+03
5.750776000000000110e+00 5.797498000000000040e+00 5.244219300000000139e+00 4.692910699999999657e+00 4.246718000000000437e+00 3.417742699999999800e+00 3.250554300000000119e+00 3.151604999999999990e+00 2.593505099999999786e+00 2.680812799999999996e+00 3.456446399999999919e+00 3.819824000000000108e+00 3.916710099999999972e+00 4.028287399999999963e+00 3.886989999999999945e+00 3.242033999999999860e+00 2.231974099999999961e+00 1.308096399999999937e+00 1.263574999999999893e+00 1.551148500000000041e+00 1.920674999999999910e+00 2.414446400000000104e+00 2.600768799999999992e+00 2.757101000000000024e+00 3.012514599999999820e+00 3.116583799999999904e+00 3.090037999999999840e+00 3.193069700000000122e+00 2.337300299999999886e+00 1.726723400000000019e+00 1.404521600000000037e+00 1.060363799999999967e+00 9.191394999999999982e-01 2.284847500000000142e+00 2.358182199999999895e+00 1.348484900000000097e+00 -9.999000000000000000e+03
5.547860599999999920e+00 5.477178000000000324e+00 5.158879299999999724e+00 5.124881300000000195e+00 4.756873599999999591e+00 3.763927199999999917e+00 3.220909999999999940e+00 2.630963799999999964e+00 2.087931399999999993e+00 2.271402600000000049e+00 2.770993700000000004e+00 3.137409200000000009e+00 3.466084200000000060e+00 3.988152299999999872e+00 4.175304399999999916e+00 3.741717599999999866e+00 2.748296999999999990e+00 1.637116599999999922e+00 1.474738199999999999e+00 1.800700699999999932e+00 1.931456599999999968e+00 1.949944499999999969e+00 1.932122600000000023e+00 2.178896400000000177e+00 2.797992999999999952e+00 3.273476399999999842e+00 3.617052800000000179e+00 3.264704500000000120e+00 2.550888500000000114e+00 2.151842600000000161e+00 1.980585100000000098e+00 1.756205800000000039e+00 1.684076300000000082e+00 2.932803600000000177e+00 2.970848600000000062e+00 1.603606599999999993e+00 -9.999000000000000000e+03
5.700976999999999961e+00 5.335920999999999914e+00 5.312331999999999610e+00 5.660803300000000426e+00 4.969033699999999776e+00 3.631651199999999857e+00 2.720649499999999943e+00 2.066615300000000044e+00 1.850182400000000005e+00 2.014628000000000085e+00 2.246028200000000030e+00 2.675189000000000039e+00 3.162211399999999895e+00 3.685770999999999908e+00 4.198291000000000217e+00 4.201766000000000112e+00 3.395159000000000038e+00 2.354554400000000047e+00 1.940677599999999892e+00 2.032882700000000042e+00 1.986770900000000006e+00 2.142458700000000160e+00 2.153424499999999853e+00 2.169050200000000039e+00 2.486892500000000172e+00 2.886337000000000153e+00 3.110899999999999999e+00 2.792398500000000006e+00 2.388841199999999887e+00 1.917362800000000034e+00 1.863754899999999992e+00 1.899134499999999948e+00 2.303825100000000070e+00 3.756013900000000127e+00 3.381189299999999953e+00 1.619841899999999946e+00 -9.999000000000000000e+03
5.684367700000000134e+00 5.261302500000000215e+00 5.559324300000000108e+00 5.614023999999999681e+00 4.396142000000000216e+00 3.127514800000000150e+00 2.424135699999999893e+00 1.803948499999999955e+00 1.557392200000000004e+00 1.573244499999999935e+00 1.856610400000000105e+00 2.460118800000000050e+00 3.063963400000000004e+00 3.501953400000000105e+00 4.088517699999999699e+00 4.307084599999999597e+00 3.677039000000000168e+00 2.840416700000000017e+00 2.446563499999999891e+00 2.357419999999999849e+00 2.321458300000000197e+00 2.535949200000000125e+00 2.554463099999999987e+00 2.366059799999999935e+00 2.410793799999999987e+00 2.440589000000000119e+00 2.257398400000000027e+00 2.259158600000000128e+00 2.465393000000000168e+00 2.086953600000000186e+00 1.835810699999999906e+00 1.781701600000000107e+00 2.968173499999999798e+00 4.422960999999999920e+00 3.294808000000000181e+00 1.691536900000000010e+00 -9.999000000000000000e+03
5.239908699999999975e+00 5.571422600000000003e+00 6.041264499999999593e+00 5.337390000000000079e+00 3.718066199999999988e+00 2.717754400000000015e+00 2.326845000000000052e+00 1.920237100000000030e+00 1.505349800000000071e+00 1.296834499999999890e+00 1.395603200000000044e+00 1.933039500000000022e+00 2.727569599999999816e+00 3.428377600000000136e+00 4.092243999999999993e+00 4.313019999999999854e+00 3.888369599999999870e+00 3.478256000000000014e+00 3.117938999999999794e+00 2.689739199999999997e+00 2.615242199999999961e+00 2.700553999999999899e+00 2.649696599999999957e+00 2.391989999999999839e+00 2.185442999999999802e+00 1.975614800000000004e+00 1.683432199999999934e+00 1.797615299999999916e+00 2.117630000000000123e+00 2.603550699999999996e+00 2.433066000000000173e+00 2.293978200000000189e+00 3.841021500000000088e+00 4.620466000000000406e+00 2.813029300000000177e+00 1.839386900000000047e+00 5.311857500000000121e-01
