testcase_input/parameters/slope_old.dat
ncols         214
nrows         263
xllcorner     382500
yllcorner     7541702
cellsize      16
NODATA_value  -9999
[rows 192 to 207 of 263, columns 111 to 147 of 214]
1.672045000000000003e+00 1.704590999999999967e+00 2.160782999999999898e+00 2.409771000000000107e+00 2.294633000000000145e+00 2.243911999999999907e+00 2.142027000000000125e+00 1.473389999999999977e+00 1.291598999999999942e+00 1.796180000000000110e+00 1.986407000000000034e+00 2.572115000000000151e+00 3.376710999999999796e+00 3.373552000000000106e+00 2.789642000000000177e+00 2.016324000000000005e+00 1.486147000000000107e+00 1.758599000000000023e+00 7.774978999999999640e-01 4.191274999999999862e-01 2.273833000000000104e-01 6.308432000000000484e-01 5.022805999999999660e-01 2.690621999999999736e-01 6.740080999999999989e-01 1.460380000000000011e+00 1.452924000000000104e+00 4.891530000000000045e-01 5.092759999999999510e-01 1.260685000000000056e+00 1.286227999999999927e+00 1.318225999999999898e+00 5.127781999999999618e-01 1.581077999999999983e+00 3.208353999999999928e+00 3.678984999999999950e+00 2.947194999999999787e+00
1.844222999999999946e+00 2.142307999999999879e+00 2.561726000000000170e+00 2.718287999999999816e+00 2.373960999999999988e+00 1.885197999999999929e+00 1.403948999999999891e+00 1.514763999999999999e+00 2.018942000000000014e+00 2.020569000000000059e+00 2.107193999999999789e+00 2.807987999999999928e+00 3.397040000000000060e+00 2.965014000000000038e+00 2.298156999999999783e+00 1.821679000000000048e+00 1.159235999999999933e+00 1.655920000000000059e+00 1.336117999999999917e+00 7.341978999999999589e-01 5.298741000000000145e-01 6.341632000000000380e-01 6.868756000000000306e-01 5.088504999999999834e-01 5.903918000000000221e-01 1.213440000000000074e+00 1.802575000000000038e+00 1.582851999999999926e+00 6.324670999999999488e-01 6.436579000000000050e-01 1.163065000000000015e+00 1.460566999999999949e+00 1.133699999999999930e+00 8.616264000000000145e-01 2.739217000000000013e+00 3.664700999999999986e+00 3.176371000000000056e+00
2.268482000000000109e+00 2.298773000000000177e+00 2.651356999999999964e+00 2.869267999999999930e+00 2.127048999999999968e+00 1.568791000000000047e+00 1.615097000000000005e+00 2.518079999999999874e+00 2.945796000000000081e+00 2.601675000000000182e+00 2.495274000000000214e+00 2.853308000000000177e+00 3.139405000000000001e+00 2.511451000000000100e+00 2.134126000000000190e+00 1.457443000000000044e+00 5.108587999999999463e-01 1.352992999999999890e+00 1.541592000000000073e+00 1.375094999999999956e+00 9.593990000000000018e-01 6.574159000000000530e-01 8.928177999999999948e-01 1.096443999999999974e+00 9.856546999999999947e-01 8.453874000000000111e-01 1.166025000000000089e+00 1.540219999999999922e+00 1.325568000000000080e+00 5.222622999999999571e-01 8.760337999999999736e-01 1.783052999999999999e+00 1.932439000000000018e+00 1.425478000000000023e-01 1.878443000000000085e+00 3.306322999999999901e+00 3.163302999999999976e+00
2.223840000000000039e+00 2.095921999999999841e+00 2.545082999999999984e+00 2.967471000000000192e+00 2.428735999999999784e+00 2.079562999999999828e+00 2.450651999999999830e+00 2.942861999999999867e+00 2.582012999999999892e+00 2.032735000000000181e+00 1.966630000000000100e+00 2.072910999999999948e+00 2.546609000000000123e+00 2.144293999999999922e+00 1.765363000000000016e+00 1.206501000000000046e+00 6.681683999999999957e-01 1.076453000000000104e+00 1.201859999999999928e+00 1.366192000000000073e+00 1.478534000000000015e+00 1.155440000000000023e+00 1.103283999999999931e+00 1.129194999999999949e+00 8.389980999999999689e-01 4.163549999999999751e-01 7.736589000000000382e-01 1.320883999999999947e+00 1.658072999999999908e+00 1.341074000000000099e+00 4.565717000000000247e-01 1.398214000000000068e+00 1.814221000000000084e+00 6.303585000000000438e-01 1.131934999999999913e+00 2.554307999999999801e+00 2.837120999999999782e+00
1.746455000000000091e+00 1.365739999999999954e+00 2.110723999999999823e+00 2.842897999999999925e+00 2.818785999999999792e+00 2.640792999999999946e+00 3.050558999999999799e+00 3.141983000000000192e+00 2.479150999999999883e+00 2.172429999999999861e+00 1.726588999999999929e+00 1.200436000000000059e+00 1.906592999999999982e+00 2.111200000000000188e+00 1.936293000000000042e+00 1.760529000000000011e+00 1.194558000000000009e+00 1.155367000000000033e+00 8.730847000000000468e-01 7.547161000000000008e-01 1.175102000000000091e+00 1.504969999999999919e+00 1.437354000000000021e+00 1.143351000000000006e+00 8.685068999999999706e-01 8.718323000000000045e-01 1.164979999999999905e+00 1.686450999999999922e+00 2.347017999999999827e+00 2.549954000000000054e+00 1.959265000000000034e+00 1.258588999999999958e+00 1.183545000000000069e+00 8.384255000000000457e-01 4.440066999999999764e-01 1.626708000000000043e+00 2.182901999999999898e+00
1.357693999999999956e+00 5.419726000000000266e-01 1.207908999999999899e+00 2.509929000000000077e+00 2.982108000000000203e+00 2.652807000000000137e+00 3.191927999999999876e+00 3.446045999999999943e+00 2.812609000000000137e+00 2.391449999999999854e+00 1.774332000000000020e+00 1.149451000000000001e+00 1.542697999999999903e+00 2.395983000000000196e+00 2.726691999999999894e+00 2.357258999999999993e+00 1.572156000000000109e+00 1.423769000000000062e+00 1.105194999999999927e+00 8.700864000000000376e-01 1.223268000000000022e+00 1.629310000000000036e+00 1.589053999999999967e+00 1.635354999999999892e+00 1.390444999999999931e+00 1.574068999999999940e+00 1.665170000000000039e+00 1.464118000000000031e+00 1.561360000000000081e+00 1.859261999999999970e+00 1.643666000000000071e+00 4.296871999999999914e-01 1.184231000000000034e+00 1.350294000000000105e+00 4.358504999999999741e-01 7.846330999999999722e-01 1.118497999999999992e+00
3.785668999999999840e-01 1.319255000000000011e-01 5.390911999999999926e-01 1.879164999999999974e+00 3.084254000000000051e+00 3.158468000000000053e+00 3.477250999999999870e+00 3.516789999999999861e+00 3.047083000000000208e+00 2.462504000000000026e+00 2.013704999999999856e+00 1.834765999999999897e+00 2.093874000000000013e+00 2.469702999999999982e+00 2.847291999999999934e+00 2.847147000000000094e+00 2.321003999999999845e+00 2.070587000000000177e+00 1.708280000000000021e+00 1.525516000000000094e+00 1.552071999999999896e+00 1.600973999999999897e+00 1.621625000000000094e+00 1.949562000000000017e+00 1.706333000000000100e+00 1.555330000000000101e+00 1.418123999999999940e+00 1.273158000000000012e+00 1.260588999999999960e+00 1.480172000000000043e+00 1.792226000000000097e+00 1.181030999999999942e+00 4.327207000000000137e-01 1.478904999999999914e+00 6.674974999999999659e-01 6.452615999999999907e-01 8.749529000000000334e-01
6.045620999999999912e-01 2.428166999999999964e-01 8.579442999999999930e-01 4.990731999999999946e-01 1.994858999999999938e+00 3.943172000000000121e+00 4.064455999999999847e+00 3.656607999999999858e+00 4.194697999999999816e+00 3.609258000000000077e+00 2.931062999999999974e+00 2.807468000000000075e+00 2.679683999999999955e+00 2.501454999999999984e+00 2.683391999999999999e+00 2.744174000000000113e+00 2.604060000000000041e+00 2.527855999999999881e+00 2.023702999999999808e+00 1.719149000000000038e+00 1.644768000000000008e+00 1.720107000000000053e+00 1.798243999999999954e+00 2.099854000000000109e+00 1.771997999999999962e+00 1.370584000000000024e+00 1.346892999999999896e+00 1.419394999999999962e+00 1.753949999999999898e+00 1.825630000000000086e+00 1.740590000000000082e+00 1.777663999999999911e+00 1.462083999999999939e+00 1.864919999999999911e+00 9.841452000000000533e-01 1.094228999999999896e+00 1.290686999999999918e+00
7.110263999999999474e-01 4.761424000000000212e-01 1.228574999999999973e+00 2.283262000000000069e-01 3.160474999999999812e-01 3.259926000000000101e+00 4.327193000000000289e+00 4.648235999999999812e+00 5.553696000000000410e+00 5.383378999999999692e+00 4.620130999999999766e+00 4.467713999999999963e+00 3.960303999999999824e+00 3.444334000000000007e+00 3.245108000000000104e+00 2.745239999999999903e+00 2.407639000000000085e+00 2.336981999999999893e+00 1.675291000000000086e+00 1.835747000000000018e+00 1.826192999999999955e+00 1.244467999999999908e+00 7.548139000000000376e-01 1.173491999999999980e+00 1.020991999999999900e+00 1.070834999999999981e+00 1.340481999999999951e+00 1.031080999999999914e+00 1.301576999999999984e+00 1.819517000000000051e+00 1.355799999999999894e+00 1.084751000000000021e+00 5.997658000000000156e-01 1.481314000000000020e+00 6.298671000000000131e-01 5.196465000000000112e-01 1.295241000000000087e+00
8.008912999999999727e-01 5.346273999999999749e-01 1.260043000000000024e+00 6.824672000000000516e-01 6.617220999999999798e-01 1.454191999999999929e+00 2.786919000000000146e+00 3.303478000000000137e+00 4.239893000000000356e+00 5.188820999999999906e+00 4.910826000000000136e+00 4.365461999999999954e+00 3.987871999999999861e+00 3.650097000000000147e+00 3.529659000000000102e+00 3.058816000000000201e+00 2.654316000000000120e+00 2.414854000000000056e+00 1.803981000000000057e+00 1.558899000000000035e+00 1.101593999999999962e+00 6.760000999999999927e-01 6.069356999999999669e-01 1.015271999999999952e+00 1.848430999999999935e+00 2.090167999999999804e+00 1.929731000000000085e+00 1.762502999999999931e+00 1.907535999999999898e+00 2.265794000000000086e+00 1.874943999999999944e+00 1.474342999999999959e+00 1.234523000000000037e+00 1.883493000000000084e+00 1.597358000000000056e+00 4.890211999999999892e-01 8.793282999999999516e-01
4.890288999999999886e-01 5.525609000000000215e-01 6.775643000000000082e-01 6.567595999999999989e-01 3.769913999999999765e-01 2.938247999999999971e-01 8.174995999999999929e-01 1.446207999999999938e+00 2.290869999999999962e+00 3.238090999999999831e+00 3.186167000000000193e+00 2.797124000000000166e+00 2.783520999999999912e+00 2.655208000000000013e+00 2.777343000000000117e+00 2.484688999999999925e+00 2.199810999999999961e+00 1.613925999999999972e+00 1.145459000000000005e+00 8.413064999999999571e-01 7.618861999999999579e-01 1.062775000000000025e+00 8.873777000000000470e-01 1.247657999999999934e+00 2.130434000000000161e+00 1.801881999999999984e+00 1.539334999999999898e+00 1.405021999999999993e+00 1.814067000000000096e+00 2.327341000000000104e+00 1.906822999999999935e+00 1.408563000000000009e+00 1.399029000000000078e+00 2.111397999999999886e+00 2.778359000000000023e+00 1.547217999999999982e+00 4.618696999999999941e-01
3.634254000000000095e-01 5.793698999999999932e-01 3.536832999999999783e-01 2.574130000000000029e-01 1.993986000000000092e-01 1.764562000000000075e-01 2.984720000000000151e-01 3.941246999999999945e-01 9.000789000000000151e-01 1.876883000000000079e+00 2.318826000000000054e+00 2.447140999999999789e+00 2.922912999999999872e+00 2.912876999999999938e+00 3.366258000000000195e+00 2.860078000000000120e+00 1.713873999999999898e+00 8.759331999999999674e-01 6.136289999999999800e-01 9.842708000000000013e-01 8.809860999999999942e-01 1.141628000000000087e+00 1.084317999999999893e+00 1.593885999999999914e+00 1.868762999999999952e+00 1.587533000000000083e+00 1.867899999999999894e+00 1.707567000000000057e+00 2.138691999999999815e+00 2.249178999999999817e+00 1.710733999999999977e+00 1.739414000000000016e+00 1.990702999999999889e+00 2.109618999999999911e+00 3.047988999999999837e+00 2.783354000000000106e+00 4.099053999999999753e-01
2.083734999999999893e-01 3.954427999999999832e-01 3.086076999999999848e-01 2.495703999999999978e-01 2.176329999999999931e-01 2.875143000000000004e-01 3.266997999999999847e-01 1.999090000000000034e-01 1.370550000000000102e-01 9.194672999999999874e-01 1.795641999999999960e+00 2.603301999999999783e+00 3.354884999999999895e+00 3.219069999999999876e+00 3.617938000000000098e+00 2.509669000000000150e+00 9.060068000000000010e-01 7.492086999999999497e-01 9.077153000000000027e-01 1.261217000000000033e+00 1.290756000000000014e+00 1.333088999999999968e+00 1.091012000000000093e+00 1.408817999999999904e+00 1.635205999999999937e+00 -9.999000000000000000e+03 -9.999000000000000000e+03 -9.999000000000000000e+03 1.823053000000000035e+00 1.442741999999999969e+00 9.762106999999999868e-01 1.018774999999999986e+00 7.873947999999999503e-01 2.231706999999999996e-01 2.077503000000000100e+00 3.187250000000000139e+00 9.200892000000000515e-01
2.669753000000000265e-01 3.720575999999999883e-01 3.849642999999999815e-01 1.296364999999999879e-01 3.145954000000000250e-01 4.522642000000000051e-01 3.096705000000000152e-01 1.695351999999999970e-01 1.919964000000000115e-01 8.333321999999999674e-01 1.991660999999999904e+00 2.934238000000000124e+00 3.061350000000000016e+00 2.860702999999999996e+00 3.434254000000000140e+00 2.850616000000000039e+00 1.705472000000000099e+00 1.390714000000000006e+00 1.209101999999999899e+00 1.515017000000000058e+00 1.859612999999999960e+00 -9.999000000000000000e+03 -9.999000000000000000e+03 8.767903000000000224e-01 -9.999000000000000000e+03 -9.999000000000000000e+03 -9.999000000000000000e+03 -9.999000000000000000e+03 -9.999000000000000000e+03 -9.999000000000000000e+03 -9.999000000000000000e+03 -9.999000000000000000e+03 -9.999000000000000000e+03 -9.999000000000000000e+03 1.594505000000000061e+00 -9.999000000000000000e+03 -9.999000000000000000e+03
1.810767000000000071e-01 5.993570999999999760e-01 5.199087999999999488e-01 2.402052000000000076e-01 2.461857000000000073e-01 4.836344000000000198e-01 2.463635000000000130e-01 1.127191000000000026e-01 3.663201999999999847e-01 1.271209999999999951e+00 2.392014999999999780e+00 2.638774999999999871e+00 2.486200000000000188e+00 2.240928999999999949e+00 2.606698999999999877e+00 2.705098000000000003e+00 1.729268999999999945e+00 1.361026999999999987e+00 1.330518000000000089e+00 1.493155999999999928e+00 -9.999000000000000000e+03 -9.999000000000000000e+03 -9.999000000000000000e+03 -9.999000000000000000e+03 -9.999000000000000000e+03 -9.999000000000000000e+03 -9.999000000000000000e+03 -9.999000000000000000e+03 -9.999000000000000000e+03 -9.999000000000000000e+03 -9.999000000000000000e+03 -9.999000000000000000e+03 -9.999000000000000000e+03 -9.999000000000000000e+03 -9.999000000000000000e+03 -9.999000000000000000e+03 -9.999000000000000000e+03
1.138844999999999996e-01 7.539763000000000437e-01 4.287140999999999869e-01 2.385275000000000034e-01 3.227520999999999862e-01 2.519213000000000147e-01 3.955705999999999944e-01 4.408694000000000224e-01 8.274789000000000172e-01 2.276641000000000137e+00 2.577538999999999803e+00 1.958215999999999957e+00 2.186142999999999947e+00 1.947060000000000013e+00 1.779190000000000049e+00 2.091972000000000165e+00 1.433063999999999893e+00 7.151823000000000485e-01 8.796173000000000464e-01 -9.999000000000000000e+03 -9.999000000000000000e+03 -9.999000000000000000e+03 -9.999000000000000000e+03 -9.999000000000000000e+03 -9.999000000000000000e+03 -9.999000000000000000e+03 -9.999000000000000000e+03 -9.999000000000000000e+03 -9.999000000000000000e+03 -9.999000000000000000e+03 -9.999000000000000000e+03 -9.999000000000000000e+03 -9.999000000000000000e+03 -9.999000000000000000e+03 -9.999000000000000000e+03 -9.999000000000000000e+03 -9.999000000000000000e+03
