testcase_input/parameters/slope_2023.asc
ncols         214
nrows         263
xllcorner     382500
yllcorner     7541702
cellsize      16
NODATA_value  -9999
[rows 155 to 185 of 263, columns 70 to 139 of 214]
11.72647 8.677799 7.990782 6.005385 6.850565 6.957747 6.360486 6.872816 6.272498 5.047059 5.413288 5.314098 4.473984 3.869064 2.869782 2.282232 2.099702 1.980768 1.968585 2.184139 2.035143 1.614424 1.512611 2.467801 4.15866 4.923571 4.15746 2.984259 3.00903 3.537531 5.075937 5.871754 5.631367 6.492169 6.938787 5.668225 4.532558 4.27493 4.678996 4.987495 4.394703 3.918074 4.416749 5.381183 6.260753 6.797281 6.976824 6.451696 5.724413 5.540791 5.277125 5.218031 5.13884 4.796683 4.972181 4.683464 4.061186 3.180822 2.288589 2.520047 3.141964 2.828229 2.077648 2.219774 2.609119 3.691287 4.176099 3.442125 2.069644 0.8312233
7.640457 5.605413 8.594052 7.397011 7.732602 8.495752 7.540638 6.897676 7.135868 6.147626 5.978463 5.80887 5.065702 4.331565 2.856245 2.296196 2.063665 1.6088 1.473736 1.966438 2.367868 1.926607 1.654284 1.575196 5.018794 7.119431 3.88734 1.543817 1.776399 3.561628 5.778112 5.82681 5.668426 6.479098 6.612185 5.700666 4.301019 3.453038 3.755491 4.32094 4.405459 3.80948 3.398918 4.029673 5.034125 5.915221 6.901507 7.180449 6.730594 6.328484 5.855735 5.465659 5.176198 5.050078 5.328687 4.852129 4.500437 3.797493 2.800002 3.154794 3.872613 3.467612 2.922337 3.263439 3.424999 3.830431 3.373104 2.850635 2.569465 1.587792
5.751926 5.253471 8.273933 8.31255 8.141399 9.456778 9.591108 8.41261 8.164011 7.068798 6.291642 6.304439 5.710931 4.503806 3.076085 2.245435 1.856558 1.685831 1.505385 1.890713 2.786492 2.998608 2.554653 2.147847 5.137911 7.847227 2.010568 0.9871342 1.461059 3.782623 5.489361 5.491993 6.093499 7.050999 6.87377 6.00175 4.304753 3.143323 3.112258 3.063759 3.720482 3.734868 2.981251 3.329186 4.167521 4.882323 5.828713 6.691751 7.364238 7.423427 6.696146 5.716751 5.155706 5.555609 5.683165 5.361197 5.12194 4.343514 3.55901 3.517995 3.827648 3.600798 3.175752 2.832016 3.218557 3.427044 1.949633 1.447162 2.297889 2.412582
4.193995 4.236654 6.026522 7.165288 7.209641 8.62363 9.711246 9.644367 9.513975 8.468206 7.240007 7.022447 6.257694 4.595755 3.307365 2.366982 1.867694 2.1055 2.172316 1.909469 2.122226 2.749429 2.578602 2.329464 3.38845 6.796927 3.197762 1.511194 1.993396 4.1417 5.01522 5.038672 6.021295 7.092143 7.25718 6.477993 4.583624 3.476207 3.277605 2.680153 2.572412 2.749188 2.150772 2.287371 3.020278 3.713026 4.093134 4.537598 4.960288 5.289145 5.963151 5.379563 4.817421 5.291451 5.048544 5.446196 5.748618 4.831198 4.028948 3.853985 3.925369 4.288566 3.594264 2.029875 2.780121 2.544533 0.8235075 0.9613151 1.190006 1.42698
2.670782 3.706014 4.623277 5.965024 5.67346 7.084311 8.984858 10.02036 10.25896 9.726101 8.697864 8.210746 7.228375 5.223793 3.584226 2.305182 1.689994 2.021394 2.476966 2.328172 1.887403 2.110167 2.409527 2.342409 2.259105 4.009615 2.846403 0.9757985 2.914026 4.202563 4.692708 5.139473 5.944449 6.583979 7.088539 6.879597 5.159789 3.888743 3.210955 2.741259 2.760855 2.714977 2.419628 2.719666 2.952859 2.836739 2.930534 3.797098 4.350947 4.164488 4.637089 4.780624 4.92785 5.445557 4.885641 4.967564 5.666564 5.288199 4.794065 4.466465 4.115324 4.963428 3.70663 2.006088 3.025212 2.698243 1.300823 1.178725 1.247994 1.040396
3.550283 3.618563 3.521908 4.903446 4.656421 5.60492 7.921867 9.849126 10.38885 10.34859 9.600949 8.954997 7.84997 6.005448 4.217594 2.459299 1.53193 1.616062 1.969821 2.44248 2.529545 2.615627 2.651625 2.29468 2.299711 3.227824 3.297265 2.952739 3.321858 3.811282 4.78534 5.523954 5.806154 6.448884 6.880905 6.801862 5.550866 4.158698 3.331659 3.109254 2.980443 2.765843 2.825202 3.249041 3.353212 3.103336 2.737563 3.577572 4.118112 3.609764 4.113905 4.826967 5.25026 5.525255 5.097977 4.896456 5.51047 5.451185 5.219397 4.893327 4.658557 5.288056 3.959857 2.910991 3.64454 2.714275 1.673769 1.495061 1.143725 0.7693425
5.362439 4.937299 4.569775 5.032299 4.660594 4.61218 6.162511 8.948403 10.13755 10.62398 10.48169 9.786685 8.134941 6.579266 4.934898 2.806939 1.7903 1.500512 1.872715 2.579174 3.054355 3.01283 2.712419 1.988414 1.792067 2.423851 2.590811 2.570045 2.897862 3.227015 5.181095 5.998028 5.712956 6.779356 6.989316 6.210543 5.553234 4.577722 3.510406 3.21486 2.933082 2.463873 2.504354 2.828971 3.070738 2.779642 2.459815 2.990777 3.553997 3.115187 3.44388 4.162192 4.664651 5.34755 5.202406 4.731729 5.176485 5.449574 5.263503 4.941388 5.158144 5.362051 4.10607 3.791498 4.353157 3.026629 1.946734 1.845583 1.33927 1.146343
6.485534 5.496964 5.430686 5.456135 4.858432 4.971461 5.635438 8.296921 10.15359 10.50342 11.00567 10.8426 8.585123 7.040674 5.757243 3.378185 1.993183 1.58978 2.496106 2.801132 2.906842 2.622611 2.739751 2.176074 1.811064 1.864909 1.645085 2.75764 3.962748 3.871563 5.179266 6.422094 5.998512 6.896997 6.861024 5.55846 5.508134 5.070391 3.493993 3.092185 2.861943 2.626915 2.558959 2.585951 3.004749 2.690142 2.379558 2.907562 3.861979 3.939806 3.797812 3.478403 3.039232 4.111245 4.97178 4.766582 4.784779 5.090748 5.268481 5.322392 5.743367 5.408517 4.163705 4.397588 4.796241 3.692106 2.833835 2.515989 1.928578 1.6552
5.710034 3.409473 4.26363 5.036175 4.587406 5.208694 5.747615 7.815944 10.20631 10.32786 11.12246 11.54286 9.058642 7.360066 6.55161 4.911371 3.782783 3.411923 3.316261 2.831436 2.66363 2.492512 2.634461 2.376974 2.375448 2.597145 2.569071 2.69231 4.766122 4.721275 6.273522 7.557457 5.813066 6.242872 6.388193 5.375512 5.585486 5.162738 3.538655 3.466809 3.362627 3.121369 2.880236 2.551569 2.936002 2.80902 2.306131 2.315202 3.275609 3.367625 3.176639 2.990006 2.778582 3.328162 3.987057 4.382884 4.27939 4.279868 4.457469 4.952129 6.070592 5.760272 4.786716 5.234206 5.263035 4.233545 3.766354 3.388706 2.894191 2.58148
3.914003 1.838151 2.835847 4.060764 3.918751 4.258784 4.694689 7.029796 9.913046 10.40735 11.28433 11.62824 9.211037 7.526554 6.594662 5.412213 5.282054 5.118614 4.047097 3.595793 3.325761 3.294989 2.772023 2.345458 2.370792 2.952714 3.363269 3.583681 3.809197 4.934493 7.973558 7.201151 5.46019 6.501924 6.105962 5.863293 5.757173 5.071633 4.040181 3.84587 3.271284 2.678215 2.334776 2.126767 2.643594 2.42599 1.898047 2.064798 2.762261 3.176396 3.351983 3.252663 2.978942 3.037019 3.241781 3.538208 3.452445 3.584672 3.780464 4.171628 5.533731 5.278579 4.802748 5.822849 5.951632 4.905443 4.386393 4.12338 3.650321 3.23465
2.60927 1.846041 2.418551 3.250003 3.284601 4.087312 4.10237 6.10395 9.58668 10.81728 11.50728 11.15567 8.889628 7.952532 7.099491 4.666533 4.352492 4.723852 4.261018 3.7483 3.279148 3.785324 2.978592 2.16988 1.976742 2.893844 3.267174 3.149359 3.446691 4.508884 7.706066 7.345207 5.530301 6.293015 6.005333 6.266666 5.846987 5.15427 4.393939 3.357938 2.346705 1.880061 1.932695 2.199707 2.44366 1.955228 1.857442 2.393559 2.522678 2.94617 3.070562 3.129237 3.343115 3.186746 3.153971 3.008806 2.815399 3.107248 3.330763 3.504269 4.868096 4.96709 4.756556 5.751127 6.192801 5.667481 4.991941 4.706499 4.446631 3.707797
2.283557 2.144817 2.377107 3.505112 3.635167 4.637329 4.401127 5.242447 8.688267 10.70895 11.69837 10.41993 8.51854 8.696451 8.844123 5.484699 3.751615 4.043917 4.119837 3.1412 2.47596 3.33358 3.151859 2.60702 2.26664 3.165129 3.011002 2.396167 3.23158 4.56467 6.052139 6.815484 6.652091 6.768259 6.12844 5.758902 5.471395 4.854268 3.910499 2.589667 1.88354 2.097549 2.545673 2.557519 2.154571 1.78095 1.846436 2.543441 2.723141 2.865589 2.782945 2.767157 3.166198 3.212628 3.090208 2.808622 2.609684 2.839716 3.017684 2.979712 3.67251 4.02467 4.323514 5.106191 5.505383 5.760702 5.517383 4.976593 4.993855 4.477014
2.702441 2.895628 2.751774 3.690936 3.61784 4.399819 5.069871 5.960387 8.242771 10.1285 11.21419 9.226739 7.8097 8.179662 9.369952 7.047403 4.463471 3.82029 3.842859 3.576894 2.813096 2.883633 3.358899 3.195389 2.882473 3.65107 3.078783 2.400977 3.724772 5.383484 6.237285 6.536214 7.222203 8.012989 7.20129 6.010852 5.253993 4.344528 3.51431 2.530333 2.205029 2.618387 2.796154 2.232752 1.735692 1.813707 1.805935 2.318245 2.915685 2.674878 2.486997 2.44205 3.021271 3.133244 2.66752 2.652144 2.519654 2.506835 2.85011 2.848555 2.852125 2.550709 2.958009 4.167036 4.609377 5.372613 5.7973 5.423933 5.39576 4.714372
3.476582 3.836208 3.100065 3.359937 3.08466 2.790708 4.472919 6.572279 8.364521 10.23346 10.73225 7.844913 6.635688 7.252556 8.66466 7.808077 5.455578 4.426281 4.212298 4.943302 4.82392 3.672268 3.903764 4.277058 3.564674 3.469716 3.085376 2.902143 4.229415 5.829685 6.136943 6.815113 8.173612 8.389304 7.131097 6.355862 5.172053 4.057295 3.437682 2.653596 2.293717 2.325031 2.308638 1.73083 1.335663 1.610701 1.548297 1.853711 2.770735 2.640193 2.432089 2.594538 2.911285 2.680418 2.28373 2.546955 2.83869 2.935816 3.34541 3.319585 3.409115 3.170902 2.628786 3.177965 3.289504 3.843824 4.797829 5.254795 5.509356 4.646392
3.800009 3.317119 1.719544 2.564892 3.310196 2.629905 3.796412 5.996199 7.916448 10.36726 10.89357 7.914122 6.427181 6.819164 7.806918 7.847803 5.918426 5.682982 5.822111 6.100471 6.635797 5.32194 4.831408 5.118 4.182739 2.6454 3.043077 3.118885 3.61477 5.597122 6.113477 6.919875 7.579413 7.205114 6.383861 6.185982 5.059881 4.004666 3.353268 2.498082 1.990539 1.927954 1.90687 1.589304 1.191284 1.356702 1.399672 1.524826 2.594517 2.888799 2.481629 2.707492 2.810807 2.154873 1.70848 2.146289 3.010444 3.473175 3.783512 3.776443 3.734538 3.748093 3.186715 2.978859 2.64742 2.54223 3.521873 4.528853 5.064564 4.887194
3.580975 2.964347 1.922913 2.673775 3.674792 3.927367 4.376766 5.832331 7.288319 9.768441 10.47644 8.278865 6.764956 6.21593 6.606048 7.429344 5.823209 5.473013 5.573968 5.499398 6.23356 5.754455 4.867987 4.732922 4.735528 3.10998 2.67354 2.393705 2.916968 6.246912 7.546043 7.493739 7.119535 6.994658 6.787201 6.401363 5.066485 3.835437 3.099345 2.247838 1.809141 1.666429 1.550762 1.462691 1.132135 1.170111 1.476356 1.634747 2.411653 3.117533 2.609229 2.203382 2.603826 1.95309 1.36861 1.497735 1.793417 2.644391 3.183781 3.315777 3.282572 3.076415 3.094666 3.226715 3.142045 2.934918 3.370285 4.103443 4.341908 4.72182
3.119632 3.174778 2.308333 2.466101 2.90335 3.875002 4.75406 5.932909 7.149113 9.103352 9.902051 8.241019 7.147209 6.06918 5.756796 6.539518 5.737704 4.667337 4.094038 4.384719 4.930488 4.296712 3.882231 4.254893 4.891959 4.438379 2.418198 2.909315 3.936003 7.127422 8.48683 7.357033 6.552778 7.093106 7.127973 6.238678 4.862752 3.512636 2.719581 2.292408 2.139563 1.75371 1.265136 1.166063 1.077999 1.249644 1.576265 1.794553 2.26873 2.904245 2.633383 1.745826 1.994349 1.839213 1.499958 1.496475 1.2898 1.725641 2.367523 3.039536 3.497369 2.92367 2.606203 2.873353 3.200562 3.373793 3.576968 3.846185 3.833163 4.260644
3.150821 3.144622 1.482103 1.350938 1.921319 3.121684 4.222969 5.451928 6.93113 8.315316 9.442464 8.214108 7.239487 5.808668 5.170256 5.665183 5.283062 4.416894 3.655144 3.891212 4.677476 4.366152 3.872915 4.105839 4.535269 4.756296 2.759169 3.820134 4.92098 6.708483 8.051775 6.554161 5.45763 6.852036 7.083816 5.811358 4.543012 3.313221 2.845875 2.819303 2.69902 2.221356 1.639013 1.405979 1.386299 1.503071 1.934021 2.407547 2.596545 2.540315 2.35802 1.620001 1.282699 1.137116 0.8934357 1.390381 1.596749 1.538647 1.589884 1.997127 3.15887 3.537074 3.018697 2.747233 2.753085 3.132825 3.530851 3.5675 3.592084 3.789166
3.366339 2.900614 1.496635 1.495732 1.915767 3.046084 3.796777 4.705395 6.707052 7.749227 8.782351 8.023639 7.546878 5.575416 4.320692 4.83381 4.503499 4.081747 3.48722 3.539232 4.576025 5.014275 4.26021 4.003139 4.39026 4.93343 2.915397 3.767987 5.307345 6.155899 7.481941 6.605475 5.353569 7.419241 7.58841 5.614139 4.459335 3.628689 3.244497 3.062788 2.657547 2.285305 2.106922 1.837635 1.66256 1.784832 2.248938 2.634289 2.303089 1.867193 2.067864 1.590466 0.933577 0.7937859 0.5193875 1.345156 2.167594 1.564028 1.27619 1.108589 1.560514 2.585287 2.984179 2.929784 2.583232 2.721715 3.137999 3.11036 3.162011 3.491618
3.246741 2.513177 1.290861 1.293414 1.443382 2.745338 3.569703 4.154721 6.698636 8.049633 8.622692 7.863019 7.807301 5.620307 3.549242 4.195945 4.437673 4.325481 3.68437 3.434106 3.814218 4.195719 3.454355 3.252393 4.147357 5.185771 3.607812 3.556678 5.937076 5.732371 6.815147 6.901555 5.936804 7.966283 7.694184 5.089152 4.220032 3.639777 2.648267 2.184 2.088242 2.129461 2.00612 1.662938 1.732978 2.188968 2.057266 2.052283 1.620454 1.438964 1.928691 1.39114 0.6490822 0.4794405 0.5781685 1.81121 2.293408 1.413293 1.398329 1.265683 1.177637 1.195192 1.374984 2.122673 2.531367 2.478293 2.717969 3.045812 3.123828 3.487052
3.143566 2.074001 0.6783265 0.7957292 1.098685 2.067126 3.583124 4.025785 6.202827 8.163215 8.790923 7.966351 7.801883 5.594378 3.471252 3.946013 4.295111 4.358951 3.798884 3.498135 3.400289 3.538692 3.24727 2.997738 3.910605 5.286081 4.326103 3.444085 6.20681 5.289666 6.241045 7.000924 6.429523 7.780516 7.076728 4.811309 3.853616 2.886399 1.440552 1.126828 1.376316 1.600931 1.638281 1.70971 2.097252 2.422143 1.846048 1.437905 1.601952 1.718759 1.686246 1.131164 0.5554058 0.1510859 0.9212306 2.350872 2.094739 1.54988 1.776696 1.621781 1.75976 1.777955 1.201027 1.158975 1.982844 2.12075 2.316075 3.085595 3.261463 3.129536
3.15468 1.771128 0.9414799 0.9442843 0.9805889 1.524242 3.099867 4.349314 5.779978 7.917416 8.920877 8.375492 8.141811 5.62297 3.128247 3.618515 4.057469 3.987282 3.510244 3.469589 3.684705 3.439193 3.495829 3.268509 3.896592 5.459226 4.733423 2.947105 6.022704 5.293531 5.708416 6.712317 7.020167 7.733597 6.380637 4.917259 3.796736 2.445302 1.498618 1.303118 1.233054 1.559865 2.117614 2.217238 2.130773 2.208726 1.636379 1.28555 1.664325 1.891601 1.290231 0.873562 0.5461151 0.03750044 1.253803 2.591278 1.840891 1.691103 2.130204 1.792657 1.700181 1.045111 0.6083231 0.9460635 1.469884 1.166938 0.9628316 1.67463 2.090501 2.04389
3.331137 1.740395 1.047216 1.021759 1.124556 1.647954 1.865671 4.09988 5.339919 7.521534 8.761561 8.388493 8.336488 6.053285 2.717338 2.931021 3.872318 3.783034 3.359392 3.533365 4.025606 3.737473 3.533287 3.081154 3.50455 5.494335 4.921228 2.230267 6.06648 6.351075 5.479181 6.036235 7.762956 7.953086 5.688056 4.875679 3.957025 2.263623 1.677375 1.598562 1.667471 2.014011 2.144609 2.078836 1.784311 1.971898 1.474974 1.331689 1.513324 1.518892 0.895673 0.6681052 0.5229076 0.1144414 1.155451 2.559184 2.053033 2.034605 2.37403 1.570698 0.841688 0.6040959 0.5470625 1.554604 1.80402 1.187682 0.4994921 0.7285444 1.639282 1.910737
3.21722 1.775997 0.9560475 0.9841575 1.574893 1.618312 1.196417 3.268231 4.645574 7.013772 8.590729 8.421482 8.319784 6.382759 2.8338 2.107337 3.112572 3.236121 2.919896 3.292084 3.82303 3.813145 3.468882 2.782095 2.559628 5.042738 4.838035 2.183755 6.89201 7.71175 5.130387 5.475094 7.738678 7.913915 5.427694 4.536676 3.818468 1.68607 0.7340157 0.7861501 1.098776 1.06913 0.7879043 1.025078 1.116649 1.517651 0.8476119 0.8447211 1.162092 1.07098 0.6677185 0.5790557 0.5526901 0.2392396 0.7756332 2.175877 2.639741 2.479795 1.970432 1.608622 0.9914029 0.9301449 2.116462 2.117378 1.472625 1.157859 1.271078 1.046247 1.54702 1.684874
2.960346 2.041518 1.324792 1.288582 1.942423 1.589262 1.693204 2.878987 4.216322 6.668069 8.424137 8.542584 8.56555 6.685351 3.231044 1.551069 2.152053 2.633332 2.524497 2.872598 3.355522 3.706431 3.359081 2.202315 2.276237 4.781811 4.094368 2.304882 7.425595 7.446766 3.649032 4.980571 6.828399 7.497088 5.503608 3.726398 3.260131 1.497569 0.653506 0.3898573 0.4105262 0.3842556 0.3445983 0.6574581 0.8195519 1.011151 0.3612113 0.4418001 0.8403596 0.7437962 0.513267 0.5412711 0.5297349 0.2054324 0.5507134 1.815901 2.90491 2.404685 1.561201 1.75722 1.960325 2.034448 2.55331 1.865773 1.404649 1.961921 2.354748 2.243047 1.72907 1.472001
2.886272 2.358313 1.733877 1.623516 2.129776 1.482604 2.045269 3.037279 4.168232 6.667646 8.399505 8.321497 8.738408 7.49491 4.161607 1.317869 0.9613269 1.867712 2.184047 2.43175 2.72903 3.297954 3.243518 2.26821 3.167057 5.172556 3.745273 2.280377 6.936272 6.945862 3.495635 4.710857 6.144916 6.569088 5.291433 3.708217 3.405548 1.912737 1.04696 0.8350061 0.5065345 0.3126636 0.7425785 0.4941106 0.4967358 0.5637448 0.1910609 0.3443461 0.6839182 0.6046515 0.5238396 0.5144989 0.4164873 0.1619388 0.5626646 1.816153 2.51143 2.07713 1.847537 2.512062 2.620334 2.156549 2.002937 1.483163 1.397982 1.771215 1.090986 1.283835 1.475441 1.774108
3.094486 2.475453 1.667756 1.823109 2.240998 1.434772 1.788726 2.975385 4.275281 6.847556 8.324315 7.954008 8.675824 8.600408 5.826447 1.828309 0.06914444 0.8695501 1.790771 2.271548 2.684088 3.020775 2.945389 2.341362 3.307153 5.545177 3.888769 2.80148 6.260643 7.180022 4.187721 3.874009 5.617661 5.686721 4.771437 4.461289 4.20968 2.196652 1.16416 1.133381 0.873952 0.5144405 0.7071568 0.3662565 0.09484199 0.2505406 0.1726816 0.4346462 0.6502023 0.5377687 0.5324064 0.4410821 0.3319426 0.3209193 0.6868502 1.477456 1.997636 2.06477 3.062323 3.510635 2.3064 1.7422 1.767623 1.517101 0.9666215 0.5858086 0.4328369 0.1798327 0.7591293 1.792089
3.037537 1.962528 1.457891 2.245939 2.564227 1.909336 1.900605 2.761264 4.487434 6.913061 7.696533 7.353856 8.206465 9.144461 7.328253 3.028132 0.8716409 1.303777 1.704685 2.390552 3.184708 2.987322 2.444789 1.517382 2.341651 4.853454 3.863699 3.221046 5.608714 6.893263 4.078527 2.719331 4.564185 5.200293 4.704055 5.009841 4.641757 2.329472 0.7229519 0.1953065 0.3375995 0.3541432 0.3818021 0.4329601 0.1866342 0.1173207 0.165026 0.5363348 0.5789726 0.4809244 0.5701425 0.5488697 0.4600951 1.027515 1.705202 1.941763 2.597786 3.757179 4.221281 3.409944 2.023168 1.520101 1.533849 1.494415 0.9065336 0.1571459 0.1816497 0.1893639 0.9749195 2.455324
2.7598 1.381857 1.576462 2.965972 2.922541 2.083471 1.662478 2.409723 4.754673 7.056079 7.18769 6.851522 8.020238 9.328363 7.955062 4.068205 1.474228 1.64789 1.286968 1.964626 3.29573 3.16162 2.54966 1.931756 2.220238 3.784165 3.318217 2.513826 4.509017 5.836167 4.532239 2.75305 3.305609 4.424533 4.757157 5.297666 4.538725 2.636022 1.31299 0.4738497 0.217729 0.2337499 0.1150952 0.4590337 0.3932424 0.1484873 0.2329226 0.5921209 0.4689065 0.3749174 0.6939899 0.8713742 1.173308 2.0292 2.613614 3.139117 3.816386 4.128232 3.55224 2.784978 1.97096 1.509955 1.672775 1.810611 0.9571 0.4027036 0.5469087 0.4895944 0.9423596 2.657165
2.9065 1.28877 1.698331 3.529113 3.105737 2.064683 1.363188 2.293726 4.676087 7.236941 6.889834 6.058001 7.86352 9.473589 8.427418 5.050676 1.940884 1.774034 1.244566 1.69351 2.990523 3.324249 2.89956 2.459406 2.406532 3.089839 2.663783 1.965461 4.01192 4.974762 5.222826 3.099686 2.602614 3.640614 4.10501 4.97115 4.415729 3.337467 2.124398 0.9212508 0.3788233 0.0661583 0.05258023 0.2374239 0.44049 0.3251318 0.385632 0.5090149 0.3895217 0.4121692 1.361698 2.116735 2.813245 3.208862 3.206534 3.374141 3.385131 3.198868 2.845914 2.492971 1.699396 1.332432 1.729955 1.946633 1.215307 0.9280752 1.139491 1.311056 1.267237 2.090566
3.073224 1.702307 1.70419 3.676363 3.896941 2.607821 0.6592844 1.58964 4.21354 7.297005 6.792595 5.464138 6.996509 8.749762 8.565425 5.46081 2.426153 2.001778 1.607924 1.710887 2.474749 3.039816 2.779618 2.500834 2.182586 2.46949 2.519269 2.210666 4.034305 4.416145 4.555879 3.22318 2.582971 3.141805 3.130456 3.958041 3.786451 3.565277 3.111423 1.684996 0.5146136 0.253793 0.2737581 0.2153005 0.4074421 0.4218492 0.4862615 0.3655482 0.3572398 0.9232689 2.568342 3.40256 3.761397 3.990521 3.90459 3.594975 2.928413 2.608976 2.653759 2.517452 1.789928 1.548567 1.82607 2.110771 1.783427 2.164007 2.424819 2.511963 2.3945 1.756123
