testcase_input/parameters/slope_2023.asc
ncols         214
nrows         263
xllcorner     382500
yllcorner     7541702
cellsize      16
NODATA_value  -9999
[rows 186 to 216 of 263, columns 70 to 139 of 214]
2.321519 1.854915 1.641494 3.207901 4.384559 3.441552 1.674283 0.9467679 3.470954 6.698402 6.784716 5.674297 6.190753 7.876138 8.641255 5.840091 2.584908 2.059487 2.098 2.132436 2.37957 2.982623 3.15041 2.89161 1.980892 2.131557 2.55696 2.16539 3.30445 3.663474 3.587595 2.956567 3.231909 3.303128 2.567404 2.841444 3.194523 2.583217 3.046319 2.606617 0.9561246 0.719125 0.5918129 0.5073554 0.5864937 0.5816574 0.4781952 0.2390323 0.658235 1.941432 3.326985 3.667948 3.395949 3.10555 3.059265 3.019872 2.548262 2.25032 2.536563 2.436572 1.576904 1.198193 1.879012 2.280419 1.725543 2.031082 2.364564 2.212703 2.005219 1.221516
0.8736017 1.612665 1.840825 2.522316 3.918479 3.83573 2.612597 2.121382 3.254985 5.553755 6.273625 5.609383 5.480336 6.933457 7.956419 6.167424 2.901618 2.030241 2.01932 2.34189 2.642998 2.997918 3.539491 3.053699 2.043471 2.278997 2.384955 1.630451 2.276014 3.192988 3.518874 2.694421 2.897841 3.872565 2.541391 1.878838 3.20332 2.540297 2.53145 2.497843 1.723484 1.389667 0.9754488 0.8176159 0.8101079 0.7807652 0.5245557 0.3763057 1.1528 2.425466 3.120571 3.312165 2.769549 2.402281 2.573181 2.589332 2.410262 2.397688 2.911808 2.57772 1.501309 1.078428 2.087733 1.948147 1.087754 1.255963 1.74587 1.596379 1.418631 1.992997
1.627768 0.344226 1.964494 2.114526 2.807527 3.288133 2.586313 2.223493 2.91763 4.567691 5.40766 5.197688 5.365422 6.427938 6.623807 5.58947 2.994754 1.828518 1.748863 2.102684 2.709583 2.970698 3.433022 2.674057 1.874452 2.210279 2.339225 1.464336 1.902335 2.853842 3.268841 2.746092 2.655736 3.719723 2.592883 1.554945 2.853699 3.289431 2.618913 2.127911 1.896659 1.425316 0.9825277 1.005386 1.088363 0.9872005 0.5771863 0.4476731 1.255255 2.285881 2.968761 2.988699 2.528575 2.790202 2.946585 2.491603 2.159623 2.461413 2.97843 2.297033 1.673793 1.813729 1.997305 1.08523 0.6190307 1.438909 1.782509 1.536977 1.694345 2.346772
2.518172 2.110069 1.557677 1.9409 1.952351 2.419435 1.733093 1.281837 2.15913 3.846679 4.547729 4.700563 5.575446 6.12484 5.875154 5.265728 2.98508 1.31196 1.312333 1.803104 2.600652 3.427875 3.239708 2.128636 1.998219 2.113258 2.507376 2.205299 2.342366 2.639918 2.769999 2.749922 2.668819 2.756729 2.563472 2.158284 2.309597 3.324405 3.549636 2.807185 1.984202 1.30936 0.8785005 1.079236 1.320349 1.207364 0.7339597 0.7109119 1.51933 2.315555 2.757097 2.512039 2.382004 3.24202 3.363816 3.066838 2.379353 2.012921 2.345169 1.299623 0.9423811 1.490093 1.368402 0.6605045 0.878861 1.542213 1.069942 0.5813712 0.6045284 0.7513642
1.762458 2.698528 1.70422 1.945046 1.436969 1.615617 1.157501 1.356522 2.344714 3.343002 3.770776 4.391715 5.537805 5.233785 5.147793 5.519217 3.657513 1.417665 1.057322 1.438938 2.23863 3.772524 2.720451 2.208802 2.689282 2.572437 2.712897 2.977208 2.880245 2.559906 2.376205 2.392796 2.04212 1.977806 2.323978 2.248134 1.735781 2.378174 3.207567 3.429204 2.7542 1.354721 0.914237 1.320105 1.613825 1.463774 1.266883 1.992292 2.95933 2.880592 2.447824 2.323007 2.480558 3.260519 3.725188 3.692456 2.454447 1.505192 2.08486 1.285058 1.054705 1.281265 1.045285 1.051271 0.835324 1.155552 1.095421 0.7256591 0.6431391 1.247293
-9999 2.211217 2.180156 2.212072 1.754388 1.171851 0.1811679 1.464579 1.900958 2.23238 3.108659 4.381429 5.530722 4.5759 4.225352 5.273421 4.06144 1.894667 1.421116 1.567846 2.455588 3.761287 2.83033 2.582711 2.516863 2.610968 2.678672 2.969387 2.624626 2.357493 2.254537 1.986556 1.307949 1.216959 2.046959 2.068935 1.630843 1.491539 2.39123 3.726134 3.043765 1.520645 1.18156 1.684355 1.985859 1.934406 2.111051 2.860076 2.821819 2.166677 2.249315 2.435203 2.710222 3.380843 3.741673 3.503409 2.138088 1.364169 2.031084 0.9282753 1.119459 1.014156 0.7024162 0.2909831 0.03491544 0.8027049 1.280985 0.6372344 0.5448093 0.6314029
-9999 -9999 2.403922 2.123359 1.524228 1.297369 1.35098 1.608039 1.092045 1.645025 2.887784 4.324724 5.499987 4.570845 4.234328 4.742986 3.578943 2.128246 1.710652 1.861388 2.79703 3.575938 2.901455 1.995494 1.649175 1.947741 2.179063 2.338063 2.29967 2.221537 2.324494 2.176877 1.940936 1.805881 1.294296 1.139816 1.553036 1.849192 2.8326 3.647699 2.548038 1.672045 1.704591 2.160783 2.409771 2.294633 2.243912 2.142027 1.47339 1.291599 1.79618 1.986407 2.572115 3.376711 3.373552 2.789642 2.016324 1.486147 1.758599 0.7774979 0.4191275 0.2273833 0.6308432 0.5022806 0.2690622 0.6740081 1.46038 1.452924 0.489153 0.509276
-9999 -9999 1.873517 1.804645 1.06253 0.7574521 1.674029 2.218197 1.103506 1.714989 2.703974 4.046185 5.285657 4.672331 4.50275 4.527016 3.141516 1.759117 1.645029 1.954786 2.601062 3.040394 2.656543 1.939353 1.317967 1.453978 1.299261 1.243534 1.510074 1.766018 1.944632 1.610724 1.638902 1.852862 1.594997 1.085884 1.033792 2.020333 3.483957 3.212713 1.827378 1.844223 2.142308 2.561726 2.718288 2.373961 1.885198 1.403949 1.514764 2.018942 2.020569 2.107194 2.807988 3.39704 2.965014 2.298157 1.821679 1.159236 1.65592 1.336118 0.7341979 0.5298741 0.6341632 0.6868756 0.5088505 0.5903918 1.21344 1.802575 1.582852 0.6324671
-9999 -9999 1.238669 1.187201 1.189067 0.08226337 1.278815 2.084637 1.671744 1.91256 2.408852 3.730593 4.785007 4.323026 4.50302 5.156217 3.679152 1.182575 0.9627578 1.491274 2.121094 2.566969 3.021675 2.191317 1.289214 1.244522 0.8646228 0.6736722 0.9157317 1.387862 1.36746 0.9520993 1.486767 1.801072 1.476353 1.549858 1.753952 2.676009 3.697324 2.291116 1.267191 2.268482 2.298773 2.651357 2.869268 2.127049 1.568791 1.615097 2.51808 2.945796 2.601675 2.495274 2.853308 3.139405 2.511451 2.134126 1.457443 0.5108588 1.352993 1.541592 1.375095 0.959399 0.6574159 0.8928178 1.096444 0.9856547 0.8453874 1.166025 1.54022 1.325568
-9999 -9999 0.9285365 0.792236 1.302388 1.033994 0.9038805 1.429231 2.011182 2.39724 2.709468 3.733729 4.188337 3.229394 3.88331 5.67604 5.089385 1.662608 0.3271364 0.5066682 1.551189 2.303348 2.98878 2.193256 1.492431 1.585524 1.141115 0.654399 0.808392 1.008498 0.8623402 1.033458 1.815459 1.920255 1.355596 1.417233 1.373189 2.093248 2.725834 1.694965 1.34582 2.22384 2.095922 2.545083 2.967471 2.428736 2.079563 2.450652 2.942862 2.582013 2.032735 1.96663 2.072911 2.546609 2.144294 1.765363 1.206501 0.6681684 1.076453 1.20186 1.366192 1.478534 1.15544 1.103284 1.129195 0.8389981 0.416355 0.7736589 1.320884 1.658073
-9999 -9999 0.7235897 0.7772542 1.064029 1.354509 0.9769327 1.113451 1.706074 2.449937 3.19151 4.073065 3.748095 2.022599 2.874356 5.310638 5.975447 2.855346 0.2106221 0.2768898 0.9498721 2.202309 2.843173 2.381018 1.669924 1.802969 1.52553 0.7266097 0.6770099 0.8082739 1.166533 1.5442 1.817365 1.757883 1.020118 1.033315 0.9995439 1.551103 2.474701 2.269594 1.980368 1.746455 1.36574 2.110724 2.842898 2.818786 2.640793 3.050559 3.141983 2.479151 2.17243 1.726589 1.200436 1.906593 2.1112 1.936293 1.760529 1.194558 1.155367 0.8730847 0.7547161 1.175102 1.50497 1.437354 1.143351 0.8685069 0.8718323 1.16498 1.686451 2.347018
-9999 -9999 0.4212616 0.9243199 0.9537306 1.23979 0.8691597 1.060513 1.934636 2.601085 3.336505 4.523054 3.550829 1.235015 1.723907 4.787774 6.120389 3.35432 0.5738844 0.4177752 0.4324673 1.524023 2.230167 2.505102 1.857654 1.992919 1.804447 1.092207 0.9517219 1.279246 1.972099 1.9164 1.547987 1.721934 1.242577 1.208516 1.254416 1.955148 3.147666 3.001475 2.145498 1.357694 0.5419726 1.207909 2.509929 2.982108 2.652807 3.191928 3.446046 2.812609 2.39145 1.774332 1.149451 1.542698 2.395983 2.726692 2.357259 1.572156 1.423769 1.105195 0.8700864 1.223268 1.62931 1.589054 1.635355 1.390445 1.574069 1.66517 1.464118 1.56136
-9999 -9999 -9999 0.9502726 0.9377051 1.227781 0.9322537 1.043102 2.17401 3.36646 4.290011 5.185595 3.708526 1.475569 1.260893 4.456635 5.907512 3.35434 0.7096789 0.3577932 0.3360261 0.9162059 1.455913 2.052566 1.757895 1.955265 1.506313 1.167989 1.426112 1.929808 2.384978 2.001825 1.384939 1.441913 1.004014 0.7435872 1.039118 1.868651 2.482993 2.328702 1.444215 0.3785669 0.1319255 0.5390912 1.879165 3.084254 3.158468 3.477251 3.51679 3.047083 2.462504 2.013705 1.834766 2.093874 2.469703 2.847292 2.847147 2.321004 2.070587 1.70828 1.525516 1.552072 1.600974 1.621625 1.949562 1.706333 1.55533 1.418124 1.273158 1.260589
-9999 -9999 -9999 0.9526566 0.9941919 1.400149 1.382188 1.342037 1.974113 3.924049 5.063483 5.026663 3.256433 1.549203 1.195027 4.191887 5.625338 3.259833 0.6361296 0.3229231 0.2472207 0.6454254 1.216056 2.086601 2.211774 2.028311 1.318268 0.9490447 1.094674 1.616338 2.063241 1.669156 1.269638 0.7218751 0.8892527 0.591961 1.060696 1.476181 1.662518 1.973377 1.879871 0.6045621 0.2428167 0.8579443 0.4990732 1.994859 3.943172 4.064456 3.656608 4.194698 3.609258 2.931063 2.807468 2.679684 2.501455 2.683392 2.744174 2.60406 2.527856 2.023703 1.719149 1.644768 1.720107 1.798244 2.099854 1.771998 1.370584 1.346893 1.419395 1.75395
-9999 -9999 -9999 1.25336 1.584539 2.115362 1.924242 1.433802 1.463334 3.363278 5.668435 5.349693 2.881689 1.112232 1.616912 4.060611 5.211361 2.914044 0.4926718 0.3478909 0.3466389 0.663452 1.066592 1.979967 2.826652 2.546282 1.890293 1.556915 0.9482214 1.419356 1.940637 1.435147 0.9722867 0.7290829 0.9366146 1.619272 1.474486 1.343278 1.342998 1.225976 1.653819 0.7110264 0.4761424 1.228575 0.2283262 0.3160475 3.259926 4.327193 4.648236 5.553696 5.383379 4.620131 4.467714 3.960304 3.444334 3.245108 2.74524 2.407639 2.336982 1.675291 1.835747 1.826193 1.244468 0.7548139 1.173492 1.020992 1.070835 1.340482 1.031081 1.301577
-9999 -9999 -9999 1.441915 1.94317 2.171226 1.744067 1.266317 1.390804 2.730114 5.459966 5.746781 3.068649 1.150143 1.899288 3.707551 4.317635 2.239751 0.6836457 0.5157671 0.9051259 1.268099 1.183292 1.451336 2.496425 2.690442 2.154225 2.032764 1.887754 2.065909 2.524447 2.006094 1.597289 1.492381 1.12002 1.760589 0.9789591 0.9755563 1.059256 0.9485844 1.104978 0.8008913 0.5346274 1.260043 0.6824672 0.6617221 1.454192 2.786919 3.303478 4.239893 5.188821 4.910826 4.365462 3.987872 3.650097 3.529659 3.058816 2.654316 2.414854 1.803981 1.558899 1.101594 0.6760001 0.6069357 1.015272 1.848431 2.090168 1.929731 1.762503 1.907536
-9999 -9999 -9999 1.410307 1.94065 2.156301 1.832267 1.393506 1.678185 3.396355 5.066188 5.102736 3.003382 1.796861 1.821563 2.894999 3.180116 1.559611 1.337333 1.458832 2.035313 2.090557 1.690341 1.542995 2.102314 3.114661 3.196251 2.256447 1.923424 2.58876 3.409597 2.892866 2.461132 1.990637 1.338863 1.103956 1.211869 0.7835842 0.8498212 1.18008 0.745874 0.4890289 0.5525609 0.6775643 0.6567596 0.3769914 0.2938248 0.8174996 1.446208 2.29087 3.238091 3.186167 2.797124 2.783521 2.655208 2.777343 2.484689 2.199811 1.613926 1.145459 0.8413065 0.7618862 1.062775 0.8873777 1.247658 2.130434 1.801882 1.539335 1.405022 1.814067
-9999 -9999 -9999 1.625374 2.335216 2.683482 1.911461 1.349593 1.907114 4.196886 4.724971 4.223617 2.90588 1.909222 2.251841 2.594886 2.135379 1.093818 1.611564 2.034668 2.60118 2.019816 1.59238 1.259811 1.017541 1.531996 2.559745 2.781189 2.744469 3.523608 4.317721 3.198268 2.881515 2.060072 0.7906209 0.6403217 1.149061 0.7939906 0.8472428 1.244384 0.489377 0.3634254 0.5793699 0.3536833 0.257413 0.1993986 0.1764562 0.298472 0.3941247 0.9000789 1.876883 2.318826 2.447141 2.922913 2.912877 3.366258 2.860078 1.713874 0.8759332 0.613629 0.9842708 0.8809861 1.141628 1.084318 1.593886 1.876858 -9999 -9999 -9999 2.463054
-9999 -9999 1.294691 2.252893 2.785382 2.965185 1.532388 1.245211 2.239506 4.650237 4.911269 4.258404 2.790743 1.470881 2.419847 2.458962 1.070906 1.03201 1.669012 2.049996 2.118767 1.292646 1.72207 1.537416 0.6257312 0.5062013 0.4917203 1.850254 2.94851 4.01002 4.225514 3.007806 3.545629 2.959482 1.43001 0.9902804 0.5449297 0.7035869 1.208723 1.025018 0.2295256 0.2083735 0.3954428 0.3086077 0.2495704 0.217633 0.2875143 0.3266998 0.199909 0.137055 0.9194673 1.795642 2.603302 3.354885 3.21907 3.617938 2.509669 0.9060068 0.7492087 0.9077153 1.261217 1.350019 -9999 -9999 -9999 -9999 -9999 -9999 -9999 -9999
-9999 3.01487 3.245959 3.144046 3.097454 2.928878 1.414195 1.269997 2.492243 5.051335 5.455122 3.781984 1.388415 0.3653101 2.395672 2.292266 0.7461168 1.472972 1.998774 2.224701 1.778184 1.23351 1.799454 2.424974 1.742579 1.290017 1.518406 1.289035 2.170847 3.354896 2.932128 1.988025 3.415198 3.605447 2.207401 1.920501 1.467262 0.5592815 1.122453 0.8772932 0.491459 0.2669753 0.3720576 0.3849643 0.1296365 0.3145954 0.4522642 0.3096705 0.1695352 0.1919964 0.8333322 1.991661 2.934238 3.06135 2.860703 3.434254 2.850616 1.705472 1.390714 1.209102 1.780207 -9999 -9999 -9999 -9999 -9999 -9999 -9999 -9999 -9999
4.600058 4.247347 4.248332 3.63013 3.421808 3.061722 1.982915 1.83991 2.816486 5.217 5.24623 2.498068 0.4263622 0.1918479 1.944526 2.078874 1.357659 2.092287 2.448004 2.185568 1.760698 1.54452 1.693979 2.78801 3.221158 3.461336 2.810078 1.641666 2.253187 3.164208 1.951044 1.090519 2.448956 3.447232 1.966335 1.427239 1.953347 1.447346 0.9069389 0.7349295 0.5316991 0.1810767 0.5993571 0.5199088 0.2402052 0.2461857 0.4836344 0.2463635 0.1127191 0.3663202 1.27121 2.392015 2.638775 2.4862 2.240929 2.606699 2.705098 1.729269 1.361027 1.531737 -9999 -9999 -9999 -9999 -9999 -9999 -9999 -9999 -9999 -9999
4.023788 3.94777 3.87548 3.629128 3.434236 2.996941 2.475857 2.394472 2.848007 4.735134 4.476191 1.824792 0.3069821 0.455445 0.9916919 1.41464 1.483129 2.604059 2.757948 2.222374 2.016712 1.873535 1.578434 2.165627 3.068806 2.953521 2.48616 1.85446 1.789261 2.878441 1.352301 0.4412517 1.492368 3.097835 2.176331 0.6170242 0.9531776 1.318565 0.7489241 0.6268913 0.3206348 0.1138845 0.7539763 0.4287141 0.2385275 0.3227521 0.2519213 0.3955706 0.4408694 0.8274789 2.276641 2.577539 1.958216 2.186143 1.94706 1.77919 2.091972 1.433064 0.810798 -9999 -9999 -9999 -9999 -9999 -9999 -9999 -9999 -9999 -9999 -9999
2.573286 2.799815 2.825282 2.912805 2.864956 2.340893 1.836789 1.786679 2.206563 4.102446 3.715051 1.472519 0.0674087 0.1904112 0.397704 0.7318549 1.489688 2.621294 2.301547 1.644693 1.729951 1.895158 1.677547 1.597519 1.691144 1.652028 2.345408 2.227263 1.249459 2.094387 1.587568 0.498856 0.4480101 2.651264 2.63361 0.5228358 0.4849512 0.780992 0.3113642 0.2637478 0.08373756 0.1808715 0.6670243 0.4379997 0.08339229 0.1193402 0.07179754 0.5269592 0.4359425 0.9478285 2.896083 1.995656 0.9698521 2.182142 2.085129 1.637761 1.548119 1.561976 -9999 -9999 -9999 -9999 -9999 -9999 -9999 -9999 -9999 -9999 -9999 -9999
0.9345753 1.566463 1.616436 1.680882 1.664777 1.160222 0.7634202 0.8847169 1.864554 3.590931 3.16101 1.127707 0.1088236 0.1904025 0.2743897 0.820462 1.855695 2.382311 1.975113 1.509614 1.579595 1.840479 1.779384 1.713559 1.587237 1.677144 2.234564 2.234662 1.712386 1.319238 0.9159129 0.6522295 0.5140718 1.832238 2.593672 1.208802 0.7553559 0.5008664 0.1355405 0.1221646 0.1636344 0.507697 0.8238157 0.3024963 0.1085929 0.2108687 0.103817 0.3591754 0.5231647 1.074271 3.051331 1.667582 0.5018388 2.241729 2.322744 1.638915 1.153045 1.616283 -9999 -9999 -9999 -9999 -9999 -9999 -9999 -9999 -9999 -9999 -9999 -9999
0.4805359 0.8438036 0.6550817 0.7661769 0.5594352 0.3707136 0.3154102 0.8035856 2.111475 2.906565 2.673776 0.9989699 0.03450085 0.1028127 0.1909139 1.267398 2.159783 2.276102 2.218385 2.172114 2.061044 2.165098 1.816711 1.720189 1.745763 1.748696 1.849337 1.732827 1.503855 1.23073 0.5794107 0.2459213 0.496299 1.11334 2.233085 1.663362 1.243073 0.7596211 0.4438426 0.4982797 0.6222674 0.8251269 0.7448163 -9999 -9999 0.3075744 0.06881829 0.4675198 1.368892 1.830238 2.125485 1.591254 0.7936236 2.162446 2.208086 1.366509 1.169645 -9999 -9999 -9999 -9999 -9999 -9999 -9999 -9999 -9999 -9999 -9999 -9999 -9999
0.4608665 0.8524998 0.7357975 0.6299216 0.120067 0.4089604 0.3366998 1.170012 2.085292 2.390445 2.143332 0.8602853 0.1213046 0.02565261 0.492919 1.800487 2.635405 2.528039 2.589849 2.583594 2.294533 2.498774 1.957827 1.658351 1.515236 1.741239 1.477473 1.267329 0.922403 0.5915601 0.5993754 0.5597085 0.5666801 0.7893184 1.872226 1.997884 1.972616 1.387548 0.5554656 0.4363979 0.5350023 0.6278954 -9999 -9999 -9999 -9999 0.7082295 1.378334 2.115016 1.755246 1.213883 1.708852 1.62861 2.030691 2.087036 1.161272 -9999 -9999 -9999 -9999 -9999 -9999 -9999 -9999 -9999 -9999 -9999 -9999 -9999 -9999
0.7349944 0.5357003 0.5526724 0.7841948 0.4598555 0.1676734 0.4985162 1.281559 2.165575 2.47175 1.641678 0.4809374 0.17801 0.07481094 0.9337621 2.518116 3.054029 2.687362 2.64189 2.54141 2.003065 2.429767 1.93496 1.372348 1.185271 1.872436 1.249102 1.034893 1.002289 0.4025694 0.1879497 0.5496858 0.7495768 0.8488892 1.46863 2.104422 2.420302 1.766408 0.4083609 0.0686334 0.06431072 -9999 -9999 -9999 -9999 -9999 -9999 1.979456 1.781023 0.999868 1.271466 2.328273 1.620339 1.535418 1.891754 1.033449 -9999 -9999 -9999 -9999 -9999 -9999 -9999 -9999 -9999 -9999 -9999 -9999 -9999 -9999
0.7075331 0.3240236 0.1641938 0.4048681 0.4294351 0.2800464 0.8160014 1.669154 2.623745 2.43 0.9265155 0.1657899 0.184474 0.06003138 1.498009 3.179826 3.223433 2.697627 2.571118 2.149616 1.152042 1.923028 1.632268 1.131014 1.434353 1.438945 1.413243 1.466701 1.367388 0.5139369 0.4894485 0.8849688 0.8478229 0.8995587 0.9650131 1.646681 -9999 -9999 -9999 -9999 -9999 -9999 -9999 -9999 -9999 -9999 -9999 -9999 -9999 -9999 -9999 -9999 -9999 -9999 -9999 -9999 -9999 -9999 -9999 -9999 -9999 -9999 -9999 -9999 -9999 -9999 -9999 -9999 -9999 -9999
0.8470177 0.4344714 0.1659019 0.0815089 0.4797768 0.9737515 1.452963 2.362074 2.863071 1.664661 0.2629176 0.1316504 0.1422397 0.2299945 2.011593 3.750041 3.575734 2.973139 2.695032 2.097468 1.436083 1.785479 1.770697 2.037122 1.57715 1.089828 1.352666 1.9328 1.522766 0.8390388 1.187473 0.9701077 0.3862729 0.3449236 0.3922205 -9999 -9999 -9999 -9999 -9999 -9999 -9999 -9999 -9999 -9999 -9999 -9999 -9999 -9999 -9999 -9999 -9999 -9999 -9999 -9999 -9999 -9999 -9999 -9999 -9999 -9999 -9999 -9999 -9999 -9999 -9999 -9999 -9999 -9999 -9999
1.487545 1.218813 0.6638088 0.38998 0.5256627 1.620432 1.646147 2.455825 2.306011 0.6256528 0.09906995 0.2077139 0.275304 0.4599791 2.308381 4.32958 4.113532 3.108458 2.613082 2.225497 1.998043 2.072435 1.983187 2.794355 2.478969 1.302723 0.999568 2.029649 1.624449 1.141039 1.26384 1.084747 0.817578 0.719006 -9999 -9999 -9999 -9999 -9999 -9999 -9999 -9999 -9999 -9999 -9999 -9999 -9999 -9999 -9999 -9999 -9999 -9999 -9999 -9999 -9999 -9999 -9999 -9999 -9999 -9999 -9999 -9999 -9999 -9999 -9999 -9999 -9999 -9999 -9999 -9999
0.9240786 1.250196 0.8082784 0.23461 0.5207207 1.758751 1.990989 2.52979 1.756819 0.1552651 0.1775392 0.2290977 0.2420042 0.2917021 2.376194 4.718859 4.487542 2.89274 2.133237 1.770731 1.495147 1.941391 1.585383 2.208088 2.703447 1.738189 0.9498212 1.44654 1.6638 1.157619 0.8395133 0.6833035 0.7370338 0.6663703 -9999 -9999 -9999 -9999 -9999 -9999 -9999 -9999 -9999 -9999 -9999 -9999 -9999 -9999 -9999 -9999 -9999 -9999 -9999 -9999 -9999 -9999 -9999 -9999 -9999 -9999 -9999 -9999 -9999 -9999 -9999 -9999 -9999 -9999 -9999 -9999
