testcase_input/parameters/slope_2023.asc
ncols         214
nrows         263
xllcorner     382500
yllcorner     7541702
cellsize      16
NODATA_value  -9999
[rows 124 to 154 of 263, columns 70 to 139 of 214]
3.701291 5.073889 7.74737 8.574669 6.483852 4.234843 6.336471 3.87618 2.050317 4.009354 4.376969 2.212151 1.79442 1.56396 1.078768 0.7035133 0.7710102 0.7541888 0.6733232 1.998057 3.64179 6.087346 8.957603 8.47201 8.413055 8.507862 8.694807 10.0169 9.619967 8.842657 8.080619 7.188253 6.937688 6.884866 6.033742 4.842223 4.106833 4.360286 4.853465 4.799067 5.322935 6.149014 5.790487 5.218474 6.029249 6.367968 5.560063 5.01893 4.694973 4.71777 4.783444 4.846663 5.306729 5.630773 5.094971 3.838469 3.106938 2.649433 1.846581 1.290357 1.216281 0.805709 0.7937914 0.9310559 0.402971 0.7593323 1.783231 3.464427 -9999 -9999
3.38625 5.647274 10.09171 10.80682 9.371028 6.949926 5.974656 3.145733 3.591732 4.465946 3.992654 2.607859 1.924865 1.806127 1.572101 0.8982462 0.5599263 0.4497529 0.4942765 1.77388 3.790932 6.414448 8.603714 8.176346 9.093953 8.659081 7.494263 9.751051 9.883325 8.92595 8.380762 7.616742 7.002443 6.706629 6.078077 5.121441 4.596526 4.651826 4.957332 5.002053 5.465875 5.87303 5.591014 5.612603 6.561725 6.582088 5.514199 4.93201 4.425667 4.243398 4.401527 4.750556 5.550787 5.597828 4.636019 3.57337 3.082022 2.744912 2.061723 1.608075 1.389086 0.9240938 0.8965319 1.328188 1.536884 1.532187 1.662759 3.058484 -9999 -9999
3.787724 6.642368 6.21237 2.26305 4.513225 7.385656 5.381356 2.735837 4.826842 4.910488 3.501493 2.862434 2.132295 1.852337 1.870081 1.421205 0.9259041 0.6521047 0.7159185 2.270895 4.283083 6.201769 7.966546 7.683109 9.280623 9.787086 7.48723 8.821718 9.588966 8.684704 8.440679 8.100574 7.439475 6.776356 6.259121 5.516751 5.106942 5.117333 5.130816 5.106304 5.489681 5.605046 5.375439 5.581495 6.286632 6.386727 5.522064 4.908727 4.172502 3.703013 4.026287 4.518071 5.385627 5.474132 4.220558 3.215805 3.041817 2.942263 2.44925 1.919753 1.57101 1.315707 1.547704 2.203237 2.469416 2.332376 1.811704 2.327235 -9999 -9999
4.552587 4.173724 3.511843 8.38799 7.895086 6.636172 2.413546 2.112738 6.168718 5.418904 2.632944 2.222739 1.884306 1.683616 1.830487 1.652799 1.38825 1.029447 0.8294892 2.599033 4.29857 5.812399 7.747733 8.132445 8.479505 9.591544 8.374046 8.173212 9.197129 8.602801 8.333496 8.241808 7.878109 7.160567 6.685206 5.940927 5.122687 5.145301 5.064709 4.873507 5.139902 5.383695 5.261761 5.429498 5.979618 6.289421 5.960787 4.889132 3.829997 3.28846 3.378747 4.101566 5.210516 5.329205 4.117727 3.078287 2.99961 3.113253 2.668068 2.116404 1.807148 1.487444 1.688758 2.514113 2.586551 2.315932 1.952386 1.186727 0.8062128 -9999
0.4131983 3.282222 5.436969 3.590033 2.525791 2.427977 0.5451716 0.8165183 7.213019 6.137367 1.998353 1.782481 1.537939 1.375687 1.73816 1.833735 1.716572 1.463637 0.9754425 2.643409 4.016304 5.744507 7.239599 8.655538 8.411778 8.717405 8.911056 8.43749 9.282098 8.681801 8.231349 8.236371 8.083716 7.457293 7.13254 6.379278 4.986899 4.749835 4.911507 4.847676 5.014454 5.440441 5.421292 5.347425 5.734073 6.014145 6.103564 4.976797 3.832888 3.298981 2.979787 3.724654 4.775443 4.911257 4.144861 3.248496 3.090644 2.983754 2.712854 2.425415 2.245212 1.900532 2.145837 3.280326 2.551656 0.9248141 0.8819541 0.6038864 0.101827 0.3963329
2.406337 2.800808 1.40343 2.923113 2.49894 1.556211 1.077248 0.7707645 6.550533 6.257886 2.164348 1.63214 1.380406 1.184573 1.537549 1.868681 1.858636 1.608073 1.090634 2.293802 3.689813 5.74786 6.992689 8.911962 8.773492 8.300305 8.975487 8.987945 9.350842 8.670808 8.456391 8.266972 8.060582 7.579299 7.359115 6.50624 5.036116 4.480662 4.607147 4.826576 5.213298 5.799525 5.398094 4.909508 5.340592 5.707484 5.946126 5.159141 3.936975 3.479182 3.369619 3.708628 4.062195 4.161407 4.012605 3.60689 3.07319 2.576871 2.665303 2.718119 2.654905 2.623679 2.931413 3.472158 2.134219 0.5394643 0.7226734 1.052563 0.8548122 0.3693293
2.090215 1.896873 3.403242 3.65678 3.26384 0.3684153 0.7371603 1.3018 5.042632 5.894136 2.670409 1.792274 1.638116 1.332545 1.303792 1.623301 2.089343 1.683534 1.015774 2.038421 3.634821 5.481073 7.096403 9.367116 8.915565 7.688704 8.940233 9.381564 9.396982 8.959767 8.711487 8.393726 8.111047 7.570599 7.103265 6.416696 5.491443 4.465493 4.170961 4.687976 5.395733 5.899148 5.114522 4.503505 4.956798 5.559121 5.743781 5.062037 4.144454 3.79942 3.649783 3.371814 3.243497 3.286421 3.582868 3.844241 3.209586 2.597998 2.582658 2.752712 3.018576 3.127788 3.206096 3.071535 1.991699 0.8582435 0.9409217 0.9661686 1.309251 0.882017
1.269308 1.732378 0.7398256 4.525269 3.574791 0.9459337 0.3673547 1.092873 4.373514 5.297817 2.55023 1.81073 1.948828 1.706467 1.255441 1.314889 2.118263 2.095971 1.154619 1.98643 3.64333 4.965467 6.833828 9.689408 9.09553 7.549447 9.128659 9.173668 9.428097 9.541283 8.979117 8.64083 8.317796 7.416177 6.654449 6.299351 5.661828 4.581399 4.272413 4.918571 5.172822 5.373419 5.0756 4.522645 4.84867 5.458855 5.401819 4.683307 4.29463 4.056644 3.661537 3.309564 2.940983 2.844006 3.090955 3.693101 3.286493 2.909592 3.050975 2.967097 3.206828 3.104241 3.065962 2.946657 2.132405 0.9794903 0.4056898 1.054892 1.604915 1.185169
0.795812 1.907543 2.6832 5.739946 1.853487 0.1711807 0.290932 1.394945 4.435963 4.37295 2.180881 1.196632 1.261841 1.563174 1.332114 0.9400734 1.459042 2.095807 1.781507 1.802001 3.683276 4.678198 6.3402 9.399016 9.378232 8.396852 8.964636 8.361041 9.43401 10.17479 9.698987 8.853245 8.351646 7.416271 6.437208 6.025294 5.397498 4.93279 4.794394 4.824439 4.546977 4.8072 4.994448 4.827157 5.222677 5.357057 4.761257 4.153498 4.340044 4.073624 3.351341 3.377537 3.28987 3.083967 3.110408 3.623482 3.534166 3.381986 3.294102 3.025949 3.080507 2.913819 2.919187 2.831595 2.098863 1.078271 0.2056565 1.329326 1.807903 0.9713519
0.5900946 1.373681 3.176026 4.720981 1.219064 0.8477017 0.51135 1.814902 4.528707 3.556799 2.072022 1.104685 0.7289847 1.088911 1.353608 0.9616681 0.9776698 1.525347 1.837553 1.398577 3.821056 5.106246 6.540028 8.670867 9.220104 8.865628 8.327986 8.126269 9.326478 10.26992 10.42887 9.33031 8.589185 7.607531 6.301404 5.738195 5.03197 4.976483 4.964931 4.452884 4.421922 4.759464 4.796637 5.093756 5.4126 5.100984 4.251619 3.505924 4.025011 3.863874 3.033257 3.337255 3.609899 3.689074 4.16233 4.310038 3.563995 3.24086 3.142217 2.854336 2.90298 2.866526 2.742091 2.567178 2.036034 1.136375 0.6978281 1.392268 1.911889 0.6793115
0.8677038 1.52882 3.029494 5.95528 5.119015 3.056378 1.716071 2.593933 5.057072 3.173271 2.162956 1.447914 0.9055101 0.8533244 1.219466 1.053451 0.8152241 0.985481 1.41735 0.8982691 3.883904 5.816064 6.844051 7.900246 8.977147 8.511475 7.72886 8.418365 9.022329 9.848698 10.39716 10.0735 9.367134 7.565626 5.809286 5.349453 4.77165 4.783397 4.914552 4.47766 4.594102 4.756181 4.762379 5.085742 5.362567 5.074738 4.148366 3.067636 3.271314 3.411873 3.07733 3.668497 4.227735 4.75019 5.089945 4.398361 3.075333 2.688545 2.726099 2.522116 2.878953 2.908061 2.555371 2.465566 1.953739 1.142915 1.012858 1.409866 1.809972 0.9400675
1.073505 2.585886 4.582771 7.131288 7.984363 5.694729 3.958575 4.458133 5.949226 2.727455 2.163414 1.821284 1.362831 0.8326308 0.9411354 1.07441 0.7637062 0.804132 1.336016 0.9920565 3.589756 6.056139 7.079764 7.565254 9.508071 8.411453 7.139473 8.455352 8.850323 9.517075 9.798386 10.08167 9.719994 7.706982 5.730231 5.200032 4.941981 4.730594 4.750353 4.686283 4.532217 4.634574 5.152793 5.296804 5.369407 5.217949 4.195196 2.773248 2.498501 2.877098 3.346374 4.111054 4.519697 5.434592 5.280651 3.864031 2.44583 2.048074 2.128073 2.167953 2.752082 2.809663 2.651301 2.828361 1.980975 0.902224 0.8280182 1.098653 1.598122 1.233253
1.516225 3.232741 5.333808 4.798423 8.092681 8.38316 6.430819 7.097673 6.567634 2.495212 2.402373 2.592091 2.518444 1.844776 1.424342 1.579669 1.200789 0.921796 1.429146 1.435665 2.675047 5.493216 7.64306 7.817044 10.38237 8.591749 6.216378 8.20018 8.94903 9.398933 9.146968 9.277684 9.212681 8.136965 6.666376 5.98238 5.595547 5.14472 5.060947 5.125404 4.901309 5.120376 5.809772 5.753823 5.368295 5.182942 4.162784 2.714136 2.315165 2.713493 3.522621 4.1671 4.624267 5.733568 5.227291 3.479842 2.427965 1.933234 1.663027 1.85238 2.512605 2.593717 2.844658 3.219581 2.060608 1.201977 0.7812802 0.6342244 1.604175 1.357027
2.112772 3.906468 6.689947 3.757618 5.202089 6.651319 7.30589 9.944151 6.431297 2.71245 3.072583 3.747536 4.129186 3.678608 2.666802 2.575645 2.396837 1.330755 1.229101 1.395235 1.717255 4.274845 7.601334 8.646872 11.43968 8.785656 5.529936 8.279284 9.208817 9.36303 8.750791 8.51604 8.413325 8.014332 7.698483 7.233628 6.000253 5.049008 4.86133 4.843152 4.935437 5.594536 6.062178 5.681647 5.20209 4.944995 3.940322 2.832351 2.587544 2.785994 3.553612 4.302484 4.771982 5.36169 4.637968 3.348918 2.624663 2.025294 1.397637 1.519829 2.15994 2.605075 3.286958 3.382433 2.469284 2.100879 1.678146 0.6033705 1.868979 1.612362
2.537342 4.745357 6.615054 0.7559098 2.33371 0.4411579 6.054255 11.04591 6.067269 2.838803 2.838668 3.27366 3.987236 4.347876 3.324061 2.823081 3.147865 2.236062 1.451022 1.406696 1.355968 2.872941 6.447509 9.516432 12.80169 9.083085 5.478615 8.505661 9.249897 9.061481 8.759577 8.440312 7.968491 7.663985 7.811705 7.790529 6.458038 5.109732 4.627514 4.494511 4.977608 5.817775 5.905794 5.29711 4.819313 4.426315 3.500643 2.974768 3.012727 2.932902 3.320804 4.073157 4.415425 4.547671 4.083165 3.517239 2.874625 2.036818 1.314195 1.282445 1.598521 2.16702 3.208483 3.289769 3.015183 2.736826 2.601122 1.844032 2.589613 2.060405
3.453438 4.953072 3.960093 2.721398 2.779191 2.280835 5.435957 9.432583 5.552878 2.922017 2.13625 1.708648 2.347116 3.638496 3.210096 2.343237 2.927476 3.0085 2.046881 1.680444 1.467223 1.669295 4.808967 9.843513 14.11833 9.979992 6.006295 8.246299 8.830976 8.497776 8.759792 8.81272 7.821016 7.49431 7.515029 7.605225 6.700428 5.551636 4.98063 4.625076 5.0868 5.750776 5.797498 5.244219 4.692911 4.246718 3.417743 3.250554 3.151605 2.593505 2.680813 3.456446 3.819824 3.91671 4.028287 3.88699 3.242034 2.231974 1.308096 1.263575 1.551149 1.920675 2.414446 2.600769 2.757101 3.012515 3.116584 3.090038 3.19307 2.3373
4.826447 3.486276 0.9796067 2.304967 1.466443 1.139531 5.355878 6.905914 4.414515 3.097573 2.650248 1.341677 0.9219424 2.235545 2.499063 2.118926 2.176301 2.620966 2.281961 1.77551 1.694204 1.579522 3.278445 9.318702 15.07736 11.09085 6.30709 7.893044 8.341304 7.835701 8.393021 9.037275 7.963247 7.501551 7.504757 7.414628 6.617822 5.749447 5.645294 5.290329 5.175077 5.547861 5.477178 5.158879 5.124881 4.756874 3.763927 3.22091 2.630964 2.087931 2.271403 2.770994 3.137409 3.466084 3.988152 4.175304 3.741718 2.748297 1.637117 1.474738 1.800701 1.931457 1.949944 1.932123 2.178896 2.797993 3.273476 3.617053 3.264704 2.550889
5.325539 2.492334 1.624501 2.293268 1.484707 1.170895 5.611273 5.24061 3.211573 3.135798 3.627856 2.374698 1.22594 1.496738 2.015607 2.741809 2.356213 2.076308 2.217543 1.608825 1.41207 1.281178 2.517956 8.123759 14.89498 12.38704 6.836307 7.710401 7.927815 7.400009 7.988254 8.833129 8.15007 7.547865 7.772284 7.469703 6.543542 5.747564 5.97456 5.965347 5.645099 5.700977 5.335921 5.312332 5.660803 4.969034 3.631651 2.720649 2.066615 1.850182 2.014628 2.246028 2.675189 3.162211 3.685771 4.198291 4.201766 3.395159 2.354554 1.940678 2.032883 1.986771 2.142459 2.153425 2.16905 2.486893 2.886337 3.1109 2.792398 2.388841
5.112107 3.631096 3.403488 3.201079 1.308831 1.355159 4.926349 4.584264 2.968791 3.076523 4.098414 3.538915 2.485336 1.956026 2.229351 3.077594 3.222113 2.030046 1.991804 1.556143 1.042057 0.8939013 2.322053 6.952374 13.50512 13.38395 8.236031 7.246616 7.184872 7.423021 8.018036 8.502838 8.118735 7.69827 8.12317 7.907058 6.640578 5.798562 6.152135 6.216022 6.135881 5.684368 5.261302 5.559324 5.614024 4.396142 3.127515 2.424136 1.803949 1.557392 1.573244 1.85661 2.460119 3.063963 3.501953 4.088518 4.307085 3.677039 2.840417 2.446563 2.35742 2.321458 2.535949 2.554463 2.36606 2.410794 2.440589 2.257398 2.259159 2.465393
3.177715 3.234708 3.525064 4.356526 3.993992 3.512125 5.317263 5.112136 3.348964 3.189665 4.281936 4.200417 3.969496 3.278642 2.728271 3.095479 3.984947 2.770355 1.928832 1.721527 1.201288 0.7463273 2.55971 7.396727 12.50435 13.01995 9.08141 7.020166 6.514669 7.035239 8.101411 8.186733 8.06761 7.8917 8.336874 8.327729 7.107907 6.105016 6.13144 6.277884 5.952824 5.239909 5.571423 6.041265 5.33739 3.718066 2.717754 2.326845 1.920237 1.50535 1.296835 1.395603 1.93304 2.72757 3.428378 4.092244 4.31302 3.88837 3.478256 3.117939 2.689739 2.615242 2.700554 2.649697 2.39199 2.185443 1.975615 1.683432 1.797615 2.11763
2.087488 3.12026 3.866537 4.664773 4.140593 4.344654 6.071071 5.771153 3.406212 3.375308 4.394619 4.084565 4.344472 4.085859 2.693635 2.453364 3.708914 3.251948 2.020176 1.624173 1.672622 1.337375 3.259569 8.637676 11.50519 11.33486 8.920235 7.216107 6.839676 6.582706 7.423575 7.941405 8.353603 7.967851 8.200849 8.401313 7.953099 6.768663 5.947557 6.109489 5.534465 5.203558 6.210434 6.457443 4.931019 3.389528 2.899413 2.700719 2.535941 1.993665 1.577645 1.315857 1.345345 2.123206 3.193549 4.114616 4.435474 4.185393 4.048163 3.75998 3.20046 2.899548 2.787102 2.620282 2.254608 1.896328 1.603388 1.471103 1.365038 1.141886
2.917129 3.690573 4.172235 5.508633 4.480441 3.444989 5.625077 6.117096 3.03546 2.829162 3.986435 3.064712 2.823153 3.668567 2.612066 2.09639 3.147084 3.280816 2.471892 1.659711 1.819199 1.846977 4.420111 9.222777 9.970234 9.340696 8.544271 7.397444 7.583159 6.597628 6.581084 7.801744 8.47631 8.166525 8.111286 8.206199 8.37515 7.432181 6.2253 6.327748 5.948025 5.568129 6.175122 5.937756 4.752263 3.994142 3.498582 3.184559 3.073121 2.553917 2.108242 1.611637 1.39653 1.896753 2.889738 4.035991 4.467322 4.270002 4.250215 3.99795 3.351011 2.941779 2.869664 2.67794 2.256096 2.065442 1.955039 2.270401 2.104748 1.412942
2.41997 3.124141 2.975017 4.497478 4.435606 3.187037 5.342885 6.794417 3.620583 2.560897 3.611971 2.593376 1.797223 2.799594 3.093287 2.969661 3.299994 3.388084 2.88943 2.150467 2.141215 2.202727 4.85315 8.3612 8.115987 7.660496 8.35056 7.760522 7.864286 6.584693 6.290706 7.734052 8.110332 8.379313 8.267564 8.003201 8.38361 7.884712 6.927556 7.249134 7.254199 5.910424 5.928215 6.068732 5.509348 4.966377 4.002424 3.538739 3.378133 2.995265 2.775204 2.159272 1.871811 2.164255 2.858496 4.081233 4.674387 4.377496 4.111774 3.677607 3.127399 2.863666 2.951911 2.982124 2.540637 2.233644 2.207734 2.602773 2.586608 2.512155
0.7144004 2.539363 1.478921 3.024654 3.768254 3.283272 4.857229 6.89841 4.82911 3.467537 3.806852 2.716416 1.907384 2.098134 2.584116 3.132243 3.259675 3.140144 2.818323 2.614643 2.641174 2.108796 4.012773 6.790639 7.095438 7.027609 8.183658 7.985838 7.899471 6.669747 6.501306 7.751468 7.663195 8.278587 8.320464 7.880704 7.987446 7.573758 7.067199 7.624398 7.84892 7.37568 7.348804 6.970652 6.249878 5.526323 4.342963 4.016725 3.591264 3.162127 3.319868 2.951485 2.523602 2.6014 2.93421 3.734511 4.560932 4.683681 4.533366 3.851337 3.197719 2.920219 2.984154 3.086643 2.664892 2.175487 2.081137 2.140682 2.139287 3.243902
0.8396593 2.988153 1.363824 2.555538 3.255933 3.429326 4.337636 5.704814 5.114486 4.421832 4.278579 3.071981 2.278446 2.005835 1.967845 2.848973 3.241955 3.084465 2.6422 2.22047 2.290591 1.742018 3.142397 5.322535 6.827626 6.780624 7.282589 7.896395 7.688943 6.539468 6.659729 8.027582 7.499488 7.802798 8.17463 7.951469 7.882995 7.449573 7.281638 7.332482 6.507238 6.679943 7.323929 7.366503 7.239517 6.475996 5.45686 5.013172 4.288825 3.794511 3.609976 3.23416 2.875079 2.869304 2.806595 3.149483 4.075832 4.554344 4.88555 4.404914 3.389908 2.887948 3.05133 3.110426 2.471694 2.541902 2.581611 2.195562 2.482002 3.834803
2.870323 3.870149 1.841798 1.852343 2.076254 3.008779 4.276177 4.171745 4.744038 5.082055 4.932961 3.488566 2.421788 1.971453 1.76118 2.628154 3.182736 3.094302 2.70834 1.957177 1.951794 1.971244 2.959467 4.213881 6.772599 6.753597 5.879799 7.331398 7.539043 6.411588 6.352024 8.098104 7.596492 7.44758 7.946693 7.826972 8.016436 7.993911 8.12799 8.250284 6.84762 6.231876 6.63701 7.418633 7.939962 7.317088 6.719718 6.092743 5.291965 4.989228 4.399393 3.397846 2.943727 2.921216 2.513914 2.590437 3.424312 3.913229 4.434526 4.577648 3.782742 3.092319 3.328294 3.552644 2.418261 2.267665 1.878449 1.712202 2.795435 4.062304
4.323669 2.933966 0.4935154 0.6996818 2.15708 3.45399 4.799941 3.34888 4.071746 5.37115 6.054394 4.768112 3.17792 2.191776 1.884537 2.674235 3.200989 2.843501 2.585428 2.108438 1.920517 1.808145 2.310784 3.568729 6.406865 6.371935 5.11715 6.469104 6.983798 6.385448 6.4408 8.08804 7.778868 7.625328 7.943113 7.70509 7.565653 7.743436 8.449151 9.373006 8.854392 7.655331 6.908524 7.496047 8.231867 7.864294 7.76049 7.14246 6.077808 5.510376 5.033906 3.844354 3.301392 2.868818 2.261936 2.224849 2.754527 3.215745 3.863104 4.353683 3.713886 2.881606 3.258774 3.545301 2.595904 2.341351 1.198119 0.3959273 2.862431 3.728657
3.972437 2.210178 1.391984 3.410053 3.882381 4.232455 4.866102 3.483429 3.439721 4.53242 6.132687 5.749238 4.103013 2.710911 2.203874 2.564411 3.187257 2.834489 2.391444 1.988165 1.860978 1.694284 1.880964 3.859283 6.299518 5.158131 4.724747 5.823475 5.954881 5.74502 6.206353 8.134948 8.183999 7.788698 7.800988 7.716148 7.170934 6.866659 7.256359 7.944398 8.482172 8.107126 7.160894 7.166603 7.752821 7.966039 8.182682 7.721773 6.861704 6.283166 5.944033 4.627285 3.83678 3.210062 2.552325 2.401425 2.579559 2.890203 3.34189 3.82816 3.254893 2.465444 2.986428 2.99982 1.905819 2.306259 1.899112 1.191392 2.884937 2.912731
6.559308 6.747593 7.426606 7.67268 6.0019 6.2053 5.439857 4.260929 3.33135 3.684484 5.803608 6.230321 4.403754 2.873026 2.157866 2.385128 2.9808 2.986294 2.379209 1.936693 1.975902 1.818779 2.139252 4.400243 5.756228 3.726649 4.291374 5.088374 5.214896 5.546598 5.235269 6.994466 8.278872 8.021571 7.564235 7.156989 6.523253 6.283595 6.430586 6.371454 6.95468 7.556583 7.319798 6.768749 6.453188 6.83407 7.412766 7.565228 7.412463 7.122734 6.810217 5.425796 4.294605 3.738001 3.145228 2.58219 2.445633 2.795758 3.291898 3.651621 3.018471 2.505939 2.981006 2.783195 2.211087 2.379595 2.327452 2.370437 2.773455 2.133018
10.78784 12.29725 11.4614 9.332854 7.429975 7.721727 6.708975 5.609567 3.926999 3.328826 5.39988 6.392554 4.592572 3.018037 2.162627 2.150732 2.608435 2.783171 2.258474 2.062491 2.069229 1.816177 1.82677 4.026575 4.77109 2.834983 3.653256 4.347163 4.383807 5.176932 4.797506 5.710935 7.431834 8.07853 7.715638 6.584943 5.646963 5.691577 6.243237 6.028569 5.741709 6.345911 7.249436 7.050874 6.210142 6.258023 6.467035 6.608328 6.78943 6.81426 6.544322 5.516964 4.430978 4.019053 3.927148 3.133576 2.405691 2.31512 3.055333 3.676275 3.196455 3.015605 3.415312 3.052452 2.784059 2.831839 2.826236 3.264393 2.639589 1.473993
13.1256 13.11535 10.33249 7.658483 7.02614 7.060701 6.845763 6.811833 4.896637 3.592656 4.965987 5.712447 4.597654 3.503086 2.617869 2.053553 2.198603 2.370084 2.251725 2.310773 2.12397 1.886503 1.696972 3.390909 4.164131 3.159532 3.365657 3.61018 3.898528 4.122451 4.515445 5.396121 6.164733 7.32579 7.572629 6.087519 5.003159 4.932015 5.478644 5.56262 4.820789 4.890986 6.305933 7.123641 6.971172 6.776349 6.373323 5.835836 5.689945 5.966566 5.876748 5.408853 4.837672 4.533204 4.640812 4.125518 3.144261 2.28294 2.379503 3.119333 3.072161 2.610173 2.679474 2.856326 3.059408 3.275086 3.604969 3.673897 2.271669 0.8746448
