testcase_input/parameters/slope.dat
NCOLS         214
NROWS         263
XLLCORNER     382500.0
YLLCORNER     7541702.0
CELLSIZE      16.0
NODATA_VALUE  -9999
[rows 112 to 127 of 263, columns 37 to 73 of 214]
-9.999000000000000000e+03 -9.999000000000000000e+03 -9.999000000000000000e+03 -9.999000000000000000e+03 -9.999000000000000000e+03 -9.999000000000000000e+03 -9.999000000000000000e+03 -9.999000000000000000e+03 -9.999000000000000000e+03 -9.999000000000000000e+03 -9.999000000000000000e+03 1.196463199999999949e+00 1.577050700000000028e+00 2.079573200000000011e+00 2.858024799999999921e+00 3.721433199999999886e+00 3.501578299999999810e+00 2.087789799999999918e+00 6.642033999999999994e-01 1.321597700000000097e+00 1.671160500000000049e+00 7.283570999999999795e-01 1.530485300000000048e+00 7.207036999999999471e-01 2.132327300000000037e+00 1.512225300000000106e+00 1.227973699999999946e+00 9.881841500000000389e-01 7.981433000000000000e-01 8.779012600000000166e-01 1.099168200000000040e+00 1.211435899999999899e+00 2.260241000000000167e+00 3.199752000000000152e+00 3.852216199999999979e+00 3.613909500000000108e+00 2.532869300000000212e+00
-9.999000000000000000e+03 -9.999000000000000000e+03 -9.999000000000000000e+03 -9.999000000000000000e+03 -9.999000000000000000e+03 -9.999000000000000000e+03 -9.999000000000000000e+03 -9.999000000000000000e+03 -9.999000000000000000e+03 -9.999000000000000000e+03 -9.999000000000000000e+03 1.076320299999999897e+00 1.718517199999999967e+00 2.657983799999999786e+00 3.169226999999999794e+00 3.808692499999999814e+00 3.254293999999999798e+00 1.478258999999999990e+00 6.389388999999999763e-01 1.947078000000000086e+00 1.337073699999999921e+00 4.258375799999999933e-01 1.124329700000000098e+00 1.206067699999999965e+00 1.594129700000000094e+00 1.287545200000000056e+00 7.451391000000000542e-01 7.116331500000000476e-01 7.289653000000000382e-01 7.800922999999999607e-01 1.389494699999999971e+00 1.861562500000000009e+00 1.842794899999999902e+00 9.197327499999999878e-01 2.332068700000000216e+00 2.430795700000000004e+00 1.833685599999999916e+00
-9.999000000000000000e+03 -9.999000000000000000e+03 -9.999000000000000000e+03 -9.999000000000000000e+03 -9.999000000000000000e+03 -9.999000000000000000e+03 -9.999000000000000000e+03 -9.999000000000000000e+03 -9.999000000000000000e+03 -9.999000000000000000e+03 -9.999000000000000000e+03 1.165499899999999922e+00 2.026273300000000166e+00 3.178626799999999974e+00 3.370892299999999953e+00 3.548384400000000216e+00 2.797586400000000140e+00 1.201349299999999953e+00 1.002479899999999979e+00 2.339368299999999845e+00 1.480829399999999962e+00 1.685881500000000033e+00 5.650441999999999965e-01 4.189258000000000148e-01 9.135799399999999792e-01 1.102951800000000038e+00 3.837844000000000255e-01 5.621488000000000040e-01 6.657113999999999532e-01 7.432455999999999507e-01 1.511840199999999967e+00 1.465453499999999964e+00 7.728882999999999726e-01 3.418644399999999917e-01 1.251973400000000014e+00 2.156372300000000131e+00 1.501361399999999957e+00
-9.999000000000000000e+03 -9.999000000000000000e+03 -9.999000000000000000e+03 -9.999000000000000000e+03 -9.999000000000000000e+03 -9.999000000000000000e+03 -9.999000000000000000e+03 -9.999000000000000000e+03 -9.999000000000000000e+03 -9.999000000000000000e+03 -9.999000000000000000e+03 1.442596400000000001e+00 2.651360500000000009e+00 3.565852899999999881e+00 3.480715000000000003e+00 3.172310599999999869e+00 2.214580300000000168e+00 9.612720999999999627e-01 7.405156999999999989e-01 2.143327499999999830e+00 8.130150999999999906e-01 1.458750500000000061e+00 1.398322800000000088e+00 4.144088000000000216e-01 5.452484499999999956e-01 7.721880700000000042e-01 4.022649799999999942e-01 5.627410000000000467e-01 5.594845400000000302e-01 4.888745199999999791e-01 1.132521300000000064e+00 3.793655599999999906e-01 2.984023000000000092e-01 7.810401300000000546e-01 8.110749000000000430e-01 1.805946800000000074e+00 1.642131199999999902e+00
-9.999000000000000000e+03 -9.999000000000000000e+03 -9.999000000000000000e+03 -9.999000000000000000e+03 -9.999000000000000000e+03 -9.999000000000000000e+03 -9.999000000000000000e+03 -9.999000000000000000e+03 -9.999000000000000000e+03 -9.999000000000000000e+03 -9.999000000000000000e+03 1.708083900000000099e+00 3.432150399999999824e+00 3.759852200000000089e+00 3.469546600000000147e+00 2.977120000000000211e+00 1.855232200000000109e+00 7.021800000000000264e-01 3.668362800000000146e-01 1.854879699999999909e+00 1.436938000000000049e+00 1.223909499999999984e+00 1.553994899999999957e+00 7.067917000000000227e-01 4.007728999999999875e-01 3.779813000000000200e-01 2.721770000000000023e-01 2.348567500000000030e-01 2.718657999999999908e-01 9.666089999999999405e-02 6.980668300000000270e-01 7.387453000000000491e-01 5.643585300000000249e-01 1.089735399999999910e+00 8.363545000000000007e-01 1.473287299999999966e+00 1.907747300000000035e+00
-9.999000000000000000e+03 -9.999000000000000000e+03 -9.999000000000000000e+03 -9.999000000000000000e+03 -9.999000000000000000e+03 -9.999000000000000000e+03 -9.999000000000000000e+03 -9.999000000000000000e+03 -9.999000000000000000e+03 -9.999000000000000000e+03 -9.999000000000000000e+03 2.254726999999999926e+00 4.176957999999999949e+00 3.794173999999999936e+00 3.220110000000000028e+00 2.750003599999999881e+00 1.672067600000000098e+00 5.315261999999999487e-01 2.491982000000000086e-01 1.199733500000000008e+00 1.042402599999999957e+00 1.160474699999999970e+00 1.252036499999999997e+00 5.529290999999999512e-01 2.476237599999999983e-01 1.190254599999999996e-01 7.589785000000000281e-02 8.859401000000000082e-02 4.984753199999999995e-02 5.446109999999999562e-01 1.038487799999999961e+00 1.317183999999999910e+00 1.218171600000000021e+00 9.345739499999999866e-01 8.951004000000000183e-01 1.961825099999999988e+00 2.654993000000000158e+00
-9.999000000000000000e+03 -9.999000000000000000e+03 -9.999000000000000000e+03 -9.999000000000000000e+03 -9.999000000000000000e+03 -9.999000000000000000e+03 -9.999000000000000000e+03 -9.999000000000000000e+03 -9.999000000000000000e+03 -9.999000000000000000e+03 1.861073199999999928e-01 2.746464000000000016e+00 4.717435400000000278e+00 3.729496199999999817e+00 2.835054599999999869e+00 2.342499000000000109e+00 1.471987799999999957e+00 5.642310400000000170e-01 2.539871599999999896e-01 6.997202599999999828e-01 7.124182000000000015e-01 9.825764999999999638e-01 8.628902000000000516e-01 2.924852000000000007e-01 7.129098000000000379e-02 8.149668000000000190e-02 5.491154000000000174e-02 4.473180000000000212e-02 5.402782999999999891e-01 1.255261399999999972e+00 1.364099900000000032e+00 1.333499699999999955e+00 1.193579100000000004e+00 6.508968000000000531e-01 6.836531999999999609e-01 1.458854000000000095e+00 1.208847599999999911e+00
-9.999000000000000000e+03 -9.999000000000000000e+03 -9.999000000000000000e+03 -9.999000000000000000e+03 -9.999000000000000000e+03 -9.999000000000000000e+03 -9.999000000000000000e+03 -9.999000000000000000e+03 -9.999000000000000000e+03 -9.999000000000000000e+03 7.164932499999999704e-01 2.987944000000000155e+00 4.924713999999999814e+00 3.750379600000000035e+00 2.409691299999999980e+00 1.797047700000000026e+00 1.275942799999999933e+00 6.584315299999999871e-01 3.883855999999999975e-01 2.458924200000000004e-01 3.717467500000000147e-01 7.367730000000000112e-01 5.335077000000000291e-01 1.562733799999999895e-01 5.035743999999999776e-01 6.732685600000000159e-01 7.291052000000000088e-01 7.929923500000000125e-01 1.123275400000000035e+00 1.314127000000000045e+00 8.318807000000000285e-01 7.512387999999999844e-01 7.727678399999999836e-01 5.277400599999999553e-01 7.640348000000000139e-01 8.276871399999999879e-01 3.759777799999999837e-01
-9.999000000000000000e+03 -9.999000000000000000e+03 -9.999000000000000000e+03 -9.999000000000000000e+03 -9.999000000000000000e+03 -9.999000000000000000e+03 -9.999000000000000000e+03 -9.999000000000000000e+03 -9.999000000000000000e+03 -9.999000000000000000e+03 1.289917299999999933e+00 3.047614999999999963e+00 4.669174700000000122e+00 3.771450000000000191e+00 2.047433400000000070e+00 1.411532400000000020e+00 9.734237000000000029e-01 4.645027999999999935e-01 4.983647800000000072e-01 2.996671799999999775e-01 1.161596200000000051e-01 5.122520999999999880e-01 3.613261999999999863e-01 6.676862999999999548e-01 1.119558499999999901e+00 1.344092999999999982e+00 1.487528900000000043e+00 1.390082599999999946e+00 1.276012499999999994e+00 1.128484499999999890e+00 9.191031499999999799e-01 8.889097999999999722e-01 5.815398000000000511e-01 5.725831000000000115e-01 6.347784400000000549e-01 4.847430300000000192e-01 7.293528999999999707e-01
-9.999000000000000000e+03 -9.999000000000000000e+03 -9.999000000000000000e+03 -9.999000000000000000e+03 -9.999000000000000000e+03 -9.999000000000000000e+03 -9.999000000000000000e+03 -9.999000000000000000e+03 -9.999000000000000000e+03 -9.999000000000000000e+03 1.607324399999999986e+00 2.854966199999999787e+00 3.923227999999999938e+00 3.597621699999999922e+00 1.965504300000000093e+00 1.325953099999999996e+00 7.736900399999999678e-01 2.525314000000000170e-01 3.547055399999999858e-01 4.460911200000000076e-01 4.563738399999999751e-01 5.726617999999999986e-01 6.666264499999999815e-01 1.279251099999999974e+00 1.608079899999999895e+00 1.477496700000000107e+00 1.440385900000000108e+00 1.406546199999999969e+00 1.406376700000000035e+00 1.325306700000000060e+00 1.037276099999999923e+00 7.827558999999999489e-01 6.482913500000000440e-01 8.875119700000000389e-01 5.703162999999999982e-01 8.462212999999999541e-01 1.643862600000000063e+00
-9.999000000000000000e+03 -9.999000000000000000e+03 -9.999000000000000000e+03 -9.999000000000000000e+03 -9.999000000000000000e+03 -9.999000000000000000e+03 -9.999000000000000000e+03 -9.999000000000000000e+03 -9.999000000000000000e+03 -9.999000000000000000e+03 2.100137000000000143e+00 2.634669800000000173e+00 3.052366999999999830e+00 3.102104999999999890e+00 2.087098999999999815e+00 1.660906900000000075e+00 1.024999999999999911e+00 5.698879399999999817e-01 5.582477999999999607e-01 7.630879000000000412e-01 7.875780000000000003e-01 7.823523000000000005e-01 1.249281199999999981e+00 1.842018099999999992e+00 1.940924799999999895e+00 1.453631899999999977e+00 1.325960800000000051e+00 1.753488900000000017e+00 2.545077000000000034e+00 2.705004699999999929e+00 1.904132399999999947e+00 7.661955400000000083e-01 5.477866500000000416e-01 8.552372000000000307e-01 5.967812500000000409e-01 9.883815599999999923e-01 1.995905999999999958e+00
-9.999000000000000000e+03 -9.999000000000000000e+03 -9.999000000000000000e+03 -9.999000000000000000e+03 -9.999000000000000000e+03 -9.999000000000000000e+03 -9.999000000000000000e+03 -9.999000000000000000e+03 -9.999000000000000000e+03 5.961393999999999860e-01 2.502212800000000126e+00 2.467903999999999876e+00 2.310377799999999926e+00 2.308388200000000001e+00 2.001105499999999981e+00 1.998296999999999990e+00 1.491739499999999996e+00 1.130093900000000096e+00 9.797217999999999760e-01 9.157336999999999838e-01 1.011469399999999963e+00 1.081252799999999903e+00 1.842739899999999986e+00 2.524500999999999884e+00 2.190199600000000135e+00 1.753869300000000075e+00 1.900529099999999971e+00 2.775617399999999790e+00 3.550755699999999848e+00 3.396866999999999859e+00 3.260082699999999889e+00 2.033450000000000202e+00 1.182516600000000029e+00 1.299778499999999948e+00 1.206094599999999906e+00 1.365061000000000080e+00 1.885763499999999926e+00
-9.999000000000000000e+03 -9.999000000000000000e+03 -9.999000000000000000e+03 -9.999000000000000000e+03 -9.999000000000000000e+03 -9.999000000000000000e+03 -9.999000000000000000e+03 -9.999000000000000000e+03 -9.999000000000000000e+03 1.082020200000000099e+00 2.298173199999999916e+00 2.133431199999999972e+00 1.547532300000000083e+00 1.771283699999999905e+00 1.938843799999999895e+00 1.742558000000000051e+00 1.461995099999999992e+00 1.272416100000000050e+00 1.042467100000000091e+00 1.001025000000000054e+00 1.236101499999999964e+00 1.487551000000000068e+00 2.748711999999999822e+00 3.032576999999999856e+00 2.111593000000000053e+00 1.815723299999999929e+00 2.399452999999999836e+00 3.177192999999999934e+00 3.194548000000000165e+00 2.684958700000000142e+00 3.368491999999999820e+00 3.021052800000000094e+00 2.960945099999999996e+00 3.698512000000000022e+00 5.071069699999999791e+00 7.743698000000000192e+00 8.573183000000000220e+00
-9.999000000000000000e+03 -9.999000000000000000e+03 -9.999000000000000000e+03 -9.999000000000000000e+03 -9.999000000000000000e+03 -9.999000000000000000e+03 -9.999000000000000000e+03 -9.999000000000000000e+03 -9.999000000000000000e+03 -9.999000000000000000e+03 1.955226499999999978e+00 1.789792199999999944e+00 7.487101000000000450e-01 1.205217999999999900e+00 1.993908299999999967e+00 1.375192799999999993e+00 1.164111099999999954e+00 1.251377200000000078e+00 1.221143400000000101e+00 1.281623100000000015e+00 1.406339599999999912e+00 2.245630499999999863e+00 3.766648500000000066e+00 2.522687700000000088e+00 1.557990800000000009e+00 1.809671599999999936e+00 2.719700599999999913e+00 2.613124599999999909e+00 2.289836399999999994e+00 1.870864899999999942e+00 3.120193200000000111e+00 4.456841999999999970e+00 4.567901599999999895e+00 3.399170900000000106e+00 5.657863599999999771e+00 1.008686900000000009e+01 1.080670300000000061e+01
-9.999000000000000000e+03 -9.999000000000000000e+03 -9.999000000000000000e+03 -9.999000000000000000e+03 -9.999000000000000000e+03 -9.999000000000000000e+03 -9.999000000000000000e+03 -9.999000000000000000e+03 -9.999000000000000000e+03 -9.999000000000000000e+03 1.604731799999999931e+00 1.386999099999999929e+00 4.453657300000000152e-01 7.142810000000000548e-01 1.687303500000000067e+00 1.440147499999999914e+00 1.413396799999999898e+00 1.351906700000000017e+00 1.105310400000000026e+00 1.108716699999999999e+00 1.533845300000000078e+00 2.967400000000000038e+00 3.415179300000000140e+00 1.573076700000000105e+00 1.428013999999999895e+00 2.112926199999999977e+00 2.900720800000000210e+00 2.672783100000000189e+00 2.042966600000000188e+00 1.607316500000000037e+00 3.456255399999999867e+00 5.532225999999999644e+00 5.228826999999999892e+00 3.788966199999999951e+00 6.633476700000000115e+00 6.176184000000000118e+00 2.261140000000000150e+00
-9.999000000000000000e+03 -9.999000000000000000e+03 -9.999000000000000000e+03 -9.999000000000000000e+03 -9.999000000000000000e+03 -9.999000000000000000e+03 -9.999000000000000000e+03 -9.999000000000000000e+03 -9.999000000000000000e+03 -9.999000000000000000e+03 1.150398699999999996e+00 8.448991999999999614e-01 1.827367000000000019e-01 4.565065999999999846e-01 9.854098599999999708e-01 1.299740600000000024e+00 1.553579400000000055e+00 1.428197299999999892e+00 1.023173700000000075e+00 1.058178199999999958e+00 1.812099899999999986e+00 2.993199600000000071e+00 2.210074699999999837e+00 1.080681299999999956e+00 1.377297900000000075e+00 2.102286799999999900e+00 2.737528300000000137e+00 2.526917000000000080e+00 2.412918599999999802e+00 2.932815800000000195e+00 5.099703299999999828e+00 4.414276599999999995e+00 4.753263500000000086e+00 4.540436699999999881e+00 4.148930000000000007e+00 3.525936600000000087e+00 8.391859999999999431e+00
