testcase_input/parameters/slope.dat
ncols         214
nrows         263
xllcorner     382500
yllcorner     7541702
cellsize      16
NODATA_value  -9999
[rows 96 to 111 of 263, columns 111 to 147 of 214]
6.136839000000000155e+00 5.283305000000000362e+00 4.876795300000000388e+00 5.367473600000000289e+00 5.408526400000000400e+00 4.176104500000000108e+00 4.141913999999999874e+00 4.829509999999999970e+00 4.767220499999999639e+00 4.948737000000000386e+00 5.671433999999999642e+00 5.947225000000000428e+00 5.958528000000000269e+00 6.613012300000000288e+00 6.127527999999999864e+00 4.744177999999999784e+00 4.041855299999999929e+00 4.217204599999999637e+00 4.426160000000000316e+00 3.815533400000000075e+00 3.318569999999999798e+00 3.069093000000000071e+00 2.404087000000000085e+00 1.746990800000000066e+00 1.672232200000000057e+00 2.213248500000000174e+00 2.587318199999999901e+00 2.988735399999999931e+00 3.129574799999999879e+00 2.466902000000000150e+00 2.577361600000000141e+00 2.436056100000000058e+00 2.297629999999999839e+00 2.657761600000000168e+00 1.874510499999999968e+00 1.407207300000000050e+00 1.318743800000000022e+00
6.041979999999999684e+00 5.116802999999999990e+00 4.963612999999999609e+00 5.327049699999999888e+00 4.901500999999999664e+00 4.290059600000000195e+00 4.625772000000000439e+00 5.086378999999999984e+00 5.103454600000000063e+00 5.277343300000000070e+00 5.844336499999999823e+00 5.876234499999999805e+00 5.637381000000000419e+00 5.984435000000000393e+00 5.536794000000000437e+00 4.095669000000000004e+00 3.554189699999999785e+00 3.926664399999999944e+00 4.419923299999999777e+00 3.813818200000000047e+00 3.018377999999999783e+00 2.815025599999999795e+00 2.009187499999999904e+00 1.312627299999999941e+00 1.712790400000000046e+00 2.263831399999999938e+00 2.689558499999999963e+00 3.333340600000000098e+00 3.219447999999999865e+00 2.393622000000000138e+00 2.567974800000000002e+00 2.808088999999999835e+00 2.681895299999999871e+00 2.505205399999999916e+00 1.798807999999999963e+00 1.276947499999999902e+00 9.866481400000000068e-01
5.743356999999999601e+00 4.713948199999999922e+00 5.031004000000000254e+00 5.210823999999999678e+00 4.859670999999999630e+00 4.912867999999999569e+00 5.024818400000000018e+00 5.106603599999999687e+00 4.955986000000000224e+00 4.974789999999999601e+00 5.521964999999999790e+00 5.582577999999999818e+00 5.158703000000000038e+00 5.086411000000000016e+00 5.098538399999999804e+00 3.964450799999999830e+00 3.415054000000000034e+00 3.858487799999999801e+00 4.376854999999999940e+00 3.701164200000000015e+00 2.707280599999999815e+00 2.699969299999999794e+00 2.168002099999999821e+00 1.579322799999999916e+00 2.084791200000000178e+00 2.536551199999999895e+00 2.923636399999999913e+00 3.637302899999999894e+00 3.169432399999999816e+00 2.522487200000000040e+00 2.865508300000000119e+00 3.066174699999999920e+00 2.667888200000000154e+00 2.360393300000000139e+00 1.974127900000000047e+00 1.364673400000000036e+00 1.065166000000000057e+00
5.105749000000000315e+00 4.221172000000000146e+00 4.969033999999999729e+00 5.136732600000000204e+00 5.002250000000000085e+00 5.049958000000000169e+00 4.966744000000000270e+00 5.005350599999999872e+00 5.114156000000000368e+00 5.357236399999999676e+00 5.437577000000000105e+00 5.339442000000000021e+00 4.839552000000000298e+00 4.466956999999999844e+00 4.580813400000000257e+00 4.135781299999999661e+00 3.650078499999999782e+00 3.908415300000000148e+00 4.161552399999999707e+00 3.417304800000000142e+00 2.604086999999999819e+00 2.826346899999999884e+00 2.612360699999999980e+00 2.330960800000000166e+00 2.608291100000000196e+00 2.907151700000000005e+00 3.070982199999999995e+00 3.489558199999999832e+00 3.040226200000000212e+00 2.844755000000000145e+00 3.081618499999999816e+00 2.616798199999999852e+00 2.295080200000000126e+00 2.252761399999999803e+00 1.895177600000000018e+00 1.083512800000000054e+00 6.883040000000000269e-01
4.752589699999999695e+00 4.480462600000000073e+00 5.195176599999999922e+00 5.161546000000000411e+00 5.137634799999999835e+00 5.234460999999999586e+00 5.237624600000000186e+00 5.301941000000000237e+00 5.433168000000000220e+00 5.372359999999999580e+00 5.132912600000000047e+00 5.290769000000000055e+00 4.959658000000000122e+00 4.181188999999999822e+00 3.864864600000000205e+00 4.161751999999999896e+00 4.054359999999999964e+00 3.944329699999999939e+00 4.051556999999999853e+00 3.313556199999999841e+00 2.788981999999999850e+00 2.959613800000000072e+00 2.894632300000000047e+00 2.869115400000000093e+00 3.492235400000000212e+00 3.962256000000000000e+00 3.593414300000000061e+00 3.159134400000000120e+00 2.898076300000000050e+00 2.957501399999999947e+00 2.696662200000000009e+00 1.775319300000000045e+00 1.840951199999999899e+00 2.248824599999999840e+00 1.794086999999999987e+00 3.813117999999999785e-01 4.353065799999999985e-01
5.399945299999999726e+00 5.569250600000000162e+00 5.836240000000000094e+00 5.491894000000000275e+00 5.600182499999999841e+00 5.929414300000000360e+00 5.747442699999999682e+00 5.430615399999999759e+00 5.397323599999999999e+00 5.291596400000000422e+00 5.169433599999999629e+00 5.455237399999999681e+00 4.976612000000000258e+00 3.847500600000000048e+00 3.491871600000000075e+00 4.108246000000000286e+00 4.203207500000000429e+00 4.146724700000000041e+00 4.238667000000000407e+00 3.425492300000000157e+00 3.177087000000000216e+00 3.262321500000000096e+00 3.156203300000000045e+00 3.245613800000000104e+00 3.851674000000000042e+00 4.275803599999999705e+00 3.661449399999999965e+00 2.686582800000000049e+00 2.490755000000000052e+00 2.896299099999999793e+00 2.306628499999999971e+00 1.302193600000000062e+00 1.464458500000000107e+00 2.142663699999999949e+00 1.754529800000000028e+00 6.575613999999999626e-01 1.022140299999999974e-01
5.684104999999999741e+00 6.084710000000000285e+00 6.309970400000000090e+00 6.036099000000000103e+00 6.052072500000000410e+00 6.183904599999999974e+00 5.848712400000000144e+00 5.481691999999999787e+00 5.597573999999999828e+00 5.739343599999999768e+00 5.498390999999999806e+00 5.550538500000000042e+00 4.796793000000000085e+00 3.642929000000000084e+00 3.516217000000000148e+00 4.044864699999999758e+00 4.237452499999999844e+00 4.499944700000000353e+00 4.758138699999999943e+00 3.827960000000000029e+00 3.486518100000000064e+00 3.410794500000000173e+00 3.202868500000000118e+00 3.422309400000000057e+00 3.803525200000000162e+00 3.675356400000000079e+00 2.696753300000000131e+00 2.083437400000000217e+00 2.191816999999999904e+00 2.722471999999999781e+00 1.979422100000000073e+00 1.168346300000000060e+00 1.277625400000000022e+00 1.659555799999999914e+00 1.398624000000000089e+00 9.408193999999999724e-01 6.752998000000000056e-01
5.636176599999999759e+00 6.039557499999999912e+00 6.207345499999999738e+00 5.804248000000000296e+00 5.723137399999999708e+00 5.872690699999999708e+00 5.906378700000000315e+00 5.928570999999999813e+00 6.134474299999999936e+00 6.319029300000000404e+00 5.981029999999999625e+00 5.801849999999999952e+00 4.885844699999999818e+00 3.823063900000000181e+00 3.900565999999999978e+00 4.493356699999999648e+00 4.719069499999999806e+00 5.135864299999999716e+00 5.296968999999999816e+00 4.193032699999999835e+00 3.787826499999999985e+00 3.526623499999999911e+00 3.268956999999999891e+00 3.601086899999999869e+00 3.932207599999999914e+00 3.414858999999999867e+00 1.961481800000000053e+00 1.615965199999999991e+00 1.932492400000000110e+00 2.186927600000000194e+00 1.631075599999999959e+00 1.424663100000000071e+00 1.305778000000000105e+00 8.830247500000000249e-01 9.101987499999999454e-01 1.030920400000000070e+00 9.805492000000000097e-01
5.908673300000000239e+00 5.989748999999999768e+00 6.215432599999999752e+00 6.035864400000000352e+00 6.000898399999999633e+00 6.202350599999999936e+00 6.370043800000000367e+00 6.215116000000000085e+00 6.230256999999999934e+00 6.576122999999999941e+00 6.429339399999999927e+00 6.149822999999999595e+00 5.217506000000000199e+00 4.434616600000000020e+00 4.744411000000000378e+00 5.397917999999999772e+00 5.421510999999999747e+00 5.434433499999999917e+00 5.345049999999999635e+00 4.397941600000000228e+00 3.990001400000000142e+00 3.546072699999999855e+00 3.324610499999999913e+00 3.799446300000000054e+00 4.045548400000000377e+00 3.102053900000000031e+00 1.845307500000000100e+00 1.682817599999999914e+00 1.902595299999999989e+00 1.807498700000000014e+00 1.504332100000000061e+00 1.546912999999999982e+00 8.277598000000000456e-01 1.615215000000000123e-01 5.863030999999999660e-01 1.150834899999999994e+00 1.062521300000000002e+00
5.754054499999999628e+00 6.006541300000000305e+00 6.521716999999999764e+00 6.731926399999999866e+00 6.315057799999999943e+00 6.195896600000000198e+00 6.313543300000000080e+00 5.859825999999999979e+00 5.990533400000000341e+00 6.593709500000000112e+00 6.385906000000000304e+00 6.057141299999999617e+00 5.536297000000000246e+00 5.266107599999999778e+00 5.499263000000000012e+00 5.829151999999999667e+00 5.419991999999999699e+00 5.077524999999999622e+00 5.176256699999999711e+00 4.662054999999999616e+00 4.031174000000000035e+00 3.411188999999999805e+00 3.292807300000000215e+00 3.870163699999999984e+00 4.003146000000000093e+00 3.033058599999999938e+00 2.408887899999999860e+00 2.200938700000000026e+00 1.933496399999999893e+00 1.647263200000000039e+00 1.264481399999999978e+00 9.763667600000000002e-01 5.360447000000000406e-01 2.391720099999999904e-01 7.554674999999999585e-01 1.313730400000000076e+00 1.025936600000000087e+00
6.068211999999999939e+00 6.461792499999999606e+00 6.518938000000000343e+00 6.302577499999999944e+00 5.387010599999999982e+00 5.410197700000000331e+00 5.477093700000000176e+00 4.866814599999999658e+00 5.626262999999999792e+00 6.420380999999999894e+00 5.820118400000000136e+00 5.446121999999999908e+00 5.205339000000000382e+00 5.123418000000000028e+00 5.417881000000000391e+00 5.458975999999999829e+00 4.994533999999999807e+00 4.873931400000000025e+00 5.016016999999999726e+00 4.461846000000000423e+00 3.608312600000000092e+00 3.297217600000000193e+00 3.514414299999999880e+00 3.943436100000000000e+00 3.837807000000000190e+00 2.946851999999999805e+00 2.700474999999999959e+00 2.529570600000000002e+00 1.807003600000000043e+00 1.274050600000000033e+00 7.965022000000000491e-01 4.197048500000000182e-01 2.778235399999999800e-01 2.670628400000000235e-01 7.602886599999999495e-01 1.419548999999999950e+00 1.433582899999999993e+00
6.357693000000000261e+00 6.596416999999999753e+00 6.234351000000000198e+00 5.960296999999999734e+00 5.350723999999999592e+00 5.785588999999999871e+00 5.188198599999999772e+00 4.537012999999999963e+00 5.801078000000000401e+00 6.368477999999999639e+00 5.491194700000000317e+00 4.963998300000000086e+00 4.800892400000000393e+00 4.298461999999999783e+00 4.577398299999999587e+00 4.832041700000000439e+00 4.622066499999999856e+00 4.682986699999999836e+00 4.824980000000000047e+00 4.286444000000000365e+00 3.536297799999999825e+00 3.360337499999999977e+00 3.541617899999999874e+00 3.795465999999999784e+00 3.741375399999999907e+00 2.926792900000000142e+00 2.598422499999999857e+00 2.632648500000000169e+00 2.131099700000000041e+00 1.235444299999999940e+00 5.848325500000000066e-01 2.753241399999999950e-01 1.692762499999999892e-01 8.140217499999999329e-02 3.954633799999999755e-01 9.304182500000000022e-01 1.379779300000000042e+00
6.327255199999999746e+00 6.599473999999999840e+00 6.218415700000000434e+00 5.980432000000000414e+00 5.739241599999999721e+00 6.397171000000000163e+00 5.249570399999999637e+00 4.731861600000000223e+00 5.878630600000000150e+00 6.079404399999999598e+00 5.285711300000000001e+00 4.965440000000000076e+00 4.907366299999999626e+00 4.182969599999999843e+00 4.110653000000000112e+00 4.388524499999999939e+00 4.318699399999999855e+00 4.482226400000000055e+00 4.704083400000000026e+00 4.373342499999999688e+00 3.900732300000000041e+00 3.595187199999999805e+00 3.360784000000000216e+00 3.430997599999999981e+00 3.361895800000000101e+00 2.334948300000000199e+00 1.923750300000000024e+00 1.968484899999999982e+00 1.882157599999999986e+00 1.281699900000000003e+00 7.870595500000000522e-01 5.501707999999999599e-01 3.338865300000000147e-01 2.495022399999999863e-01 4.710033000000000136e-01 5.392511500000000124e-01 5.182347999999999955e-01
6.418386500000000439e+00 6.539825399999999789e+00 6.136427000000000298e+00 6.045634699999999917e+00 6.247446499999999681e+00 6.316490700000000125e+00 4.676308599999999593e+00 4.405622499999999775e+00 5.367575600000000335e+00 5.501320999999999906e+00 5.060499000000000080e+00 5.014534499999999895e+00 4.704362999999999850e+00 4.194062999999999874e+00 4.259298000000000251e+00 4.206897299999999618e+00 4.038514600000000065e+00 4.280781700000000356e+00 4.429313699999999798e+00 4.001065299999999603e+00 3.568909399999999899e+00 3.288155600000000067e+00 3.166560000000000041e+00 3.275256199999999840e+00 2.757747000000000170e+00 1.440370200000000045e+00 1.303439400000000026e+00 1.418498199999999931e+00 1.525557000000000052e+00 1.276443500000000064e+00 1.207740800000000059e+00 1.206547700000000001e+00 1.004521500000000067e+00 8.386037299999999917e-01 8.342836999999999614e-01 6.581188999999999512e-01 4.336494799999999761e-01
6.546490999999999616e+00 5.750065300000000157e+00 6.097298999999999580e+00 6.706449499999999730e+00 6.435589000000000226e+00 5.510229999999999961e+00 4.256245999999999974e+00 4.301146000000000136e+00 4.961175400000000124e+00 5.274550999999999767e+00 5.161508600000000335e+00 5.002602600000000344e+00 4.334985299999999597e+00 4.169875000000000220e+00 4.438206700000000282e+00 4.196602999999999639e+00 4.092938000000000187e+00 4.243871699999999691e+00 3.908032200000000067e+00 3.351312399999999858e+00 2.777996799999999933e+00 2.482256399999999807e+00 2.604747000000000146e+00 2.866580700000000093e+00 2.354116700000000062e+00 1.838735100000000067e+00 1.957594000000000056e+00 1.904327399999999892e+00 1.696909000000000001e+00 1.551985299999999901e+00 1.469049000000000049e+00 1.403109799999999963e+00 1.297913799999999895e+00 1.078834700000000035e+00 7.027560499999999655e-01 3.538535500000000167e-01 1.746679999999999899e-01
6.147701299999999591e+00 4.970340700000000389e+00 6.323184000000000360e+00 7.001037000000000177e+00 5.920717699999999972e+00 5.175385000000000346e+00 4.585002399999999589e+00 4.443560999999999872e+00 4.810407999999999795e+00 5.378054999999999808e+00 5.332709300000000319e+00 4.929441500000000254e+00 4.308815499999999687e+00 4.274587999999999610e+00 4.382835000000000036e+00 3.993111400000000089e+00 3.866491799999999923e+00 3.836658499999999972e+00 3.355059600000000142e+00 2.843414000000000108e+00 2.084808300000000170e+00 1.794433699999999909e+00 2.130279300000000209e+00 2.206458299999999983e+00 1.734639299999999995e+00 1.776102999999999987e+00 2.339095400000000158e+00 2.545024999999999871e+00 2.087292999999999843e+00 1.563172299999999959e+00 1.128385399999999983e+00 9.646420500000000287e-01 9.739151000000000336e-01 8.415856000000000448e-01 4.441802000000000250e-01 -9.999000000000000000e+03 -9.999000000000000000e+03
