testcase_input/parameters/slope.dat
NCOLS         214
NROWS         263
XLLCORNER     382500.0
YLLCORNER     7541702.0
CELLSIZE      16.0
NODATA_VALUE  -9999
[rows 48 to 63 of 263, columns 74 to 110 of 214]
2.179721799999999821e+00 9.430641499999999899e-01 2.252124499999999863e+00 2.917886999999999897e+00 1.591686799999999957e+00 1.698469999999999924e+00 2.827395399999999892e+00 3.407807599999999937e+00 2.755434300000000114e+00 2.534783399999999798e+00 2.963333800000000018e+00 1.910557499999999909e+00 1.300273400000000024e+00 1.685637400000000063e+00 2.489139099999999882e-01 -9.999000000000000000e+03 -9.999000000000000000e+03 -9.999000000000000000e+03 -9.999000000000000000e+03 -9.999000000000000000e+03 -9.999000000000000000e+03 -9.999000000000000000e+03 -9.999000000000000000e+03 -9.999000000000000000e+03 -9.999000000000000000e+03 -9.999000000000000000e+03 -9.999000000000000000e+03 -9.999000000000000000e+03 -9.999000000000000000e+03 -9.999000000000000000e+03 -9.999000000000000000e+03 -9.999000000000000000e+03 -9.999000000000000000e+03 -9.999000000000000000e+03 -9.999000000000000000e+03 -9.999000000000000000e+03 -9.999000000000000000e+03
2.372708600000000168e+00 1.884758399999999945e+00 1.858561899999999989e+00 2.379540400000000222e+00 2.024277399999999894e+00 2.452806199999999937e+00 3.154031499999999877e+00 3.569481800000000149e+00 3.052938999999999847e+00 2.867467599999999894e+00 2.948262999999999856e+00 1.554503100000000027e+00 8.683790599999999804e-01 1.995356700000000094e+00 2.422552000000000039e-01 1.083172000000000024e+00 -9.999000000000000000e+03 -9.999000000000000000e+03 -9.999000000000000000e+03 -9.999000000000000000e+03 -9.999000000000000000e+03 -9.999000000000000000e+03 -9.999000000000000000e+03 -9.999000000000000000e+03 -9.999000000000000000e+03 -9.999000000000000000e+03 -9.999000000000000000e+03 -9.999000000000000000e+03 -9.999000000000000000e+03 -9.999000000000000000e+03 -9.999000000000000000e+03 -9.999000000000000000e+03 -9.999000000000000000e+03 -9.999000000000000000e+03 -9.999000000000000000e+03 -9.999000000000000000e+03 -9.999000000000000000e+03
2.491223600000000094e+00 2.304862299999999864e-01 4.787788399999999833e-01 1.345342000000000038e+00 1.750631300000000001e+00 2.253449400000000047e+00 3.091683900000000040e+00 3.742049699999999923e+00 3.205302000000000096e+00 2.988439000000000068e+00 2.951646300000000167e+00 1.827595099999999917e+00 1.119431499999999913e+00 1.603804299999999960e+00 9.843071999999999933e-02 1.165131700000000103e+00 -9.999000000000000000e+03 -9.999000000000000000e+03 -9.999000000000000000e+03 -9.999000000000000000e+03 -9.999000000000000000e+03 -9.999000000000000000e+03 -9.999000000000000000e+03 -9.999000000000000000e+03 -9.999000000000000000e+03 -9.999000000000000000e+03 -9.999000000000000000e+03 -9.999000000000000000e+03 -9.999000000000000000e+03 -9.999000000000000000e+03 -9.999000000000000000e+03 -9.999000000000000000e+03 -9.999000000000000000e+03 -9.999000000000000000e+03 -9.999000000000000000e+03 -9.999000000000000000e+03 -9.999000000000000000e+03
3.854422299999999968e+00 1.953049999999999953e+00 6.245851999999999515e-01 9.871670999999999641e-01 2.077001600000000003e+00 1.995760600000000107e+00 2.468526999999999916e+00 3.829458499999999876e+00 3.148678299999999819e+00 2.712633999999999990e+00 2.579823699999999942e+00 1.387507800000000069e+00 3.409862000000000171e-01 1.119388300000000003e+00 9.252886000000000444e-02 1.106014599999999959e+00 -9.999000000000000000e+03 -9.999000000000000000e+03 -9.999000000000000000e+03 -9.999000000000000000e+03 -9.999000000000000000e+03 -9.999000000000000000e+03 -9.999000000000000000e+03 -9.999000000000000000e+03 -9.999000000000000000e+03 -9.999000000000000000e+03 -9.999000000000000000e+03 -9.999000000000000000e+03 -9.999000000000000000e+03 -9.999000000000000000e+03 -9.999000000000000000e+03 -9.999000000000000000e+03 -9.999000000000000000e+03 -9.999000000000000000e+03 -9.999000000000000000e+03 -9.999000000000000000e+03 -9.999000000000000000e+03
3.534314199999999850e+00 2.799288300000000174e+00 2.788195800000000002e+00 3.061586000000000141e+00 2.542790199999999778e+00 2.123346300000000131e+00 1.799375500000000017e+00 3.448837800000000176e+00 3.398035500000000209e+00 2.648428399999999794e+00 2.278455999999999815e+00 1.428199299999999949e+00 2.950591399999999975e-01 1.113125099999999978e+00 3.372206999999999844e-01 1.125882000000000049e+00 8.746785999999999728e-01 4.864231299999999814e-01 -9.999000000000000000e+03 -9.999000000000000000e+03 -9.999000000000000000e+03 -9.999000000000000000e+03 -9.999000000000000000e+03 -9.999000000000000000e+03 -9.999000000000000000e+03 -9.999000000000000000e+03 -9.999000000000000000e+03 -9.999000000000000000e+03 -9.999000000000000000e+03 -9.999000000000000000e+03 -9.999000000000000000e+03 -9.999000000000000000e+03 -9.999000000000000000e+03 -9.999000000000000000e+03 -9.999000000000000000e+03 -9.999000000000000000e+03 -9.999000000000000000e+03
3.155300899999999853e+00 3.549445599999999867e+00 4.589019000000000403e+00 2.271788799999999942e+00 1.097614199999999984e+00 1.580833699999999897e+00 1.139822799999999914e+00 2.649926400000000015e+00 3.725338700000000003e+00 2.619793699999999781e+00 2.245601199999999853e+00 1.463486400000000076e+00 1.171326499999999937e+00 9.560233399999999993e-01 2.949643699999999757e-01 8.260672700000000201e-01 8.852179599999999704e-01 4.372631299999999999e-01 1.234958299999999953e+00 2.025961999999999819e+00 -9.999000000000000000e+03 -9.999000000000000000e+03 -9.999000000000000000e+03 -9.999000000000000000e+03 -9.999000000000000000e+03 -9.999000000000000000e+03 -9.999000000000000000e+03 -9.999000000000000000e+03 -9.999000000000000000e+03 -9.999000000000000000e+03 -9.999000000000000000e+03 -9.999000000000000000e+03 -9.999000000000000000e+03 -9.999000000000000000e+03 -9.999000000000000000e+03 -9.999000000000000000e+03 -9.999000000000000000e+03
2.330112999999999879e+00 4.239572500000000410e+00 4.768637000000000015e+00 2.307574699999999979e+00 1.418231800000000042e+00 1.800045499999999965e+00 1.683182200000000073e+00 1.903667100000000056e+00 3.114320499999999825e+00 3.008492500000000014e+00 2.796336699999999897e+00 1.597852700000000015e+00 6.297532000000000130e-01 5.643137000000000292e-01 1.518687799999999921e+00 1.767189099999999957e+00 1.541487599999999958e+00 8.933438700000000399e-01 1.100393799999999978e+00 1.968143100000000034e+00 1.085741300000000020e+00 -9.999000000000000000e+03 -9.999000000000000000e+03 -9.999000000000000000e+03 -9.999000000000000000e+03 -9.999000000000000000e+03 -9.999000000000000000e+03 -9.999000000000000000e+03 -9.999000000000000000e+03 -9.999000000000000000e+03 -9.999000000000000000e+03 -9.999000000000000000e+03 -9.999000000000000000e+03 -9.999000000000000000e+03 -9.999000000000000000e+03 -9.999000000000000000e+03 -9.999000000000000000e+03
1.952557899999999957e+00 5.102597699999999570e+00 4.443184999999999718e+00 8.658603000000000272e-01 4.063101700000000260e-01 1.474020700000000073e+00 2.494879200000000186e+00 1.596816800000000036e+00 2.004286500000000082e+00 3.031798400000000004e+00 2.765938799999999809e+00 1.792714099999999977e+00 1.136520600000000103e+00 1.253640199999999982e+00 1.503737099999999938e+00 9.886703999999999493e-01 4.859603599999999801e-01 3.843065500000000245e-01 9.540511000000000408e-01 2.044822499999999987e+00 1.286021499999999929e+00 1.036627200000000082e+00 -9.999000000000000000e+03 -9.999000000000000000e+03 -9.999000000000000000e+03 -9.999000000000000000e+03 -9.999000000000000000e+03 -9.999000000000000000e+03 -9.999000000000000000e+03 -9.999000000000000000e+03 -9.999000000000000000e+03 -9.999000000000000000e+03 -9.999000000000000000e+03 -9.999000000000000000e+03 -9.999000000000000000e+03 -9.999000000000000000e+03 -9.999000000000000000e+03
2.724338799999999949e+00 6.172170600000000285e+00 4.625652999999999793e+00 3.152191999999999772e-01 8.013053500000000273e-01 1.095345100000000071e+00 2.618470400000000087e+00 2.251203999999999983e+00 1.448286399999999974e+00 3.013350200000000090e+00 3.028603599999999840e+00 2.291940199999999983e+00 1.325211600000000045e+00 7.699854000000000420e-01 1.275927400000000045e+00 9.722572999999999910e-01 2.979966700000000190e-01 5.689471999999999863e-01 9.955166600000000532e-01 1.882736399999999977e+00 1.507079400000000069e+00 1.080527000000000015e+00 8.629677000000000042e-01 -9.999000000000000000e+03 -9.999000000000000000e+03 -9.999000000000000000e+03 -9.999000000000000000e+03 -9.999000000000000000e+03 -9.999000000000000000e+03 -9.999000000000000000e+03 -9.999000000000000000e+03 -9.999000000000000000e+03 -9.999000000000000000e+03 -9.999000000000000000e+03 -9.999000000000000000e+03 -9.999000000000000000e+03 -9.999000000000000000e+03
3.379415799999999859e+00 7.163998000000000310e+00 5.102791299999999808e+00 1.187982400000000105e+00 1.326545499999999933e+00 1.463394400000000095e+00 2.511800800000000056e+00 2.992817399999999850e+00 1.437807400000000069e+00 2.762475499999999862e+00 3.663711499999999788e+00 2.767143200000000025e+00 1.795311799999999902e+00 1.003495000000000026e+00 1.355983299999999891e+00 1.292570800000000020e+00 1.324402100000000027e-01 2.589037000000000144e-01 3.848109000000000113e-01 1.661688199999999949e+00 2.024333700000000125e+00 1.195720399999999906e+00 9.288747000000000531e-01 8.052080000000000348e-01 -9.999000000000000000e+03 -9.999000000000000000e+03 -9.999000000000000000e+03 -9.999000000000000000e+03 -9.999000000000000000e+03 -9.999000000000000000e+03 -9.999000000000000000e+03 -9.999000000000000000e+03 -9.999000000000000000e+03 -9.999000000000000000e+03 -9.999000000000000000e+03 -9.999000000000000000e+03 -9.999000000000000000e+03
3.240810399999999980e+00 7.967883999999999745e+00 5.513090000000000046e+00 9.007401999999999909e-01 8.749335000000000306e-01 1.136959000000000053e+00 2.203791999999999973e+00 3.305924399999999874e+00 1.874370199999999986e+00 2.275619999999999976e+00 3.437402200000000185e+00 2.867374400000000101e+00 2.318129299999999837e+00 1.138559899999999958e+00 1.221995100000000001e+00 1.500224199999999897e+00 9.065720400000000234e-01 6.681886299999999501e-01 3.139035399999999809e-01 1.552593799999999913e+00 2.417463000000000140e+00 1.284643299999999932e+00 8.571237000000000439e-01 7.280071399999999970e-01 8.153673399999999960e-01 -9.999000000000000000e+03 -9.999000000000000000e+03 -9.999000000000000000e+03 -9.999000000000000000e+03 -9.999000000000000000e+03 -9.999000000000000000e+03 -9.999000000000000000e+03 -9.999000000000000000e+03 -9.999000000000000000e+03 -9.999000000000000000e+03 -9.999000000000000000e+03 5.088618799999999887e+00
2.466365600000000047e+00 8.780298999999999410e+00 6.381069000000000102e+00 1.407661100000000109e+00 7.133540499999999618e-01 1.169968200000000014e+00 1.628783300000000045e+00 3.057327499999999976e+00 2.659137700000000049e+00 1.994379899999999983e+00 3.127763700000000036e+00 3.262249199999999849e+00 2.590726599999999991e+00 1.459492699999999976e+00 1.375012300000000076e+00 1.759039500000000089e+00 1.458968400000000054e+00 1.258032400000000051e+00 9.094107999999999636e-01 1.497335599999999989e+00 2.388738000000000028e+00 1.215377600000000058e+00 8.120429500000000411e-01 7.532849000000000350e-01 8.444026000000000032e-01 7.289210000000000411e-01 6.649833299999999836e-01 6.567205000000000403e-01 9.574911600000000078e-01 2.003429999999999822e+00 5.406981499999999663e+00 7.368918400000000091e+00 6.121641000000000332e+00 4.768459000000000003e+00 3.526804700000000015e+00 3.958188999999999957e+00 5.155885699999999794e+00
1.561002400000000012e+00 8.163211000000000439e+00 6.960694000000000159e+00 2.213420900000000024e+00 1.118181099999999928e+00 1.374134699999999931e+00 1.516153700000000049e+00 2.886277699999999946e+00 3.542666200000000210e+00 1.875527900000000026e+00 2.955882499999999968e+00 3.937434399999999890e+00 2.615208599999999883e+00 1.838226099999999974e+00 1.823882199999999898e+00 1.457482699999999909e+00 1.379671599999999998e+00 2.241540000000000088e+00 1.218664600000000098e+00 1.029918099999999948e+00 1.934060700000000077e+00 1.332677099999999948e+00 9.314915000000000278e-01 8.228714999999999780e-01 8.170250000000000012e-01 6.854406600000000349e-01 6.032504400000000544e-01 6.319777399999999545e-01 1.212479199999999979e+00 2.205048800000000142e+00 4.887962299999999871e+00 6.818602000000000274e+00 5.898183999999999649e+00 4.464424000000000170e+00 3.602088999999999874e+00 4.263835000000000264e+00 4.976614500000000163e+00
1.439764700000000008e+00 6.938256700000000166e+00 5.676028699999999816e+00 1.762428399999999895e+00 1.394731500000000013e+00 1.308579600000000065e+00 8.889656700000000411e-01 2.118416999999999994e+00 3.614269300000000129e+00 2.374967799999999851e+00 2.903730200000000039e+00 4.087267999999999901e+00 2.942800500000000152e+00 2.277646499999999907e+00 2.218443999999999861e+00 2.357983599999999846e+00 2.128749000000000002e+00 2.224578999999999862e+00 1.126985399999999915e+00 6.205713999999999952e-01 1.368468599999999924e+00 1.679157999999999928e+00 1.072679600000000066e+00 8.905151000000000039e-01 7.514218000000000286e-01 6.735240000000000116e-01 6.473136000000000445e-01 6.624768399999999557e-01 1.517279000000000044e+00 2.364238700000000026e+00 4.112308500000000144e+00 5.959419999999999717e+00 5.586157299999999992e+00 4.371906300000000023e+00 4.133537300000000414e+00 4.916139600000000165e+00 5.171162599999999721e+00
2.452169000000000043e+00 6.792176000000000435e+00 4.116321000000000119e+00 1.591117899999999974e+00 2.069939399999999985e+00 1.664746000000000059e+00 1.260342199999999968e+00 1.252694699999999939e+00 2.605826400000000209e+00 2.880874599999999841e+00 3.429396399999999900e+00 3.926325600000000193e+00 2.490870500000000209e+00 2.451310599999999784e+00 2.808837399999999818e+00 2.728606200000000204e+00 2.295285199999999914e+00 1.566860900000000001e+00 7.880274000000000445e-01 2.307439300000000137e-01 1.198061199999999937e+00 1.882348200000000027e+00 1.101958500000000063e+00 8.791299500000000489e-01 7.258897399999999500e-01 6.418476699999999813e-01 6.364992000000000427e-01 7.347774999999999723e-01 1.714423000000000030e+00 2.142386999999999819e+00 3.414263500000000118e+00 5.176091699999999740e+00 4.830509000000000164e+00 4.016534300000000002e+00 4.313754600000000217e+00 5.375643000000000171e+00 5.904945999999999806e+00
3.790662999999999894e+00 5.799586299999999639e+00 3.453671700000000122e+00 3.158558000000000199e+00 3.035604199999999864e+00 2.721487000000000211e+00 2.641034599999999788e+00 1.762779400000000107e+00 1.323499200000000098e+00 1.921192800000000034e+00 3.159473999999999894e+00 3.554440699999999786e+00 2.472491499999999842e+00 2.699115299999999884e+00 2.853645300000000162e+00 2.867131200000000213e+00 2.872652299999999936e+00 1.457047600000000109e+00 6.849150699999999592e-01 3.263503999999999849e-01 1.230724499999999999e+00 1.901636799999999905e+00 1.032524500000000067e+00 8.022785999999999529e-01 7.114461699999999889e-01 5.870990000000000375e-01 6.069854000000000083e-01 9.346370999999999984e-01 1.671582200000000018e+00 1.828605400000000047e+00 2.871033199999999841e+00 4.490450400000000286e+00 4.207493999999999623e+00 3.533118700000000167e+00 4.147411299999999912e+00 5.481787999999999883e+00 6.714805600000000041e+00
