testcase_input/parameters/slope.dat
NCOLS         214
NROWS         263
XLLCORNER     382500.0
YLLCORNER     7541702.0
CELLSIZE      16.0
NODATA_VALUE  -9999
[rows 208 to 223 of 263, columns 74 to 110 of 214]
2.863450499999999899e+00 2.339557399999999898e+00 1.833853399999999967e+00 1.783061000000000007e+00 2.206697999999999826e+00 4.104576999999999920e+00 3.713227700000000020e+00 1.474270799999999992e+00 6.353886000000000256e-02 1.950297699999999912e-01 4.029815800000000059e-01 7.380020999999999942e-01 1.493098599999999943e+00 2.622276999999999969e+00 2.303386000000000156e+00 1.650145799999999996e+00 1.737276599999999949e+00 1.903068399999999993e+00 1.685764000000000040e+00 1.605138200000000070e+00 1.699306599999999889e+00 1.661521999999999943e+00 2.354659299999999789e+00 2.237709999999999866e+00 1.256294599999999928e+00 2.088803299999999918e+00 1.578228500000000034e+00 4.864207799999999970e-01 4.588410299999999831e-01 2.658549499999999899e+00 2.640398999999999941e+00 5.353070500000000065e-01 4.858476199999999801e-01 7.831158000000000285e-01 3.252604599999999735e-01 2.949776599999999749e-01 5.616634999999999683e-02
1.586456499999999936e+00 1.126744600000000096e+00 7.599924999999999597e-01 8.811530499999999932e-01 1.865216500000000055e+00 3.593127700000000146e+00 3.156164599999999876e+00 1.130555299999999930e+00 1.046445000000000014e-01 1.955480599999999958e-01 2.799762000000000084e-01 8.227991000000000055e-01 1.857409099999999924e+00 2.383294999999999941e+00 1.976358000000000059e+00 1.513741699999999968e+00 1.586211299999999991e+00 1.847842999999999902e+00 1.786876300000000084e+00 1.720561000000000007e+00 1.594874700000000090e+00 1.685756000000000032e+00 2.243374300000000154e+00 2.244202000000000030e+00 1.722231400000000079e+00 1.322813199999999911e+00 9.272175999999999751e-01 6.123421999999999477e-01 4.792013500000000259e-01 1.836048600000000031e+00 2.599205299999999941e+00 1.216250000000000053e+00 7.570343600000000173e-01 5.003925599999999863e-01 1.471575800000000100e-01 1.377810800000000002e-01 1.116173800000000021e-01
3.024592400000000181e-01 1.448168800000000089e-01 3.118055800000000266e-01 8.024044999999999650e-01 2.112009800000000048e+00 2.908238199999999996e+00 2.672889200000000187e+00 1.001578000000000079e+00 3.285280000000000145e-02 8.183835000000000415e-02 2.035959800000000097e-01 1.267139999999999933e+00 2.160120500000000110e+00 2.277388000000000190e+00 2.220476999999999812e+00 2.175785799999999881e+00 2.066987000000000130e+00 2.171970099999999793e+00 1.823719099999999926e+00 1.726767799999999964e+00 1.752953299999999937e+00 1.756626999999999938e+00 1.857275400000000021e+00 1.741262199999999982e+00 1.513023400000000018e+00 1.239166400000000001e+00 5.943017600000000122e-01 2.474312599999999862e-01 4.596770000000000023e-01 1.117976099999999917e+00 2.237737000000000087e+00 1.669469199999999987e+00 1.249793799999999955e+00 7.675499999999999545e-01 4.547187400000000101e-01 4.952330600000000027e-01 5.711517999999999873e-01
6.455283000000000548e-02 1.346224199999999926e-01 3.346368399999999910e-01 1.170462399999999903e+00 2.086384999999999934e+00 2.391682400000000097e+00 2.145069799999999915e+00 8.627112500000000406e-01 8.362704999999999445e-02 2.926391399999999851e-02 4.488207699999999800e-01 1.799683200000000038e+00 2.635326000000000057e+00 2.529229400000000183e+00 2.592004999999999892e+00 2.586647500000000210e+00 2.299842099999999778e+00 2.505054700000000079e+00 1.964377800000000063e+00 1.664283600000000085e+00 1.522165100000000049e+00 1.747631799999999958e+00 1.483608400000000049e+00 1.274417600000000039e+00 9.304860000000000353e-01 6.001767500000000366e-01 5.857262600000000541e-01 5.339637000000000411e-01 5.473764500000000144e-01 7.962128499999999720e-01 1.878153699999999926e+00 2.005687200000000114e+00 1.980275299999999961e+00 1.394574500000000050e+00 5.653363000000000138e-01 4.462008499999999822e-01 4.962565600000000132e-01
2.269042900000000085e-01 4.253893300000000099e-02 4.990358999999999767e-01 1.282693000000000083e+00 2.166939000000000171e+00 2.460131200000000185e+00 1.633333300000000099e+00 4.872289300000000045e-01 1.418402300000000116e-01 6.928001999999999772e-02 8.917486000000000024e-01 2.517517999999999923e+00 3.054111999999999938e+00 2.688246499999999983e+00 2.643408800000000003e+00 2.543612500000000054e+00 2.008077999999999808e+00 2.435453400000000101e+00 1.940959600000000007e+00 1.378146300000000046e+00 1.191061600000000054e+00 1.876669300000000096e+00 1.254257799999999978e+00 1.041368700000000036e+00 1.003129699999999902e+00 4.210562999999999945e-01 2.137745600000000024e-01 5.562416999999999501e-01 7.566398399999999524e-01 8.570444600000000079e-01 1.476681200000000027e+00 2.112471600000000116e+00 2.425960799999999917e+00 1.770087699999999931e+00 4.141461799999999749e-01 7.732153999999999416e-02 6.171085999999999933e-02
3.921191700000000169e-01 3.086656999999999873e-01 8.170100500000000432e-01 1.670032399999999972e+00 2.624516700000000036e+00 2.407706300000000077e+00 9.222698999999999758e-01 1.732008499999999895e-01 1.409716299999999867e-01 5.221797000000000244e-02 1.458387600000000006e+00 3.179106700000000174e+00 3.223496400000000150e+00 2.698365400000000136e+00 2.572084700000000002e+00 2.150857999999999937e+00 1.157265699999999953e+00 1.927910699999999977e+00 1.637712999999999974e+00 1.136056100000000013e+00 1.437301900000000021e+00 1.443488499999999952e+00 1.419737000000000027e+00 1.473012599999999894e+00 1.345780500000000046e+00 5.198245599999999911e-01 4.859801200000000154e-01 8.897247999999999823e-01 8.546169399999999916e-01 9.072402000000000521e-01 9.730218600000000162e-01 1.414617999999999931e+00 2.658729000000000120e+00 2.368771600000000088e+00 7.500632000000000410e-01 1.041288699999999984e-01 4.155902599999999891e-02
4.931112799999999852e-01 9.750011600000000334e-01 1.453097300000000036e+00 2.362437200000000015e+00 2.832685199999999792e+00 1.630729899999999954e+00 2.793978500000000031e-01 1.342860800000000021e-01 1.181149860000000051e-01 1.982449400000000084e-01 1.981326700000000107e+00 3.749035399999999907e+00 3.575676000000000077e+00 2.974197100000000038e+00 2.696375100000000025e+00 2.099221500000000074e+00 1.441093299999999910e+00 1.790373599999999898e+00 1.775737200000000016e+00 2.041437999999999864e+00 1.581468600000000002e+00 1.095672500000000049e+00 1.358736799999999967e+00 1.937398299999999907e+00 1.509250200000000097e+00 8.178736599999999468e-01 1.176276400000000111e+00 9.756411999999999862e-01 3.931521199999999938e-01 3.509827600000000047e-01 3.751132999999999829e-01 7.994072399999999634e-01 -9.999000000000000000e+03 -9.999000000000000000e+03 -9.999000000000000000e+03 -9.999000000000000000e+03 -9.999000000000000000e+03
5.427944700000000289e-01 1.622118699999999913e+00 1.647182099999999982e+00 2.456764000000000170e+00 2.264771699999999832e+00 6.241803000000000212e-01 8.415402499999999342e-02 1.968272600000000039e-01 2.603211999999999748e-01 4.422224799999999734e-01 2.302972000000000019e+00 4.328460999999999892e+00 4.113191600000000392e+00 3.109297799999999778e+00 2.614389399999999863e+00 2.227449399999999802e+00 2.002591799999999811e+00 2.077115500000000115e+00 1.988060699999999903e+00 2.799151000000000167e+00 2.484014499999999792e+00 1.308116000000000057e+00 1.004483100000000073e+00 2.033575299999999864e+00 1.629507100000000097e+00 1.146458600000000105e+00 1.269018399999999991e+00 1.091134499999999896e+00 8.239177500000000043e-01 7.256723600000000163e-01 8.207299000000000122e-01 -9.999000000000000000e+03 -9.999000000000000000e+03 -9.999000000000000000e+03 -9.999000000000000000e+03 -9.999000000000000000e+03 -9.999000000000000000e+03
5.308724599999999905e-01 1.760488999999999971e+00 1.992635300000000109e+00 2.531220199999999920e+00 1.739381099999999902e+00 1.550322799999999945e-01 1.480182600000000126e-01 2.285861399999999932e-01 2.424175600000000042e-01 2.917039000000000160e-01 2.372041700000000031e+00 4.717445999999999806e+00 4.486526999999999710e+00 2.892474700000000176e+00 2.133680800000000044e+00 1.771898500000000043e+00 1.499447100000000033e+00 1.945419299999999962e+00 1.589896699999999941e+00 2.212594300000000125e+00 2.707626600000000217e+00 1.742033799999999966e+00 9.532985000000000486e-01 1.450886399999999909e+00 1.669200400000000029e+00 1.163338500000000053e+00 8.436478400000000377e-01 6.891399000000000274e-01 7.421746000000000176e-01 7.918008600000000508e-01 1.059912100000000024e+00 -9.999000000000000000e+03 -9.999000000000000000e+03 -9.999000000000000000e+03 -9.999000000000000000e+03 -9.999000000000000000e+03 -9.999000000000000000e+03
6.428407000000000426e-01 1.680103099999999960e+00 2.183134299999999861e+00 2.593994400000000145e+00 1.523744299999999940e+00 7.837341999999999920e-02 1.396431499999999937e-01 6.787924500000000472e-02 5.075125800000000048e-02 1.846057999999999866e-01 2.390988300000000066e+00 4.821895999999999738e+00 4.753958700000000093e+00 2.975790299999999888e+00 1.638181300000000062e+00 1.127742299999999975e+00 4.117000399999999893e-01 1.561287000000000091e+00 1.384228100000000072e+00 1.583784899999999940e+00 2.701635800000000032e+00 2.412199999999999900e+00 1.458565200000000006e+00 1.319749599999999967e+00 1.755365999999999982e+00 1.565730599999999972e+00 6.580711999999999673e-01 5.197342000000000350e-01 5.963810699999999576e-01 6.002571599999999563e-01 -9.999000000000000000e+03 -9.999000000000000000e+03 -9.999000000000000000e+03 -9.999000000000000000e+03 -9.999000000000000000e+03 -9.999000000000000000e+03 -9.999000000000000000e+03
8.499195999999999973e-01 1.786286100000000099e+00 2.150876300000000185e+00 2.481356599999999801e+00 1.708219799999999955e+00 3.489079800000000064e-01 1.561080800000000102e-01 9.904904999999999959e-02 1.568516299999999919e-01 2.135571199999999892e-01 2.265256599999999843e+00 4.664463500000000096e+00 4.822612300000000296e+00 3.317470300000000094e+00 1.456297500000000023e+00 9.935070999999999763e-01 3.745803500000000064e-01 1.139240599999999937e+00 1.414182300000000003e+00 1.760723400000000050e+00 3.132382600000000128e+00 3.457593199999999811e+00 2.306455000000000144e+00 1.778757099999999980e+00 2.158422199999999957e+00 2.251148500000000219e+00 1.273264600000000080e+00 1.467114000000000029e+00 1.376966499999999982e+00 6.361272999999999511e-01 -9.999000000000000000e+03 -9.999000000000000000e+03 -9.999000000000000000e+03 -9.999000000000000000e+03 -9.999000000000000000e+03 -9.999000000000000000e+03 -9.999000000000000000e+03
9.708801999999999710e-01 1.944351699999999905e+00 2.323920999999999903e+00 2.315800999999999998e+00 2.045104300000000208e+00 8.252650999999999737e-01 1.521067299999999956e-01 1.787494400000000094e-01 1.537350399999999895e-01 1.480494099999999924e-01 1.857765399999999900e+00 4.424239599999999939e+00 4.884654000000000273e+00 3.486110399999999832e+00 1.673258899999999993e+00 1.307574900000000095e+00 1.079913099999999959e+00 1.111080400000000079e+00 1.409769800000000073e+00 1.545610799999999951e+00 2.559416500000000205e+00 3.882754600000000167e+00 3.063730000000000064e+00 1.391818400000000011e+00 1.495265700000000031e+00 2.518673399999999951e+00 2.486426999999999943e+00 2.684520200000000134e+00 2.506341200000000047e+00 -9.999000000000000000e+03 -9.999000000000000000e+03 -9.999000000000000000e+03 -9.999000000000000000e+03 -9.999000000000000000e+03 -9.999000000000000000e+03 -9.999000000000000000e+03 -9.999000000000000000e+03
1.175671700000000097e+00 1.900091999999999892e+00 2.521291300000000124e+00 2.408133299999999810e+00 2.462156300000000186e+00 1.460729799999999967e+00 3.108135000000000203e-01 1.770759100000000030e-01 1.431107399999999863e-01 9.201678000000000635e-02 1.334537899999999944e+00 3.987630999999999926e+00 4.989277999999999658e+00 3.631553600000000159e+00 2.050318499999999933e+00 1.977764400000000089e+00 1.526980000000000004e+00 1.039439999999999920e+00 1.344430800000000037e+00 1.046030800000000038e+00 1.181615400000000093e+00 2.878716999999999970e+00 3.688970799999999883e+00 2.358435200000000176e+00 1.686833900000000108e+00 2.130183999999999855e+00 2.011726100000000184e+00 1.736779999999999990e+00 2.368357200000000162e+00 -9.999000000000000000e+03 -9.999000000000000000e+03 -9.999000000000000000e+03 -9.999000000000000000e+03 -9.999000000000000000e+03 -9.999000000000000000e+03 -9.999000000000000000e+03 -9.999000000000000000e+03
1.412318799999999985e+00 1.837401400000000073e+00 2.352082300000000181e+00 2.310778099999999835e+00 2.793028800000000089e+00 2.094664999999999999e+00 8.809217999999999771e-01 3.742535399999999957e-01 1.362468300000000132e-01 7.211167000000000271e-02 8.889854000000000367e-01 3.377719200000000033e+00 4.952353500000000075e+00 3.904489299999999830e+00 2.670730600000000177e+00 2.466535599999999828e+00 1.564501300000000095e+00 3.999579300000000170e-01 8.574119000000000046e-01 4.862401499999999821e-01 -9.999000000000000000e+03 1.107365500000000003e+00 2.401404100000000152e+00 2.151495699999999900e+00 1.460603199999999990e+00 1.339585500000000096e+00 -9.999000000000000000e+03 -9.999000000000000000e+03 -9.999000000000000000e+03 -9.999000000000000000e+03 -9.999000000000000000e+03 -9.999000000000000000e+03 -9.999000000000000000e+03 -9.999000000000000000e+03 -9.999000000000000000e+03 -9.999000000000000000e+03 -9.999000000000000000e+03
1.784032599999999968e+00 2.090934799999999871e+00 2.347537800000000008e+00 2.151684799999999953e+00 2.749428299999999936e+00 2.402600300000000022e+00 1.554585300000000059e+00 1.065246200000000032e+00 4.183239000000000263e-01 7.078682999999999503e-02 5.549933299999999514e-01 2.688127999999999851e+00 4.709476000000000440e+00 4.231024299999999627e+00 3.430482000000000031e+00 2.679378700000000002e+00 1.546628700000000078e+00 8.089884000000000519e-01 -9.999000000000000000e+03 -9.999000000000000000e+03 -9.999000000000000000e+03 -9.999000000000000000e+03 -9.999000000000000000e+03 -9.999000000000000000e+03 -9.999000000000000000e+03 -9.999000000000000000e+03 -9.999000000000000000e+03 -9.999000000000000000e+03 -9.999000000000000000e+03 -9.999000000000000000e+03 -9.999000000000000000e+03 -9.999000000000000000e+03 -9.999000000000000000e+03 -9.999000000000000000e+03 -9.999000000000000000e+03 -9.999000000000000000e+03 -9.999000000000000000e+03
1.556608999999999909e+00 1.957900799999999997e+00 2.345740999999999854e+00 2.357940399999999936e+00 2.614505299999999810e+00 2.460977000000000192e+00 1.926454799999999912e+00 1.610163599999999917e+00 9.680399299999999929e-01 1.539061200000000074e-01 3.981858799999999921e-01 2.023867099999999919e+00 4.074866300000000052e+00 4.254369299999999576e+00 3.875712399999999835e+00 2.925489400000000018e+00 1.792945500000000081e+00 1.353697399999999940e+00 -9.999000000000000000e+03 -9.999000000000000000e+03 -9.999000000000000000e+03 -9.999000000000000000e+03 -9.999000000000000000e+03 -9.999000000000000000e+03 -9.999000000000000000e+03 -9.999000000000000000e+03 -9.999000000000000000e+03 -9.999000000000000000e+03 -9.999000000000000000e+03 -9.999000000000000000e+03 -9.999000000000000000e+03 -9.999000000000000000e+03 -9.999000000000000000e+03 -9.999000000000000000e+03 -9.999000000000000000e+03 -9.999000000000000000e+03 -9.999000000000000000e+03
