testcase_input/parameters/slope_old.dat
ncols         214
nrows         263
xllcorner     382500
yllcorner     7541702
cellsize      16
NODATA_value  -9999
[rows 112 to 127 of 263, columns 74 to 110 of 214]
6.909042000000000350e+00 9.062647000000000119e+00 8.721498000000000417e+00 1.069810000000000016e+01 4.678954000000000057e+00 4.063765000000000072e+00 9.933891999999999722e-01 9.205748999999999738e-01 7.023753999999999831e-01 8.418141999999999570e-01 2.804231999999999836e-01 1.008960999999999997e+00 7.587551000000000156e-01 3.050768999999999842e-01 3.651056999999999775e-01 1.184007000000000032e+00 3.715787000000000173e+00 5.649529000000000245e+00 6.715405999999999764e+00 8.223724000000000700e+00 1.000467000000000084e+01 1.205073999999999934e+01 1.080348000000000042e+01 8.618171999999999500e+00 7.873673000000000144e+00 7.452886999999999595e+00 7.697811999999999877e+00 6.475670000000000037e+00 5.339737000000000400e+00 5.872314000000000256e+00 6.078198000000000434e+00 5.799217999999999762e+00 6.248518999999999934e+00 6.500315999999999761e+00 6.224897000000000347e+00 6.009862000000000037e+00 6.016733000000000331e+00
3.748448999999999920e+00 5.935979999999999812e+00 6.708610000000000184e+00 8.209968999999999184e+00 3.477155999999999914e+00 3.499543000000000070e+00 1.311520000000000019e+00 1.475033000000000039e+00 1.094764000000000070e+00 6.823090000000000543e-01 5.762180000000000080e-01 7.073971999999999483e-01 1.076413000000000064e+00 4.294039000000000050e-01 5.080913000000000235e-01 1.119626999999999928e+00 3.466841000000000061e+00 5.594123999999999874e+00 6.513112999999999708e+00 8.524259000000000697e+00 1.077474999999999916e+01 1.206978999999999935e+01 1.028499000000000052e+01 8.339664000000000854e+00 8.288171999999999429e+00 7.935717999999999606e+00 7.615559000000000189e+00 6.277478999999999587e+00 5.340183999999999820e+00 5.966910000000000380e+00 6.287901999999999880e+00 6.146204000000000001e+00 6.235015999999999892e+00 6.158942999999999834e+00 6.151252999999999638e+00 5.731722999999999679e+00 5.305600000000000094e+00
1.933051999999999992e+00 4.004515999999999742e+00 4.965468000000000437e+00 8.138415999999999428e+00 2.694202999999999903e+00 2.029580000000000162e+00 1.682776999999999967e+00 1.870150999999999897e+00 1.631809999999999983e+00 7.015074000000000032e-01 8.136752000000000429e-01 4.277824000000000071e-01 1.301093999999999973e+00 5.237328999999999457e-01 6.342849999999999877e-01 1.295210999999999890e+00 3.390047000000000033e+00 5.134719999999999729e+00 6.095642999999999923e+00 9.163952000000000098e+00 1.116915000000000013e+01 1.158685999999999972e+01 1.033533000000000079e+01 8.525988999999999152e+00 8.608140999999999821e+00 8.024537000000000475e+00 7.128911000000000442e+00 6.239971999999999852e+00 5.880238000000000298e+00 6.432984000000000258e+00 6.565546000000000326e+00 6.157568999999999626e+00 6.017223000000000432e+00 5.856766000000000361e+00 6.018823000000000256e+00 5.848791000000000295e+00 5.260098000000000162e+00
9.923155000000000170e-01 3.661535000000000206e+00 3.539668999999999954e+00 8.645320999999999145e+00 3.929644999999999833e+00 2.720908000000000104e+00 2.431742999999999988e+00 2.425549999999999873e+00 2.147445999999999966e+00 1.107213999999999920e+00 1.007533000000000012e+00 2.523561000000000276e-01 1.256677999999999962e+00 7.504726000000000452e-01 7.746477999999999975e-01 1.530202999999999980e+00 3.261696000000000151e+00 4.566370000000000040e+00 5.555013999999999896e+00 9.449752000000000152e+00 1.174953999999999965e+01 1.090265999999999913e+01 1.021822000000000052e+01 9.234235999999999223e+00 8.641534000000000049e+00 7.835954000000000086e+00 6.833914000000000044e+00 6.181155000000000399e+00 6.500732000000000177e+00 7.029531000000000418e+00 6.573154999999999859e+00 6.025633000000000017e+00 5.839916999999999803e+00 5.733840999999999966e+00 6.293984000000000023e+00 6.286940000000000417e+00 5.064872000000000263e+00
1.697967999999999922e+00 2.434280000000000221e+00 9.408246999999999582e-01 7.647770999999999653e+00 7.232460999999999807e+00 3.586107000000000156e+00 3.072062999999999988e+00 3.382159999999999833e+00 2.616400000000000059e+00 1.550925000000000109e+00 1.078238999999999947e+00 4.657054999999999945e-01 1.070284000000000013e+00 1.065970000000000084e+00 8.429284000000000221e-01 1.649998999999999993e+00 3.135393000000000097e+00 4.713390000000000413e+00 5.736564000000000441e+00 9.288835000000000619e+00 1.223757999999999946e+01 1.063064999999999927e+01 9.554655999999999594e+00 9.432909000000000432e+00 8.538453999999999766e+00 7.752542000000000044e+00 6.992075999999999958e+00 6.304708999999999897e+00 6.896937000000000317e+00 7.232033999999999629e+00 6.135455000000000325e+00 5.809465000000000323e+00 5.995699000000000112e+00 6.172137000000000207e+00 6.702747999999999706e+00 6.177348000000000283e+00 4.647369999999999557e+00
2.641404000000000085e+00 1.032458000000000098e+00 2.902569000000000177e+00 3.335268000000000121e+00 7.564671999999999841e+00 3.098504999999999843e+00 2.747949000000000197e+00 4.218110000000000248e+00 3.342156999999999822e+00 1.912079000000000084e+00 1.116505999999999998e+00 1.018779000000000101e+00 8.655808999999999864e-01 1.393596000000000057e+00 9.102352999999999694e-01 1.660805000000000087e+00 3.249172999999999867e+00 5.180175000000000196e+00 6.555385000000000240e+00 9.215576000000000434e+00 1.210074000000000005e+01 1.089907000000000004e+01 9.000811000000000561e+00 8.887729999999999464e+00 8.344220999999999222e+00 7.722742000000000218e+00 7.210822000000000287e+00 6.539778000000000091e+00 6.909355999999999831e+00 7.013098000000000276e+00 5.683061999999999614e+00 5.466612999999999722e+00 6.336299999999999599e+00 6.862423999999999857e+00 6.865111999999999881e+00 5.847033999999999843e+00 4.611714000000000091e+00
2.282020000000000159e+00 2.467464999999999797e+00 2.821737999999999857e+00 2.517494000000000121e+00 7.192732000000000347e+00 1.516585999999999990e+00 1.648285000000000000e+00 4.153234000000000314e+00 3.931928999999999785e+00 2.231200999999999990e+00 1.169415000000000093e+00 1.323704999999999909e+00 8.736644000000000077e-01 1.537387000000000059e+00 9.238129999999999953e-01 1.869116000000000000e+00 3.537725000000000009e+00 5.084912000000000099e+00 7.158312999999999704e+00 9.521190000000000708e+00 1.172690000000000055e+01 1.083466999999999913e+01 8.644064000000000192e+00 8.546008999999999745e+00 8.206305999999999656e+00 7.612790000000000390e+00 7.331306999999999796e+00 6.669126000000000332e+00 6.698705999999999605e+00 6.741520999999999653e+00 5.517782000000000409e+00 5.301927000000000056e+00 6.343696999999999697e+00 6.976950999999999681e+00 6.714380000000000237e+00 5.801934000000000147e+00 5.114996999999999794e+00
1.100246999999999975e+00 3.161049999999999915e+00 3.131266000000000105e+00 4.874080000000000190e+00 6.411058999999999841e+00 4.746830000000000216e-01 1.121618000000000004e+00 3.557761999999999869e+00 3.660501000000000005e+00 2.425605000000000011e+00 1.246104000000000100e+00 1.451041999999999943e+00 1.208372000000000002e+00 1.301563999999999943e+00 8.320939000000000529e-01 2.250675000000000203e+00 3.642939000000000149e+00 4.572203000000000017e+00 7.471409999999999663e+00 1.020129000000000019e+01 1.173513999999999946e+01 1.084554999999999936e+01 8.589057000000000386e+00 8.215355999999999881e+00 8.035296999999999912e+00 7.673891000000000240e+00 7.457073000000000285e+00 6.746557000000000137e+00 6.714910999999999852e+00 6.596195999999999948e+00 5.544539000000000328e+00 5.363382999999999790e+00 5.971236000000000210e+00 6.369400999999999868e+00 6.133580000000000254e+00 5.920948000000000100e+00 6.064129999999999576e+00
2.420554999999999790e+00 3.161570999999999909e+00 2.389667000000000208e+00 6.840740000000000265e+00 4.718088999999999977e+00 1.416357000000000088e+00 2.121477000000000057e+00 3.124779999999999891e+00 2.743482000000000198e+00 2.304123999999999839e+00 1.447692999999999897e+00 1.284554999999999891e+00 1.204002999999999934e+00 9.104731999999999825e-01 9.487176000000000498e-01 2.463268999999999931e+00 3.863434999999999953e+00 4.334862000000000215e+00 7.165371999999999630e+00 1.050176000000000087e+01 1.201050000000000040e+01 1.106696999999999953e+01 8.381080000000000751e+00 7.524079000000000406e+00 7.864698999999999884e+00 8.141389999999999461e+00 7.809040000000000425e+00 6.909375999999999962e+00 6.759335000000000093e+00 6.418078999999999645e+00 5.635667999999999900e+00 5.381670999999999871e+00 5.543668000000000262e+00 5.412209999999999965e+00 5.013030999999999793e+00 5.690284000000000120e+00 6.749821999999999989e+00
2.752930000000000099e+00 2.019214999999999982e+00 4.543695999999999735e+00 6.733314000000000021e+00 1.969003000000000059e+00 2.473184999999999967e+00 3.713312999999999864e+00 3.085567000000000171e+00 2.010063999999999851e+00 1.689184000000000019e+00 1.367631999999999959e+00 9.623312000000000532e-01 8.585525000000000517e-01 7.905729000000000228e-01 1.187715999999999994e+00 2.457894000000000023e+00 4.153786000000000200e+00 4.518271000000000370e+00 6.825865000000000293e+00 1.018093999999999966e+01 1.183353999999999928e+01 1.122081000000000017e+01 8.517875999999999337e+00 7.406093000000000259e+00 8.078015000000000612e+00 8.592347000000000179e+00 7.988412000000000290e+00 6.806887999999999828e+00 6.615501000000000076e+00 6.512519000000000169e+00 5.770528999999999797e+00 5.183282000000000167e+00 5.050188999999999595e+00 4.527296999999999905e+00 4.043459000000000358e+00 5.065393000000000256e+00 6.588879000000000374e+00
2.488687999999999789e+00 9.725849000000000300e-02 5.772942999999999714e+00 4.161191999999999780e+00 1.697456000000000076e+00 2.670142999999999933e+00 4.475349999999999717e+00 3.038043000000000049e+00 1.816467000000000054e+00 1.390972000000000097e+00 1.112740999999999980e+00 9.050095000000000223e-01 8.829464000000000201e-01 7.653980000000000228e-01 1.077827000000000091e+00 2.547384999999999788e+00 4.109926999999999886e+00 5.016041999999999668e+00 7.157144999999999868e+00 9.168202000000000851e+00 1.103275999999999968e+01 1.096142000000000039e+01 8.759902999999999551e+00 8.029849000000000458e+00 8.643860999999999351e+00 8.676849000000000700e+00 7.673408000000000229e+00 6.789571999999999719e+00 6.954858999999999902e+00 6.926966000000000179e+00 5.755944000000000393e+00 4.801967999999999570e+00 4.463948000000000249e+00 4.106732000000000049e+00 4.001119000000000092e+00 4.813101999999999769e+00 6.148524000000000100e+00
2.596845000000000070e+00 1.869717999999999991e+00 5.974624999999999631e+00 3.066192000000000029e+00 1.173189999999999955e+00 3.549153000000000002e+00 4.614054999999999573e+00 2.538721999999999923e+00 1.824244999999999894e+00 1.462237000000000009e+00 9.768213000000000035e-01 7.989570000000000283e-01 8.800510999999999751e-01 8.320653000000000077e-01 9.362660999999999900e-01 2.512445000000000039e+00 3.799549999999999983e+00 5.514939000000000036e+00 8.052661999999999765e+00 8.513794000000000750e+00 9.532925000000000537e+00 1.000666000000000011e+01 9.197800000000000864e+00 9.090180999999999401e+00 9.162195999999999785e+00 8.668381000000000114e+00 7.640316000000000329e+00 6.988400000000000389e+00 7.168571000000000026e+00 7.024312000000000111e+00 5.804818000000000033e+00 4.687650999999999790e+00 4.099789999999999601e+00 4.195471999999999646e+00 4.543550999999999895e+00 4.738536999999999999e+00 5.523442000000000185e+00
6.483851999999999727e+00 4.234842999999999691e+00 6.336471000000000409e+00 3.876180000000000181e+00 2.050317000000000167e+00 4.009354000000000084e+00 4.376968999999999888e+00 2.212150999999999978e+00 1.794419999999999904e+00 1.563960000000000017e+00 1.078767999999999949e+00 7.035133000000000081e-01 7.710101999999999789e-01 7.541887999999999925e-01 6.733232000000000106e-01 1.998056999999999972e+00 3.641789999999999861e+00 6.087346000000000146e+00 8.957603000000000648e+00 8.472009999999999152e+00 8.413054999999999950e+00 8.507861999999999369e+00 8.694807000000000841e+00 1.001689999999999969e+01 9.619967000000000823e+00 8.842657000000000878e+00 8.080619000000000440e+00 7.188252999999999560e+00 6.937687999999999633e+00 6.884865999999999708e+00 6.033742000000000161e+00 4.842222999999999722e+00 4.106832999999999956e+00 4.360286000000000328e+00 4.853464999999999918e+00 4.799066999999999972e+00 5.322935000000000194e+00
9.371028000000000802e+00 6.949925999999999604e+00 5.974656000000000411e+00 3.145732999999999890e+00 3.591731999999999925e+00 4.465945999999999749e+00 3.992653999999999925e+00 2.607858999999999927e+00 1.924865000000000048e+00 1.806127000000000038e+00 1.572100999999999971e+00 8.982461999999999946e-01 5.599262999999999879e-01 4.497529000000000110e-01 4.942765000000000075e-01 1.773879999999999901e+00 3.790932000000000190e+00 6.414448000000000150e+00 8.603714000000000084e+00 8.176346000000000558e+00 9.093953000000000841e+00 8.659081000000000472e+00 7.494263000000000119e+00 9.751051000000000357e+00 9.883324999999999250e+00 8.925950000000000273e+00 8.380762000000000711e+00 7.616742000000000345e+00 7.002443000000000417e+00 6.706629000000000396e+00 6.078077000000000396e+00 5.121440999999999910e+00 4.596525999999999890e+00 4.651825999999999794e+00 4.957332000000000072e+00 5.002053000000000083e+00 5.465874999999999595e+00
4.513225000000000264e+00 7.385655999999999999e+00 5.381356000000000250e+00 2.735837000000000074e+00 4.826842000000000077e+00 4.910487999999999964e+00 3.501492999999999967e+00 2.862433999999999923e+00 2.132295000000000051e+00 1.852336999999999900e+00 1.870081000000000104e+00 1.421205000000000052e+00 9.259041000000000077e-01 6.521046999999999816e-01 7.159185000000000132e-01 2.270894999999999886e+00 4.283083000000000418e+00 6.201768999999999643e+00 7.966546000000000127e+00 7.683108999999999966e+00 9.280623000000000289e+00 9.787086000000000396e+00 7.487230000000000274e+00 8.821718000000000615e+00 9.588965999999999212e+00 8.684703999999999979e+00 8.440678999999999377e+00 8.100573999999999941e+00 7.439474999999999838e+00 6.776355999999999824e+00 6.259121000000000379e+00 5.516751000000000182e+00 5.106942000000000093e+00 5.117333000000000354e+00 5.130816000000000265e+00 5.106303999999999732e+00 5.489681000000000033e+00
7.895086000000000048e+00 6.636172000000000182e+00 2.413546000000000191e+00 2.112737999999999783e+00 6.168718000000000146e+00 5.418904000000000387e+00 2.632944000000000173e+00 2.222738999999999798e+00 1.884306000000000036e+00 1.683616000000000001e+00 1.830486999999999975e+00 1.652798999999999907e+00 1.388249999999999984e+00 1.029447000000000001e+00 8.294892000000000376e-01 2.599032999999999927e+00 4.298569999999999780e+00 5.812399000000000093e+00 7.747733000000000203e+00 8.132445000000000590e+00 8.479504999999999626e+00 9.591544000000000736e+00 8.374045999999999879e+00 8.173211999999999477e+00 9.197129000000000332e+00 8.602800999999999476e+00 8.333496000000000237e+00 8.241808000000000689e+00 7.878109000000000250e+00 7.160567000000000348e+00 6.685205999999999982e+00 5.940927000000000291e+00 5.122686999999999991e+00 5.145300999999999902e+00 5.064708999999999683e+00 4.873507000000000033e+00 5.139902000000000193e+00
