testcase_input/parameters/slope.dat
ncols         214
nrows         263
xllcorner     382500
yllcorner     7541702
cellsize      16
NODATA_value  -9999
[rows 128 to 143 of 263, columns 74 to 110 of 214]
2.525790699999999944e+00 2.154455399999999798e+00 5.451715599999999995e-01 9.235434000000000143e-01 7.213019000000000069e+00 6.137367000000000239e+00 1.998353100000000104e+00 1.782480999999999982e+00 1.537939399999999956e+00 1.375687099999999941e+00 1.738159699999999974e+00 1.833734900000000057e+00 1.716571999999999987e+00 1.463636500000000007e+00 9.754424999999999901e-01 2.643408500000000050e+00 4.016304500000000388e+00 5.744506999999999586e+00 7.239598799999999557e+00 8.655537999999999954e+00 8.411777999999999977e+00 8.717404000000000153e+00 8.911056000000000310e+00 8.437489499999999865e+00 9.282097999999999516e+00 8.681801000000000101e+00 8.231348999999999805e+00 8.236371000000000109e+00 8.083716000000000790e+00 7.457292999999999950e+00 7.132539699999999705e+00 6.379277700000000273e+00 4.986899400000000426e+00 4.749835499999999655e+00 4.911507000000000289e+00 4.847675999999999874e+00 5.014453999999999745e+00
2.498940000000000161e+00 1.317491799999999991e+00 7.148006999999999556e-01 1.064081300000000008e+00 6.550532999999999717e+00 6.257886000000000060e+00 2.164348100000000219e+00 1.632139999999999924e+00 1.380406500000000092e+00 1.184572799999999981e+00 1.537549499999999902e+00 1.868680700000000083e+00 1.858635500000000107e+00 1.608072500000000016e+00 1.090634199999999998e+00 2.293801799999999780e+00 3.689812700000000056e+00 5.747860000000000191e+00 6.992688700000000424e+00 8.911962000000000828e+00 8.773491999999999180e+00 8.300304999999999822e+00 8.975486999999999327e+00 8.987944999999999851e+00 9.350841499999999584e+00 8.670807999999999183e+00 8.456390999999999991e+00 8.266972000000000875e+00 8.060581000000000884e+00 7.579299400000000020e+00 7.359114599999999839e+00 6.506240400000000257e+00 5.036115599999999581e+00 4.480661999999999701e+00 4.607147000000000325e+00 4.826575799999999639e+00 5.213298299999999941e+00
3.263571699999999964e+00 3.684272199999999997e-01 7.371997000000000133e-01 1.301800400000000080e+00 5.042631000000000085e+00 5.894135999999999598e+00 2.670409199999999927e+00 1.792273999999999923e+00 1.638115999999999906e+00 1.332544600000000079e+00 1.303792099999999898e+00 1.623300600000000093e+00 2.089342999999999950e+00 1.683533799999999969e+00 1.015773500000000107e+00 2.038421000000000038e+00 3.634821000000000080e+00 5.481073399999999651e+00 7.096402600000000227e+00 9.367115999999999332e+00 8.915565000000000850e+00 7.688704500000000053e+00 8.940232999999999208e+00 9.381563999999999126e+00 9.396981999999999502e+00 8.959766999999999371e+00 8.711486999999999981e+00 8.393725999999999132e+00 8.111046999999999230e+00 7.570598600000000289e+00 7.103265000000000384e+00 6.416695999999999955e+00 5.491443000000000296e+00 4.465492700000000426e+00 4.170961000000000141e+00 4.687976400000000154e+00 5.395733400000000124e+00
3.572524000000000033e+00 9.448440700000000358e-01 3.682619599999999993e-01 1.092873200000000100e+00 4.373513700000000171e+00 5.297817000000000220e+00 2.550229499999999927e+00 1.810729899999999892e+00 1.948828199999999899e+00 1.706466999999999956e+00 1.255440700000000076e+00 1.314888599999999963e+00 2.118262800000000112e+00 2.095971000000000029e+00 1.154618600000000050e+00 1.986430300000000093e+00 3.643330300000000133e+00 4.965467499999999923e+00 6.833827499999999944e+00 9.689408000000000243e+00 9.095529000000000863e+00 7.549446599999999563e+00 9.128659000000000745e+00 9.173667999999999267e+00 9.428096999999999284e+00 9.541282999999999959e+00 8.979117000000000459e+00 8.640829999999999345e+00 8.317795999999999523e+00 7.416177000000000241e+00 6.654448999999999614e+00 6.299350999999999701e+00 5.661827999999999861e+00 4.581399000000000221e+00 4.272413000000000238e+00 4.918570500000000401e+00 5.172821500000000405e+00
1.852829000000000059e+00 1.718307900000000110e-01 2.905983999999999789e-01 1.395812499999999901e+00 4.435963000000000100e+00 4.372950000000000337e+00 2.180880500000000222e+00 1.196631900000000082e+00 1.261841400000000002e+00 1.563173700000000110e+00 1.332114100000000079e+00 9.400734299999999877e-01 1.459042100000000008e+00 2.095806800000000081e+00 1.781506999999999952e+00 1.802001100000000022e+00 3.683276000000000217e+00 4.678198000000000079e+00 6.340199499999999766e+00 9.399015999999999593e+00 9.378232000000000568e+00 8.396852499999999608e+00 8.964636000000000493e+00 8.361041000000000167e+00 9.434010000000000673e+00 1.017478799999999950e+01 9.698985999999999663e+00 8.853244999999999365e+00 8.351646000000000569e+00 7.416270700000000105e+00 6.437207700000000088e+00 6.025293999999999706e+00 5.397497699999999732e+00 4.932790299999999739e+00 4.794393499999999975e+00 4.824438999999999922e+00 4.546977000000000046e+00
1.216798999999999964e+00 8.465528500000000234e-01 5.129329599999999934e-01 1.818202499999999944e+00 4.528706599999999582e+00 3.556798699999999869e+00 2.072022200000000147e+00 1.104685399999999929e+00 7.289845999999999826e-01 1.088910700000000009e+00 1.353608399999999934e+00 9.616681000000000257e-01 9.776698000000000333e-01 1.525347100000000067e+00 1.837552800000000097e+00 1.398577100000000017e+00 3.821056099999999844e+00 5.106246500000000133e+00 6.540027600000000163e+00 8.670866999999999436e+00 9.220103999999999189e+00 8.865627999999999176e+00 8.327985999999999223e+00 8.126269000000000631e+00 9.326477999999999824e+00 1.026991750000000003e+01 1.042887299999999939e+01 9.330310000000000770e+00 8.589185000000000514e+00 7.607530599999999588e+00 6.301403500000000157e+00 5.738195000000000157e+00 5.031969499999999762e+00 4.976483299999999943e+00 4.964930999999999983e+00 4.452883700000000111e+00 4.421921700000000399e+00
5.119014700000000140e+00 3.053753899999999799e+00 1.714311099999999977e+00 2.596233600000000141e+00 5.057071999999999790e+00 3.173271000000000175e+00 2.162956499999999949e+00 1.447913500000000075e+00 9.055100999999999845e-01 8.533243999999999829e-01 1.219466299999999892e+00 1.053451200000000032e+00 8.152240499999999779e-01 9.854809599999999614e-01 1.417350200000000005e+00 8.982691000000000425e-01 3.883903999999999801e+00 5.816063999999999901e+00 6.844051000000000329e+00 7.900245700000000149e+00 8.977147000000000432e+00 8.511475000000000790e+00 7.728860000000000063e+00 8.418365500000000168e+00 9.022328999999999155e+00 9.848698000000000619e+00 1.039715600000000073e+01 1.007350199999999951e+01 9.367134000000000071e+00 7.565625999999999962e+00 5.809286000000000172e+00 5.349453399999999803e+00 4.771650300000000122e+00 4.783396999999999899e+00 4.914551699999999634e+00 4.477659700000000242e+00 4.594102399999999697e+00
7.984363000000000099e+00 5.692872000000000376e+00 3.955921000000000021e+00 4.458348299999999931e+00 5.949226399999999693e+00 2.727455099999999799e+00 2.163414500000000018e+00 1.821283900000000067e+00 1.362830999999999904e+00 8.326308000000000042e-01 9.411353500000000372e-01 1.074410300000000040e+00 7.637062000000000017e-01 8.041320400000000479e-01 1.336015799999999976e+00 9.920565000000000078e-01 3.589755799999999830e+00 6.056138500000000313e+00 7.079763999999999946e+00 7.565253300000000181e+00 9.508070999999999273e+00 8.411452999999999847e+00 7.139473399999999970e+00 8.455351999999999535e+00 8.850322999999999496e+00 9.517075000000000173e+00 9.798386000000000706e+00 1.008166600000000024e+01 9.719993999999999801e+00 7.706981700000000046e+00 5.730231299999999806e+00 5.200031799999999649e+00 4.941981000000000179e+00 4.730593999999999966e+00 4.750353299999999557e+00 4.686282000000000281e+00 4.532216499999999648e+00
8.092681000000000680e+00 8.383160000000000167e+00 6.430818999999999619e+00 7.097673399999999688e+00 6.567633599999999738e+00 2.495211600000000196e+00 2.402372600000000080e+00 2.592091299999999876e+00 2.518444300000000080e+00 1.844776299999999924e+00 1.424342299999999950e+00 1.579668999999999990e+00 1.200789099999999943e+00 9.217959599999999698e-01 1.429145600000000016e+00 1.435665100000000027e+00 2.675047000000000175e+00 5.493216000000000321e+00 7.643059700000000234e+00 7.817044000000000104e+00 1.038236799999999960e+01 8.591749000000000080e+00 6.216377999999999737e+00 8.200179999999999580e+00 8.949030000000000484e+00 9.398932999999999538e+00 9.146967999999999321e+00 9.277684000000000708e+00 9.212680999999999898e+00 8.136965000000000003e+00 6.666375600000000290e+00 5.982380000000000031e+00 5.595546699999999873e+00 5.144720000000000404e+00 5.060946999999999640e+00 5.125404399999999860e+00 4.901308499999999846e+00
5.202088999999999963e+00 6.651318599999999748e+00 7.305889600000000428e+00 9.944150999999999740e+00 6.431297299999999773e+00 2.712450000000000028e+00 3.072583199999999959e+00 3.747536000000000200e+00 4.129185999999999801e+00 3.678607700000000147e+00 2.666801700000000164e+00 2.575645399999999974e+00 2.396837000000000106e+00 1.330754599999999899e+00 1.229101100000000057e+00 1.395234700000000050e+00 1.717254599999999964e+00 4.274845000000000006e+00 7.601333600000000246e+00 8.646872000000000114e+00 1.143968300000000049e+01 8.785655999999999466e+00 5.529936300000000138e+00 8.279284000000000532e+00 9.208816000000000557e+00 9.363030000000000186e+00 8.750790999999999542e+00 8.516040000000000276e+00 8.413325000000000387e+00 8.014331000000000316e+00 7.698483000000000409e+00 7.233628000000000391e+00 6.000252999999999837e+00 5.049008399999999952e+00 4.861329600000000362e+00 4.843151999999999902e+00 4.935436700000000343e+00
2.129681800000000180e+00 7.052199999999999580e-01 6.054255500000000012e+00 1.104590699999999970e+01 6.067268999999999579e+00 2.838802999999999965e+00 2.838667599999999958e+00 3.273660000000000014e+00 3.987235800000000108e+00 4.347875600000000063e+00 3.324060699999999979e+00 2.823081300000000127e+00 3.147865299999999866e+00 2.236062299999999947e+00 1.451022299999999987e+00 1.406695599999999935e+00 1.355968499999999910e+00 2.872940999999999967e+00 6.447509000000000157e+00 9.516432000000000002e+00 1.280169399999999946e+01 9.083085000000000520e+00 5.478614999999999569e+00 8.505660999999999916e+00 9.249897000000000702e+00 9.061480500000000049e+00 8.759577000000000169e+00 8.440312000000000481e+00 7.968491000000000213e+00 7.663985300000000223e+00 7.811704999999999899e+00 7.790529300000000212e+00 6.458038000000000167e+00 5.109731700000000210e+00 4.627514399999999917e+00 4.494511000000000145e+00 4.977608000000000033e+00
1.676557199999999970e+00 9.201177400000000173e-01 5.435957000000000150e+00 9.432582999999999274e+00 5.552877999999999759e+00 2.922016900000000028e+00 2.136249999999999982e+00 1.708648100000000003e+00 2.347116000000000202e+00 3.638495999999999952e+00 3.210096099999999897e+00 2.343237199999999909e+00 2.927475700000000014e+00 3.008500300000000127e+00 2.046881400000000184e+00 1.680443899999999990e+00 1.467222599999999932e+00 1.669295399999999985e+00 4.808966999999999992e+00 9.843512000000000484e+00 1.411833500000000008e+01 9.979991000000000057e+00 6.006294999999999717e+00 8.246299000000000490e+00 8.830976500000000229e+00 8.497775999999999996e+00 8.759791999999999135e+00 8.812720000000000553e+00 7.821016000000000190e+00 7.494309999999999583e+00 7.515029400000000415e+00 7.605224599999999668e+00 6.700427999999999606e+00 5.551635300000000051e+00 4.980630399999999902e+00 4.625076299999999918e+00 5.086799599999999977e+00
6.452712000000000447e-01 1.322337899999999955e+00 5.355878399999999928e+00 6.905914300000000061e+00 4.414514500000000119e+00 3.097573000000000132e+00 2.650247999999999937e+00 1.341676700000000055e+00 9.219422999999999924e-01 2.235544700000000162e+00 2.499063500000000104e+00 2.118926300000000040e+00 2.176301200000000158e+00 2.620965700000000176e+00 2.281960999999999906e+00 1.775510300000000097e+00 1.694203700000000090e+00 1.579522400000000104e+00 3.278445500000000123e+00 9.318702000000000041e+00 1.507736500000000035e+01 1.109084499999999984e+01 6.307090299999999594e+00 7.893044500000000241e+00 8.341303999999999164e+00 7.835701499999999875e+00 8.393020999999999177e+00 9.037274999999999281e+00 7.963247299999999917e+00 7.501550700000000127e+00 7.504756999999999678e+00 7.414628000000000441e+00 6.617821700000000362e+00 5.749446999999999974e+00 5.645293999999999812e+00 5.290329500000000351e+00 5.175077400000000161e+00
9.303326600000000335e-01 2.188147799999999865e+00 5.611273299999999686e+00 5.240610000000000213e+00 3.211573000000000011e+00 3.135797999999999863e+00 3.627855999999999970e+00 2.374698200000000092e+00 1.225939799999999913e+00 1.496738399999999913e+00 2.015607000000000149e+00 2.741808999999999941e+00 2.356212600000000101e+00 2.076308500000000112e+00 2.217543099999999878e+00 1.608825100000000008e+00 1.412070200000000053e+00 1.281178399999999939e+00 2.517955999999999861e+00 8.123758999999999730e+00 1.489497599999999977e+01 1.238703800000000044e+01 6.836306999999999690e+00 7.710401000000000060e+00 7.927814999999999834e+00 7.400008699999999884e+00 7.988253600000000176e+00 8.833128999999999564e+00 8.150069999999999482e+00 7.547865400000000058e+00 7.772283599999999737e+00 7.469702999999999982e+00 6.543542399999999759e+00 5.747563999999999673e+00 5.974560000000000315e+00 5.965347000000000399e+00 5.645099000000000089e+00
1.308830600000000066e+00 2.195240000000000080e+00 4.926347999999999949e+00 4.584264000000000117e+00 2.968790999999999958e+00 3.076522600000000107e+00 4.098414400000000235e+00 3.538915199999999928e+00 2.485336300000000165e+00 1.956025700000000089e+00 2.229350800000000188e+00 3.077593600000000151e+00 3.222112699999999830e+00 2.030046000000000017e+00 1.991804099999999966e+00 1.556142799999999937e+00 1.042056700000000058e+00 8.939013000000000098e-01 2.322052699999999970e+00 6.952373500000000206e+00 1.350512100000000082e+01 1.338394899999999943e+01 8.236031000000000546e+00 7.246616000000000390e+00 7.184871700000000416e+00 7.423021300000000267e+00 8.018036000000000385e+00 8.502838000000000562e+00 8.118734999999999147e+00 7.698269999999999946e+00 8.123170000000000002e+00 7.907058199999999815e+00 6.640577999999999648e+00 5.798561000000000298e+00 6.152135399999999699e+00 6.216021999999999714e+00 6.135881000000000363e+00
3.316710699999999790e+00 3.294360900000000036e+00 5.317262999999999629e+00 5.112136399999999803e+00 3.348963700000000099e+00 3.189665000000000195e+00 4.281935700000000011e+00 4.200416999999999845e+00 3.969495799999999797e+00 3.278642399999999846e+00 2.728270800000000218e+00 3.095479200000000208e+00 3.984947399999999806e+00 2.770354999999999901e+00 1.928832199999999997e+00 1.721527199999999924e+00 1.201288099999999970e+00 7.463273000000000268e-01 2.559709499999999860e+00 7.396727000000000274e+00 1.250434800000000024e+01 1.301994900000000044e+01 9.081409999999999982e+00 7.020166399999999918e+00 6.514669399999999833e+00 7.035238699999999845e+00 8.101411000000000584e+00 8.186733000000000260e+00 8.067610000000000170e+00 7.891700000000000159e+00 8.336873999999999896e+00 8.327728999999999715e+00 7.107907299999999928e+00 6.105015999999999998e+00 6.131439000000000306e+00 6.277883499999999728e+00 5.952823600000000326e+00
