testcase_input/parameters/slope.dat
NCOLS         214
NROWS         263
XLLCORNER     382500.0
YLLCORNER     7541702.0
CELLSIZE      16.0
NODATA_VALUE  -9999
[rows 96 to 111 of 263, columns 74 to 110 of 214]
1.239221200000000067e+01 4.372139500000000290e+00 1.516882299999999972e+01 9.704494999999999649e+00 2.677071000000000200e+00 6.350558300000000322e+00 4.839305999999999663e+00 2.783430800000000094e+00 2.386523500000000020e+00 4.485230999999999746e+00 6.955508700000000211e+00 4.659428600000000031e+00 4.417586299999999966e+00 2.905995100000000164e+00 7.633462500000000039e-01 1.149461499999999914e+00 2.140664600000000029e+00 1.499335300000000037e+00 3.567386899999999805e+00 4.525016299999999880e+00 2.851442599999999938e+00 1.669121700000000041e+00 4.507386699999999635e+00 4.776018599999999559e+00 5.409370400000000245e+00 8.060254999999999725e+00 8.171036000000000854e+00 6.162384999999999557e+00 5.921624999999999694e+00 6.257640399999999659e+00 5.850204999999999878e+00 6.027843500000000354e+00 7.398988700000000307e+00 8.370703999999999922e+00 7.301955000000000418e+00 5.974117299999999631e+00 6.198595499999999703e+00
1.102347299999999919e+01 2.174368600000000207e+00 1.444761899999999955e+01 6.664246999999999588e+00 6.274357000000000184e+00 6.760434599999999961e+00 5.095855700000000432e+00 4.342418699999999632e+00 4.793431799999999576e+00 6.158069600000000143e+00 5.398551000000000322e+00 3.746737200000000101e+00 4.257711399999999813e+00 2.860037300000000116e+00 7.303005999999999664e-01 1.089860199999999946e+00 2.147419000000000189e+00 2.775102899999999817e+00 4.754122699999999924e+00 4.755188500000000040e+00 2.225292200000000165e+00 3.353272700000000217e+00 6.114385999999999655e+00 5.012048700000000245e+00 5.152622700000000222e+00 8.121764000000000649e+00 8.230415000000000703e+00 6.254921999999999649e+00 6.081427999999999834e+00 6.080023299999999686e+00 6.361697699999999678e+00 6.993748700000000262e+00 7.909603999999999857e+00 7.957603999999999900e+00 6.433234999999999815e+00 5.445340999999999987e+00 6.121589700000000356e+00
9.551935000000000286e+00 2.936627899999999958e+00 1.306263799999999975e+01 6.608017399999999597e+00 7.678569300000000375e+00 6.959285000000000387e+00 2.251256999999999842e+00 2.222961699999999929e+00 3.382881900000000108e+00 4.598414000000000001e+00 3.552846699999999913e+00 2.718933300000000219e+00 3.479664000000000090e+00 2.158460400000000057e+00 1.499531299999999900e+00 2.476694300000000126e+00 3.667537199999999942e+00 4.727612500000000217e+00 5.116877999999999815e+00 3.805238699999999863e+00 1.599817299999999998e+00 5.406176999999999566e+00 7.020635600000000309e+00 5.386320000000000441e+00 5.319451299999999883e+00 7.693681999999999910e+00 8.076506999999999437e+00 6.757790599999999870e+00 6.325286000000000186e+00 6.212524400000000391e+00 6.855694299999999686e+00 7.529524999999999579e+00 7.760378000000000220e+00 7.147167699999999790e+00 6.110619500000000315e+00 5.851803300000000263e+00 6.388670399999999638e+00
7.975894000000000261e+00 2.622948000000000057e+00 1.196921350000000039e+01 6.113437700000000419e+00 7.356202599999999592e+00 7.588540000000000063e+00 2.124399400000000160e+00 1.472338799999999948e+00 2.937067700000000059e+00 3.704803699999999811e+00 1.719430000000000014e+00 1.453711699999999940e+00 3.040757399999999944e+00 2.194503800000000115e+00 3.235962400000000017e+00 4.374816000000000038e+00 5.066149700000000422e+00 4.860424000000000078e+00 3.953284000000000020e+00 1.991498500000000060e+00 3.025603799999999843e+00 6.711903600000000303e+00 7.752735999999999628e+00 6.038772599999999713e+00 5.826452999999999882e+00 6.838555999999999635e+00 7.709723000000000326e+00 7.548586000000000240e+00 6.728673500000000196e+00 6.514543500000000265e+00 7.210765999999999565e+00 7.715859000000000023e+00 7.625752000000000308e+00 7.020581199999999633e+00 6.290173000000000236e+00 5.969589700000000221e+00 6.086968399999999946e+00
6.988635500000000000e+00 2.462211599999999834e+00 1.104179300000000019e+01 3.259979500000000030e+00 5.746449000000000140e+00 6.354398699999999955e+00 3.560789799999999783e+00 2.493963500000000000e+00 2.982266200000000200e+00 4.685222000000000442e+00 4.774729299999999732e+00 4.372493999999999659e+00 4.722499000000000002e+00 3.795881500000000131e+00 4.251353299999999891e+00 4.423245999999999789e+00 4.063145600000000357e+00 3.365548400000000218e+00 2.185755700000000079e+00 1.181164000000000103e+00 4.163141300000000378e+00 7.289438999999999780e+00 8.486470000000000624e+00 6.936985499999999583e+00 6.058322399999999774e+00 6.262571000000000332e+00 7.222386000000000195e+00 7.924237699999999940e+00 7.126441999999999943e+00 6.837500000000000355e+00 7.541423299999999941e+00 7.805845699999999887e+00 7.439197000000000060e+00 6.746417499999999734e+00 6.019466000000000427e+00 5.477494700000000272e+00 5.432118400000000236e+00
5.428734999999999644e+00 6.054103399999999802e+00 8.925262000000000029e+00 2.866867000000000165e-01 3.569538399999999889e+00 4.473124999999999574e+00 4.911046999999999940e+00 4.913305000000000256e+00 4.735180399999999956e+00 5.476970999999999812e+00 6.004969000000000001e+00 5.757705699999999815e+00 5.797399999999999665e+00 4.806037400000000126e+00 4.553376000000000090e+00 3.832420599999999844e+00 2.328442799999999924e+00 1.348848000000000047e+00 1.139542800000000078e+00 1.932304999999999939e+00 4.760830999999999591e+00 7.791000399999999715e+00 9.008623999999999299e+00 7.705734299999999593e+00 6.063963000000000214e+00 6.213724000000000025e+00 6.886379699999999993e+00 7.583510000000000417e+00 7.421152000000000193e+00 7.379122999999999877e+00 7.792299299999999818e+00 7.558695300000000117e+00 6.878308999999999784e+00 6.218087999999999838e+00 5.796550299999999822e+00 5.668487500000000345e+00 5.700123999999999747e+00
3.335773699999999842e+00 7.398826999999999821e+00 6.159044999999999881e+00 2.356436799999999943e-01 2.232773499999999967e+00 2.979155800000000021e+00 3.886895200000000106e+00 5.138798999999999673e+00 5.598219000000000278e+00 5.726402799999999793e+00 5.988061400000000312e+00 6.130664000000000335e+00 6.368888000000000105e+00 5.691160700000000183e+00 5.127809499999999687e+00 3.387306000000000150e+00 1.805889400000000089e+00 1.954328800000000088e+00 1.666040299999999919e+00 2.382934000000000108e+00 5.436377000000000237e+00 8.435943999999999221e+00 8.901790000000000092e+00 7.483420399999999972e+00 6.545384000000000313e+00 7.144987000000000421e+00 7.258744000000000085e+00 7.147200599999999682e+00 7.229254000000000069e+00 7.638432500000000402e+00 7.940344999999999764e+00 7.144867999999999775e+00 6.351543999999999635e+00 6.081775699999999674e+00 6.034976000000000340e+00 6.243306999999999718e+00 6.016999199999999881e+00
1.709116499999999927e+00 5.457745599999999975e+00 4.412136600000000186e+00 1.357204300000000030e+00 7.407229499999999911e-01 1.738388899999999904e+00 1.839453900000000086e+00 1.987007900000000049e+00 2.195044999999999913e+00 2.480501999999999985e+00 2.958512999999999948e+00 3.885179799999999961e+00 5.179965499999999778e+00 5.170034399999999586e+00 3.428748099999999965e+00 2.277672299999999872e+00 2.518945700000000176e+00 2.349279199999999790e+00 1.743501399999999979e+00 2.846249799999999830e+00 6.194902400000000142e+00 8.830472999999999573e+00 8.399205000000000254e+00 6.893261400000000094e+00 7.455514400000000208e+00 8.439116500000000798e+00 7.247768999999999906e+00 6.482759999999999856e+00 6.474987500000000118e+00 7.570897999999999683e+00 8.182926999999999396e+00 6.683840000000000003e+00 6.152192600000000233e+00 6.261233999999999966e+00 6.184816999999999787e+00 6.294678000000000218e+00 5.923108599999999946e+00
2.548715399999999853e+00 4.873322499999999557e+00 5.782852600000000010e+00 2.351583499999999827e+00 1.286300999999999917e+00 3.465896500000000269e-01 6.644955000000000167e-01 8.266116399999999809e-01 9.599311000000000371e-01 1.014748699999999948e+00 9.800092000000000247e-01 9.027036400000000294e-01 1.621820400000000051e+00 2.694925299999999968e+00 3.808338399999999790e+00 3.698707000000000189e+00 2.790733599999999814e+00 2.264241999999999866e+00 2.205557600000000118e+00 3.648003000000000107e+00 6.644648000000000110e+00 8.885842000000000240e+00 8.517714500000000299e+00 7.550453700000000268e+00 8.315860999999999947e+00 8.764770999999999646e+00 7.128136999999999723e+00 5.907063499999999578e+00 5.814060999999999702e+00 7.511737000000000108e+00 8.154393999999999920e+00 6.589433699999999838e+00 6.461344699999999719e+00 6.304522999999999655e+00 6.016101400000000154e+00 6.380021600000000070e+00 6.283114399999999655e+00
4.370599000000000345e+00 2.170778299999999827e+00 7.140393300000000387e+00 2.946476200000000212e+00 1.924723399999999973e+00 1.680882299999999940e+00 8.137010000000000076e-01 5.878879399999999977e-01 1.638813899999999935e+00 1.041949000000000014e+00 6.663208000000000464e-01 4.532480799999999976e-01 1.859668800000000011e-01 1.431809000000000109e+00 4.422354999999999592e+00 4.862553600000000031e+00 3.452130599999999827e+00 2.294882499999999936e+00 2.356142999999999876e+00 4.156895600000000357e+00 7.068671000000000149e+00 9.185124999999999318e+00 9.089226000000000028e+00 8.727093999999999241e+00 8.692512999999999934e+00 8.351324999999999221e+00 7.068335499999999882e+00 5.485001600000000366e+00 5.539058999999999955e+00 7.503821000000000296e+00 8.002677000000000263e+00 6.870662699999999568e+00 6.689851299999999945e+00 6.193501499999999993e+00 6.019160000000000288e+00 6.484252500000000197e+00 6.192908300000000033e+00
4.306010999999999811e+00 1.890864399999999890e+00 6.713068999999999953e+00 4.792637299999999989e+00 1.292185300000000092e+00 1.443795200000000056e+00 1.602714100000000030e+00 3.302959500000000048e-01 1.865365399999999951e+00 1.301275299999999913e+00 6.752264500000000336e-01 3.789525599999999939e-01 1.298549900000000035e-01 4.415371000000000157e-01 3.261709000000000191e+00 5.324671300000000329e+00 4.613744699999999810e+00 3.175504000000000104e+00 2.799207700000000187e+00 4.529531000000000418e+00 7.719458600000000281e+00 9.798121999999999332e+00 9.457041000000000253e+00 9.082726499999999703e+00 8.237187999999999732e+00 7.485172699999999679e+00 6.559857000000000049e+00 5.286648999999999710e+00 5.776520999999999795e+00 7.391608999999999874e+00 7.810090999999999894e+00 6.997447000000000195e+00 6.600433299999999726e+00 6.040043400000000062e+00 5.881546499999999789e+00 6.247117499999999879e+00 6.028171500000000016e+00
3.727690500000000018e+00 5.832925300000000313e+00 6.492008000000000223e+00 8.052289000000000030e+00 1.757123999999999908e+00 9.005065599999999559e-01 1.869971300000000003e+00 1.199693600000000027e+00 1.327613799999999955e+00 1.633087600000000084e+00 9.125917999999999530e-01 4.084147799999999773e-01 1.384347499999999953e-01 2.226466199999999895e-01 2.069235299999999889e+00 4.552540300000000428e+00 4.752341300000000324e+00 4.326586200000000382e+00 4.027971700000000155e+00 5.255062999999999818e+00 8.631252999999999176e+00 1.068433199999999950e+01 9.827750999999999237e+00 8.879350999999999772e+00 7.917766600000000210e+00 7.093053300000000227e+00 6.416388500000000050e+00 5.621524299999999918e+00 5.807933300000000187e+00 7.010286299999999748e+00 7.699643599999999921e+00 7.194747999999999699e+00 6.580330000000000013e+00 5.995147700000000413e+00 5.907485499999999945e+00 6.129158999999999580e+00 5.927940000000000431e+00
5.956451000000000384e+00 9.338838000000000861e+00 7.154792300000000438e+00 1.077784499999999923e+01 3.692405200000000054e+00 7.638388000000000400e-01 1.388226299999999913e+00 1.958802099999999990e+00 2.910495000000000165e-01 1.842911200000000083e+00 1.616288500000000017e+00 5.822032999999999792e-01 1.172889550000000003e-01 3.092553299999999949e-01 1.142056100000000018e+00 3.429052800000000012e+00 4.584720599999999813e+00 4.990354499999999582e+00 5.256428699999999843e+00 6.338942000000000299e+00 9.305602000000000373e+00 1.107719299999999940e+01 9.799314000000000746e+00 8.575788499999999814e+00 7.864578200000000407e+00 6.977966000000000335e+00 6.760397399999999557e+00 6.161420999999999815e+00 5.710010500000000100e+00 6.849794000000000160e+00 7.673276399999999775e+00 6.890855300000000128e+00 6.163349600000000095e+00 6.018970000000000375e+00 6.026430600000000304e+00 5.858357999999999954e+00 5.523651599999999995e+00
9.802557000000000187e+00 1.136213599999999957e+01 8.364824000000000481e+00 1.323633300000000013e+01 6.469025000000000247e+00 9.744850999999999930e-01 8.974272599999999489e-01 1.732944400000000051e+00 1.895113599999999954e+00 5.043841000000000019e-01 2.124644299999999930e+00 1.263372500000000009e+00 2.166339899999999985e-01 3.491658000000000261e-01 8.158994999999999442e-02 2.052155500000000021e+00 4.537161000000000222e+00 5.639045999999999559e+00 6.295771000000000228e+00 7.520920799999999851e+00 9.350595999999999464e+00 1.086466500000000046e+01 1.004812699999999914e+01 8.845610999999999891e+00 7.924653499999999795e+00 6.862402999999999587e+00 6.977266000000000190e+00 6.580244999999999678e+00 5.732558299999999996e+00 6.393119999999999692e+00 7.081451000000000384e+00 6.112599999999999589e+00 5.765164999999999651e+00 6.022749000000000130e+00 5.790276999999999674e+00 5.713690999999999853e+00 5.734023600000000442e+00
1.174714200000000019e+01 1.123870400000000025e+01 7.281802700000000073e+00 1.465738400000000041e+01 8.058450000000000557e+00 1.813287000000000093e+00 8.607166000000000539e-01 1.188079600000000013e+00 1.930724399999999896e+00 1.380057199999999984e+00 1.339576700000000065e+00 1.982392500000000002e+00 5.582437999999999567e-01 1.364988400000000102e-01 3.976437700000000075e-01 1.145499100000000103e+00 4.461363999999999663e+00 6.155803999999999832e+00 7.045791000000000359e+00 8.202757000000000076e+00 9.192660999999999305e+00 1.087507249999999992e+01 1.068039100000000019e+01 9.061325000000000074e+00 7.823318999999999690e+00 6.898852299999999715e+00 7.059733399999999826e+00 6.765246000000000315e+00 5.598326000000000136e+00 5.876306999999999725e+00 6.500910000000000188e+00 5.680686500000000194e+00 5.643006999999999884e+00 6.114402300000000068e+00 5.704192599999999835e+00 5.967067199999999794e+00 6.644725000000000215e+00
1.024671500000000002e+01 1.005163199999999968e+01 7.305951000000000306e+00 1.387763600000000075e+01 6.939516499999999866e+00 3.104046299999999814e+00 7.792510999999999743e-01 8.836232400000000320e-01 1.240953100000000031e+00 1.925445099999999909e+00 3.869099599999999972e-01 2.241086699999999876e+00 8.637979599999999758e-01 1.187182499999999974e-01 2.972884000000000082e-01 7.270706000000000113e-01 4.115285400000000315e+00 6.380906600000000317e+00 7.244225499999999762e+00 8.446554000000000784e+00 9.422878000000000753e+00 1.145098300000000080e+01 1.108857000000000070e+01 8.928411000000000541e+00 7.721457000000000015e+00 7.043355499999999658e+00 7.340058299999999925e+00 6.712316999999999645e+00 5.564805999999999919e+00 5.891128499999999768e+00 6.207542400000000349e+00 5.548862999999999879e+00 5.821927500000000144e+00 6.445628600000000041e+00 6.017292999999999559e+00 6.128514000000000017e+00 6.875916000000000139e+00
