testcase_input/parameters/slope_old.dat
ncols         214
nrows         263
xllcorner     382500
yllcorner     7541702
cellsize      16
NODATA_value  -9999
[rows 160 to 175 of 263, columns 37 to 73 of 214]
-9.999000000000000000e+03 -9.999000000000000000e+03 -9.999000000000000000e+03 -9.999000000000000000e+03 -9.999000000000000000e+03 -9.999000000000000000e+03 -9.999000000000000000e+03 -9.999000000000000000e+03 -9.999000000000000000e+03 -9.999000000000000000e+03 -9.999000000000000000e+03 -9.999000000000000000e+03 -9.999000000000000000e+03 -9.999000000000000000e+03 -9.999000000000000000e+03 -9.999000000000000000e+03 -9.999000000000000000e+03 -9.999000000000000000e+03 -9.999000000000000000e+03 1.508347000000000104e+00 1.680536999999999948e+00 4.012537000000000020e+00 1.607137000000000038e+00 2.216334999999999944e+00 7.105953000000000408e+00 3.548693000000000097e+00 4.372124000000000343e+00 4.471631999999999607e+00 4.686831999999999887e+00 6.553205000000000169e+00 7.707399999999999807e+00 4.883181999999999690e+00 2.266916000000000153e+00 3.550282999999999856e+00 3.618562999999999974e+00 3.521907999999999817e+00 4.903445999999999749e+00
-9.999000000000000000e+03 -9.999000000000000000e+03 -9.999000000000000000e+03 -9.999000000000000000e+03 -9.999000000000000000e+03 -9.999000000000000000e+03 -9.999000000000000000e+03 -9.999000000000000000e+03 -9.999000000000000000e+03 -9.999000000000000000e+03 -9.999000000000000000e+03 -9.999000000000000000e+03 -9.999000000000000000e+03 -9.999000000000000000e+03 -9.999000000000000000e+03 -9.999000000000000000e+03 -9.999000000000000000e+03 -9.999000000000000000e+03 -9.999000000000000000e+03 8.775874999999999648e-01 8.426185000000000480e-01 3.829635999999999818e+00 6.380995999999999890e-01 1.437540999999999958e+00 6.896940999999999988e+00 5.148966999999999850e+00 5.950823999999999891e+00 5.256789999999999630e+00 5.457900999999999669e+00 6.658082000000000278e+00 6.242461999999999733e+00 3.448319000000000134e+00 3.066561000000000092e+00 5.362439000000000178e+00 4.937299000000000326e+00 4.569774999999999920e+00 5.032299000000000078e+00
-9.999000000000000000e+03 -9.999000000000000000e+03 -9.999000000000000000e+03 -9.999000000000000000e+03 -9.999000000000000000e+03 -9.999000000000000000e+03 -9.999000000000000000e+03 -9.999000000000000000e+03 -9.999000000000000000e+03 -9.999000000000000000e+03 -9.999000000000000000e+03 -9.999000000000000000e+03 -9.999000000000000000e+03 -9.999000000000000000e+03 -9.999000000000000000e+03 -9.999000000000000000e+03 -9.999000000000000000e+03 -9.999000000000000000e+03 -9.999000000000000000e+03 2.162744000000000000e+00 1.337784000000000084e+00 3.711609999999999854e+00 2.172019999999999840e+00 1.854417999999999900e+00 5.578612999999999822e+00 6.063565999999999789e+00 6.161557000000000173e+00 4.715651000000000259e+00 3.572128000000000192e+00 4.962547999999999959e+00 5.020146000000000441e+00 3.019191999999999876e+00 4.171138000000000012e+00 6.485534000000000354e+00 5.496964000000000183e+00 5.430685999999999680e+00 5.456134999999999735e+00
-9.999000000000000000e+03 -9.999000000000000000e+03 -9.999000000000000000e+03 -9.999000000000000000e+03 -9.999000000000000000e+03 -9.999000000000000000e+03 -9.999000000000000000e+03 -9.999000000000000000e+03 -9.999000000000000000e+03 -9.999000000000000000e+03 -9.999000000000000000e+03 -9.999000000000000000e+03 -9.999000000000000000e+03 -9.999000000000000000e+03 -9.999000000000000000e+03 -9.999000000000000000e+03 -9.999000000000000000e+03 -9.999000000000000000e+03 4.644527000000000072e+00 4.507977999999999597e+00 3.245420999999999889e+00 3.532207000000000097e+00 4.557347000000000037e+00 2.224807999999999897e+00 3.813816999999999791e+00 6.348886000000000251e+00 5.218449999999999811e+00 5.246036000000000143e+00 4.837731999999999921e+00 5.339992999999999768e+00 5.730272000000000254e+00 5.357097000000000442e+00 6.092012000000000427e+00 5.710034000000000276e+00 3.409473000000000198e+00 4.263630000000000031e+00 5.036175000000000068e+00
-9.999000000000000000e+03 -9.999000000000000000e+03 -9.999000000000000000e+03 -9.999000000000000000e+03 -9.999000000000000000e+03 -9.999000000000000000e+03 -9.999000000000000000e+03 -9.999000000000000000e+03 -9.999000000000000000e+03 -9.999000000000000000e+03 -9.999000000000000000e+03 -9.999000000000000000e+03 -9.999000000000000000e+03 -9.999000000000000000e+03 -9.999000000000000000e+03 -9.999000000000000000e+03 -9.999000000000000000e+03 3.316161000000000136e+00 4.204981000000000080e+00 5.235788000000000331e+00 4.451195000000000235e+00 3.834506999999999888e+00 4.913109999999999644e+00 1.777871999999999897e+00 2.990019999999999900e+00 5.631757000000000346e+00 4.717832999999999721e+00 5.616156000000000148e+00 6.489758000000000138e+00 6.396503000000000050e+00 7.280280000000000307e+00 7.037304999999999922e+00 5.398919000000000246e+00 3.914003000000000121e+00 1.838151000000000090e+00 2.835846999999999785e+00 4.060763999999999818e+00
-9.999000000000000000e+03 -9.999000000000000000e+03 -9.999000000000000000e+03 -9.999000000000000000e+03 -9.999000000000000000e+03 -9.999000000000000000e+03 -9.999000000000000000e+03 -9.999000000000000000e+03 -9.999000000000000000e+03 -9.999000000000000000e+03 -9.999000000000000000e+03 -9.999000000000000000e+03 -9.999000000000000000e+03 -9.999000000000000000e+03 -9.999000000000000000e+03 -9.999000000000000000e+03 -9.999000000000000000e+03 7.635861999999999927e-01 2.099489000000000161e+00 4.215101999999999904e+00 4.124965999999999688e+00 4.101990999999999943e+00 3.337806000000000051e+00 1.270542000000000060e+00 2.189467000000000052e+00 4.310075000000000323e+00 5.539448000000000150e+00 5.943294999999999995e+00 6.412685999999999886e+00 6.480656999999999890e+00 7.708455999999999975e+00 6.408443000000000112e+00 3.334149000000000029e+00 2.609269999999999978e+00 1.846041000000000043e+00 2.418550999999999895e+00 3.250002999999999975e+00
-9.999000000000000000e+03 -9.999000000000000000e+03 -9.999000000000000000e+03 -9.999000000000000000e+03 -9.999000000000000000e+03 -9.999000000000000000e+03 -9.999000000000000000e+03 -9.999000000000000000e+03 -9.999000000000000000e+03 -9.999000000000000000e+03 -9.999000000000000000e+03 -9.999000000000000000e+03 -9.999000000000000000e+03 -9.999000000000000000e+03 -9.999000000000000000e+03 -9.999000000000000000e+03 -9.999000000000000000e+03 4.908421000000000034e-01 1.633469999999999978e+00 2.840565999999999924e+00 2.602139000000000202e+00 3.948425999999999991e+00 1.731279000000000012e+00 9.156948000000000309e-01 2.257962000000000025e+00 4.755551999999999779e+00 6.616056000000000381e+00 5.846076000000000050e+00 5.947415999999999592e+00 6.945736000000000132e+00 8.465158000000000627e+00 6.368381000000000292e+00 2.893953999999999915e+00 2.283557000000000059e+00 2.144817000000000196e+00 2.377107000000000081e+00 3.505112000000000005e+00
-9.999000000000000000e+03 -9.999000000000000000e+03 -9.999000000000000000e+03 -9.999000000000000000e+03 -9.999000000000000000e+03 -9.999000000000000000e+03 -9.999000000000000000e+03 -9.999000000000000000e+03 -9.999000000000000000e+03 -9.999000000000000000e+03 -9.999000000000000000e+03 -9.999000000000000000e+03 -9.999000000000000000e+03 -9.999000000000000000e+03 -9.999000000000000000e+03 -9.999000000000000000e+03 -9.999000000000000000e+03 1.137393000000000098e+00 2.297194999999999876e+00 2.339795000000000069e+00 2.878271999999999942e+00 1.531309000000000031e+00 3.274411000000000183e+00 2.575039999999999996e+00 3.239510000000000112e+00 7.324444999999999872e+00 8.320313000000000514e+00 6.165695999999999621e+00 5.843351000000000184e+00 7.327765999999999558e+00 9.017526000000000153e+00 6.424686999999999593e+00 3.114967000000000041e+00 2.702440999999999871e+00 2.895627999999999869e+00 2.751774000000000164e+00 3.690936000000000217e+00
-9.999000000000000000e+03 -9.999000000000000000e+03 -9.999000000000000000e+03 -9.999000000000000000e+03 -9.999000000000000000e+03 -9.999000000000000000e+03 -9.999000000000000000e+03 -9.999000000000000000e+03 -9.999000000000000000e+03 -9.999000000000000000e+03 -9.999000000000000000e+03 -9.999000000000000000e+03 -9.999000000000000000e+03 -9.999000000000000000e+03 -9.999000000000000000e+03 -9.999000000000000000e+03 -9.999000000000000000e+03 3.558582000000000134e-01 2.038714999999999833e+00 2.512847999999999971e+00 3.555352000000000068e+00 1.372725999999999891e+00 5.772781000000000162e+00 1.907343000000000011e+00 2.228769999999999918e+00 9.427433000000000618e+00 9.521964000000000539e+00 5.620390999999999693e+00 5.719250999999999863e+00 7.622917000000000165e+00 8.760021999999999309e+00 6.108725999999999878e+00 3.192283000000000204e+00 3.476582000000000061e+00 3.836208000000000062e+00 3.100064999999999849e+00 3.359936999999999951e+00
-9.999000000000000000e+03 -9.999000000000000000e+03 -9.999000000000000000e+03 -9.999000000000000000e+03 -9.999000000000000000e+03 -9.999000000000000000e+03 -9.999000000000000000e+03 -9.999000000000000000e+03 -9.999000000000000000e+03 -9.999000000000000000e+03 -9.999000000000000000e+03 -9.999000000000000000e+03 -9.999000000000000000e+03 -9.999000000000000000e+03 -9.999000000000000000e+03 -9.999000000000000000e+03 -9.999000000000000000e+03 -9.999000000000000000e+03 7.000252999999999615e-01 2.167723000000000066e+00 2.762268000000000168e+00 2.068290000000000184e+00 6.943285000000000373e+00 4.894102000000000174e-01 4.309193999999999747e+00 9.662981999999999516e+00 9.506102000000000274e+00 4.939729999999999954e+00 5.917244000000000170e+00 7.713058000000000192e+00 8.285228000000000037e+00 6.118777999999999828e+00 3.418264000000000191e+00 3.800009000000000192e+00 3.317118999999999929e+00 1.719543999999999961e+00 2.564891999999999950e+00
-9.999000000000000000e+03 -9.999000000000000000e+03 -9.999000000000000000e+03 -9.999000000000000000e+03 -9.999000000000000000e+03 -9.999000000000000000e+03 -9.999000000000000000e+03 -9.999000000000000000e+03 -9.999000000000000000e+03 -9.999000000000000000e+03 -9.999000000000000000e+03 -9.999000000000000000e+03 -9.999000000000000000e+03 -9.999000000000000000e+03 -9.999000000000000000e+03 -9.999000000000000000e+03 -9.999000000000000000e+03 -9.999000000000000000e+03 -9.999000000000000000e+03 1.503910999999999998e+00 1.945963000000000109e+00 2.550527999999999906e+00 6.052349999999999675e+00 3.259971000000000174e+00 4.322301000000000393e+00 8.333349999999999369e+00 9.383371999999999602e+00 4.492234999999999978e+00 6.124646000000000257e+00 8.240664999999999907e+00 8.723015999999999437e+00 6.631681000000000381e+00 3.815732999999999819e+00 3.580975000000000019e+00 2.964347000000000065e+00 1.922913000000000094e+00 2.673775000000000013e+00
-9.999000000000000000e+03 -9.999000000000000000e+03 -9.999000000000000000e+03 -9.999000000000000000e+03 -9.999000000000000000e+03 -9.999000000000000000e+03 -9.999000000000000000e+03 -9.999000000000000000e+03 -9.999000000000000000e+03 -9.999000000000000000e+03 -9.999000000000000000e+03 -9.999000000000000000e+03 -9.999000000000000000e+03 -9.999000000000000000e+03 -9.999000000000000000e+03 -9.999000000000000000e+03 -9.999000000000000000e+03 -9.999000000000000000e+03 -9.999000000000000000e+03 1.541053999999999924e+00 2.030454000000000203e+00 3.053113999999999884e+00 5.163617000000000345e+00 4.931327999999999712e+00 3.026879000000000097e+00 6.308957999999999622e+00 9.695423999999999154e+00 5.129857000000000333e+00 6.604006000000000043e+00 9.437060000000000670e+00 9.721355000000000857e+00 6.705608999999999931e+00 3.438658000000000214e+00 3.119632000000000183e+00 3.174777999999999878e+00 2.308333000000000190e+00 2.466101000000000099e+00
-9.999000000000000000e+03 -9.999000000000000000e+03 -9.999000000000000000e+03 -9.999000000000000000e+03 -9.999000000000000000e+03 -9.999000000000000000e+03 -9.999000000000000000e+03 -9.999000000000000000e+03 -9.999000000000000000e+03 -9.999000000000000000e+03 -9.999000000000000000e+03 -9.999000000000000000e+03 -9.999000000000000000e+03 -9.999000000000000000e+03 -9.999000000000000000e+03 -9.999000000000000000e+03 -9.999000000000000000e+03 -9.999000000000000000e+03 -9.999000000000000000e+03 1.667527999999999899e+00 3.131241999999999859e+00 4.190176000000000123e+00 5.389167999999999736e+00 3.911353000000000080e+00 2.611378000000000199e+00 4.934429999999999872e+00 8.984818000000000637e+00 6.048328999999999844e+00 7.280140000000000278e+00 1.054573000000000071e+01 1.004353000000000051e+01 5.849760999999999989e+00 2.907856999999999914e+00 3.150821000000000094e+00 3.144622000000000028e+00 1.482102999999999948e+00 1.350937999999999972e+00
-9.999000000000000000e+03 -9.999000000000000000e+03 -9.999000000000000000e+03 -9.999000000000000000e+03 -9.999000000000000000e+03 -9.999000000000000000e+03 -9.999000000000000000e+03 -9.999000000000000000e+03 -9.999000000000000000e+03 -9.999000000000000000e+03 -9.999000000000000000e+03 -9.999000000000000000e+03 -9.999000000000000000e+03 -9.999000000000000000e+03 -9.999000000000000000e+03 -9.999000000000000000e+03 -9.999000000000000000e+03 -9.999000000000000000e+03 1.054985000000000062e+00 2.239653000000000116e+00 5.332101999999999897e+00 5.437883000000000244e+00 5.857976999999999990e+00 2.793998000000000204e+00 1.146416000000000102e+00 5.125359999999999694e+00 8.685209999999999653e+00 7.258385999999999783e+00 8.188420000000000698e+00 1.056329999999999991e+01 9.291712999999999667e+00 5.294774000000000314e+00 3.255783999999999789e+00 3.366338999999999970e+00 2.900614000000000026e+00 1.496634999999999938e+00 1.495732000000000061e+00
-9.999000000000000000e+03 -9.999000000000000000e+03 -9.999000000000000000e+03 -9.999000000000000000e+03 -9.999000000000000000e+03 -9.999000000000000000e+03 -9.999000000000000000e+03 -9.999000000000000000e+03 -9.999000000000000000e+03 -9.999000000000000000e+03 -9.999000000000000000e+03 -9.999000000000000000e+03 -9.999000000000000000e+03 -9.999000000000000000e+03 -9.999000000000000000e+03 -9.999000000000000000e+03 -9.999000000000000000e+03 -9.999000000000000000e+03 1.222795000000000076e+00 2.417399000000000076e+00 5.721587000000000423e+00 2.254802000000000195e+00 5.743636000000000408e+00 4.658618999999999843e+00 1.276494999999999935e+00 7.403294999999999959e+00 9.164751000000000758e+00 7.978374999999999773e+00 8.785702999999999818e+00 9.393784999999999386e+00 8.169807000000000485e+00 5.332599000000000089e+00 3.805836999999999914e+00 3.246741000000000099e+00 2.513177000000000216e+00 1.290861000000000036e+00 1.293414000000000064e+00
-9.999000000000000000e+03 -9.999000000000000000e+03 -9.999000000000000000e+03 -9.999000000000000000e+03 -9.999000000000000000e+03 -9.999000000000000000e+03 -9.999000000000000000e+03 -9.999000000000000000e+03 -9.999000000000000000e+03 -9.999000000000000000e+03 -9.999000000000000000e+03 -9.999000000000000000e+03 -9.999000000000000000e+03 -9.999000000000000000e+03 -9.999000000000000000e+03 -9.999000000000000000e+03 -9.999000000000000000e+03 -9.999000000000000000e+03 -9.999000000000000000e+03 -9.999000000000000000e+03 -9.999000000000000000e+03 2.911446000000000200e+00 6.331462000000000145e+00 3.824429999999999996e+00 3.680525999999999964e+00 1.064173000000000080e+01 9.187521000000000271e+00 7.308599000000000068e+00 8.414305000000000589e+00 8.254210999999999743e+00 7.783915999999999613e+00 5.367994999999999628e+00 3.766195999999999877e+00 3.143565999999999860e+00 2.074000999999999983e+00 6.783265000000000544e-01 7.957292000000000254e-01
