testcase_input/parameters/sve_dem_raw_slope.txt
NCOLS         214
NROWS         263
XLLCORNER     382500.0
YLLCORNER     7541702.0
CELLSIZE      16.0
NODATA_VALUE  -9999
[rows 81 to 107 of 263, columns 60 to 119 of 214]
0.4751301 0.48091742 0.47061464 0.61153454 2.5641787 3.0993373 1.9792334 3.0390582 5.919187 3.4170043 7.8766813 2.946148 0.43589604 0.59991467 0.821402 0.83814 0.89157766 1.3642629 2.4542305 3.5265555 3.6177146 3.6356008 4.6705465 5.147946 5.025959 3.6717286 2.3196392 2.640209 3.9940228 4.3887057 2.6130648 1.0365494 0.56591654 0.5355828 0.43349913 0.7947507 0.9993291 1.1295116 1.4319298 1.7763888 1.399478 1.4020882 1.4910599 2.679607 4.289029 4.4157357 4.2307415 4.5064793 4.9995666 5.0211854 4.928844 5.7781105 7.5832 9.268028 8.791774 6.9708385 5.9734936 5.1812396 4.4124846 4.153199
0.5028734 0.4934956 0.48892024 0.66124433 2.664241 1.6782694 2.6503503 1.3711684 7.4878693 1.8288704 9.170184 3.4732676 0.4396805 0.67405164 0.76396954 0.713017 0.71354246 1.566195 2.3665009 2.9020314 3.2288222 3.2619898 4.969676 6.0422554 5.352879 3.5381968 1.9100143 2.2310033 3.7539551 4.2209754 2.6485517 1.2753232 0.5776603 0.7524464 0.44197658 0.771048 1.0379863 0.8539237 0.86062187 1.3649024 1.4409844 1.5654306 1.8438985 3.65702 5.0754914 4.9232645 4.9126005 5.4213877 5.86265 5.4528613 5.1441827 6.3761535 8.645612 9.379885 8.16942 6.4575853 5.228044 4.2520933 4.041196 4.3296547
0.4046641 0.34709486 0.40999222 0.6314284 1.8679527 1.2967936 1.7426873 0.79366225 8.086428 2.5597749 10.109995 4.786511 0.6424622 0.60515654 0.68067855 0.51762074 0.5499362 1.9215168 2.3139596 2.168302 2.9215055 3.1109135 4.9260855 6.4208 5.503932 3.8387704 2.3996851 2.311156 3.846392 4.2866945 2.916281 1.60901 1.0457467 1.0454148 0.63207865 0.71995145 1.0627259 0.79225737 0.49612606 0.9532998 1.1669887 1.4660156 2.785219 4.871834 5.48375 5.377826 5.7713256 6.097171 6.087163 5.6125393 5.9089327 7.5307164 9.248729 8.706372 7.0477715 5.9678164 4.8125086 3.7353783 4.0025034 4.636468
0.25095266 0.25377467 0.35837308 0.5351556 1.2820774 2.281647 2.4097145 2.001582 7.7001066 5.7187777 10.210639 8.836783 1.7501819 0.6492592 0.57377064 0.41904548 0.6094999 1.7648629 2.1595585 2.126217 2.8264887 3.0784423 4.6729264 6.3157907 5.57284 4.5129547 3.1818998 2.484046 3.9335065 4.4519734 3.0115507 1.6488875 1.4459392 1.3980008 0.5883009 0.72862804 1.0339433 0.5855115 0.280332 0.7141425 0.9342093 1.7992666 3.88786 5.496268 5.7160406 5.7669086 6.4149036 6.3109007 5.8057685 5.7247252 6.427664 7.6797075 8.255138 7.27496 6.1468287 5.504642 4.3670263 3.6197073 3.9143622 4.5072002
0.27549198 0.30562773 0.41751677 0.46592617 1.4600527 4.6607428 4.1961155 5.587657 4.6757274 9.859015 6.1902246 13.650467 6.5613217 2.3911912 0.9677088 0.47609368 0.6363026 1.2025164 1.7183772 2.6541026 3.4032886 2.8736012 4.035367 6.1238594 5.499839 5.275604 4.0630713 2.4881086 3.5929766 4.2479997 2.9122052 1.0468284 1.0492123 1.553827 0.7285486 0.69279265 0.8112208 0.36310336 0.23111357 0.48435295 0.8519214 2.3714442 4.907327 6.239213 6.454895 6.3040266 6.627611 6.0244713 5.4523277 5.7467847 6.3653555 6.75692 6.739922 6.2840786 5.8482656 5.2636204 3.862502 3.266777 3.7751403 4.3083806
0.49041507 0.5643833 0.54811245 0.44174176 1.3520415 5.632057 3.4608443 6.7893405 3.2776408 9.446213 5.9519963 11.342158 15.326539 10.826942 5.7930536 5.804925 6.290126 4.537649 1.7663941 2.2864168 3.8866603 2.7737668 3.619177 6.1148133 5.59076 5.6274047 4.6745768 2.5875106 3.0889645 3.9771252 3.3193333 1.3130937 0.6504631 1.6288065 0.9728274 0.6373487 0.70123065 0.3428328 0.2732182 0.23471175 0.33096242 2.7350473 5.834537 7.0589623 7.1574903 6.368126 6.080465 5.4389734 5.3420625 5.9164124 6.5506334 6.425017 6.0377264 5.8296394 5.611804 5.0051365 3.4614708 2.9588563 3.766383 4.305999
0.86987656 0.93801886 0.9208236 0.74866146 0.8198805 4.7677145 5.9233637 2.5310152 7.3120666 2.1831832 10.598537 4.163926 8.371242 14.728614 14.00616 14.390241 12.77427 9.42273 4.860911 1.2159907 3.3956416 2.7612393 3.4318151 6.175295 6.1451 5.456597 4.7693224 3.160212 3.0880134 3.9517372 3.4983697 1.4352506 0.6234894 1.4498848 1.0554221 0.54117805 0.7153344 0.25682423 0.24848305 0.27688587 0.5039039 3.1379516 6.22078 7.6482334 7.3241034 6.16112 5.6600933 5.2451005 5.6235437 6.3237906 6.481734 5.929228 5.5855446 5.5302715 5.3230834 4.51818 3.2788935 3.112322 3.9231136 4.396549
1.3677571 1.3198932 1.4338669 1.4642007 1.0652946 2.3877542 6.2153172 5.1234317 3.0238597 5.076323 3.8148668 9.156088 6.904488 2.9066126 10.031947 11.21184 9.898045 10.0633 7.4816985 1.2848858 2.846049 2.4449832 2.7529871 5.6815786 6.932623 5.4417014 4.5762143 3.6450171 3.3521564 4.046905 3.2275152 1.2750547 0.93950063 1.2864169 1.123954 0.6387094 0.8588418 0.4738868 0.7019093 0.67444646 1.1681595 3.6931305 6.400138 7.667528 6.9822745 6.3559713 5.9901752 5.5002527 6.0092616 6.5996156 6.125191 5.529676 5.4784613 5.400228 5.0681458 4.191159 3.4490652 3.5754411 4.0498557 4.1636972
1.8639455 1.7817894 1.7853348 1.7890537 1.6912706 0.6642861 3.1701458 6.470436 4.5259356 1.0718392 2.9130032 2.0160418 7.0826454 7.879114 6.55041 1.7922654 6.111859 9.3055935 8.6616335 2.8774173 2.2033408 2.6786306 2.489747 4.379093 6.9688153 5.871705 4.656915 4.151754 3.585683 3.9227197 2.7652767 0.8228478 0.7741753 1.3879876 1.3063091 1.0074673 1.157313 1.0327519 1.0123062 0.8869403 1.9130291 4.36833 6.473802 7.178907 6.608418 6.760978 6.612773 5.8710513 6.19972 6.5507054 5.9708385 5.2782187 5.1653414 5.257385 4.9313884 4.2144766 3.6937835 3.7186923 3.93296 3.8146706
2.3583863 2.244154 2.0765243 2.0030954 2.154583 2.0114653 0.68622506 2.6185296 5.4193177 4.4218874 1.261419 2.2050202 1.9953747 6.221875 9.945171 8.131807 2.608093 8.879011 8.390154 4.2073474 1.4926816 3.241654 3.1559875 3.8438594 6.204107 6.0341043 5.1274877 4.6769066 3.6241858 3.6337388 2.3781977 0.46868417 0.96153086 1.6711475 1.5089808 1.5636431 1.973858 1.7832264 1.2446586 1.7357595 2.962442 4.9745374 6.4620028 6.5419664 6.4173875 6.9705534 6.9540167 6.318444 6.2285767 6.2897186 6.0160837 5.0594654 4.746842 5.16246 5.029216 4.4747767 3.956113 3.6323845 3.5710962 3.5371623
2.0145278 1.9913682 2.0107224 2.0173144 2.1878078 2.5288775 2.4664626 1.4613332 2.238058 6.0865874 2.5110621 2.4905078 0.87124336 1.1325642 4.2535315 9.478663 2.2788515 10.829521 9.057892 3.5845091 1.510399 3.0825443 3.8574781 4.511042 5.834729 5.9370985 5.387118 4.6704745 3.380642 3.3826504 2.157658 0.056732625 1.1723274 1.8853507 1.7214938 1.6691371 1.8087233 1.5177479 1.546652 2.900259 3.8086805 5.3045964 6.2599497 5.770421 6.0289836 7.1267734 7.1692667 6.647737 6.1589885 6.1406956 6.3371587 5.377314 4.8200283 5.181276 5.230709 4.881671 4.4039245 3.7769158 3.4138968 3.6306758
1.1481811 1.2610719 1.5109522 1.6749547 1.9259058 2.4408715 2.918587 2.7945724 1.4537412 3.694957 4.1324096 1.3864973 1.2994479 3.9501967 7.335709 10.624342 3.2422223 13.416551 10.241171 1.2917827 2.0007286 2.2245958 3.9017723 5.6113696 6.3485637 5.7463 4.767742 3.9656174 3.058129 3.4191666 2.2760165 0.11977915 1.4613184 2.1863017 1.9606354 1.1764305 1.2783129 1.0625721 1.9817543 3.4911883 4.258373 5.3229423 5.6882057 5.3139195 5.944436 7.701565 7.7794957 6.6194005 6.024023 6.53846 6.8443546 5.6381207 4.916755 5.139413 5.1930623 4.7960544 4.406791 3.8016226 3.4636571 3.9456496
1.3589329 1.5401908 1.6857705 1.7733674 1.9301791 2.1992085 2.5359354 2.932845 2.6411514 1.0995817 2.3186226 2.1913419 2.1166806 4.39632 9.63882 9.920272 4.8048067 14.8154335 9.920797 1.1633433 2.8850408 2.9317348 2.890839 5.6388006 7.6274223 5.446656 4.068467 3.2307603 2.500934 3.3430698 2.6443183 0.47534212 1.7845229 2.7068534 2.3962047 1.2072114 1.4563508 1.6942416 2.7153769 4.037222 5.197821 6.0482163 5.803587 5.4260373 6.070178 8.111138 8.183311 6.353788 6.099358 7.2276096 7.036087 5.546897 5.004418 4.9523497 4.8646517 4.547038 4.541022 3.9386 3.3416486 3.8127394
1.973478 2.3864124 2.294232 2.1136067 2.080292 2.1197784 2.2150779 2.5597749 2.951539 1.8941693 0.7862883 2.4014473 2.838504 4.8997025 12.3278 6.4226027 10.00337 15.474984 7.4640317 2.4165494 3.8949225 4.1577444 2.7436688 4.488131 8.454168 5.581444 4.012184 2.7764513 1.8018519 2.8110466 2.883285 1.2100512 2.1702106 3.4185276 2.7421293 1.3064817 1.5766008 2.394348 3.7529929 5.789853 7.3113937 7.5440984 7.2458515 7.208885 7.104644 7.8834834 8.046763 6.6501336 6.5676584 7.266533 6.7372913 5.545446 5.0591493 4.7585664 4.818948 5.0099745 4.78354 3.7464976 3.4466867 3.9525597
2.1194131 2.2427688 2.2381449 2.2808387 2.3166616 2.2265058 2.0472558 1.9829329 2.47352 2.295402 1.041388 1.6574618 1.9797142 4.59297 14.018256 7.064507 14.005186 13.72208 3.551995 3.848415 4.5735435 3.2649882 2.2683213 3.7738974 8.297633 5.308218 4.1490755 2.7181313 1.1972052 1.983706 2.6623728 1.4579004 2.5287514 3.9120228 2.504743 1.3186336 2.2795074 3.2455177 4.774216 7.3004875 7.940368 6.799911 6.409661 6.861828 6.869062 6.9964843 7.5095787 7.645966 7.307926 6.751189 6.462511 5.871496 5.187707 4.8273315 5.200294 5.605992 4.5635214 3.6991343 4.1204677 4.244871
2.1063843 1.9082826 2.0130506 2.1255116 2.0501435 1.8957009 1.8975732 1.8604392 2.0761626 2.2460217 1.2100728 1.0780816 0.72072387 2.9304814 12.619183 4.6461043 14.306107 9.571357 2.3113842 5.9665074 4.5178366 2.594816 2.3957012 4.4066296 6.902203 4.6358447 4.4216814 2.9400518 0.8210576 1.1950086 2.1867027 1.4162861 3.306625 4.121775 1.9549786 1.8134059 3.6439996 4.103011 5.063328 7.835852 8.009068 6.043152 5.83482 6.192038 5.796742 5.9820204 7.3607206 8.338452 7.2742457 5.950272 6.177866 6.136839 5.283305 4.8767953 5.3674736 5.4085264 4.1761045 4.141914 4.82951 4.7672205
2.3307102 2.1221893 1.9557726 1.8758342 1.7401478 1.563898 1.7447925 1.9463996 2.0534234 2.0769312 0.8910252 0.63196874 0.42871514 3.0113628 11.264227 2.546428 13.486149 6.664166 5.344524 6.3943434 4.9322486 4.225973 4.7327332 6.1296983 5.4054675 3.761866 4.2742987 2.9007664 0.72244066 1.0438292 2.1332114 2.5820742 4.383417 4.0632954 1.7853107 3.1029758 5.1222954 4.6046658 4.893922 7.96517 8.114181 6.1587877 6.0050774 6.0206494 6.3142796 6.954135 7.8759394 7.9286404 6.4079742 5.4230433 6.1021447 6.04198 5.116803 4.963613 5.3270497 4.901501 4.2900596 4.625772 5.086379 5.1034546
2.4584746 2.2078745 2.0411766 1.9070482 1.716897 1.5970745 1.8283803 2.0675116 2.2450817 1.9584581 0.6209684 0.43976256 0.40525433 2.6163194 9.772857 3.263373 12.035855 6.6077366 6.617647 6.525586 2.1328433 2.1610515 3.3640733 4.6380043 3.6316197 2.7811959 3.4977334 2.1855154 1.3932449 2.327966 3.517493 4.486478 4.4355717 2.9470024 1.5998173 4.739342 6.3848767 5.041293 5.114317 7.557716 7.984662 6.6836967 6.261781 6.160019 6.812615 7.4939795 7.7305303 7.1212773 6.0875196 5.831327 6.3706555 5.743357 4.7139482 5.031004 5.210824 4.859671 4.912868 5.0248184 5.1066036 4.955986
2.3369358 2.0841095 1.6705626 1.4273121 1.33158 1.4723462 2.0381272 2.4320068 2.4555452 1.7215053 0.43954575 0.46751207 0.40921915 2.009083 8.207669 2.8547153 10.972834 6.123559 6.2812533 7.155872 1.9617367 1.3565161 2.8794744 3.6634429 1.6504358 1.3632003 2.9777498 2.1028652 3.0672867 4.139725 4.7522964 4.5374722 3.3108246 1.6569115 2.22298 6.118652 7.4291344 5.790392 5.6541386 6.7193394 7.6256566 7.4852996 6.675665 6.4691567 7.1726756 7.6835184 7.598268 6.996851 6.2691193 5.950849 6.070421 5.105749 4.221172 4.969034 5.1367326 5.00225 5.049958 4.966744 5.0053506 5.114156
2.0026686 1.7491043 0.87628996 0.5883956 0.9201631 1.521226 2.1191168 2.5969658 2.5240953 1.4846034 0.37201956 0.4702964 0.40735775 2.906393 7.325097 1.7843953 10.278701 3.5634396 4.8769917 6.011696 3.4055645 2.3300207 2.8043067 4.498564 4.5543246 4.146411 4.538305 3.601983 3.991096 4.0666695 3.4207003 2.4877992 1.7412057 1.1951828 3.2191427 6.9034643 8.247864 6.7698717 5.926233 6.1625547 7.1469636 7.8666544 7.07979 6.7980886 7.508068 7.776964 7.4139967 6.724373 6.00003 5.4604053 5.4170475 4.7525897 4.4804626 5.1951766 5.161546 5.1376348 5.234461 5.2376246 5.301941 5.433168
1.4537953 1.4040082 0.45032805 0.4430311 0.91189927 1.7442691 2.1669986 2.491341 2.4368033 1.2655125 0.4103056 0.45670784 0.40165392 4.19503 5.8431115 5.1103473 8.664658 0.97459096 3.117211 4.192103 4.669987 4.570285 4.302591 5.0548997 5.580393 5.3483157 5.471658 4.4846025 4.1452937 3.1612692 1.6978562 1.3602054 0.98688835 1.2990985 4.161342 7.4699755 8.812307 7.570932 5.9638867 6.133685 6.821901 7.53246 7.3791366 7.3437676 7.762588 7.5329304 6.8555875 6.1980658 5.778583 5.652637 5.6859803 5.3999453 5.5692506 5.83624 5.491894 5.6001825 5.9294143 5.7474427 5.4306154 5.3973236
1.0205076 1.0822134 0.34710893 0.4266266 0.92921275 1.8238578 2.2122152 2.531961 2.2600944 0.91380924 0.43431973 0.43793258 0.3852918 4.4780226 3.7333384 6.736143 6.079998 0.25265503 1.7317377 2.486229 3.5208535 4.3244767 4.433461 4.5674024 4.853605 5.1144776 5.7397137 5.2111273 4.15617 2.5779345 1.8058894 1.6735653 1.0433509 1.7821498 5.1239514 8.213792 8.743337 7.370042 6.4613028 7.0791883 7.204276 7.1014905 7.191857 7.6069756 7.9133883 7.1213584 6.3309236 6.0636535 6.0185227 6.2285023 6.003658 5.684105 6.08471 6.3099704 6.036099 6.0520725 6.1839046 5.8487124 5.481692 5.597574
0.53628004 0.6541081 0.60988665 0.5161213 0.9171702 1.7084367 2.2182164 2.7117798 2.051869 0.5911059 0.40410632 0.40385398 0.43859822 3.5213766 2.0414567 5.043462 3.9599228 1.1072397 0.55780596 0.85082084 1.3013126 1.8762734 2.1950285 2.4804323 2.9584818 3.5867076 4.576797 4.6524863 3.3022373 2.1257205 1.861536 1.87177 1.4993557 2.5715833 5.9774237 8.681238 8.284857 6.802178 7.383004 8.381227 7.2003455 6.442734 6.4413853 7.5430984 8.158875 6.66233 6.1331983 6.2444963 6.1697226 6.2809896 5.910631 5.6361766 6.0395575 6.2073455 5.804248 5.7231374 5.8726907 5.9063787 5.928571 6.1344743
0.15507907 0.3256244 0.5465296 0.6828821 1.171945 1.3781404 2.0699842 2.7821379 1.8298203 0.45264795 0.34611267 0.32117397 0.4207644 2.2467945 2.666561 4.503406 5.2709517 1.5066721 0.9340769 0.5082772 0.36823756 0.7206888 0.7983596 0.82022357 1.0848584 1.3821913 1.9492638 2.6664546 3.6089053 3.297492 2.1662672 1.9257277 1.9923639 3.4980695 6.510256 8.776281 8.429552 7.474294 8.253002 8.713921 7.0855117 5.871182 5.7839966 7.486675 8.132646 6.5697374 6.4436307 6.288805 6.0020905 6.3673515 6.2714868 5.9086733 5.989749 6.2154326 6.0358644 6.0008984 6.2023506 6.3700438 6.215116 6.230257
0.18672645 0.1780219 0.46499306 0.8282445 1.1189574 0.9878054 1.7732983 2.6389344 1.6659511 0.47844496 0.380261 0.34471813 0.3692125 1.1831423 4.5065484 1.911348 6.8013763 2.2708423 0.8661572 0.7760688 0.36819115 0.3041982 0.80489653 0.7989843 0.66617113 0.72098553 0.8027401 1.728025 3.8068588 4.324802 3.1473558 2.0704787 2.1985505 4.0579023 6.989562 9.107451 9.018628 8.6656475 8.639728 8.306789 7.0303144 5.4522953 5.5116215 7.4809513 7.982734 6.8526273 6.673595 6.178768 6.005872 6.4723454 6.182163 5.7540545 6.0065413 6.521717 6.7319264 6.3150578 6.1958966 6.3135433 5.859826 5.9905334
0.35376266 0.2869497 0.398022 0.69908684 0.8312992 0.76041037 1.5232469 2.292544 1.5206637 0.5365411 0.35575455 0.23318517 0.23998868 0.33453572 4.4183917 2.0057046 6.472569 4.436439 0.6140218 0.74289864 0.91072714 0.35316995 0.77118224 0.92569596 0.61806816 0.5757002 0.47637337 1.1406313 3.1123044 4.5215087 4.224732 2.9759538 2.6625311 4.447285 7.6635256 9.741194 9.402286 9.034429 8.194797 7.4481726 6.526971 5.257208 5.75115 7.3701563 7.791652 6.981165 6.585759 6.026501 5.869199 6.235992 6.0180755 6.068212 6.4617925 6.518938 6.3025775 5.3870106 5.4101977 5.4770937 4.8668146 5.626263
0.54813063 0.38147628 0.44570825 0.55546993 0.5297334 0.656705 1.4442861 2.0697875 1.5941745 0.8867626 0.58860755 0.42884412 0.38325793 0.4507155 3.787882 5.884125 6.31487 7.8169065 1.4164971 0.5591783 0.9491064 0.86591685 0.5249516 1.0508938 0.6805991 0.46865776 0.26543042 0.45165884 2.2080598 4.038837 4.34844 4.0649266 3.8577278 5.1509576 8.561248 10.626468 9.780824 8.840846 7.882381 7.0619035 6.38861 5.5956397 5.784974 6.990491 7.6823378 7.17936 6.5665307 5.982601 5.8960657 6.118728 5.9184246 6.357693 6.596417 6.234351 5.960297 5.350724 5.785589 5.1881986 4.537013 5.801078
