testcase_input/parameters/sve_dem_raw_d8p_flowacc.txt
NCOLS         214
NROWS         263
XLLCORNER     382500.0
YLLCORNER     7541702.0
CELLSIZE      16.0
NODATA_VALUE  -9999
[rows 216 to 251 of 263, columns 0 to 79 of 214]
16.0 32.0 96.0 48.0 16.0 64.0 80.0 96.0 16.0 16.0 32.0 48.0 1280.0 16.0 16.0 48.0 96.0 16.0 64.0 16.0 144.0 144.0 288.0 496.0 16.0 16.0 16.0 16.0 32.0 496.0 16.0 16.0 64.0 16.0 48.0 16.0 16.0 16.0 32.0 16.0 16.0 336.0 80.0 208.0 16.0 144.0 32.0 16.0 160.0 128.0 16.0 16.0 16.0 16.0 16.0 16.0 32.0 16.0 320.0 48.0 16.0 16.0 16.0 288.0 16.0 16.0 32.0 32.0 16.0 16.0 16.0 16.0 128.0 464.0 16.0 32.0 48.0 64.0 80.0 128.0
16.0 48.0 32.0 16.0 32.0 16.0 32.0 48.0 272.0 288.0 304.0 320.0 1200.0 16.0 16.0 16.0 80.0 32.0 16.0 128.0 112.0 16.0 128.0 64.0 400.0 16.0 80.0 112.0 288.0 16.0 144.0 16.0 32.0 16.0 64.0 48.0 16.0 16.0 1152.0 48.0 16.0 416.0 32.0 64.0 176.0 16.0 64.0 32.0 16.0 16.0 32.0 16.0 64.0 32.0 32.0 48.0 96.0 80.0 16.0 48.0 32.0 16.0 224.0 32.0 16.0 16.0 864.0 1024.0 16.0 16.0 32.0 96.0 64.0 384.0 16.0 32.0 48.0 64.0 80.0 112.0
16.0 16.0 16.0 32.0 48.0 64.0 80.0 208.0 16.0 32.0 48.0 64.0 864.0 32.0 16.0 16.0 32.0 16.0 96.0 16.0 96.0 112.0 16.0 32.0 384.0 48.0 16.0 32.0 128.0 16.0 112.0 16.0 32.0 5056.0 96.0 48.0 16.0 16.0 32.0 1024.0 16.0 32.0 16.0 16.0 48.0 32.0 16.0 16.0 96.0 64.0 16.0 16.0 16.0 16.0 512.0 416.0 304.0 288.0 64.0 48.0 32.0 16.0 208.0 16.0 16.0 816.0 16.0 112.0 16.0 16.0 48.0 48.0 240.0 128.0 16.0 48.0 64.0 80.0 448.0 464.0
16.0 32.0 48.0 64.0 80.0 96.0 112.0 176.0 208.0 672.0 688.0 704.0 720.0 32.0 16.0 16.0 16.0 48.0 32.0 80.0 80.0 16.0 16.0 64.0 304.0 32.0 16.0 112.0 16.0 80.0 16.0 3744.0 3776.0 1056.0 16.0 32.0 16.0 16.0 32.0 992.0 448.0 432.0 16.0 16.0 224.0 208.0 16.0 128.0 16.0 16.0 32.0 16.0 944.0 896.0 368.0 288.0 176.0 16.0 272.0 96.0 64.0 16.0 192.0 16.0 704.0 64.0 16.0 80.0 16.0 16.0 32.0 80.0 144.0 112.0 16.0 96.0 272.0 352.0 176.0 2304.0
16.0 48.0 96.0 112.0 128.0 144.0 160.0 16.0 448.0 32.0 64.0 80.0 224.0 720.0 16.0 16.0 16.0 16.0 48.0 16.0 64.0 16.0 48.0 288.0 16.0 32.0 96.0 16.0 32.0 16.0 3728.0 16.0 64.0 1024.0 32.0 16.0 16.0 16.0 16.0 496.0 32.0 16.0 400.0 240.0 80.0 64.0 176.0 32.0 16.0 16.0 64.0 16.0 1056.0 64.0 64.0 64.0 32.0 144.0 16.0 144.0 16.0 32.0 160.0 16.0 688.0 16.0 48.0 32.0 32.0 16.0 64.0 112.0 16.0 96.0 80.0 160.0 64.0 160.0 64.0 240.0
16.0 32.0 32.0 48.0 64.0 80.0 96.0 432.0 16.0 16.0 96.0 128.0 448.0 464.0 48.0 16.0 16.0 16.0 16.0 16.0 32.0 16.0 64.0 272.0 16.0 16.0 32.0 3472.0 3520.0 3696.0 16.0 48.0 16.0 880.0 32.0 16.0 16.0 16.0 48.0 384.0 64.0 48.0 16.0 128.0 32.0 16.0 48.0 32.0 16.0 16.0 1984.0 1472.0 400.0 32.0 48.0 48.0 48.0 16.0 128.0 64.0 128.0 16.0 32.0 96.0 608.0 48.0 32.0 16.0 16.0 48.0 32.0 64.0 80.0 64.0 144.0 48.0 144.0 48.0 144.0 160.0
16.0 16.0 16.0 32.0 128.0 144.0 320.0 48.0 64.0 80.0 16.0 432.0 80.0 560.0 1152.0 16.0 16.0 48.0 16.0 16.0 16.0 48.0 32.0 192.0 16.0 16.0 3456.0 32.0 16.0 160.0 16.0 16.0 32.0 32.0 784.0 48.0 16.0 16.0 16.0 288.0 112.0 96.0 16.0 80.0 32.0 16.0 32.0 16.0 16.0 3536.0 96.0 400.0 256.0 128.0 16.0 32.0 32.0 32.0 32.0 16.0 48.0 112.0 16.0 80.0 64.0 528.0 32.0 16.0 32.0 16.0 48.0 64.0 48.0 128.0 32.0 128.0 32.0 128.0 800.0 1072.0
16.0 48.0 64.0 80.0 16.0 160.0 32.0 64.0 80.0 96.0 416.0 64.0 464.0 64.0 480.0 32.0 16.0 64.0 16.0 16.0 16.0 16.0 32.0 80.0 16.0 3440.0 16.0 80.0 128.0 96.0 192.0 16.0 16.0 16.0 720.0 48.0 32.0 16.0 16.0 144.0 32.0 16.0 80.0 16.0 16.0 16.0 32.0 16.0 16.0 1392.0 1328.0 80.0 384.0 240.0 112.0 16.0 16.0 16.0 16.0 16.0 32.0 96.0 16.0 48.0 48.0 464.0 48.0 16.0 16.0 32.0 48.0 32.0 112.0 16.0 112.0 16.0 112.0 784.0 192.0 64.0
16.0 32.0 48.0 64.0 128.0 16.0 48.0 16.0 32.0 304.0 48.0 448.0 48.0 352.0 48.0 96.0 944.0 704.0 128.0 96.0 16.0 16.0 16.0 48.0 3408.0 16.0 64.0 32.0 80.0 80.0 32.0 464.0 16.0 16.0 608.0 16.0 16.0 16.0 16.0 80.0 64.0 16.0 48.0 16.0 16.0 1040.0 976.0 944.0 16.0 16.0 32.0 1312.0 64.0 368.0 224.0 80.0 64.0 48.0 32.0 16.0 16.0 16.0 64.0 32.0 32.0 432.0 16.0 32.0 16.0 32.0 16.0 96.0 80.0 96.0 80.0 96.0 768.0 176.0 48.0 48.0
16.0 16.0 32.0 48.0 16.0 32.0 16.0 32.0 256.0 32.0 432.0 32.0 336.0 32.0 32.0 48.0 48.0 464.0 96.0 48.0 16.0 624.0 16.0 16.0 3392.0 48.0 16.0 64.0 64.0 16.0 64.0 128.0 16.0 592.0 16.0 32.0 64.0 16.0 112.0 96.0 80.0 32.0 16.0 16.0 1376.0 80.0 64.0 16.0 912.0 64.0 16.0 16.0 1296.0 48.0 352.0 208.0 176.0 144.0 32.0 16.0 32.0 16.0 48.0 16.0 16.0 384.0 32.0 16.0 16.0 16.0 80.0 64.0 48.0 64.0 720.0 752.0 160.0 32.0 32.0 16.0
16.0 48.0 96.0 128.0 160.0 176.0 192.0 208.0 16.0 416.0 16.0 320.0 16.0 16.0 32.0 32.0 32.0 416.0 80.0 32.0 592.0 16.0 656.0 3376.0 16.0 16.0 48.0 48.0 32.0 48.0 80.0 32.0 144.0 576.0 16.0 32.0 416.0 208.0 80.0 64.0 32.0 64.0 16.0 16.0 176.0 32.0 16.0 48.0 832.0 48.0 32.0 16.0 960.0 320.0 32.0 336.0 16.0 16.0 96.0 80.0 32.0 16.0 16.0 16.0 208.0 32.0 128.0 16.0 16.0 48.0 48.0 32.0 32.0 704.0 16.0 144.0 16.0 16.0 112.0 128.0
16.0 32.0 16.0 16.0 16.0 192.0 208.0 224.0 400.0 16.0 304.0 16.0 16.0 16.0 16.0 16.0 400.0 32.0 32.0 16.0 576.0 16.0 80.0 2544.0 80.0 32.0 32.0 16.0 32.0 64.0 16.0 128.0 32.0 384.0 16.0 32.0 16.0 16.0 64.0 48.0 16.0 16.0 48.0 16.0 128.0 32.0 16.0 32.0 752.0 16.0 32.0 16.0 912.0 32.0 304.0 16.0 320.0 304.0 288.0 256.0 192.0 112.0 80.0 16.0 192.0 16.0 96.0 16.0 16.0 32.0 16.0 16.0 16.0 640.0 80.0 48.0 16.0 96.0 144.0 240.0
16.0 16.0 32.0 144.0 160.0 128.0 144.0 160.0 256.0 272.0 16.0 16.0 48.0 80.0 96.0 384.0 16.0 16.0 16.0 560.0 16.0 48.0 2496.0 32.0 64.0 16.0 16.0 16.0 16.0 32.0 112.0 16.0 352.0 16.0 16.0 144.0 944.0 128.0 48.0 32.0 32.0 16.0 16.0 16.0 112.0 32.0 16.0 16.0 736.0 96.0 80.0 32.0 16.0 880.0 16.0 288.0 256.0 80.0 48.0 16.0 48.0 64.0 16.0 48.0 48.0 128.0 64.0 16.0 16.0 32.0 48.0 192.0 624.0 48.0 16.0 32.0 64.0 128.0 80.0 144.0
16.0 48.0 96.0 32.0 112.0 16.0 224.0 240.0 16.0 176.0 192.0 224.0 240.0 256.0 272.0 416.0 432.0 448.0 464.0 64.0 16.0 2464.0 16.0 16.0 16.0 32.0 16.0 16.0 16.0 16.0 48.0 336.0 16.0 32.0 112.0 16.0 16.0 624.0 64.0 32.0 16.0 32.0 224.0 80.0 16.0 48.0 16.0 16.0 624.0 80.0 16.0 32.0 16.0 864.0 32.0 16.0 96.0 64.0 16.0 32.0 32.0 16.0 32.0 32.0 32.0 112.0 32.0 16.0 16.0 96.0 128.0 208.0 208.0 32.0 16.0 48.0 112.0 64.0 128.0 80.0
16.0 32.0 16.0 64.0 112.0 192.0 32.0 128.0 144.0 16.0 288.0 304.0 368.0 384.0 400.0 16.0 16.0 32.0 48.0 2432.0 2448.0 16.0 32.0 3584.0 16.0 16.0 48.0 144.0 16.0 32.0 320.0 16.0 32.0 48.0 16.0 16.0 32.0 512.0 32.0 16.0 16.0 416.0 16.0 128.0 64.0 32.0 16.0 16.0 496.0 464.0 48.0 32.0 16.0 768.0 48.0 16.0 64.0 16.0 48.0 32.0 16.0 16.0 16.0 16.0 16.0 96.0 16.0 64.0 80.0 16.0 192.0 64.0 128.0 16.0 32.0 96.0 48.0 112.0 64.0 192.0
16.0 32.0 48.0 96.0 64.0 16.0 80.0 16.0 208.0 256.0 32.0 48.0 16.0 32.0 48.0 16.0 48.0 2336.0 2416.0 16.0 64.0 80.0 928.0 3536.0 16.0 16.0 48.0 48.0 224.0 304.0 16.0 32.0 48.0 64.0 16.0 16.0 368.0 96.0 32.0 16.0 32.0 96.0 16.0 80.0 32.0 16.0 16.0 32.0 16.0 16.0 448.0 400.0 16.0 448.0 304.0 32.0 16.0 48.0 32.0 16.0 16.0 32.0 16.0 16.0 64.0 16.0 48.0 16.0 160.0 176.0 48.0 80.0 32.0 16.0 80.0 32.0 96.0 48.0 176.0 48.0
16.0 16.0 80.0 48.0 16.0 64.0 16.0 176.0 32.0 16.0 16.0 32.0 48.0 64.0 16.0 80.0 2272.0 48.0 16.0 32.0 720.0 832.0 16.0 2528.0 32.0 32.0 32.0 16.0 48.0 16.0 16.0 32.0 48.0 224.0 16.0 48.0 336.0 48.0 32.0 16.0 16.0 16.0 48.0 32.0 32.0 16.0 16.0 128.0 80.0 64.0 48.0 32.0 384.0 416.0 16.0 288.0 272.0 256.0 240.0 144.0 128.0 80.0 16.0 16.0 16.0 32.0 16.0 128.0 16.0 32.0 16.0 48.0 16.0 64.0 16.0 80.0 32.0 160.0 32.0 16.0
16.0 48.0 32.0 16.0 32.0 128.0 144.0 16.0 16.0 32.0 48.0 64.0 80.0 96.0 80.0 2144.0 32.0 32.0 16.0 704.0 80.0 16.0 16.0 2512.0 16.0 16.0 16.0 16.0 16.0 16.0 48.0 64.0 80.0 16.0 16.0 32.0 208.0 32.0 16.0 16.0 2480.0 32.0 16.0 32.0 16.0 16.0 496.0 128.0 64.0 48.0 32.0 32.0 16.0 368.0 400.0 384.0 48.0 32.0 16.0 80.0 64.0 16.0 48.0 16.0 16.0 16.0 80.0 16.0 16.0 32.0 16.0 16.0 16.0 32.0 64.0 16.0 144.0 16.0 48.0 96.0
16.0 16.0 48.0 64.0 112.0 32.0 64.0 80.0 96.0 112.0 128.0 144.0 160.0 1632.0 2016.0 32.0 16.0 16.0 688.0 48.0 16.0 16.0 64.0 2400.0 16.0 144.0 192.0 224.0 256.0 16.0 32.0 48.0 64.0 80.0 96.0 144.0 48.0 32.0 16.0 16.0 2416.0 64.0 48.0 32.0 16.0 16.0 192.0 16.0 48.0 32.0 16.0 16.0 16.0 32.0 320.0 16.0 320.0 64.0 48.0 32.0 16.0 32.0 16.0 16.0 16.0 32.0 16.0 16.0 32.0 80.0 464.0 16.0 16.0 32.0 16.0 112.0 16.0 32.0 32.0 48.0
16.0 32.0 16.0 32.0 16.0 16.0 16.0 32.0 48.0 64.0 80.0 1248.0 1456.0 176.0 96.0 16.0 16.0 672.0 16.0 16.0 16.0 32.0 2352.0 32.0 128.0 16.0 16.0 16.0 16.0 16.0 16.0 32.0 48.0 16.0 32.0 16.0 224.0 32.0 16.0 16.0 2336.0 64.0 48.0 16.0 16.0 16.0 48.0 96.0 48.0 32.0 16.0 16.0 16.0 16.0 224.0 64.0 16.0 240.0 96.0 80.0 64.0 48.0 32.0 16.0 16.0 32.0 96.0 16.0 32.0 48.0 208.0 64.0 16.0 16.0 32.0 96.0 16.0 16.0 32.0 32.0
16.0 32.0 16.0 16.0 32.0 16.0 32.0 48.0 64.0 960.0 1152.0 176.0 16.0 160.0 80.0 32.0 592.0 48.0 16.0 720.0 736.0 2336.0 16.0 96.0 16.0 16.0 16.0 16.0 16.0 16.0 16.0 32.0 48.0 64.0 16.0 16.0 144.0 48.0 16.0 16.0 2240.0 2016.0 16.0 16.0 16.0 16.0 32.0 16.0 32.0 16.0 32.0 32.0 16.0 16.0 16.0 208.0 32.0 16.0 128.0 64.0 48.0 32.0 16.0 16.0 32.0 48.0 16.0 16.0 32.0 16.0 176.0 16.0 16.0 16.0 16.0 16.0 16.0 16.0 16.0 48.0
16.0 16.0 48.0 32.0 16.0 64.0 80.0 784.0 880.0 176.0 16.0 144.0 144.0 64.0 16.0 544.0 32.0 32.0 688.0 16.0 32.0 1552.0 16.0 64.0 16.0 16.0 48.0 32.0 16.0 48.0 16.0 16.0 32.0 11856.0 16.0 16.0 80.0 16.0 16.0 16.0 192.0 32.0 1984.0 16.0 64.0 16.0 416.0 400.0 384.0 368.0 320.0 128.0 96.0 64.0 32.0 16.0 192.0 144.0 16.0 48.0 32.0 16.0 16.0 16.0 16.0 16.0 16.0 32.0 48.0 16.0 16.0 128.0 16.0 16.0 32.0 144.0 16.0 16.0 32.0 48.0
16.0 48.0 80.0 512.0 592.0 624.0 688.0 80.0 96.0 64.0 128.0 128.0 48.0 480.0 528.0 16.0 16.0 592.0 48.0 80.0 576.0 960.0 16.0 32.0 16.0 32.0 64.0 160.0 192.0 80.0 16.0 16.0 32.0 11664.0 112.0 64.0 48.0 32.0 16.0 16.0 128.0 32.0 16.0 1952.0 1824.0 880.0 448.0 384.0 368.0 320.0 288.0 144.0 128.0 112.0 96.0 16.0 16.0 16.0 112.0 96.0 80.0 64.0 32.0 16.0 16.0 48.0 16.0 32.0 80.0 16.0 16.0 64.0 16.0 16.0 32.0 16.0 32.0 16.0 32.0 96.0
16.0 32.0 368.0 32.0 16.0 48.0 64.0 80.0 48.0 112.0 112.0 32.0 464.0 32.0 32.0 528.0 576.0 32.0 64.0 464.0 16.0 944.0 16.0 1264.0 1296.0 1328.0 1344.0 1904.0 1920.0 208.0 112.0 16.0 32.0 11296.0 176.0 16.0 48.0 32.0 16.0 16.0 64.0 32.0 16.0 16.0 32.0 928.0 16.0 48.0 32.0 32.0 16.0 272.0 160.0 112.0 16.0 64.0 48.0 16.0 16.0 16.0 16.0 16.0 16.0 32.0 16.0 32.0 80.0 128.0 16.0 16.0 16.0 32.0 16.0 16.0 224.0 96.0 16.0 16.0 80.0 16.0
16.0 288.0 32.0 16.0 32.0 48.0 64.0 32.0 96.0 96.0 16.0 448.0 16.0 16.0 480.0 32.0 16.0 48.0 448.0 48.0 928.0 16.0 1248.0 16.0 32.0 128.0 512.0 32.0 16.0 1968.0 2192.0 128.0 2384.0 8896.0 64.0 96.0 80.0 48.0 16.0 16.0 336.0 16.0 16.0 16.0 16.0 880.0 128.0 112.0 80.0 16.0 16.0 16.0 80.0 32.0 80.0 48.0 16.0 16.0 352.0 32.0 32.0 32.0 16.0 48.0 16.0 32.0 256.0 272.0 240.0 208.0 64.0 16.0 16.0 16.0 64.0 16.0 80.0 16.0 32.0 16.0
16.0 240.0 16.0 16.0 32.0 48.0 16.0 80.0 80.0 32.0 432.0 16.0 384.0 464.0 16.0 16.0 32.0 432.0 32.0 32.0 832.0 16.0 1216.0 16.0 80.0 32.0 336.0 16.0 16.0 16.0 32.0 2240.0 8272.0 608.0 16.0 32.0 16.0 16.0 16.0 16.0 288.0 16.0 16.0 16.0 688.0 48.0 32.0 16.0 16.0 64.0 48.0 32.0 16.0 64.0 16.0 16.0 16.0 96.0 16.0 160.0 80.0 32.0 16.0 64.0 16.0 32.0 624.0 48.0 32.0 16.0 112.0 32.0 16.0 16.0 16.0 16.0 64.0 16.0 32.0 48.0
144.0 64.0 16.0 16.0 32.0 48.0 64.0 64.0 16.0 384.0 16.0 352.0 64.0 48.0 320.0 336.0 416.0 16.0 16.0 800.0 16.0 16.0 1168.0 64.0 16.0 112.0 176.0 32.0 16.0 32.0 48.0 8240.0 16.0 16.0 576.0 80.0 64.0 48.0 16.0 16.0 240.0 32.0 16.0 16.0 640.0 352.0 320.0 32.0 16.0 16.0 160.0 144.0 128.0 96.0 48.0 32.0 16.0 64.0 16.0 16.0 16.0 32.0 16.0 80.0 16.0 80.0 800.0 16.0 16.0 32.0 16.0 96.0 80.0 16.0 16.0 16.0 32.0 16.0 16.0 32.0
128.0 16.0 32.0 16.0 32.0 32.0 48.0 16.0 368.0 208.0 320.0 48.0 32.0 256.0 32.0 64.0 32.0 48.0 768.0 16.0 16.0 1152.0 16.0 32.0 96.0 64.0 96.0 16.0 32.0 48.0 64.0 8160.0 16.0 16.0 384.0 80.0 64.0 32.0 16.0 16.0 160.0 32.0 16.0 16.0 272.0 16.0 16.0 272.0 256.0 224.0 48.0 32.0 16.0 16.0 80.0 48.0 16.0 48.0 16.0 16.0 16.0 48.0 32.0 96.0 16.0 896.0 16.0 144.0 80.0 32.0 16.0 16.0 16.0 48.0 16.0 16.0 16.0 16.0 16.0 32.0
80.0 32.0 16.0 16.0 16.0 16.0 112.0 336.0 192.0 96.0 32.0 16.0 240.0 16.0 16.0 16.0 368.0 384.0 304.0 16.0 1104.0 16.0 16.0 80.0 48.0 48.0 32.0 16.0 2176.0 2192.0 2208.0 8064.0 16.0 16.0 368.0 64.0 48.0 16.0 16.0 16.0 32.0 64.0 32.0 16.0 240.0 224.0 208.0 192.0 176.0 160.0 144.0 32.0 16.0 48.0 32.0 16.0 16.0 16.0 16.0 16.0 48.0 16.0 112.0 112.0 928.0 64.0 32.0 16.0 32.0 16.0 16.0 64.0 16.0 16.0 16.0 16.0 16.0 32.0 32.0 48.0
64.0 16.0 32.0 48.0 64.0 80.0 208.0 176.0 80.0 16.0 128.0 224.0 160.0 208.0 336.0 352.0 96.0 144.0 144.0 16.0 1072.0 16.0 64.0 32.0 32.0 16.0 16.0 2160.0 16.0 32.0 48.0 16.0 5776.0 16.0 224.0 32.0 16.0 32.0 16.0 16.0 16.0 1264.0 32.0 16.0 96.0 80.0 64.0 48.0 32.0 16.0 16.0 80.0 64.0 32.0 16.0 16.0 16.0 16.0 32.0 32.0 64.0 16.0 16.0 256.0 1072.0 64.0 48.0 16.0 64.0 48.0 16.0 80.0 16.0 32.0 32.0 32.0 16.0 48.0 48.0 16.0
48.0 16.0 32.0 64.0 176.0 192.0 160.0 64.0 16.0 112.0 80.0 144.0 32.0 112.0 16.0 80.0 32.0 80.0 48.0 1040.0 16.0 32.0 16.0 16.0 16.0 1456.0 2128.0 16.0 32.0 48.0 64.0 80.0 5680.0 16.0 144.0 64.0 48.0 32.0 16.0 16.0 48.0 912.0 240.0 208.0 96.0 80.0 64.0 48.0 32.0 16.0 16.0 96.0 80.0 32.0 16.0 16.0 16.0 48.0 16.0 48.0 112.0 32.0 16.0 1344.0 48.0 32.0 16.0 16.0 96.0 16.0 16.0 96.0 32.0 48.0 48.0 48.0 16.0 16.0 64.0 64.0
32.0 16.0 16.0 96.0 80.0 144.0 48.0 48.0 80.0 64.0 128.0 16.0 96.0 32.0 48.0 16.0 64.0 32.0 944.0 80.0 16.0 16.0 1360.0 1392.0 1424.0 656.0 320.0 336.0 448.0 1216.0 1232.0 1248.0 4400.0 16.0 96.0 32.0 16.0 16.0 16.0 16.0 16.0 48.0 832.0 32.0 16.0 16.0 16.0 64.0 48.0 32.0 112.0 16.0 48.0 32.0 16.0 16.0 16.0 32.0 64.0 80.0 128.0 48.0 16.0 1424.0 32.0 16.0 16.0 112.0 16.0 16.0 32.0 144.0 16.0 16.0 64.0 112.0 16.0 32.0 32.0 80.0
16.0 16.0 80.0 64.0 48.0 32.0 32.0 16.0 48.0 112.0 48.0 80.0 16.0 16.0 32.0 48.0 16.0 928.0 32.0 32.0 16.0 1328.0 16.0 16.0 640.0 304.0 80.0 96.0 752.0 32.0 64.0 272.0 4096.0 16.0 16.0 80.0 64.0 32.0 16.0 16.0 16.0 16.0 784.0 48.0 32.0 32.0 288.0 208.0 144.0 128.0 16.0 128.0 48.0 32.0 16.0 32.0 16.0 32.0 48.0 160.0 144.0 64.0 16.0 1488.0 48.0 32.0 128.0 32.0 16.0 32.0 48.0 160.0 32.0 32.0 16.0 80.0 128.0 160.0 208.0 560.0
16.0 48.0 48.0 32.0 16.0 16.0 16.0 32.0 96.0 32.0 16.0 736.0 752.0 768.0 848.0 864.0 912.0 16.0 16.0 992.0 1296.0 32.0 608.0 624.0 288.0 64.0 16.0 736.0 16.0 16.0 64.0 192.0 3952.0 112.0 80.0 64.0 48.0 32.0 32.0 16.0 16.0 16.0 16.0 688.0 48.0 336.0 32.0 16.0 48.0 32.0 192.0 48.0 32.0 16.0 16.0 48.0 16.0 32.0 48.0 368.0 16.0 80.0 32.0 1568.0 16.0 144.0 16.0 48.0 32.0 48.0 224.0 48.0 16.0 48.0 32.0 16.0 96.0 112.0 128.0 736.0
16.0 32.0 16.0 16.0 32.0 48.0 64.0 80.0 16.0 608.0 720.0 32.0 48.0 64.0 16.0 32.0 896.0 960.0 976.0 288.0 16.0 560.0 224.0 272.0 48.0 176.0 320.0 384.0 16.0 48.0 64.0 48.0 16.0 3920.0 16.0 80.0 16.0 16.0 176.0 32.0 48.0 32.0 16.0 256.0 368.0 16.0 16.0 16.0 16.0 208.0 16.0 64.0 48.0 32.0 16.0 64.0 16.0 32.0 48.0 432.0 32.0 128.0 1584.0 16.0 16.0 176.0 64.0 48.0 16.0 288.0 64.0 16.0 80.0 48.0 16.0 16.0 32.0 48.0 64.0 16.0
16.0 16.0 32.0 48.0 192.0 208.0 224.0 528.0 592.0 96.0 16.0 16.0 32.0 48.0 64.0 880.0 48.0 32.0 272.0 16.0 544.0 208.0 32.0 32.0 160.0 128.0 64.0 304.0 16.0 48.0 32.0 1824.0 1872.0 3712.0 176.0 16.0 48.0 16.0 16.0 64.0 16.0 32.0 16.0 16.0 224.0 64.0 32.0 32.0 16.0 240.0 80.0 16.0 16.0 16.0 32.0 16.0 80.0 32.0 48.0 496.0 176.0 1600.0 32.0 16.0 32.0 320.0 64.0 32.0 304.0 16.0 96.0 16.0 144.0 32.0 16.0 16.0 48.0 64.0 16.0 112.0
