testcase_input/parameters/sve_dem_raw_slope.txt
NCOLS         214
NROWS         263
XLLCORNER     382500.0
YLLCORNER     7541702.0
CELLSIZE      16.0
NODATA_VALUE  -9999
[rows 135 to 161 of 263, columns 0 to 59 of 214]
3.9149415 5.6297183 2.647924 1.7708132 1.7310872 1.1885812 1.6204693 4.593321 4.5671797 2.4110794 0.50432205 1.2919852 2.0449822 1.9234902 1.0822316 1.6588056 1.5719162 1.5699419 2.6524956 2.0930066 0.51536053 0.70403737 2.3020618 3.5483997 3.8067405 4.4132824 6.785388 6.520834 1.946526 2.5739202 3.2296386 1.4673318 6.9321194 7.4468174 4.2879233 2.1624098 4.934245 4.7012944 2.6796362 0.60561746 1.88821 1.0692302 1.0834543 0.8275089 2.6832888 2.970325 3.0443206 3.439381 2.2185462 1.4401916 1.6872301 2.591122 2.5816948 1.9697974 1.9677167 2.1016195 2.4715786 2.1719298 1.8673278 2.7004628
5.0262613 6.1549277 2.0959074 1.6721697 1.7072197 1.2211295 0.9360991 4.1523204 5.106173 2.878185 0.569618 1.367342 2.2511714 2.1895342 1.6127925 1.6405666 1.5547049 1.9627104 2.1915267 1.1467417 0.6479411 1.1232445 2.6387396 3.5100527 3.9144518 4.969528 6.5343866 6.3608994 1.9541321 2.84393 3.2676685 2.0227835 7.105529 6.0426984 2.477938 4.0009775 5.9774127 4.3175044 1.2383769 2.0086038 2.0432441 1.6657422 1.5006832 1.0870996 2.7985137 3.2247047 3.0230658 3.3226907 2.1753092 1.4375445 1.7329037 2.3946846 2.3107123 1.6504431 1.8093022 2.0828412 2.1662283 1.8286293 2.4560895 4.699216
5.927382 7.2570434 2.9593558 1.8627352 1.4373937 1.0875144 0.36957824 3.6688414 5.2727337 3.1440468 1.0902576 0.82312566 2.4445734 2.5407488 1.8661412 1.5629741 1.5881557 2.2335377 1.7914519 0.72996575 0.23540932 0.9840819 2.0200596 3.4714992 4.3611856 4.8256793 5.968618 6.104713 2.132231 3.1319933 3.3487024 1.9550998 6.8629665 5.4045196 1.6654165 4.068913 4.6230545 1.534704 2.4757216 2.8826616 2.4650695 1.8880152 1.5213101 1.0141302 2.6722069 3.5997083 2.9817612 3.1492016 2.1664329 1.4769117 1.7124732 2.1995826 2.0882838 1.5192775 1.6680871 1.8749995 1.8103617 1.7482045 3.5365572 4.078947
5.5454087 7.9617414 4.3403187 2.1365464 1.2226877 1.0452753 0.24869375 3.2655125 5.061476 3.136149 1.6939332 0.19856656 2.6101563 2.931633 1.8718295 1.3280983 1.6828936 2.376865 1.60063 0.5289621 0.20354082 0.9708906 1.3161542 3.6722517 4.6805544 4.1889386 5.829331 6.7162123 3.2006955 3.7348673 3.883507 2.213631 6.3563986 6.2686305 3.7669127 3.7622678 2.2157075 1.5131631 3.6504893 3.4253287 2.5732374 1.1169842 1.4048934 0.65728796 2.8890378 4.103767 3.0226278 3.201003 2.423298 1.6582874 1.7635977 2.1568253 2.0582936 1.6209031 1.5207077 1.4695721 1.5994966 1.9632944 4.1968875 2.3152032
5.328708 8.322374 4.73884 2.3049843 1.3114201 1.0609313 0.48737368 2.5551329 4.739781 3.485222 1.9732577 0.27737224 2.6314762 3.150856 1.6032635 1.0507406 2.0030537 2.6255722 1.4005685 0.31022105 0.6577099 0.99161977 0.68234855 3.0577643 5.0011096 3.7144556 4.3206162 6.8447337 4.275712 3.760773 3.1891522 1.5202447 3.9383097 5.128215 4.5429745 2.534641 1.0026963 3.3217428 3.8595724 3.203054 1.5802069 0.682907 1.462595 0.61456996 3.687396 4.448421 3.1830873 3.4258885 2.6092658 1.7171926 1.8317251 2.1156845 2.0643506 1.8248562 1.7650265 1.6601657 1.7261366 2.683135 4.0397186 1.1715986
6.0809927 8.876062 5.2816925 2.8715105 1.4515438 1.0844544 0.7072037 1.3560636 4.179084 4.362512 2.5498252 0.7143457 2.6805494 3.0049825 1.2411141 0.7800648 2.181302 2.8656306 1.2288374 0.40868217 0.62139803 0.8514921 0.8671516 2.334557 5.5618076 3.915792 2.3377159 5.6713223 3.9699914 2.439299 2.0283742 1.9190995 2.2983067 1.4697912 2.1527653 1.9779053 3.0266597 3.00661 2.6575634 1.7989948 0.120121665 1.0735729 0.83375394 2.0300148 4.5165644 4.264754 3.1783123 3.4168086 2.5301356 1.9580752 2.1868641 2.2183082 2.2155929 2.1091883 2.1985161 2.1435812 1.9242603 4.036392 3.6970923 1.6593374
6.151598 9.319576 6.652263 3.9107318 1.798524 1.1468488 0.8219606 0.30926922 2.7628565 4.6119275 3.6594632 1.7770663 2.626334 2.604999 1.0625889 0.6325673 1.9034454 2.7538962 1.4181257 0.6998761 0.5522393 1.0488487 1.3679129 2.553704 5.718967 4.115303 2.2763815 4.302916 3.415123 1.0704654 2.6197515 3.6572611 2.821293 1.8044147 1.7300104 1.5684081 2.96487 3.6327696 2.4621837 1.2064688 0.9939878 0.60520434 0.9235693 3.339639 4.6289053 3.870024 3.3903863 3.5531209 2.777994 2.4430513 2.4311404 2.3516178 2.5468628 2.5106592 2.544462 2.5605924 2.4541817 4.548302 2.5492215 2.678659
4.1468515 8.323808 7.461143 4.809301 2.4534707 1.2709168 0.7519647 0.63885754 1.0951866 3.4166436 3.8160658 2.4440808 1.9050131 2.2007399 1.0937287 0.5764908 1.1993301 2.2220948 2.0927677 1.5629376 1.0793718 1.2216274 1.628369 2.5783556 5.3825397 4.7334833 3.0647871 3.4199653 3.3285728 2.1246603 3.078804 3.0343482 2.454878 2.5770905 2.2838643 1.9709896 2.5317569 2.9572124 2.1302478 1.0647662 0.47560313 1.0134153 2.9329166 4.2387085 4.2696657 3.9393387 3.8383045 3.7346754 2.998932 2.5986252 2.523576 2.5135915 2.6993163 2.6872356 2.592216 2.5866673 2.7190995 3.7634554 1.779705 2.3236542
2.6977346 7.140148 7.9657 5.382394 3.0096323 1.4732072 0.55477273 0.5210353 0.16990545 1.9832993 3.0020967 2.3867042 1.8097106 2.050207 0.90342414 0.093727395 0.87949216 1.8855836 2.2322886 1.9321932 1.561474 1.1556528 1.9518301 2.8236928 5.4878187 5.759101 3.7945209 2.8193042 2.7080832 2.1604433 0.3082839 0.50330627 1.8331773 1.603942 1.7914568 2.1140385 2.4209027 2.444083 1.9422922 1.4822983 2.262176 3.5040662 4.340517 4.101413 3.801721 4.239205 4.0182076 3.6377883 2.9707544 2.6815543 2.6878073 2.6353827 2.7639256 2.8566933 2.7367206 2.602826 2.6409998 3.1490583 1.9383597 1.8152266
3.4865048 7.0522227 8.9573145 6.272674 3.52842 1.814946 0.6914424 0.48636806 0.30838072 0.879326 2.2025685 2.1740544 1.9365453 1.5145279 0.28864968 0.7682083 1.0961081 1.4083961 1.7703398 1.6610124 1.8314153 1.8611803 2.4596207 3.4717922 6.425912 6.6888013 3.999304 2.4966092 2.2284374 1.6890205 0.31786528 1.3946395 2.4062798 1.5627172 1.8372972 2.5796366 2.732464 2.760679 2.410549 2.5600677 3.93526 4.692645 4.300857 3.6476657 3.8326466 4.389529 3.9243708 3.3076892 2.6459007 2.4434311 2.3344212 2.2955308 2.6964087 2.855373 2.5690978 2.1150336 1.9819089 2.375873 1.3975637 1.4194349
4.689161 7.5680366 10.172788 8.342254 5.449428 2.9140048 1.1246427 0.603473 0.5445107 0.519521 0.9193651 1.2693152 0.8787161 0.11250014 0.49649423 0.92408913 0.70287424 0.5794097 1.1567134 1.319098 1.6500417 1.9175003 2.4579077 4.3437605 7.913373 6.6541624 3.1992526 2.0671976 1.9115295 1.7645637 2.220726 4.376799 3.7333353 1.8363718 1.94764 1.4254515 2.0288835 2.8847203 2.4726937 2.5389967 4.0849795 3.9626822 3.3989303 3.4514914 3.839806 4.0350018 3.4449549 2.821458 2.2055857 2.0645347 1.9713295 2.0837526 2.6060274 2.4804866 1.8958057 1.2744423 1.3589041 1.8739507 1.3379116 2.250189
4.082406 6.734141 9.654668 10.013526 8.057485 4.9380274 2.0999324 0.82466656 0.5592966 0.5599199 0.7337373 0.8199984 1.0467682 0.88374484 0.6578359 0.66564894 0.7069435 0.091943525 0.6365982 1.0312289 1.3223842 1.4410911 2.3286824 5.156892 8.532856 5.5434875 2.3464973 1.846134 1.7978417 2.3593037 2.994949 3.5450163 1.4596871 1.4749464 1.5746312 1.5850797 2.3311212 3.0800872 2.0741959 2.4431589 3.948563 3.4838884 2.799975 3.414456 3.7283068 3.563546 2.9108672 2.2953525 1.9328334 1.91167 1.9598033 2.3306234 2.6922054 2.2922657 1.9824675 1.8493851 2.1391501 2.2294729 1.636665 2.0309966
2.867433 5.1574135 6.7171144 8.465515 8.784716 6.688565 3.4900515 1.5717739 0.8836537 0.34991056 0.94706905 1.3850377 1.3623852 1.0730464 0.9623355 0.6366472 0.5176946 0.51036924 0.5562043 0.8257185 1.0758592 1.2029964 2.3875709 5.363666 8.0810585 4.963036 1.7124984 1.6321288 1.9247276 2.768551 2.562683 1.5452175 0.34077635 1.3862399 1.2193737 2.1759348 2.6813257 3.0391927 2.2811403 2.8307457 3.4257648 3.4506917 3.0886598 3.6583202 3.5774696 3.2397165 2.8529236 2.3993652 2.2436295 2.174719 2.2986667 2.6676552 2.7332623 2.422124 2.3373415 2.2263916 2.7491531 2.9103148 2.1189919 1.2094432
3.7896574 5.769289 5.688495 6.505451 7.755989 6.772706 4.0695186 2.358447 1.1801225 0.5835275 1.1426852 1.325107 0.69369847 0.8295932 0.87889975 0.950516 0.72097325 0.7128425 0.78669053 0.8990356 1.0174385 1.0697751 2.3123145 4.7962832 7.309466 5.757037 1.3613826 1.1664773 1.1634414 1.4532251 1.0440449 0.8069155 1.0048776 1.303116 1.2076433 2.4397817 2.902678 3.5155895 3.259013 3.0377328 2.9970384 3.3312602 3.263817 3.719224 3.134091 2.671923 2.877621 2.7394345 2.6604185 2.5274427 2.638764 2.7241082 2.6300776 2.3972182 2.2589626 2.1639194 3.1533701 3.480538 3.4162328 2.8017578
4.7573004 7.224724 6.4239607 6.41551 7.1290326 6.0151486 4.344298 3.09481 1.3102403 0.6766552 0.8424173 1.2813212 0.78239053 0.7527194 0.75063217 0.9064858 0.835394 0.81696016 1.0413809 1.0187123 1.0243742 1.1724815 2.3826869 4.103104 6.2728734 6.84947 2.56868 1.6877718 0.85808283 0.8257321 0.56180465 1.1493611 1.9977382 1.8345652 1.8841413 2.9712334 3.965296 4.330881 3.5894003 2.8362978 2.6531336 2.9865413 3.1776357 3.769932 3.1201067 2.667851 3.1081016 2.7707229 2.5717845 2.5613124 2.8024118 2.8793697 2.7742453 2.6029627 2.515251 2.7164905 3.7606246 3.4654114 3.5691662 3.4088945
5.506304 8.097334 6.7995305 6.9599433 7.1822515 5.8567386 4.773245 3.7075663 1.9645606 1.1316978 0.59219813 1.1162142 1.1136525 0.80428 0.665301 0.6784905 0.7424395 0.65255827 1.0624044 1.2112641 1.2074773 1.2629828 2.494603 3.8012114 5.300718 7.7999163 4.321429 2.763237 1.8544626 0.45087242 0.12799469 0.6222609 0.74205154 0.87942415 1.6780689 3.5200691 5.0697074 4.5120287 3.4576395 2.9935424 2.7346835 3.0567253 3.4128892 4.1399574 3.6361845 2.922519 3.2419577 2.7767286 2.4844327 2.3901253 2.6912212 2.8422961 2.6156547 2.5634294 2.5498998 2.744941 3.5518894 2.7831156 2.6877737 2.4299603
6.517133 9.320908 6.827134 6.7949185 7.298425 6.2981157 5.0149145 3.5374913 2.3125765 1.7726603 1.0210392 1.0382547 1.3105994 0.82708335 0.5754505 0.4511111 0.7073891 0.92514557 1.2734746 1.627262 1.3668951 1.416963 2.6496208 3.5246572 4.6863184 8.203308 4.9852 1.6482944 2.300307 1.2730538 1.5548978 1.0649306 1.2546694 2.6786063 2.5211394 3.163352 5.4953256 4.862069 3.5583615 3.1234643 2.8600366 3.4026132 4.2411656 4.8022723 3.4727428 2.1809008 2.901504 2.495269 2.1071715 2.1578302 2.3018785 2.2380936 2.1902678 2.524576 2.398426 2.3782713 3.7390437 3.182631 3.19645 2.6885426
6.9349837 10.554563 7.648505 6.7583327 7.527988 6.9983354 5.328444 3.120603 1.705405 1.591586 1.3617682 0.88325524 1.3724171 0.8118452 0.569951 0.53402674 1.1928189 1.7520242 1.8688515 1.8432443 1.4132322 1.8570573 2.9736767 3.4815822 4.476867 7.4017034 4.8821244 0.76829785 2.4630518 1.9400533 0.6680576 1.0412557 3.0435658 3.2288415 2.9317994 2.3025713 5.5251145 5.3412023 3.6678605 3.0804672 2.8988616 3.7146502 4.459747 3.650994 1.5165104 1.4132822 3.0034816 2.843777 2.5761156 2.3317373 2.0916412 2.2744217 2.8099582 3.0917563 2.7432253 2.6125305 4.3476114 3.2780564 3.680609 3.223886
6.466726 10.7150135 8.754081 7.5821834 8.124495 7.657907 5.8329253 3.4113402 1.7531205 1.4157395 1.4139841 0.48016563 1.2784482 0.8154283 0.53880644 0.92562044 2.0505214 2.453921 2.48427 2.128831 1.9344553 2.3974192 3.1462612 3.6018627 4.0944047 5.4722304 4.404101 0.97474474 1.687167 2.0689685 2.4146547 2.2478383 4.0490174 2.99045 1.7010648 1.5342175 5.700457 5.497831 3.6758044 3.2260153 3.053802 3.6759531 4.1936827 2.5292027 1.1143528 1.9132705 3.486186 3.7533076 3.4503574 2.9235935 2.7492268 2.8853993 3.186374 3.133389 2.6382892 2.4333932 3.9366157 2.262998 2.5580447 3.0643322
5.760492 10.012878 8.976582 8.434275 8.930984 8.088978 6.0962496 3.8153622 2.344619 1.946432 1.5133132 0.5114438 0.97150904 0.94964767 0.92458683 1.9285516 2.9754486 2.956173 2.6254628 2.2413054 2.1026168 2.5503132 3.7182093 4.259969 3.73099 3.2583983 3.7104287 1.6083792 0.490783 1.5600643 2.2083795 2.3509583 3.8299832 1.9203482 1.3519487 1.9333842 6.338508 5.5627356 3.7015495 3.250991 3.0724719 3.308389 3.8560054 2.6317556 1.9768302 2.4882715 3.4887545 3.7995543 2.8048203 1.9603796 2.7429748 3.248013 3.1367419 2.980646 2.301782 2.0567524 3.2242634 1.6700411 0.76648635 1.5887583
6.1174536 9.747258 8.8098755 8.646075 9.546639 8.644527 6.131679 3.7536092 2.9755776 3.1755173 2.3831954 0.80122876 0.85684055 1.2291596 2.2630198 3.5908058 3.8084095 3.294522 2.6115324 2.1566508 1.771498 2.7600467 4.141591 4.1362324 3.241024 2.510832 2.9479253 1.383703 0.4757437 1.8094265 2.32453 3.1017919 2.9410303 0.88371783 1.160682 3.2720673 6.9017797 4.993579 3.2341952 3.0878818 3.1301227 3.2678626 3.2135546 2.9970753 1.6646051 1.4790887 3.0606728 3.6382563 2.6859453 1.6540478 2.567983 2.939874 3.0776625 3.0621176 2.4085958 2.3993208 2.715907 0.97024584 0.24271905 1.7160195
7.142391 10.457063 9.203804 8.975637 9.885811 9.332353 6.3737564 3.4017763 3.919194 5.062271 4.670588 2.3306873 1.6952639 2.0291073 3.6767335 4.691853 4.2898183 3.5111933 2.6568341 2.392063 2.1289208 3.4324987 3.729989 3.5237274 2.6218581 2.1657069 1.9809281 0.47022697 0.8031094 2.6427686 1.8535659 1.8574893 1.376392 0.43837032 0.5554858 4.8902106 6.963477 4.145393 3.0419927 3.3362012 3.1229413 3.2609243 2.65365 2.9778967 1.6874261 1.1184833 3.239284 3.7810528 3.0419843 2.1373518 2.8750808 2.9573088 2.8155494 2.8249662 2.3044817 2.7018595 2.586233 1.6337848 1.310976 1.9564966
6.9984655 10.757165 9.550981 9.788772 10.236837 9.646895 6.9493165 2.746104 2.1119287 3.658978 4.8836346 3.175713 2.75018 2.7520735 4.5695524 5.582716 5.3316355 4.697387 4.059869 3.4725368 2.5134916 3.7447484 3.982011 4.29836 3.453909 2.2077484 1.160764 0.65115696 1.3760434 2.3628225 1.984756 0.9977427 0.37771854 0.6758906 1.901026 6.462205 6.516904 3.6505249 3.3105972 3.647156 3.1029112 3.1973815 3.004641 2.8936305 1.498665 1.8415586 3.4827569 3.5801363 3.1804097 2.2328498 2.7856126 3.4888706 3.0326304 2.340974 2.053017 3.0571563 2.6360054 2.4966478 2.7190669 2.300898
6.4371953 10.08392 9.153599 10.608165 10.893115 9.627447 7.564076 3.830083 0.76358813 2.2511659 3.0751567 2.111111 2.2742105 2.7010708 4.889664 5.9106994 5.190633 4.1855454 4.9298887 5.091721 3.076539 3.3913655 4.3781 5.3649945 4.654628 3.349358 1.985 1.6084923 1.7972947 2.1132913 1.7688633 0.42644688 0.6734458 0.7885922 4.625357 6.8978796 5.341189 3.2154756 3.3763454 3.7565107 3.9353094 3.9062772 3.204543 1.9791436 0.95008236 2.6121042 3.5572717 3.373857 3.7206511 3.0037537 2.9737422 3.8344405 3.196033 2.4482808 2.8438141 3.4601882 2.0288913 1.7382075 2.8136964 3.938415
6.3839417 9.523476 8.4042015 10.939677 11.9694395 9.948983 7.7091403 6.0034857 3.0679176 1.5765886 1.6969184 2.862877 3.8784935 4.846965 6.092628 6.402632 4.8558292 2.5740476 2.8969557 4.143932 3.069648 2.0063665 4.6173806 5.395651 2.5330138 2.5858123 1.8624111 1.1035198 1.2721481 1.8420769 1.0404952 0.5013165 0.7491115 3.805379 6.0867286 5.926798 4.386811 3.281096 3.4317696 4.1394153 4.379161 3.1665401 1.7580036 0.6512615 1.309357 3.5292716 3.8206396 3.3839202 4.4073777 3.804983 3.1498802 3.9817207 3.4959297 3.1223125 3.5214455 3.250288 2.0585692 1.3774998 3.0181367 3.014437
6.011655 9.36275 7.986777 10.021389 12.203087 10.453979 7.5568643 7.1938725 5.443151 2.6795473 2.4245727 3.7868333 6.125975 8.329361 9.651364 10.039086 7.8199224 4.491449 2.3744307 2.4473968 2.51775 0.8813533 4.152353 5.059952 4.036647 2.3191006 0.6277593 1.3447372 1.1167507 1.0766274 0.51109385 0.39292476 3.409977 5.543755 5.513686 4.7610607 3.8537965 3.2554104 3.178871 4.0509458 3.5848613 1.7036469 0.96225184 1.1302456 2.443668 3.8777468 3.633367 3.43653 4.7911615 3.9770854 3.1445422 4.0775275 3.6198144 3.3344622 2.8400104 1.8364792 1.5083469 1.6805373 4.0125365 1.6071372
4.739973 8.935955 8.937543 9.482487 11.312702 10.707571 7.629442 7.216154 6.6782293 3.7706327 2.6663587 4.6376324 6.713751 7.133355 8.1818075 8.2012415 5.3086753 5.6624603 3.2762008 1.7532647 2.3613808 1.9569783 2.475941 2.5176861 4.318009 3.7772558 1.7775155 0.40054858 0.33277667 0.9361008 1.4961196 3.4986491 5.002983 5.270242 4.5541387 3.4713109 3.1570756 3.129536 2.9614947 3.821657 3.1925008 1.614651 1.3722967 1.5419772 2.6615014 3.5924165 3.3267329 3.5888488 4.7830496 4.3159294 3.8781292 4.441221 4.0349846 3.9941535 2.8994472 1.6138567 0.8775875 0.84261847 3.8296356 0.63809955
