testcase_input/parameters/sve_dem_raw_d8p_flowacc.txt
NCOLS         214
NROWS         263
XLLCORNER     382500.0
YLLCORNER     7541702.0
CELLSIZE      16.0
NODATA_VALUE  -9999
[rows 108 to 143 of 263, columns 0 to 79 of 214]
16.0 16.0 32.0 64.0 16.0 304.0 64.0 16.0 16.0 32.0 48.0 64.0 80.0 96.0 16.0 2592.0 16.0 32.0 4976.0 48.0 32.0 16.0 16.0 32.0 16.0 144.0 16.0 32.0 5424.0 32.0 16.0 64.0 48.0 32.0 48.0 48.0 16.0 32.0 384.0 96.0 64.0 16.0 80.0 64.0 16.0 48.0 32.0 16.0 16.0 64.0 64.0 16.0 16.0 32.0 48.0 64.0 64.0 48.0 64.0 16.0 80.0 240.0 16.0 160.0 1808.0 48.0 16.0 64.0 144.0 64.0 272.0 112.0 80.0 1136.0 80.0 16.0 16.0 48.0 112.0 16.0
16.0 48.0 64.0 80.0 96.0 176.0 32.0 16.0 32.0 80.0 112.0 128.0 144.0 208.0 2528.0 32.0 16.0 64.0 4768.0 48.0 32.0 16.0 16.0 32.0 48.0 64.0 16.0 64.0 16.0 5264.0 128.0 48.0 32.0 16.0 16.0 32.0 32.0 16.0 32.0 336.0 16.0 48.0 32.0 16.0 32.0 16.0 32.0 16.0 16.0 32.0 48.0 64.0 96.0 16.0 32.0 48.0 16.0 16.0 48.0 48.0 64.0 48.0 48.0 80.0 1632.0 32.0 48.0 96.0 32.0 48.0 256.0 96.0 64.0 1120.0 48.0 16.0 16.0 32.0 48.0 192.0
16.0 16.0 32.0 48.0 80.0 80.0 16.0 16.0 32.0 16.0 16.0 32.0 48.0 2272.0 32.0 16.0 16.0 16.0 4752.0 48.0 32.0 16.0 16.0 32.0 48.0 16.0 16.0 32.0 5008.0 16.0 96.0 80.0 64.0 48.0 32.0 16.0 16.0 16.0 16.0 48.0 272.0 176.0 160.0 144.0 128.0 80.0 32.0 16.0 16.0 32.0 48.0 16.0 16.0 128.0 144.0 2144.0 16.0 16.0 16.0 32.0 48.0 32.0 32.0 64.0 1616.0 16.0 32.0 80.0 16.0 32.0 240.0 80.0 48.0 1104.0 16.0 16.0 16.0 16.0 64.0 112.0
16.0 32.0 48.0 16.0 16.0 64.0 16.0 32.0 912.0 16.0 16.0 32.0 2096.0 160.0 16.0 16.0 112.0 128.0 4560.0 48.0 32.0 16.0 16.0 32.0 80.0 144.0 208.0 704.0 2128.0 2160.0 208.0 112.0 96.0 80.0 64.0 48.0 32.0 16.0 16.0 32.0 80.0 64.0 48.0 32.0 16.0 32.0 32.0 16.0 16.0 32.0 16.0 16.0 32.0 48.0 64.0 80.0 1888.0 32.0 16.0 16.0 16.0 16.0 16.0 48.0 32.0 1568.0 16.0 64.0 16.0 224.0 48.0 16.0 32.0 1040.0 32.0 16.0 16.0 32.0 48.0 96.0
16.0 16.0 32.0 64.0 16.0 32.0 848.0 864.0 16.0 928.0 32.0 48.0 2016.0 32.0 144.0 32.0 48.0 16.0 4496.0 48.0 32.0 16.0 16.0 32.0 48.0 16.0 16.0 480.0 2112.0 1936.0 80.0 64.0 48.0 32.0 16.0 32.0 16.0 16.0 16.0 16.0 144.0 128.0 112.0 96.0 80.0 16.0 16.0 16.0 16.0 32.0 48.0 80.0 96.0 112.0 128.0 1744.0 80.0 16.0 16.0 16.0 16.0 16.0 32.0 16.0 384.0 1168.0 32.0 16.0 208.0 16.0 16.0 16.0 64.0 496.0 464.0 16.0 16.0 32.0 16.0 32.0
16.0 32.0 48.0 160.0 16.0 832.0 16.0 16.0 16.0 48.0 1280.0 1360.0 592.0 16.0 128.0 16.0 32.0 16.0 4352.0 48.0 32.0 16.0 16.0 32.0 16.0 96.0 464.0 1264.0 832.0 32.0 1888.0 112.0 96.0 80.0 64.0 16.0 32.0 16.0 32.0 176.0 80.0 64.0 48.0 32.0 16.0 48.0 32.0 16.0 16.0 16.0 32.0 48.0 64.0 80.0 96.0 1600.0 64.0 16.0 16.0 160.0 16.0 16.0 32.0 16.0 352.0 1152.0 16.0 32.0 112.0 48.0 16.0 16.0 32.0 480.0 432.0 16.0 16.0 32.0 16.0 256.0
16.0 48.0 16.0 32.0 800.0 16.0 16.0 48.0 240.0 288.0 32.0 32.0 496.0 80.0 96.0 16.0 16.0 32.0 384.0 3952.0 32.0 16.0 16.0 48.0 64.0 320.0 32.0 1248.0 816.0 16.0 368.0 1392.0 1376.0 1360.0 1344.0 1328.0 1280.0 1232.0 16.0 592.0 192.0 176.0 160.0 144.0 128.0 112.0 48.0 16.0 16.0 32.0 48.0 64.0 80.0 96.0 208.0 1280.0 16.0 16.0 32.0 80.0 16.0 16.0 32.0 304.0 32.0 16.0 1120.0 16.0 16.0 80.0 16.0 16.0 32.0 432.0 400.0 16.0 16.0 32.0 144.0 80.0
16.0 48.0 112.0 560.0 32.0 16.0 80.0 160.0 16.0 16.0 16.0 16.0 480.0 64.0 48.0 32.0 16.0 160.0 176.0 3904.0 32.0 16.0 16.0 16.0 32.0 272.0 16.0 1216.0 16.0 800.0 160.0 192.0 176.0 96.0 80.0 64.0 48.0 16.0 1168.0 16.0 112.0 96.0 80.0 64.0 48.0 32.0 48.0 16.0 16.0 32.0 48.0 64.0 80.0 96.0 16.0 1264.0 16.0 16.0 16.0 16.0 16.0 16.0 32.0 192.0 16.0 32.0 1056.0 16.0 16.0 16.0 48.0 16.0 16.0 416.0 352.0 16.0 16.0 64.0 48.0 16.0
16.0 16.0 416.0 16.0 16.0 32.0 16.0 32.0 16.0 16.0 32.0 448.0 16.0 48.0 32.0 16.0 144.0 160.0 48.0 3776.0 32.0 16.0 16.0 32.0 48.0 144.0 64.0 1184.0 16.0 784.0 16.0 128.0 112.0 64.0 48.0 32.0 16.0 32.0 48.0 1104.0 96.0 80.0 64.0 48.0 32.0 16.0 16.0 32.0 16.0 32.0 48.0 64.0 80.0 96.0 112.0 1056.0 48.0 16.0 16.0 16.0 32.0 32.0 112.0 48.0 16.0 16.0 976.0 64.0 48.0 16.0 32.0 16.0 368.0 16.0 64.0 272.0 16.0 16.0 32.0 16.0
16.0 32.0 128.0 256.0 32.0 16.0 16.0 32.0 240.0 16.0 80.0 304.0 16.0 32.0 16.0 128.0 144.0 32.0 64.0 3664.0 32.0 16.0 16.0 32.0 112.0 16.0 48.0 592.0 576.0 768.0 112.0 96.0 64.0 96.0 80.0 64.0 32.0 16.0 32.0 880.0 112.0 96.0 80.0 64.0 48.0 32.0 16.0 16.0 16.0 32.0 48.0 64.0 80.0 96.0 112.0 928.0 32.0 16.0 16.0 48.0 64.0 48.0 16.0 16.0 16.0 16.0 944.0 560.0 96.0 48.0 16.0 16.0 320.0 32.0 16.0 240.0 16.0 16.0 16.0 496.0
16.0 80.0 64.0 208.0 16.0 16.0 16.0 16.0 192.0 16.0 32.0 48.0 240.0 16.0 112.0 128.0 16.0 48.0 64.0 3504.0 80.0 16.0 16.0 16.0 64.0 16.0 16.0 576.0 560.0 320.0 320.0 304.0 16.0 48.0 32.0 16.0 16.0 16.0 16.0 32.0 832.0 96.0 80.0 64.0 48.0 32.0 16.0 16.0 16.0 32.0 48.0 64.0 80.0 192.0 832.0 16.0 32.0 16.0 16.0 32.0 16.0 3264.0 16.0 656.0 16.0 336.0 32.0 448.0 16.0 16.0 32.0 288.0 16.0 16.0 144.0 48.0 32.0 16.0 32.0 464.0
16.0 32.0 48.0 96.0 16.0 16.0 16.0 16.0 160.0 16.0 16.0 32.0 224.0 96.0 16.0 96.0 32.0 48.0 16.0 240.0 3248.0 48.0 16.0 16.0 16.0 32.0 336.0 224.0 544.0 144.0 160.0 128.0 288.0 192.0 64.0 48.0 32.0 16.0 16.0 16.0 704.0 96.0 80.0 64.0 48.0 32.0 16.0 16.0 32.0 48.0 64.0 80.0 96.0 16.0 624.0 16.0 4352.0 16.0 16.0 32.0 3136.0 32.0 48.0 336.0 272.0 320.0 32.0 16.0 432.0 16.0 16.0 272.0 16.0 128.0 16.0 16.0 16.0 16.0 32.0 384.0
16.0 32.0 32.0 32.0 16.0 16.0 32.0 32.0 64.0 16.0 16.0 16.0 192.0 80.0 80.0 16.0 32.0 80.0 112.0 96.0 3184.0 48.0 32.0 16.0 16.0 32.0 256.0 208.0 528.0 64.0 64.0 16.0 112.0 80.0 112.0 48.0 32.0 16.0 16.0 16.0 576.0 96.0 80.0 64.0 48.0 32.0 16.0 16.0 32.0 48.0 64.0 80.0 96.0 112.0 480.0 32.0 4256.0 16.0 16.0 1056.0 2000.0 16.0 32.0 272.0 96.0 160.0 272.0 16.0 32.0 368.0 32.0 16.0 224.0 48.0 64.0 16.0 16.0 16.0 32.0 336.0
16.0 16.0 16.0 16.0 16.0 16.0 96.0 16.0 32.0 16.0 16.0 128.0 48.0 64.0 64.0 16.0 64.0 16.0 80.0 176.0 528.0 2640.0 32.0 16.0 16.0 48.0 192.0 192.0 448.0 64.0 48.0 48.0 32.0 96.0 64.0 48.0 32.0 16.0 16.0 48.0 416.0 80.0 64.0 48.0 32.0 16.0 16.0 16.0 48.0 64.0 80.0 96.0 112.0 464.0 16.0 16.0 4224.0 16.0 48.0 976.0 1952.0 32.0 16.0 256.0 80.0 128.0 16.0 256.0 16.0 288.0 32.0 16.0 208.0 32.0 32.0 16.0 16.0 48.0 320.0 16.0
16.0 32.0 16.0 16.0 32.0 64.0 1168.0 48.0 32.0 16.0 16.0 80.0 32.0 48.0 48.0 16.0 32.0 64.0 160.0 32.0 336.0 2560.0 32.0 16.0 32.0 16.0 160.0 176.0 16.0 416.0 48.0 32.0 16.0 16.0 80.0 48.0 32.0 16.0 16.0 64.0 144.0 112.0 96.0 80.0 64.0 48.0 16.0 16.0 16.0 32.0 48.0 208.0 288.0 48.0 1472.0 4176.0 32.0 16.0 864.0 96.0 32.0 1904.0 16.0 240.0 64.0 80.0 32.0 32.0 208.0 208.0 64.0 16.0 192.0 16.0 16.0 16.0 16.0 240.0 16.0 16.0
16.0 32.0 48.0 48.0 16.0 752.0 192.0 176.0 144.0 16.0 32.0 32.0 16.0 32.0 32.0 16.0 48.0 144.0 16.0 256.0 288.0 2400.0 144.0 48.0 16.0 128.0 16.0 144.0 16.0 48.0 352.0 32.0 16.0 16.0 64.0 48.0 32.0 16.0 16.0 16.0 48.0 80.0 64.0 48.0 32.0 16.0 16.0 16.0 48.0 16.0 144.0 64.0 32.0 112.0 1344.0 2688.0 16.0 592.0 256.0 16.0 64.0 16.0 1888.0 224.0 48.0 64.0 16.0 16.0 192.0 144.0 48.0 48.0 80.0 80.0 16.0 16.0 48.0 208.0 16.0 16.0
16.0 32.0 80.0 144.0 64.0 720.0 64.0 32.0 16.0 128.0 16.0 16.0 16.0 16.0 16.0 32.0 128.0 48.0 240.0 16.0 16.0 2320.0 48.0 80.0 32.0 96.0 16.0 80.0 48.0 32.0 16.0 320.0 48.0 16.0 16.0 64.0 48.0 32.0 16.0 16.0 32.0 80.0 64.0 48.0 32.0 16.0 16.0 32.0 48.0 112.0 48.0 16.0 16.0 80.0 1328.0 2672.0 544.0 32.0 208.0 32.0 32.0 16.0 1872.0 208.0 32.0 16.0 32.0 16.0 160.0 128.0 32.0 32.0 32.0 32.0 48.0 16.0 16.0 48.0 64.0 16.0
16.0 32.0 48.0 64.0 224.0 352.0 16.0 16.0 16.0 16.0 96.0 16.0 16.0 32.0 48.0 112.0 32.0 176.0 16.0 96.0 112.0 2160.0 32.0 32.0 64.0 16.0 80.0 16.0 48.0 32.0 16.0 32.0 224.0 176.0 144.0 64.0 48.0 32.0 16.0 16.0 48.0 384.0 32.0 16.0 16.0 16.0 16.0 32.0 16.0 32.0 16.0 48.0 64.0 1040.0 272.0 2656.0 528.0 16.0 160.0 32.0 16.0 16.0 1856.0 96.0 96.0 16.0 16.0 32.0 112.0 112.0 16.0 16.0 16.0 16.0 16.0 16.0 32.0 48.0 32.0 48.0
16.0 16.0 32.0 48.0 288.0 32.0 16.0 64.0 48.0 16.0 48.0 16.0 16.0 32.0 48.0 16.0 160.0 32.0 64.0 48.0 96.0 2144.0 16.0 16.0 16.0 48.0 32.0 64.0 16.0 16.0 16.0 16.0 16.0 16.0 16.0 96.0 80.0 64.0 16.0 16.0 16.0 160.0 48.0 32.0 32.0 32.0 16.0 16.0 64.0 80.0 16.0 160.0 1024.0 32.0 224.0 2640.0 512.0 64.0 80.0 16.0 16.0 1600.0 240.0 16.0 64.0 80.0 16.0 80.0 16.0 16.0 80.0 48.0 16.0 16.0 16.0 16.0 32.0 16.0 16.0 32.0
16.0 48.0 64.0 80.0 96.0 128.0 112.0 32.0 16.0 16.0 16.0 16.0 16.0 32.0 48.0 144.0 16.0 16.0 32.0 32.0 64.0 2016.0 992.0 64.0 48.0 32.0 16.0 16.0 48.0 32.0 16.0 16.0 16.0 32.0 160.0 48.0 32.0 16.0 32.0 16.0 48.0 16.0 64.0 48.0 80.0 32.0 16.0 16.0 32.0 48.0 144.0 16.0 832.0 16.0 208.0 2624.0 496.0 48.0 32.0 16.0 16.0 1568.0 160.0 64.0 16.0 32.0 64.0 48.0 16.0 16.0 48.0 16.0 16.0 32.0 32.0 16.0 32.0 16.0 32.0 48.0
16.0 32.0 48.0 64.0 16.0 80.0 64.0 48.0 16.0 16.0 96.0 16.0 16.0 32.0 48.0 32.0 16.0 16.0 16.0 48.0 16.0 928.0 16.0 912.0 800.0 784.0 768.0 736.0 48.0 32.0 16.0 16.0 48.0 528.0 64.0 48.0 32.0 16.0 16.0 16.0 16.0 32.0 192.0 144.0 48.0 32.0 16.0 16.0 16.0 16.0 16.0 800.0 16.0 16.0 176.0 2608.0 448.0 32.0 32.0 16.0 1408.0 144.0 96.0 48.0 48.0 16.0 48.0 16.0 16.0 16.0 16.0 16.0 48.0 1984.0 48.0 2112.0 2224.0 16.0 16.0 32.0
16.0 32.0 48.0 64.0 3072.0 80.0 32.0 16.0 16.0 16.0 64.0 16.0 48.0 64.0 16.0 16.0 16.0 16.0 32.0 16.0 32.0 848.0 48.0 32.0 96.0 64.0 32.0 16.0 672.0 336.0 16.0 32.0 16.0 64.0 128.0 64.0 48.0 16.0 16.0 16.0 16.0 32.0 336.0 32.0 16.0 16.0 32.0 48.0 48.0 16.0 16.0 752.0 16.0 160.0 48.0 2544.0 400.0 32.0 16.0 16.0 1392.0 128.0 64.0 16.0 32.0 32.0 16.0 16.0 16.0 32.0 48.0 112.0 1888.0 16.0 2048.0 16.0 16.0 16.0 16.0 32.0
16.0 32.0 48.0 112.0 2624.0 16.0 32.0 16.0 16.0 16.0 16.0 32.0 64.0 16.0 96.0 80.0 16.0 16.0 32.0 48.0 64.0 608.0 192.0 16.0 16.0 16.0 16.0 16.0 304.0 16.0 304.0 256.0 112.0 16.0 48.0 48.0 16.0 16.0 16.0 48.0 32.0 720.0 16.0 96.0 80.0 48.0 16.0 160.0 48.0 16.0 16.0 592.0 112.0 144.0 32.0 2528.0 352.0 32.0 16.0 1120.0 240.0 16.0 112.0 48.0 32.0 16.0 16.0 16.0 16.0 32.0 48.0 1744.0 16.0 16.0 16.0 16.0 16.0 32.0 48.0 64.0
16.0 32.0 48.0 16.0 2608.0 16.0 64.0 48.0 16.0 32.0 16.0 16.0 32.0 112.0 176.0 448.0 16.0 16.0 32.0 48.0 64.0 528.0 16.0 144.0 128.0 48.0 32.0 16.0 16.0 272.0 32.0 16.0 128.0 80.0 32.0 32.0 16.0 16.0 16.0 16.0 912.0 16.0 320.0 288.0 272.0 256.0 224.0 48.0 32.0 16.0 304.0 272.0 96.0 128.0 16.0 2512.0 304.0 32.0 16.0 1104.0 128.0 96.0 16.0 80.0 16.0 16.0 16.0 16.0 48.0 64.0 80.0 1648.0 16.0 16.0 16.0 48.0 16.0 48.0 16.0 32.0
16.0 32.0 48.0 64.0 80.0 2416.0 96.0 80.0 64.0 16.0 16.0 16.0 32.0 48.0 80.0 32.0 512.0 16.0 32.0 48.0 64.0 448.0 304.0 32.0 16.0 64.0 48.0 16.0 32.0 32.0 160.0 16.0 64.0 48.0 32.0 16.0 16.0 32.0 16.0 32.0 64.0 16.0 16.0 16.0 32.0 16.0 64.0 48.0 32.0 16.0 288.0 256.0 80.0 16.0 96.0 2496.0 256.0 32.0 16.0 1088.0 96.0 16.0 80.0 32.0 16.0 16.0 16.0 48.0 64.0 16.0 1616.0 16.0 16.0 64.0 240.0 16.0 16.0 16.0 80.0 96.0
16.0 32.0 48.0 64.0 16.0 2240.0 80.0 64.0 48.0 32.0 16.0 16.0 16.0 64.0 16.0 16.0 544.0 16.0 16.0 16.0 32.0 16.0 16.0 256.0 48.0 32.0 16.0 16.0 16.0 16.0 112.0 16.0 16.0 32.0 32.0 16.0 16.0 16.0 48.0 80.0 32.0 16.0 16.0 1968.0 208.0 192.0 112.0 96.0 32.0 16.0 272.0 240.0 48.0 16.0 80.0 2480.0 224.0 16.0 16.0 1072.0 64.0 16.0 64.0 16.0 16.0 16.0 608.0 624.0 16.0 96.0 1536.0 48.0 16.0 96.0 160.0 16.0 32.0 16.0 32.0 48.0
16.0 32.0 48.0 64.0 80.0 96.0 2032.0 80.0 64.0 48.0 16.0 16.0 16.0 32.0 16.0 16.0 32.0 560.0 32.0 32.0 48.0 48.0 32.0 16.0 192.0 64.0 48.0 32.0 16.0 16.0 16.0 64.0 48.0 32.0 16.0 16.0 16.0 32.0 32.0 192.0 32.0 16.0 16.0 1664.0 1088.0 1072.0 64.0 32.0 48.0 16.0 256.0 208.0 16.0 32.0 64.0 2464.0 192.0 16.0 16.0 160.0 880.0 48.0 16.0 16.0 48.0 560.0 32.0 48.0 768.0 784.0 640.0 32.0 16.0 48.0 48.0 16.0 144.0 16.0 32.0 48.0
16.0 32.0 48.0 160.0 176.0 192.0 1936.0 48.0 32.0 16.0 16.0 16.0 64.0 80.0 96.0 32.0 48.0 48.0 576.0 624.0 4928.0 5232.0 80.0 64.0 16.0 112.0 48.0 32.0 16.0 16.0 32.0 176.0 32.0 16.0 16.0 16.0 16.0 32.0 48.0 272.0 48.0 16.0 16.0 560.0 48.0 32.0 992.0 16.0 16.0 32.0 240.0 160.0 32.0 16.0 48.0 2448.0 160.0 16.0 16.0 96.0 32.0 864.0 32.0 16.0 32.0 496.0 16.0 80.0 16.0 32.0 592.0 16.0 16.0 16.0 32.0 16.0 96.0 16.0 32.0 48.0
16.0 32.0 96.0 16.0 32.0 48.0 1632.0 64.0 48.0 32.0 16.0 16.0 32.0 48.0 64.0 176.0 192.0 256.0 320.0 448.0 3792.0 32.0 128.0 16.0 32.0 16.0 48.0 32.0 16.0 16.0 32.0 64.0 48.0 32.0 16.0 16.0 32.0 64.0 400.0 64.0 16.0 16.0 16.0 432.0 32.0 16.0 16.0 976.0 112.0 16.0 128.0 96.0 144.0 16.0 32.0 2432.0 128.0 16.0 16.0 64.0 16.0 16.0 832.0 16.0 16.0 480.0 48.0 16.0 16.0 64.0 480.0 32.0 16.0 16.0 16.0 64.0 16.0 16.0 32.0 112.0
16.0 48.0 16.0 32.0 48.0 64.0 1488.0 48.0 32.0 16.0 16.0 16.0 16.0 32.0 48.0 64.0 80.0 96.0 112.0 16.0 3776.0 16.0 16.0 96.0 80.0 64.0 48.0 32.0 16.0 16.0 16.0 16.0 32.0 16.0 16.0 16.0 48.0 816.0 80.0 16.0 48.0 16.0 16.0 128.0 272.0 256.0 192.0 16.0 848.0 96.0 16.0 96.0 80.0 128.0 16.0 2400.0 16.0 112.0 16.0 16.0 16.0 752.0 32.0 16.0 16.0 448.0 16.0 16.0 32.0 16.0 304.0 160.0 48.0 16.0 16.0 16.0 32.0 48.0 64.0 1120.0
16.0 16.0 32.0 48.0 64.0 80.0 1424.0 64.0 48.0 32.0 16.0 16.0 32.0 48.0 64.0 128.0 144.0 16.0 32.0 16.0 2912.0 816.0 16.0 32.0 16.0 48.0 32.0 16.0 16.0 16.0 48.0 160.0 32.0 16.0 16.0 32.0 48.0 176.0 48.0 48.0 16.0 16.0 16.0 16.0 80.0 64.0 48.0 160.0 32.0 832.0 80.0 48.0 32.0 64.0 112.0 2352.0 32.0 16.0 80.0 16.0 16.0 720.0 16.0 16.0 32.0 432.0 16.0 16.0 32.0 64.0 208.0 96.0 16.0 16.0 16.0 16.0 16.0 32.0 48.0 1056.0
16.0 32.0 48.0 64.0 80.0 256.0 976.0 32.0 16.0 64.0 32.0 16.0 16.0 32.0 48.0 64.0 96.0 256.0 272.0 2800.0 48.0 32.0 784.0 768.0 64.0 512.0 64.0 48.0 16.0 16.0 32.0 2752.0 2544.0 32.0 16.0 16.0 16.0 32.0 32.0 32.0 16.0 16.0 32.0 1472.0 208.0 128.0 48.0 32.0 112.0 16.0 816.0 64.0 32.0 16.0 48.0 96.0 2336.0 16.0 48.0 16.0 656.0 32.0 16.0 16.0 48.0 304.0 16.0 16.0 16.0 32.0 160.0 48.0 16.0 16.0 48.0 16.0 16.0 32.0 48.0 992.0
16.0 48.0 96.0 112.0 160.0 32.0 32.0 896.0 96.0 16.0 16.0 16.0 16.0 32.0 48.0 16.0 16.0 32.0 480.0 2000.0 16.0 16.0 16.0 656.0 544.0 16.0 432.0 32.0 16.0 16.0 32.0 208.0 16.0 2496.0 96.0 64.0 16.0 16.0 16.0 16.0 16.0 16.0 512.0 704.0 112.0 64.0 112.0 32.0 16.0 96.0 736.0 64.0 48.0 16.0 32.0 80.0 2288.0 32.0 16.0 16.0 624.0 16.0 16.0 16.0 32.0 128.0 128.0 16.0 16.0 80.0 64.0 16.0 16.0 432.0 560.0 16.0 16.0 32.0 96.0 880.0
16.0 32.0 16.0 32.0 16.0 16.0 112.0 624.0 48.0 32.0 32.0 16.0 16.0 32.0 16.0 16.0 32.0 48.0 256.0 176.0 1984.0 48.0 16.0 96.0 32.0 16.0 384.0 48.0 16.0 16.0 80.0 64.0 16.0 80.0 2304.0 2272.0 1040.0 32.0 16.0 16.0 16.0 16.0 464.0 576.0 176.0 96.0 48.0 96.0 16.0 64.0 16.0 720.0 48.0 32.0 16.0 64.0 2128.0 144.0 16.0 288.0 192.0 128.0 32.0 16.0 96.0 16.0 16.0 80.0 32.0 32.0 32.0 16.0 416.0 16.0 16.0 16.0 32.0 48.0 864.0 16.0
16.0 32.0 48.0 64.0 80.0 96.0 112.0 32.0 464.0 80.0 32.0 16.0 16.0 32.0 96.0 16.0 16.0 128.0 64.0 160.0 1904.0 16.0 16.0 16.0 32.0 16.0 272.0 48.0 16.0 16.0 32.0 16.0 16.0 64.0 16.0 176.0 1040.0 976.0 48.0 16.0 48.0 16.0 448.0 208.0 176.0 160.0 80.0 32.0 80.0 32.0 16.0 640.0 64.0 32.0 16.0 48.0 2112.0 96.0 16.0 272.0 32.0 144.0 80.0 16.0 64.0 16.0 48.0 16.0 16.0 16.0 16.0 304.0 96.0 16.0 208.0 16.0 32.0 96.0 752.0 16.0
16.0 32.0 48.0 64.0 80.0 96.0 16.0 16.0 352.0 48.0 32.0 16.0 16.0 16.0 112.0 16.0 96.0 16.0 32.0 144.0 16.0 1872.0 208.0 176.0 80.0 64.0 48.0 256.0 32.0 16.0 16.0 16.0 16.0 16.0 32.0 112.0 48.0 1024.0 912.0 864.0 800.0 720.0 336.0 96.0 192.0 160.0 144.0 64.0 16.0 64.0 16.0 512.0 112.0 48.0 16.0 32.0 2096.0 64.0 16.0 256.0 16.0 112.0 16.0 64.0 16.0 48.0 16.0 16.0 16.0 32.0 272.0 16.0 80.0 16.0 160.0 16.0 48.0 48.0 688.0 16.0
