testcase_input/parameters/sve_dem_raw_d8p_flowacc.txt
NCOLS         214
NROWS         263
XLLCORNER     382500.0
YLLCORNER     7541702.0
CELLSIZE      16.0
NODATA_VALUE  -9999
[rows 36 to 71 of 263, columns 80 to 159 of 214]
80.0 48.0 16.0 48.0 16.0 16.0 32.0 32.0 16.0 16.0 64.0 7920.0 16.0 208.0 3216.0 3168.0 16.0 16.0 720.0 16.0 448.0 432.0 416.0 400.0 384.0 368.0 352.0 336.0 320.0 304.0 288.0 272.0 256.0 240.0 224.0 208.0 192.0 176.0 160.0 144.0 128.0 112.0 96.0 80.0 64.0 48.0 32.0 16.0 160.0 144.0 128.0 112.0 96.0 80.0 64.0 48.0 32.0 16.0 16.0 32.0 16.0 16.0 32.0 80.0 96.0 480.0 160.0 976.0 80.0 16.0 16.0 48.0 32.0 16.0 16.0 48.0 32.0 224.0 928.0 16.0
32.0 16.0 80.0 16.0 16.0 16.0 16.0 16.0 16.0 16.0 16.0 7808.0 16.0 192.0 16.0 16.0 3136.0 832.0 816.0 688.0 672.0 656.0 640.0 624.0 608.0 592.0 576.0 560.0 544.0 528.0 512.0 496.0 480.0 464.0 448.0 432.0 416.0 400.0 384.0 368.0 352.0 336.0 320.0 304.0 288.0 272.0 256.0 240.0 64.0 48.0 32.0 16.0 16.0 80.0 64.0 48.0 32.0 16.0 16.0 16.0 16.0 16.0 32.0 128.0 144.0 224.0 144.0 32.0 848.0 48.0 16.0 16.0 16.0 16.0 32.0 16.0 32.0 176.0 64.0 848.0
16.0 16.0 96.0 48.0 16.0 16.0 16.0 32.0 176.0 16.0 32.0 6176.0 1616.0 16.0 176.0 64.0 16.0 2272.0 16.0 800.0 400.0 384.0 368.0 352.0 336.0 320.0 304.0 288.0 272.0 256.0 240.0 224.0 208.0 192.0 176.0 160.0 144.0 128.0 112.0 96.0 80.0 64.0 48.0 32.0 16.0 224.0 208.0 192.0 176.0 160.0 144.0 128.0 96.0 48.0 32.0 16.0 48.0 32.0 16.0 16.0 16.0 64.0 80.0 16.0 32.0 176.0 96.0 32.0 16.0 832.0 16.0 16.0 32.0 16.0 16.0 16.0 16.0 144.0 48.0 160.0
48.0 16.0 112.0 80.0 32.0 32.0 16.0 16.0 96.0 16.0 5984.0 144.0 1552.0 32.0 16.0 96.0 32.0 16.0 2240.0 2192.0 384.0 368.0 352.0 336.0 320.0 304.0 288.0 272.0 256.0 240.0 224.0 208.0 192.0 176.0 160.0 144.0 128.0 112.0 96.0 80.0 64.0 48.0 32.0 16.0 512.0 272.0 256.0 240.0 224.0 208.0 192.0 176.0 160.0 96.0 80.0 64.0 16.0 32.0 32.0 16.0 16.0 16.0 32.0 48.0 64.0 96.0 48.0 32.0 16.0 16.0 800.0 608.0 512.0 496.0 80.0 16.0 80.0 48.0 32.0 144.0
16.0 128.0 16.0 128.0 64.0 16.0 16.0 16.0 64.0 16.0 80.0 5872.0 128.0 1536.0 32.0 16.0 80.0 64.0 32.0 32.0 2176.0 960.0 944.0 928.0 912.0 896.0 880.0 864.0 848.0 832.0 816.0 800.0 784.0 768.0 752.0 736.0 720.0 704.0 688.0 672.0 656.0 640.0 624.0 608.0 80.0 64.0 48.0 32.0 16.0 96.0 80.0 64.0 48.0 32.0 16.0 32.0 48.0 48.0 64.0 32.0 16.0 16.0 32.0 16.0 32.0 16.0 32.0 32.0 16.0 16.0 144.0 32.0 16.0 400.0 32.0 16.0 64.0 32.0 16.0 128.0
144.0 32.0 16.0 272.0 64.0 48.0 16.0 16.0 32.0 16.0 32.0 5856.0 80.0 32.0 1488.0 48.0 32.0 16.0 16.0 16.0 16.0 1200.0 1184.0 1168.0 1152.0 1136.0 1120.0 1104.0 1088.0 1072.0 1056.0 1040.0 1024.0 1008.0 992.0 976.0 960.0 944.0 928.0 912.0 896.0 880.0 864.0 848.0 832.0 816.0 800.0 784.0 768.0 656.0 592.0 576.0 144.0 128.0 112.0 64.0 144.0 80.0 32.0 16.0 16.0 16.0 32.0 80.0 48.0 32.0 16.0 16.0 16.0 16.0 96.0 16.0 16.0 96.0 288.0 16.0 48.0 16.0 16.0 96.0
80.0 32.0 288.0 48.0 32.0 16.0 16.0 16.0 32.0 16.0 16.0 5824.0 16.0 64.0 16.0 1424.0 1392.0 1360.0 1328.0 752.0 736.0 720.0 704.0 688.0 672.0 656.0 640.0 624.0 608.0 592.0 576.0 560.0 352.0 336.0 320.0 304.0 288.0 272.0 256.0 240.0 224.0 208.0 192.0 176.0 160.0 144.0 128.0 48.0 32.0 16.0 48.0 16.0 416.0 400.0 16.0 160.0 16.0 64.0 16.0 32.0 16.0 16.0 32.0 176.0 144.0 80.0 64.0 48.0 16.0 16.0 16.0 48.0 32.0 16.0 80.0 272.0 16.0 16.0 80.0 16.0
16.0 304.0 96.0 32.0 16.0 32.0 16.0 16.0 16.0 512.0 400.0 16.0 5808.0 16.0 32.0 16.0 16.0 16.0 16.0 560.0 544.0 176.0 160.0 144.0 128.0 112.0 96.0 80.0 64.0 48.0 32.0 16.0 192.0 176.0 160.0 144.0 128.0 112.0 96.0 80.0 64.0 48.0 32.0 16.0 48.0 32.0 16.0 64.0 48.0 32.0 16.0 16.0 32.0 16.0 368.0 192.0 160.0 80.0 64.0 16.0 16.0 32.0 16.0 416.0 64.0 48.0 32.0 16.0 16.0 16.0 416.0 144.0 96.0 48.0 16.0 64.0 256.0 16.0 64.0 16.0
320.0 352.0 240.0 224.0 208.0 160.0 128.0 32.0 16.0 16.0 368.0 304.0 256.0 5536.0 5520.0 5472.0 3216.0 2320.0 2304.0 32.0 16.0 352.0 336.0 320.0 304.0 288.0 272.0 256.0 240.0 224.0 208.0 192.0 176.0 160.0 144.0 128.0 112.0 96.0 80.0 64.0 48.0 32.0 16.0 272.0 208.0 192.0 176.0 160.0 144.0 128.0 112.0 96.0 48.0 32.0 16.0 16.0 64.0 48.0 32.0 16.0 16.0 32.0 80.0 448.0 16.0 48.0 32.0 16.0 16.0 48.0 112.0 80.0 32.0 32.0 16.0 48.0 208.0 16.0 48.0 64.0
416.0 48.0 32.0 16.0 48.0 32.0 16.0 80.0 16.0 16.0 16.0 16.0 288.0 240.0 32.0 16.0 2240.0 880.0 16.0 2256.0 848.0 832.0 816.0 800.0 784.0 768.0 752.0 736.0 720.0 704.0 688.0 672.0 656.0 640.0 624.0 608.0 592.0 576.0 560.0 544.0 528.0 512.0 496.0 208.0 192.0 176.0 160.0 144.0 128.0 112.0 96.0 80.0 64.0 48.0 32.0 128.0 48.0 32.0 16.0 16.0 16.0 32.0 688.0 112.0 96.0 80.0 64.0 48.0 16.0 32.0 16.0 96.0 64.0 16.0 16.0 32.0 176.0 16.0 32.0 48.0
176.0 160.0 144.0 128.0 64.0 48.0 16.0 32.0 16.0 16.0 1808.0 1776.0 16.0 256.0 224.0 16.0 2208.0 16.0 848.0 32.0 1392.0 816.0 800.0 784.0 256.0 240.0 224.0 208.0 192.0 176.0 160.0 144.0 128.0 112.0 96.0 80.0 64.0 48.0 32.0 16.0 208.0 192.0 176.0 160.0 144.0 128.0 112.0 96.0 80.0 64.0 48.0 32.0 16.0 16.0 208.0 64.0 48.0 32.0 16.0 16.0 32.0 64.0 1216.0 448.0 432.0 368.0 320.0 304.0 272.0 256.0 32.0 16.0 80.0 48.0 32.0 16.0 144.0 16.0 16.0 32.0
96.0 80.0 64.0 48.0 32.0 16.0 16.0 16.0 16.0 16.0 3680.0 1728.0 1760.0 224.0 16.0 192.0 16.0 2192.0 2144.0 800.0 16.0 560.0 32.0 16.0 512.0 496.0 480.0 464.0 448.0 432.0 416.0 400.0 384.0 368.0 352.0 336.0 320.0 304.0 288.0 272.0 48.0 32.0 16.0 64.0 48.0 32.0 16.0 16.0 16.0 16.0 64.0 48.0 32.0 224.0 80.0 64.0 48.0 32.0 16.0 32.0 16.0 16.0 112.0 96.0 48.0 48.0 32.0 16.0 16.0 16.0 192.0 128.0 112.0 64.0 16.0 16.0 16.0 112.0 16.0 16.0
96.0 80.0 64.0 48.0 32.0 16.0 16.0 32.0 96.0 16.0 32.0 64.0 1712.0 1744.0 208.0 144.0 16.0 16.0 16.0 2128.0 784.0 752.0 512.0 496.0 480.0 464.0 448.0 432.0 416.0 400.0 384.0 368.0 352.0 336.0 320.0 304.0 288.0 272.0 256.0 240.0 224.0 208.0 192.0 112.0 96.0 80.0 64.0 32.0 112.0 80.0 32.0 16.0 240.0 112.0 16.0 48.0 32.0 16.0 16.0 16.0 48.0 240.0 32.0 16.0 32.0 32.0 32.0 16.0 16.0 32.0 16.0 48.0 32.0 96.0 32.0 16.0 16.0 80.0 32.0 16.0
48.0 32.0 16.0 32.0 16.0 16.0 16.0 32.0 16.0 192.0 16.0 16.0 48.0 1696.0 1728.0 192.0 128.0 96.0 48.0 32.0 2112.0 16.0 736.0 720.0 304.0 288.0 272.0 256.0 240.0 224.0 208.0 192.0 176.0 160.0 144.0 128.0 112.0 96.0 80.0 64.0 48.0 32.0 16.0 16.0 16.0 32.0 16.0 128.0 64.0 48.0 16.0 512.0 256.0 128.0 112.0 48.0 32.0 16.0 16.0 48.0 16.0 256.0 48.0 32.0 16.0 16.0 16.0 16.0 688.0 176.0 48.0 32.0 16.0 16.0 80.0 64.0 32.0 16.0 16.0 64.0
128.0 112.0 96.0 48.0 32.0 16.0 16.0 16.0 16.0 16.0 16.0 80.0 48.0 32.0 1680.0 1712.0 176.0 16.0 32.0 16.0 16.0 2096.0 208.0 176.0 400.0 384.0 368.0 352.0 336.0 320.0 304.0 288.0 272.0 256.0 240.0 224.0 208.0 192.0 176.0 160.0 144.0 128.0 112.0 80.0 48.0 16.0 144.0 656.0 576.0 560.0 528.0 16.0 96.0 80.0 64.0 48.0 32.0 16.0 32.0 16.0 96.0 384.0 64.0 48.0 32.0 16.0 32.0 960.0 256.0 448.0 112.0 48.0 32.0 16.0 256.0 112.0 80.0 16.0 192.0 64.0
176.0 160.0 144.0 128.0 112.0 80.0 48.0 16.0 32.0 16.0 480.0 384.0 16.0 32.0 16.0 1664.0 1696.0 160.0 64.0 48.0 32.0 16.0 1872.0 16.0 160.0 144.0 128.0 112.0 96.0 80.0 64.0 48.0 32.0 16.0 160.0 144.0 128.0 112.0 96.0 80.0 64.0 48.0 32.0 16.0 1136.0 1104.0 944.0 272.0 256.0 240.0 224.0 192.0 80.0 64.0 48.0 32.0 16.0 16.0 96.0 16.0 16.0 3264.0 64.0 48.0 32.0 16.0 1104.0 96.0 16.0 240.0 432.0 48.0 32.0 16.0 128.0 96.0 16.0 64.0 32.0 16.0
208.0 96.0 80.0 64.0 48.0 32.0 16.0 16.0 2800.0 528.0 32.0 16.0 368.0 352.0 16.0 16.0 1632.0 1680.0 80.0 64.0 48.0 32.0 16.0 1856.0 1840.0 1824.0 1808.0 1792.0 1776.0 1760.0 1744.0 1728.0 1712.0 1696.0 1520.0 1504.0 1488.0 1472.0 1456.0 1440.0 1424.0 1408.0 1392.0 1376.0 224.0 208.0 192.0 176.0 160.0 144.0 128.0 112.0 96.0 80.0 64.0 48.0 32.0 128.0 16.0 32.0 16.0 2672.0 48.0 32.0 16.0 1120.0 64.0 48.0 64.0 16.0 224.0 416.0 128.0 112.0 80.0 16.0 80.0 32.0 16.0 16.0
16.0 96.0 80.0 64.0 48.0 32.0 16.0 2848.0 16.0 2224.0 192.0 176.0 160.0 16.0 336.0 64.0 1600.0 16.0 1664.0 1200.0 1184.0 1168.0 1152.0 1136.0 1120.0 1104.0 1088.0 1072.0 1056.0 1040.0 1024.0 1008.0 992.0 976.0 960.0 944.0 928.0 912.0 880.0 160.0 144.0 128.0 112.0 96.0 80.0 64.0 48.0 32.0 16.0 464.0 448.0 432.0 416.0 400.0 256.0 240.0 224.0 80.0 48.0 16.0 16.0 2608.0 1168.0 1152.0 1136.0 112.0 32.0 16.0 32.0 32.0 32.0 176.0 272.0 48.0 16.0 64.0 32.0 64.0 16.0 16.0
96.0 80.0 64.0 48.0 32.0 16.0 2912.0 48.0 32.0 16.0 2016.0 16.0 16.0 128.0 16.0 256.0 48.0 1584.0 320.0 448.0 432.0 416.0 400.0 384.0 368.0 352.0 336.0 320.0 304.0 288.0 272.0 256.0 240.0 224.0 208.0 192.0 176.0 160.0 16.0 704.0 688.0 672.0 656.0 640.0 624.0 608.0 592.0 576.0 560.0 80.0 64.0 48.0 32.0 16.0 128.0 112.0 96.0 48.0 16.0 32.0 16.0 48.0 1344.0 896.0 880.0 752.0 48.0 32.0 16.0 16.0 16.0 16.0 160.0 208.0 32.0 16.0 16.0 16.0 48.0 128.0
16.0 32.0 16.0 32.0 16.0 2928.0 32.0 16.0 32.0 16.0 1808.0 176.0 144.0 16.0 96.0 64.0 240.0 32.0 1248.0 304.0 288.0 272.0 256.0 240.0 224.0 208.0 192.0 176.0 160.0 144.0 128.0 112.0 96.0 80.0 64.0 48.0 32.0 16.0 144.0 128.0 112.0 96.0 80.0 64.0 48.0 32.0 16.0 16.0 64.0 48.0 32.0 16.0 80.0 64.0 48.0 32.0 16.0 32.0 32.0 16.0 16.0 32.0 432.0 48.0 32.0 16.0 688.0 672.0 16.0 16.0 16.0 144.0 16.0 144.0 192.0 80.0 64.0 16.0 32.0 112.0
64.0 16.0 3008.0 2960.0 2944.0 48.0 16.0 48.0 32.0 16.0 16.0 1776.0 16.0 112.0 80.0 16.0 48.0 224.0 16.0 1232.0 64.0 48.0 32.0 16.0 752.0 736.0 720.0 704.0 688.0 672.0 656.0 640.0 624.0 608.0 592.0 576.0 560.0 544.0 528.0 512.0 496.0 480.0 464.0 448.0 432.0 416.0 400.0 368.0 288.0 272.0 256.0 240.0 144.0 128.0 112.0 96.0 80.0 32.0 16.0 16.0 16.0 1680.0 16.0 368.0 352.0 336.0 32.0 16.0 640.0 528.0 496.0 320.0 112.0 64.0 128.0 96.0 48.0 32.0 16.0 96.0
16.0 3024.0 16.0 16.0 96.0 32.0 64.0 80.0 32.0 16.0 16.0 1744.0 1712.0 16.0 16.0 64.0 32.0 32.0 208.0 176.0 1152.0 1136.0 1120.0 1104.0 336.0 320.0 304.0 288.0 272.0 256.0 240.0 224.0 208.0 192.0 176.0 160.0 144.0 128.0 112.0 96.0 80.0 64.0 48.0 32.0 16.0 16.0 16.0 160.0 144.0 128.0 112.0 96.0 80.0 64.0 48.0 32.0 16.0 32.0 16.0 16.0 48.0 16.0 1568.0 464.0 448.0 288.0 288.0 272.0 16.0 80.0 64.0 16.0 304.0 32.0 48.0 112.0 32.0 32.0 16.0 80.0
3072.0 32.0 32.0 128.0 16.0 176.0 96.0 80.0 64.0 48.0 16.0 16.0 16.0 1680.0 1664.0 1648.0 16.0 16.0 16.0 16.0 160.0 144.0 128.0 112.0 96.0 80.0 64.0 48.0 32.0 16.0 528.0 512.0 496.0 480.0 464.0 448.0 432.0 416.0 400.0 384.0 368.0 352.0 336.0 320.0 304.0 272.0 240.0 64.0 48.0 32.0 16.0 112.0 96.0 80.0 64.0 48.0 32.0 16.0 16.0 16.0 32.0 976.0 16.0 96.0 16.0 144.0 272.0 16.0 240.0 224.0 16.0 48.0 32.0 288.0 16.0 32.0 96.0 16.0 16.0 64.0
16.0 48.0 144.0 16.0 192.0 128.0 112.0 16.0 16.0 48.0 32.0 240.0 224.0 208.0 176.0 16.0 1632.0 1616.0 176.0 160.0 144.0 128.0 112.0 96.0 80.0 64.0 48.0 32.0 16.0 752.0 208.0 192.0 176.0 160.0 144.0 128.0 112.0 96.0 80.0 64.0 48.0 32.0 16.0 368.0 352.0 336.0 320.0 304.0 288.0 272.0 256.0 128.0 112.0 96.0 80.0 64.0 48.0 32.0 16.0 16.0 16.0 576.0 336.0 32.0 64.0 16.0 128.0 240.0 224.0 192.0 192.0 144.0 128.0 16.0 272.0 96.0 16.0 80.0 64.0 16.0
64.0 160.0 32.0 208.0 144.0 16.0 16.0 32.0 80.0 16.0 2400.0 2144.0 2128.0 16.0 16.0 144.0 48.0 32.0 1424.0 144.0 128.0 112.0 96.0 80.0 64.0 48.0 32.0 16.0 768.0 208.0 192.0 176.0 160.0 144.0 128.0 112.0 96.0 80.0 64.0 48.0 32.0 16.0 640.0 256.0 240.0 224.0 208.0 192.0 176.0 160.0 144.0 128.0 112.0 96.0 80.0 64.0 48.0 32.0 16.0 16.0 32.0 496.0 32.0 288.0 16.0 32.0 16.0 112.0 80.0 16.0 176.0 32.0 16.0 112.0 64.0 160.0 80.0 64.0 32.0 32.0
176.0 272.0 224.0 160.0 32.0 32.0 48.0 96.0 2432.0 2416.0 80.0 64.0 16.0 2096.0 2064.0 16.0 80.0 16.0 16.0 1264.0 1232.0 880.0 864.0 848.0 832.0 816.0 800.0 784.0 224.0 16.0 176.0 160.0 144.0 128.0 112.0 96.0 80.0 64.0 48.0 32.0 16.0 896.0 240.0 224.0 208.0 192.0 176.0 160.0 144.0 128.0 112.0 96.0 80.0 64.0 48.0 32.0 16.0 16.0 16.0 16.0 16.0 48.0 416.0 16.0 272.0 256.0 240.0 16.0 16.0 64.0 32.0 160.0 32.0 16.0 32.0 48.0 144.0 32.0 16.0 16.0
304.0 16.0 224.0 48.0 48.0 2736.0 2672.0 2560.0 112.0 96.0 32.0 16.0 32.0 16.0 16.0 2032.0 2000.0 48.0 32.0 16.0 16.0 336.0 320.0 304.0 288.0 272.0 256.0 240.0 1568.0 1536.0 1344.0 1328.0 1312.0 1296.0 1280.0 1264.0 1248.0 1232.0 1216.0 1200.0 1184.0 272.0 256.0 240.0 224.0 208.0 192.0 176.0 160.0 144.0 128.0 112.0 96.0 80.0 64.0 48.0 32.0 32.0 32.0 32.0 16.0 16.0 16.0 400.0 384.0 336.0 16.0 208.0 192.0 176.0 16.0 16.0 112.0 96.0 80.0 16.0 32.0 96.0 16.0 16.0
16.0 3120.0 2880.0 2864.0 2800.0 48.0 32.0 16.0 16.0 64.0 16.0 15376.0 15360.0 15312.0 16.0 16.0 16.0 1984.0 1968.0 1952.0 1936.0 1920.0 1904.0 1888.0 1872.0 32.0 16.0 1584.0 192.0 176.0 160.0 144.0 128.0 112.0 96.0 80.0 64.0 48.0 32.0 16.0 208.0 192.0 176.0 160.0 144.0 128.0 112.0 96.0 80.0 64.0 48.0 32.0 16.0 96.0 80.0 64.0 48.0 48.0 64.0 16.0 16.0 16.0 48.0 32.0 16.0 32.0 304.0 48.0 32.0 16.0 160.0 80.0 64.0 48.0 32.0 64.0 32.0 16.0 80.0 16.0
19296.0 16160.0 16144.0 16128.0 48.0 32.0 16.0 15648.0 15616.0 15536.0 15520.0 128.0 112.0 32.0 15280.0 2896.0 2800.0 2784.0 2528.0 2496.0 2464.0 64.0 48.0 32.0 16.0 1824.0 1808.0 208.0 80.0 64.0 48.0 32.0 16.0 16.0 32.0 16.0 624.0 608.0 592.0 576.0 352.0 336.0 320.0 304.0 288.0 272.0 256.0 240.0 224.0 208.0 192.0 176.0 160.0 48.0 32.0 16.0 64.0 80.0 16.0 32.0 16.0 80.0 64.0 48.0 32.0 16.0 16.0 240.0 224.0 208.0 192.0 64.0 48.0 32.0 16.0 16.0 16.0 16.0 16.0 16.0
128.0 112.0 96.0 16.0 16064.0 15904.0 15760.0 96.0 80.0 64.0 48.0 32.0 16.0 96.0 16.0 12352.0 80.0 48.0 240.0 16.0 16.0 2384.0 2352.0 304.0 288.0 272.0 256.0 240.0 144.0 128.0 112.0 96.0 80.0 48.0 656.0 640.0 272.0 256.0 240.0 224.0 208.0 192.0 176.0 160.0 144.0 128.0 112.0 96.0 80.0 64.0 48.0 32.0 16.0 112.0 96.0 80.0 96.0 112.0 80.0 32.0 16.0 768.0 608.0 592.0 576.0 560.0 544.0 64.0 48.0 32.0 16.0 176.0 144.0 96.0 80.0 64.0 48.0 16.0 16.0 32.0
96.0 80.0 64.0 64.0 32.0 144.0 128.0 112.0 96.0 80.0 64.0 48.0 32.0 16.0 80.0 16.0 12336.0 16.0 32.0 224.0 32.0 16.0 16.0 2032.0 2000.0 1952.0 1936.0 784.0 768.0 752.0 736.0 720.0 704.0 688.0 16.0 288.0 256.0 240.0 224.0 208.0 192.0 176.0 160.0 144.0 128.0 112.0 96.0 80.0 64.0 48.0 32.0 16.0 128.0 144.0 128.0 112.0 128.0 16.0 16.0 16.0 800.0 96.0 80.0 64.0 48.0 32.0 16.0 464.0 448.0 400.0 384.0 16.0 16.0 32.0 16.0 32.0 16.0 16.0 16.0 48.0
48.0 32.0 16.0 48.0 16.0 16.0 128.0 112.0 96.0 80.0 64.0 48.0 32.0 16.0 16.0 32.0 16.0 12320.0 16.0 16.0 176.0 160.0 128.0 16.0 16.0 32.0 16.0 1136.0 1120.0 896.0 880.0 864.0 848.0 832.0 816.0 512.0 240.0 224.0 208.0 192.0 176.0 160.0 144.0 128.0 112.0 96.0 80.0 64.0 48.0 32.0 16.0 144.0 192.0 32.0 16.0 144.0 32.0 64.0 32.0 816.0 112.0 128.0 112.0 96.0 80.0 64.0 48.0 32.0 16.0 32.0 16.0 352.0 336.0 64.0 48.0 32.0 16.0 16.0 16.0 16.0
592.0 576.0 560.0 16.0 32.0 16.0 128.0 112.0 96.0 80.0 64.0 48.0 32.0 16.0 16.0 16.0 112.0 64.0 12288.0 48.0 32.0 16.0 16.0 96.0 80.0 64.0 48.0 32.0 16.0 208.0 192.0 176.0 160.0 144.0 128.0 112.0 96.0 80.0 64.0 48.0 32.0 16.0 128.0 112.0 96.0 80.0 64.0 48.0 32.0 16.0 16.0 704.0 352.0 336.0 320.0 160.0 112.0 32.0 16.0 944.0 144.0 32.0 16.0 96.0 80.0 64.0 48.0 32.0 16.0 64.0 48.0 32.0 16.0 256.0 112.0 64.0 48.0 16.0 16.0 16.0
336.0 320.0 304.0 528.0 400.0 384.0 240.0 224.0 208.0 192.0 176.0 48.0 32.0 16.0 16.0 4688.0 368.0 32.0 48.0 12224.0 12208.0 11296.0 11280.0 11264.0 11248.0 11232.0 11216.0 480.0 464.0 448.0 432.0 416.0 400.0 384.0 368.0 352.0 336.0 320.0 304.0 288.0 272.0 256.0 112.0 96.0 80.0 64.0 48.0 32.0 16.0 16.0 848.0 112.0 96.0 80.0 64.0 48.0 32.0 16.0 16.0 1152.0 48.0 128.0 112.0 176.0 160.0 144.0 128.0 112.0 96.0 16.0 32.0 16.0 32.0 16.0 128.0 112.0 96.0 80.0 48.0 16.0
48.0 32.0 16.0 288.0 112.0 96.0 80.0 64.0 48.0 32.0 16.0 112.0 48.0 16.0 16.0 3712.0 416.0 352.0 16.0 32.0 16.0 896.0 880.0 864.0 848.0 832.0 768.0 10720.0 10624.0 10576.0 10272.0 10112.0 10096.0 10080.0 10064.0 3136.0 3120.0 3104.0 3088.0 3072.0 3056.0 3040.0 3008.0 2976.0 96.0 80.0 64.0 48.0 32.0 976.0 112.0 96.0 80.0 64.0 48.0 32.0 16.0 1216.0 1184.0 16.0 16.0 352.0 208.0 16.0 16.0 16.0 16.0 96.0 80.0 64.0 16.0 128.0 80.0 64.0 48.0 32.0 16.0 16.0 16.0 48.0
48.0 32.0 16.0 16.0 272.0 256.0 240.0 224.0 208.0 192.0 144.0 128.0 48.0 16.0 16.0 16.0 3664.0 400.0 336.0 48.0 32.0 16.0 144.0 128.0 96.0 48.0 48.0 752.0 80.0 32.0 288.0 144.0 48.0 32.0 16.0 6912.0 6896.0 128.0 112.0 96.0 80.0 64.0 16.0 16.0 2864.0 2768.0 16.0 16.0 1072.0 80.0 64.0 48.0 32.0 16.0 16.0 1248.0 1232.0 16.0 16.0 32.0 368.0 128.0 112.0 96.0 64.0 32.0 112.0 16.0 16.0 208.0 192.0 48.0 32.0 16.0 16.0 16.0 32.0 32.0 64.0 16.0
