testcase_input/parameters/sve_dem_raw_d8p_flowacc.txt
NCOLS         214
NROWS         263
XLLCORNER     382500.0
YLLCORNER     7541702.0
CELLSIZE      16.0
NODATA_VALUE  -9999
[rows 108 to 143 of 263, columns 80 to 159 of 214]
208.0 64.0 5632.0 3632.0 16.0 32.0 3568.0 16.0 2016.0 1632.0 1616.0 1472.0 80.0 64.0 48.0 32.0 16.0 96.0 80.0 16.0 1088.0 1072.0 32.0 64.0 16.0 400.0 16.0 32.0 16.0 16.0 48.0 32.0 16.0 128.0 16.0 16.0 32.0 48.0 320.0 32.0 32.0 32.0 64.0 192.0 192.0 80.0 112.0 80.0 64.0 48.0 32.0 16.0 352.0 16.0 112.0 32.0 16.0 16.0 32.0 16.0 144.0 192.0 288.0 624.0 80.0 528.0 16.0 224.0 96.0 32.0 16.0 16.0 16.0 32.0 160.0 208.0 256.0 288.0 400.0 16.0
48.0 16.0 32.0 1840.0 48.0 16.0 16.0 16.0 368.0 352.0 336.0 320.0 304.0 288.0 272.0 256.0 240.0 224.0 16.0 48.0 32.0 16.0 1056.0 16.0 32.0 16.0 384.0 368.0 352.0 336.0 320.0 304.0 272.0 16.0 96.0 80.0 48.0 16.0 32.0 304.0 16.0 16.0 16.0 48.0 176.0 176.0 64.0 96.0 64.0 48.0 32.0 16.0 320.0 16.0 64.0 32.0 16.0 16.0 16.0 128.0 176.0 48.0 32.0 608.0 64.0 64.0 16.0 48.0 48.0 32.0 16.0 16.0 16.0 32.0 16.0 16.0 16.0 32.0 48.0 464.0
32.0 16.0 32.0 1680.0 48.0 16.0 32.0 16.0 16.0 16.0 128.0 112.0 96.0 80.0 64.0 48.0 32.0 16.0 192.0 176.0 160.0 144.0 16.0 1040.0 1008.0 976.0 320.0 304.0 288.0 96.0 80.0 64.0 16.0 240.0 224.0 16.0 16.0 32.0 16.0 16.0 288.0 272.0 224.0 16.0 32.0 160.0 160.0 48.0 80.0 48.0 32.0 16.0 256.0 48.0 32.0 16.0 16.0 32.0 96.0 48.0 112.0 32.0 16.0 592.0 48.0 32.0 16.0 16.0 16.0 16.0 48.0 16.0 16.0 32.0 48.0 64.0 16.0 32.0 48.0 64.0
16.0 16.0 320.0 32.0 1312.0 48.0 16.0 16.0 16.0 608.0 208.0 192.0 176.0 160.0 144.0 128.0 112.0 96.0 80.0 64.0 48.0 32.0 112.0 16.0 16.0 16.0 640.0 576.0 16.0 176.0 32.0 16.0 48.0 32.0 16.0 192.0 176.0 160.0 128.0 48.0 32.0 16.0 32.0 192.0 16.0 16.0 144.0 144.0 32.0 64.0 32.0 16.0 144.0 96.0 32.0 16.0 16.0 48.0 32.0 48.0 48.0 16.0 464.0 112.0 32.0 16.0 16.0 1200.0 112.0 96.0 16.0 16.0 16.0 16.0 32.0 16.0 80.0 96.0 112.0 16.0
272.0 304.0 16.0 96.0 1248.0 1056.0 1024.0 992.0 16.0 16.0 192.0 176.0 160.0 144.0 128.0 112.0 96.0 80.0 64.0 48.0 32.0 16.0 16.0 80.0 64.0 48.0 32.0 48.0 544.0 528.0 128.0 112.0 96.0 80.0 64.0 48.0 32.0 16.0 16.0 64.0 48.0 32.0 16.0 16.0 160.0 144.0 80.0 128.0 128.0 16.0 48.0 16.0 128.0 48.0 32.0 16.0 32.0 16.0 32.0 32.0 128.0 448.0 96.0 16.0 16.0 32.0 1024.0 16.0 16.0 64.0 48.0 16.0 16.0 48.0 64.0 112.0 32.0 16.0 16.0 144.0
16.0 64.0 80.0 16.0 64.0 16.0 16.0 16.0 944.0 288.0 272.0 256.0 240.0 224.0 208.0 192.0 176.0 160.0 144.0 128.0 112.0 96.0 80.0 64.0 48.0 32.0 16.0 16.0 32.0 16.0 512.0 496.0 224.0 208.0 192.0 176.0 160.0 144.0 128.0 112.0 96.0 80.0 64.0 48.0 32.0 16.0 48.0 64.0 112.0 112.0 80.0 32.0 96.0 16.0 32.0 16.0 16.0 16.0 16.0 112.0 32.0 272.0 80.0 16.0 784.0 832.0 128.0 16.0 16.0 128.0 32.0 16.0 16.0 16.0 32.0 48.0 208.0 48.0 32.0 48.0
48.0 16.0 32.0 48.0 608.0 80688.0 32.0 16.0 16.0 624.0 608.0 592.0 576.0 560.0 544.0 528.0 512.0 496.0 480.0 464.0 448.0 432.0 416.0 400.0 384.0 368.0 352.0 336.0 320.0 304.0 288.0 16.0 256.0 240.0 224.0 208.0 192.0 176.0 160.0 144.0 128.0 112.0 96.0 80.0 64.0 48.0 32.0 32.0 48.0 96.0 16.0 64.0 16.0 80.0 16.0 16.0 16.0 64.0 96.0 16.0 256.0 32.0 32.0 752.0 32.0 112.0 16.0 32.0 16.0 16.0 16.0 16.0 16.0 32.0 16.0 32.0 16.0 240.0 304.0 320.0
32.0 16.0 576.0 592.0 48.0 80000.0 16.0 2400.0 368.0 352.0 336.0 320.0 304.0 288.0 272.0 256.0 240.0 224.0 208.0 192.0 176.0 160.0 144.0 128.0 112.0 96.0 80.0 64.0 48.0 32.0 16.0 256.0 240.0 224.0 208.0 192.0 176.0 160.0 144.0 128.0 112.0 96.0 80.0 64.0 48.0 32.0 16.0 16.0 16.0 32.0 80.0 16.0 32.0 32.0 16.0 16.0 32.0 16.0 16.0 240.0 16.0 16.0 736.0 16.0 32.0 64.0 16.0 32.0 16.0 48.0 32.0 16.0 32.0 32.0 48.0 16.0 16.0 32.0 48.0 64.0
512.0 544.0 16.0 32.0 80.0 77408.0 2432.0 16.0 2016.0 1872.0 1856.0 1840.0 1824.0 1808.0 1792.0 1776.0 1760.0 944.0 928.0 912.0 896.0 880.0 864.0 848.0 832.0 816.0 800.0 784.0 768.0 752.0 736.0 720.0 704.0 688.0 672.0 656.0 640.0 624.0 608.0 176.0 160.0 144.0 128.0 112.0 96.0 80.0 64.0 48.0 32.0 16.0 16.0 64.0 16.0 16.0 16.0 16.0 32.0 128.0 208.0 64.0 96.0 688.0 32.0 16.0 48.0 80.0 272.0 384.0 432.0 32.0 64.0 64.0 16.0 48.0 48.0 64.0 32.0 16.0 16.0 16.0
16.0 32.0 48.0 64.0 64.0 224.0 77104.0 416.0 400.0 128.0 112.0 96.0 80.0 64.0 48.0 32.0 16.0 800.0 784.0 768.0 752.0 736.0 720.0 704.0 688.0 672.0 656.0 640.0 624.0 608.0 592.0 576.0 560.0 96.0 80.0 64.0 48.0 32.0 16.0 416.0 400.0 384.0 368.0 352.0 336.0 288.0 272.0 240.0 176.0 160.0 80.0 64.0 32.0 16.0 16.0 48.0 80.0 64.0 48.0 16.0 176.0 400.0 16.0 32.0 64.0 176.0 96.0 48.0 144.0 688.0 736.0 80.0 80.0 80.0 16.0 64.0 80.0 48.0 32.0 32.0
16.0 16.0 32.0 48.0 208.0 32.0 76640.0 448.0 16.0 384.0 368.0 352.0 336.0 320.0 304.0 288.0 272.0 256.0 240.0 224.0 208.0 192.0 176.0 160.0 144.0 128.0 112.0 96.0 80.0 64.0 48.0 32.0 16.0 448.0 80.0 64.0 48.0 32.0 16.0 96.0 80.0 64.0 48.0 32.0 16.0 32.0 16.0 16.0 48.0 32.0 64.0 16.0 48.0 16.0 16.0 16.0 48.0 16.0 16.0 160.0 352.0 32.0 16.0 48.0 160.0 80.0 32.0 80.0 96.0 64.0 128.0 928.0 1024.0 96.0 96.0 32.0 80.0 96.0 160.0 48.0
16.0 32.0 48.0 192.0 16.0 208.0 76176.0 1808.0 416.0 400.0 384.0 368.0 352.0 336.0 320.0 304.0 288.0 272.0 256.0 240.0 224.0 208.0 192.0 176.0 160.0 144.0 128.0 112.0 96.0 80.0 64.0 48.0 32.0 16.0 352.0 336.0 320.0 304.0 288.0 176.0 160.0 144.0 128.0 112.0 96.0 80.0 64.0 48.0 32.0 16.0 16.0 32.0 16.0 16.0 16.0 32.0 16.0 32.0 144.0 32.0 304.0 16.0 32.0 144.0 64.0 16.0 64.0 80.0 48.0 48.0 48.0 240.0 256.0 1296.0 208.0 16.0 48.0 96.0 16.0 176.0
16.0 32.0 48.0 80.0 192.0 400.0 32.0 73712.0 1792.0 1728.0 1712.0 1696.0 704.0 688.0 672.0 656.0 640.0 624.0 608.0 592.0 576.0 560.0 544.0 528.0 512.0 496.0 480.0 464.0 448.0 432.0 416.0 400.0 384.0 368.0 352.0 336.0 320.0 304.0 288.0 272.0 256.0 240.0 224.0 208.0 192.0 176.0 160.0 96.0 80.0 64.0 48.0 32.0 16.0 16.0 16.0 16.0 16.0 80.0 16.0 16.0 288.0 16.0 128.0 16.0 32.0 48.0 64.0 32.0 32.0 32.0 224.0 64.0 112.0 160.0 1680.0 224.0 32.0 64.0 112.0 32.0
32.0 48.0 64.0 16.0 160.0 384.0 16.0 69328.0 4368.0 48.0 32.0 16.0 976.0 960.0 944.0 928.0 912.0 896.0 880.0 864.0 848.0 832.0 816.0 800.0 784.0 144.0 128.0 112.0 96.0 80.0 64.0 48.0 32.0 16.0 208.0 192.0 176.0 160.0 144.0 128.0 112.0 96.0 80.0 64.0 48.0 32.0 16.0 48.0 32.0 16.0 16.0 16.0 32.0 32.0 16.0 16.0 32.0 48.0 16.0 16.0 256.0 64.0 48.0 16.0 32.0 48.0 16.0 16.0 16.0 208.0 48.0 32.0 32.0 208.0 16.0 1712.0 1952.0 2000.0 80.0 128.0
32.0 48.0 112.0 144.0 352.0 16.0 176.0 69088.0 48.0 4352.0 4336.0 4288.0 4272.0 192.0 176.0 160.0 144.0 128.0 112.0 96.0 80.0 64.0 48.0 32.0 16.0 624.0 608.0 592.0 576.0 560.0 544.0 528.0 512.0 496.0 272.0 256.0 240.0 224.0 208.0 192.0 176.0 160.0 144.0 128.0 112.0 96.0 80.0 64.0 48.0 32.0 32.0 48.0 48.0 32.0 16.0 32.0 64.0 16.0 16.0 16.0 224.0 48.0 32.0 16.0 32.0 48.0 112.0 160.0 192.0 32.0 16.0 16.0 192.0 16.0 64.0 80.0 96.0 112.0 2128.0 2224.0
32.0 48.0 16.0 16.0 320.0 128.0 32.0 68976.0 96.0 32.0 16.0 32.0 16.0 4064.0 4032.0 1296.0 1280.0 1264.0 1248.0 1232.0 1216.0 1200.0 1184.0 1168.0 1152.0 1136.0 1120.0 1104.0 1088.0 1072.0 352.0 336.0 320.0 304.0 288.0 272.0 256.0 240.0 224.0 208.0 192.0 176.0 160.0 144.0 128.0 112.0 96.0 80.0 64.0 48.0 192.0 128.0 64.0 16.0 16.0 176.0 48.0 32.0 16.0 16.0 208.0 32.0 16.0 16.0 32.0 48.0 32.0 16.0 16.0 16.0 144.0 176.0 16.0 32.0 16.0 96.0 112.0 128.0 144.0 160.0
32.0 48.0 192.0 304.0 112.0 16.0 2528.0 66416.0 16.0 80.0 64.0 48.0 32.0 16.0 16.0 2720.0 224.0 208.0 192.0 176.0 160.0 144.0 128.0 112.0 96.0 80.0 64.0 48.0 32.0 16.0 704.0 688.0 608.0 592.0 576.0 560.0 528.0 192.0 176.0 160.0 144.0 128.0 112.0 96.0 80.0 64.0 48.0 32.0 16.0 240.0 32.0 16.0 400.0 384.0 352.0 160.0 80.0 32.0 16.0 16.0 144.0 32.0 16.0 16.0 32.0 16.0 16.0 32.0 48.0 112.0 16.0 16.0 32.0 48.0 64.0 16.0 32.0 48.0 64.0 80.0
96.0 128.0 96.0 48.0 48.0 1040.0 1472.0 16.0 66384.0 864.0 848.0 80.0 64.0 48.0 32.0 16.0 2480.0 2288.0 2272.0 2256.0 2240.0 2224.0 2208.0 2192.0 2176.0 2160.0 2144.0 2128.0 64.0 48.0 32.0 16.0 64.0 48.0 32.0 16.0 16.0 320.0 288.0 256.0 128.0 112.0 96.0 80.0 64.0 48.0 32.0 16.0 256.0 816.0 800.0 784.0 368.0 352.0 288.0 224.0 64.0 32.0 16.0 16.0 80.0 32.0 16.0 16.0 16.0 16.0 16.0 32.0 48.0 144.0 160.0 176.0 192.0 208.0 224.0 240.0 256.0 272.0 432.0 448.0
16.0 80.0 32.0 32.0 256.0 768.0 1456.0 80.0 65392.0 32.0 16.0 752.0 736.0 720.0 48.0 32.0 16.0 176.0 160.0 144.0 128.0 112.0 96.0 80.0 64.0 48.0 32.0 16.0 2048.0 2016.0 128.0 112.0 96.0 80.0 64.0 48.0 32.0 16.0 16.0 16.0 112.0 96.0 80.0 64.0 48.0 32.0 16.0 1168.0 896.0 64.0 48.0 32.0 16.0 48.0 16.0 32.0 208.0 48.0 16.0 16.0 16.0 16.0 16.0 16.0 32.0 64.0 96.0 112.0 128.0 16.0 32.0 48.0 64.0 80.0 96.0 112.0 128.0 144.0 160.0 192.0
64.0 16.0 16.0 240.0 48.0 704.0 1440.0 64.0 65296.0 80.0 64.0 48.0 32.0 16.0 656.0 640.0 624.0 608.0 592.0 576.0 560.0 544.0 528.0 512.0 496.0 480.0 464.0 32.0 16.0 16.0 1872.0 1856.0 1840.0 1824.0 1808.0 1792.0 1776.0 1760.0 1744.0 1728.0 1392.0 1376.0 1360.0 1344.0 1328.0 1312.0 1296.0 112.0 96.0 80.0 64.0 48.0 32.0 16.0 32.0 16.0 32.0 160.0 16.0 16.0 32.0 16.0 16.0 16.0 32.0 48.0 64.0 80.0 16.0 16.0 32.0 48.0 64.0 80.0 96.0 112.0 128.0 144.0 16.0 1184.0
48.0 64.0 224.0 32.0 688.0 1424.0 16.0 32.0 65280.0 880.0 864.0 848.0 832.0 816.0 800.0 784.0 768.0 752.0 736.0 720.0 704.0 688.0 672.0 656.0 640.0 624.0 608.0 416.0 320.0 304.0 288.0 272.0 256.0 144.0 128.0 112.0 96.0 80.0 64.0 16.0 320.0 224.0 112.0 96.0 80.0 64.0 48.0 32.0 16.0 16.0 16.0 16.0 96.0 80.0 48.0 16.0 16.0 64.0 80.0 16.0 32.0 16.0 16.0 32.0 48.0 16.0 32.0 48.0 144.0 32.0 16.0 32.0 48.0 64.0 80.0 96.0 112.0 1136.0 1168.0 16.0
48.0 144.0 16.0 672.0 16.0 1392.0 16.0 16.0 64080.0 288.0 272.0 256.0 240.0 224.0 208.0 192.0 176.0 160.0 144.0 128.0 112.0 96.0 80.0 64.0 48.0 32.0 16.0 592.0 80.0 64.0 48.0 32.0 16.0 96.0 80.0 64.0 48.0 32.0 16.0 32.0 16.0 80.0 96.0 80.0 64.0 48.0 32.0 16.0 32.0 32.0 176.0 144.0 32.0 16.0 16.0 32.0 48.0 16.0 16.0 16.0 48.0 16.0 32.0 16.0 16.0 80.0 96.0 112.0 128.0 160.0 208.0 224.0 240.0 256.0 272.0 288.0 1008.0 16.0 16.0 80.0
80.0 64.0 304.0 352.0 1376.0 16.0 48.0 592.0 62544.0 928.0 912.0 432.0 416.0 400.0 384.0 368.0 352.0 336.0 320.0 304.0 288.0 272.0 256.0 240.0 224.0 208.0 192.0 176.0 576.0 560.0 544.0 176.0 160.0 144.0 128.0 112.0 96.0 80.0 64.0 48.0 32.0 16.0 64.0 48.0 32.0 16.0 16.0 48.0 320.0 272.0 80.0 64.0 48.0 32.0 16.0 16.0 32.0 16.0 48.0 16.0 80.0 32.0 48.0 16.0 48.0 64.0 80.0 336.0 352.0 496.0 512.0 528.0 656.0 672.0 688.0 704.0 16.0 32.0 48.0 16.0
48.0 128.0 96.0 336.0 1360.0 16.0 32.0 496.0 62496.0 32.0 16.0 464.0 448.0 432.0 416.0 400.0 384.0 176.0 160.0 144.0 128.0 112.0 96.0 80.0 64.0 48.0 32.0 16.0 160.0 128.0 96.0 352.0 336.0 320.0 304.0 288.0 96.0 80.0 64.0 48.0 32.0 16.0 16.0 592.0 576.0 560.0 528.0 464.0 128.0 112.0 96.0 80.0 64.0 48.0 32.0 16.0 16.0 16.0 16.0 80.0 320.0 16.0 64.0 16.0 32.0 176.0 240.0 48.0 64.0 80.0 96.0 112.0 16.0 192.0 208.0 224.0 240.0 256.0 16.0 32.0
112.0 80.0 144.0 176.0 1344.0 16.0 480.0 32.0 96.0 62352.0 112.0 96.0 80.0 64.0 48.0 32.0 16.0 192.0 176.0 160.0 144.0 128.0 112.0 96.0 80.0 64.0 48.0 32.0 16.0 16.0 16.0 80.0 64.0 48.0 32.0 16.0 176.0 96.0 80.0 64.0 48.0 32.0 608.0 16.0 544.0 528.0 160.0 144.0 128.0 112.0 96.0 80.0 64.0 48.0 32.0 16.0 16.0 32.0 48.0 64.0 80.0 16.0 32.0 112.0 128.0 48.0 32.0 32.0 80.0 112.0 128.0 144.0 160.0 16.0 32.0 48.0 64.0 80.0 352.0 368.0
64.0 128.0 160.0 32.0 1296.0 464.0 16.0 32.0 48.0 61584.0 640.0 624.0 608.0 592.0 368.0 352.0 336.0 320.0 304.0 288.0 272.0 256.0 240.0 224.0 208.0 192.0 176.0 160.0 144.0 128.0 112.0 96.0 80.0 64.0 48.0 32.0 16.0 64.0 48.0 32.0 16.0 1296.0 672.0 640.0 80.0 48.0 352.0 144.0 128.0 112.0 96.0 80.0 64.0 48.0 32.0 16.0 16.0 16.0 32.0 48.0 16.0 16.0 16.0 16.0 32.0 16.0 16.0 32.0 16.0 16.0 32.0 48.0 64.0 80.0 16.0 32.0 48.0 64.0 80.0 96.0
112.0 144.0 16.0 1280.0 32.0 416.0 16.0 32.0 304.0 61200.0 64.0 48.0 32.0 16.0 208.0 192.0 176.0 160.0 144.0 128.0 112.0 96.0 80.0 64.0 48.0 32.0 16.0 32.0 16.0 48.0 32.0 16.0 128.0 112.0 96.0 80.0 64.0 48.0 32.0 16.0 1376.0 64.0 48.0 32.0 16.0 16.0 32.0 192.0 64.0 48.0 32.0 16.0 32.0 16.0 32.0 16.0 32.0 16.0 32.0 16.0 80.0 16.0 48.0 16.0 16.0 16.0 16.0 16.0 32.0 48.0 64.0 80.0 96.0 112.0 208.0 224.0 240.0 256.0 272.0 288.0
128.0 1152.0 1264.0 16.0 272.0 128.0 16.0 288.0 1104.0 60080.0 3472.0 3456.0 3440.0 3424.0 3408.0 3392.0 2080.0 2064.0 2048.0 2032.0 2016.0 2000.0 1984.0 1968.0 1952.0 1936.0 1920.0 1872.0 1856.0 1792.0 1776.0 1760.0 1616.0 1600.0 1584.0 1568.0 1552.0 1536.0 1520.0 1504.0 112.0 96.0 80.0 64.0 48.0 32.0 16.0 16.0 112.0 96.0 80.0 64.0 16.0 64.0 16.0 16.0 48.0 16.0 32.0 48.0 112.0 32.0 16.0 96.0 16.0 16.0 32.0 16.0 32.0 48.0 64.0 80.0 96.0 112.0 128.0 144.0 160.0 176.0 192.0 16.0
1136.0 96.0 48.0 256.0 112.0 16.0 272.0 1088.0 16.0 55936.0 640.0 80.0 64.0 48.0 32.0 16.0 1296.0 1280.0 1264.0 1248.0 1232.0 1216.0 1200.0 1184.0 1168.0 1152.0 1136.0 1104.0 1072.0 1040.0 1008.0 976.0 944.0 896.0 848.0 736.0 720.0 640.0 624.0 320.0 160.0 144.0 128.0 112.0 96.0 80.0 64.0 48.0 32.0 16.0 32.0 16.0 80.0 48.0 32.0 16.0 64.0 16.0 16.0 64.0 64.0 256.0 16.0 112.0 32.0 32.0 16.0 80.0 96.0 160.0 176.0 304.0 432.0 512.0 528.0 544.0 560.0 576.0 592.0 800.0
80.0 32.0 16.0 176.0 96.0 16.0 224.0 1072.0 16.0 55808.0 96.0 544.0 528.0 512.0 496.0 480.0 176.0 160.0 144.0 128.0 112.0 96.0 80.0 64.0 48.0 32.0 16.0 16.0 16.0 16.0 16.0 16.0 16.0 32.0 32.0 96.0 64.0 64.0 48.0 288.0 144.0 128.0 112.0 96.0 80.0 64.0 48.0 32.0 16.0 64.0 16.0 96.0 80.0 16.0 16.0 96.0 16.0 16.0 48.0 16.0 80.0 16.0 16.0 160.0 48.0 32.0 16.0 16.0 48.0 64.0 112.0 112.0 64.0 16.0 64.0 256.0 368.0 384.0 400.0 832.0
64.0 16.0 32.0 128.0 80.0 16.0 192.0 1056.0 96.0 736.0 54960.0 80.0 64.0 48.0 32.0 16.0 288.0 272.0 256.0 240.0 224.0 208.0 192.0 176.0 160.0 144.0 128.0 112.0 96.0 80.0 64.0 48.0 32.0 16.0 16.0 16.0 16.0 48.0 32.0 32.0 272.0 192.0 176.0 160.0 144.0 128.0 112.0 96.0 80.0 16.0 16.0 208.0 16.0 32.0 112.0 32.0 16.0 16.0 16.0 64.0 112.0 32.0 16.0 320.0 80.0 32.0 16.0 16.0 48.0 32.0 96.0 48.0 16.0 32.0 176.0 96.0 96.0 224.0 416.0 112.0
48.0 16.0 112.0 32.0 32.0 176.0 912.0 128.0 80.0 720.0 1424.0 53520.0 608.0 592.0 576.0 560.0 544.0 528.0 512.0 496.0 480.0 464.0 448.0 432.0 416.0 400.0 384.0 368.0 352.0 336.0 320.0 304.0 288.0 272.0 256.0 240.0 224.0 176.0 96.0 16.0 16.0 64.0 48.0 32.0 16.0 16.0 16.0 16.0 32.0 32.0 224.0 16.0 48.0 16.0 160.0 32.0 16.0 16.0 48.0 16.0 192.0 64.0 336.0 48.0 32.0 16.0 16.0 32.0 16.0 80.0 32.0 64.0 128.0 160.0 80.0 80.0 112.0 176.0 96.0 64.0
32.0 96.0 16.0 16.0 160.0 896.0 16.0 96.0 64.0 704.0 1408.0 52304.0 592.0 576.0 560.0 544.0 528.0 512.0 496.0 480.0 464.0 448.0 432.0 416.0 400.0 384.0 368.0 352.0 336.0 320.0 304.0 288.0 272.0 80.0 64.0 48.0 32.0 32.0 64.0 80.0 64.0 48.0 32.0 16.0 64.0 32.0 32.0 48.0 16.0 272.0 96.0 64.0 32.0 176.0 48.0 32.0 16.0 32.0 64.0 32.0 272.0 352.0 64.0 16.0 48.0 32.0 16.0 16.0 64.0 16.0 48.0 48.0 16.0 64.0 64.0 96.0 160.0 80.0 48.0 48.0
32.0 48.0 64.0 144.0 880.0 16.0 80.0 16.0 32.0 688.0 1392.0 51264.0 1024.0 48.0 32.0 16.0 336.0 320.0 304.0 288.0 272.0 256.0 240.0 224.0 208.0 192.0 176.0 160.0 144.0 128.0 112.0 96.0 16.0 176.0 160.0 144.0 16.0 16.0 16.0 48.0 32.0 16.0 16.0 80.0 16.0 48.0 64.0 32.0 16.0 384.0 16.0 48.0 192.0 64.0 16.0 48.0 32.0 48.0 112.0 16.0 288.0 464.0 32.0 112.0 48.0 32.0 16.0 16.0 32.0 32.0 32.0 32.0 48.0 48.0 80.0 144.0 64.0 32.0 32.0 112.0
32.0 48.0 64.0 720.0 144.0 16.0 32.0 16.0 480.0 192.0 1376.0 51248.0 960.0 640.0 624.0 608.0 256.0 240.0 224.0 208.0 192.0 176.0 160.0 144.0 128.0 112.0 96.0 80.0 64.0 48.0 32.0 16.0 64.0 48.0 32.0 16.0 112.0 96.0 80.0 64.0 48.0 32.0 96.0 32.0 64.0 80.0 48.0 32.0 400.0 32.0 64.0 16.0 272.0 32.0 16.0 64.0 48.0 64.0 128.0 320.0 480.0 16.0 128.0 64.0 48.0 32.0 16.0 16.0 16.0 16.0 16.0 16.0 32.0 64.0 128.0 48.0 16.0 16.0 96.0 32.0
32.0 48.0 624.0 80.0 128.0 16.0 32.0 464.0 16.0 160.0 1360.0 51232.0 304.0 288.0 272.0 192.0 176.0 160.0 144.0 128.0 112.0 96.0 80.0 64.0 48.0 32.0 16.0 176.0 160.0 144.0 128.0 112.0 96.0 80.0 64.0 48.0 32.0 16.0 16.0 16.0 16.0 160.0 48.0 80.0 96.0 64.0 48.0 416.0 48.0 80.0 16.0 32.0 320.0 32.0 16.0 80.0 64.0 80.0 144.0 816.0 32.0 144.0 80.0 48.0 32.0 16.0 16.0 16.0 16.0 32.0 16.0 32.0 48.0 112.0 32.0 32.0 64.0 80.0 16.0 368.0
