testcase_input/parameters/sve_dem_raw_slope.txt
NCOLS         214
NROWS         263
XLLCORNER     382500.0
YLLCORNER     7541702.0
CELLSIZE      16.0
NODATA_VALUE  -9999
[rows 189 to 215 of 263, columns 120 to 179 of 214]
2.7570965 2.5120392 2.3820035 3.2420197 3.3638163 3.0668378 2.3793533 2.012921 2.345169 1.2996229 0.9423811 1.4900926 1.368402 0.66050446 0.878861 1.5422127 1.0699415 0.5813712 0.6045284 0.75136423 2.1116447 1.9798087 0.8205872 3.216146 4.0960135 2.916472 3.033079 3.1365485 2.654398 1.9512705 1.1283808 0.6033159 1.608923 1.880406 1.3507419 2.513114 3.5765712 1.8884888 0.17759998 0.26342705 0.31339467 0.22501239 0.12839286 0.115665846 0.059999846 0.07291386 0.20727386 0.3884661 0.544002 0.59375983 0.4212386 0.25939256 0.33019683 0.732102 0.9721719 1.4000041 1.6259605 1.698014 1.786301 1.2789584
2.4478245 2.3230069 2.4805582 3.2605188 3.7251883 3.6924565 2.4544473 1.5051917 2.0848596 1.2850585 1.0547053 1.2812648 1.045285 1.051271 0.83532405 1.1555517 1.0954212 0.7256591 0.643139 1.2472935 2.2952056 1.7703025 0.1885439 2.2397118 3.9230053 3.4213376 3.142811 3.0417979 2.785576 2.0939958 1.7528791 1.50001 2.3295374 2.2476838 1.6554855 2.642629 3.3018804 1.7920334 0.22581047 0.1725763 0.22375336 0.22686923 0.1947626 0.04853661 0.065973826 0.17834157 0.19044147 0.2000594 0.37697858 0.35951692 0.40743053 0.31020278 0.3180804 0.8146662 1.3218093 1.5690637 1.5073942 1.754276 1.8844459 1.384698
2.2493145 2.4352028 2.710222 3.3808427 3.7416728 3.5034087 2.1380877 1.3641685 2.0310843 0.92827535 1.119459 1.0141556 0.7024162 0.29098314 0.034915436 0.8027048 1.2809845 0.6372344 0.5448093 0.6314029 1.4715462 1.4719399 1.2730286 0.9733648 2.661038 3.3734784 3.494211 2.8881116 2.5973065 2.2816625 2.0542042 1.8743632 2.8255963 2.4884462 1.9654485 2.485175 2.318899 1.2969067 0.6494714 0.2763165 0.17131838 0.27347478 0.20176247 0.16414529 0.12082361 0.2245935 0.15900512 0.111851834 0.33357143 0.26378155 0.34583992 0.33109716 0.43838164 1.0331622 1.5489758 1.5082709 1.3435622 1.6151704 1.9345499 1.6107117
1.7961795 1.9864074 2.5721152 3.3767107 3.3735516 2.7896419 2.0163243 1.486147 1.7585987 0.77749795 0.4191275 0.22738332 0.63084316 0.5022806 0.2690622 0.6740081 1.4603798 1.4529241 0.48915297 0.509276 1.2606854 1.2862281 1.3182259 0.51277816 1.5810779 3.2083538 3.6789846 2.947195 2.1939394 2.0012553 2.0893812 1.6989576 2.3383825 1.7644783 1.4768888 1.8652078 1.3470418 0.7014624 1.0193952 0.87038016 0.41166413 0.30329877 0.119104594 0.14058827 0.18081011 0.18622473 0.05909554 0.17737024 0.46282187 0.35871458 0.26936296 0.28197017 0.42094064 1.2314903 1.7735335 1.662174 1.3826541 1.5469817 1.9518188 1.8867416
2.0205688 2.107194 2.8079877 3.39704 2.965014 2.2981572 1.821679 1.1592358 1.6559201 1.3361182 0.73419785 0.52987415 0.6341632 0.6868756 0.50885046 0.59039176 1.2134397 1.802575 1.5828525 0.6324671 0.6436579 1.1630651 1.4605675 1.1337005 0.8616264 2.7392173 3.6647007 3.176371 2.155885 2.104157 2.3902962 1.9151878 1.8681607 1.3356935 1.0480134 1.2832 0.85605645 0.18339455 0.45414993 0.92182875 0.6003787 0.28060853 0.16051404 0.14662977 0.10908567 0.15535314 0.44293734 0.46696636 0.6245254 0.37839308 0.2045549 0.12682049 0.33592486 1.2777376 1.8230914 1.7512351 1.4264312 1.7475984 2.1619732 1.8697793
2.601675 2.495274 2.8533082 3.1394053 2.511451 2.1341264 1.4574432 0.5108588 1.3529932 1.5415919 1.3750952 0.959399 0.6574158 0.8928178 1.0964438 0.98565465 0.8453874 1.166025 1.54022 1.3255678 0.52226233 0.8760338 1.7830532 1.9324389 0.14254779 1.878443 3.306323 3.163303 2.209397 2.121783 2.3633754 1.9560301 1.7740403 1.3457296 0.8479992 0.880907 0.7873415 0.4490728 0.62826484 0.93075216 0.5941168 0.1412787 0.1831143 0.2522294 0.191727 0.37070116 0.6388369 0.5283367 0.8552796 0.48132578 0.27664557 0.25667852 0.58867574 1.398698 1.5775844 1.6125432 1.6124334 2.077073 2.2995288 1.7144209
2.0327346 1.9666305 2.072911 2.546609 2.144294 1.765363 1.2065006 0.66816837 1.0764532 1.20186 1.3661916 1.4785335 1.1554396 1.1032841 1.1291953 0.8389981 0.41635504 0.77365893 1.3208845 1.6580733 1.3410742 0.4565717 1.3982145 1.8142207 0.63035846 1.1319348 2.5543082 2.8371212 2.401839 2.4599192 2.6787114 2.0009482 1.802809 1.2949448 0.6368653 0.6547473 0.79078 0.13813992 0.32737157 0.73961586 0.34327358 0.25440815 0.22645746 0.20241138 0.056018334 0.3360863 0.533345 0.18623239 0.8136849 0.6654122 0.6988408 0.740042 1.077824 1.4161271 1.2679446 1.596518 1.9086052 2.2654493 2.3983681 1.7772071
2.1724298 1.7265891 1.2004355 1.9065926 2.1112003 1.9362932 1.7605294 1.1945575 1.1553669 0.87308466 0.7547161 1.1751015 1.5049696 1.4373544 1.1433511 0.8685069 0.87183225 1.16498 1.6864508 2.3470185 2.5499542 1.9592649 1.2585886 1.1835445 0.83842546 0.4440067 1.6267079 2.1829023 2.2772021 2.4195473 2.8883665 2.2754376 1.617548 1.2094511 0.6678434 0.5977175 0.5091996 0.1335947 0.39392024 0.79156893 0.37441668 0.14025752 0.30786198 0.21263643 0.01689934 0.259565 0.68531007 0.1544616 0.5687245 0.84269786 1.0847839 1.1067655 1.5839968 1.5553516 1.3194133 1.818061 2.1863425 2.302566 2.4247851 1.8909544
2.39145 1.774332 1.1494513 1.5426979 2.3959835 2.7266924 2.357259 1.572156 1.423769 1.1051947 0.8700864 1.2232677 1.6293097 1.5890538 1.6353549 1.3904449 1.5740691 1.6651698 1.4641176 1.5613596 1.8592615 1.643666 0.4296872 1.1842314 1.3502939 0.43585053 0.7846331 1.1184976 0.80468416 0.62956375 1.497612 1.4200329 0.77254415 0.9596837 0.62430453 0.39029083 0.4370277 0.082278274 0.26113254 0.5872111 0.43411654 0.24450801 0.3623436 0.21361224 0.124795556 0.18869561 0.61197025 0.3316213 0.3882071 1.0140798 1.1151036 1.1242402 1.6093864 1.6780444 1.5846635 1.9534128 2.229125 2.3835852 2.4518576 2.0685072
2.4625037 2.0137053 1.8347656 2.0938737 2.4697032 2.8472924 2.847147 2.321004 2.070587 1.7082804 1.5255156 1.5520724 1.6009741 1.6216248 1.9495623 1.7063333 1.5553299 1.4181238 1.2731576 1.2605889 1.4801722 1.7922263 1.1810312 0.43272066 1.4789048 0.66749746 0.6452616 0.8749528 1.0304971 0.9210349 1.159534 1.457688 1.4672099 1.3792402 1.3394091 1.3275771 1.4398303 0.7760881 0.7882771 1.0727181 0.92948514 0.59617 0.44563314 0.21997784 0.16837859 0.39293286 0.6300568 0.79139227 1.0184438 1.0447489 0.8974487 1.2071066 1.5163412 1.7495347 1.9294027 2.0761712 2.2229111 2.392247 2.5224876 2.3862755
3.6092584 2.9310634 2.8074677 2.6796837 2.501455 2.6833918 2.7441745 2.6040602 2.5278559 2.0237029 1.7191488 1.6447676 1.720107 1.798244 2.099854 1.7719979 1.3705835 1.3468926 1.4193946 1.7539499 1.8256298 1.7405901 1.7776637 1.4620836 1.8649197 0.9841451 1.0942292 1.2906871 1.488593 0.98201096 1.3315574 1.6878538 1.394664 1.0861291 1.0741025 1.0709416 1.7751212 1.6514012 1.5750221 1.5963334 1.5014496 1.008427 0.6580423 0.31040376 0.24044882 0.5951839 1.0222332 1.2437204 1.1336372 0.9397445 0.7556047 1.2091677 1.6031463 1.8549985 1.944802 2.227307 2.4822266 2.4072475 2.4963498 2.6418505
5.3833785 4.6201315 4.4677143 3.960304 3.4443338 3.2451077 2.7452404 2.4076393 2.3369823 1.6752913 1.8357466 1.8261926 1.2444683 0.75481385 1.1734917 1.0209922 1.0708346 1.3404818 1.031081 1.3015769 1.8195171 1.3557996 1.0847515 0.59976584 1.4813136 0.62986714 0.51964647 1.2952405 1.8807335 1.525385 1.7966923 1.7465205 1.3206631 1.1011164 1.0831467 1.1186328 1.2371513 1.4203448 1.0030617 0.9702824 1.5460049 1.3486903 0.8058743 0.41510165 0.2829452 0.9302907 1.2667649 1.1161819 1.0942307 1.0795561 0.9218155 1.1478672 1.6776273 1.9062502 1.9833618 2.3739107 2.717985 2.5645082 2.6095808 2.8927517
5.1888213 4.9108257 4.365462 3.9878716 3.650097 3.5296586 3.0588162 2.6543162 2.4148543 1.8039814 1.5588992 1.1015941 0.67600006 0.6069357 1.0152719 1.8484305 2.0901675 1.9297314 1.7625033 1.9075364 2.2657938 1.8749443 1.4743432 1.2345234 1.8834928 1.5973575 0.48902115 0.8793283 1.8886856 1.9646508 2.2229054 1.9107153 1.6422199 1.6598127 1.5278047 1.2290041 0.67882335 0.710051 0.807506 0.9439991 1.4768984 1.5124099 0.8698087 0.4419267 0.3434876 1.2252445 1.6228157 1.4586158 1.3928641 1.0286466 0.7530774 1.0154331 1.5648396 1.7569245 2.090126 2.6260734 2.7426832 2.6666245 2.9810631 3.2703462
3.2380908 3.1861668 2.7971241 2.7835207 2.6552076 2.7773433 2.4846883 2.1998112 1.6139262 1.1454587 0.84130645 0.76188624 1.062775 0.8873777 1.247658 2.1304343 1.8018823 1.539335 1.4050218 1.8140672 2.3273413 1.9068229 1.4085633 1.3990284 2.111398 2.7783594 1.5472177 0.4618697 1.8652971 2.1813881 2.4445364 2.2510576 1.8107288 1.1209581 0.7542476 0.5005121 0.5446015 0.3561913 0.5745382 1.2120687 1.3586575 1.286524 1.0367601 0.6497992 0.55188954 1.2807715 1.9632593 1.7743105 1.2364998 0.8757456 0.7418348 1.1013035 1.5284495 1.6365714 2.1679976 2.7166042 2.501595 2.5020688 3.15689 3.5808725
1.8768827 2.3188262 2.4471412 2.922913 2.9128768 3.3662577 2.860078 1.7138743 0.87593323 0.613629 0.9842708 0.88098603 1.1416278 1.0843184 1.5938857 1.868763 1.5875334 1.8679004 1.7075671 2.138692 2.2491786 1.7107335 1.7394135 1.9907027 2.1096191 3.0479891 2.7833543 0.40990537 1.9052794 2.341016 2.4441867 2.4001577 1.8272322 0.6863295 0.42306432 0.52791077 0.81275463 0.74530727 0.8420272 1.5626215 1.0399427 0.884913 0.98674315 0.60734844 0.56887686 1.2733799 2.2538266 1.9374504 0.803353 0.7193538 0.7819306 1.2407916 1.7573869 1.9652733 2.4670403 2.7559173 2.3561811 2.2424886 2.9813437 3.7231019
0.91946733 1.7956418 2.6033025 3.3548849 3.21907 3.6179376 2.5096693 0.9060068 0.7492087 0.9077153 1.2612169 1.2907562 1.3330891 1.0910124 1.4088185 1.635206 1.7707506 2.3907187 2.094803 1.8230526 1.4427423 0.97621065 1.0187753 0.7873948 0.2231707 2.0775034 3.1872504 0.92008924 1.7013557 2.5489326 2.549685 2.3994904 1.7579434 0.7316741 0.5168016 0.32530358 0.21255803 0.53927696 1.297642 1.9453763 1.2826772 1.019445 1.1752101 0.41469738 0.4084807 1.2957323 2.235001 1.8787374 0.42550555 0.45840994 0.4752036 1.1781 1.9533293 2.285035 2.6053302 2.8754718 2.4064927 1.9815773 2.7958665 3.9555655
0.83333224 1.9916613 2.9342377 3.0613503 2.8607032 3.434254 2.8506165 1.7054722 1.3907138 1.2091022 1.515017 1.8596134 1.740042 1.0431863 0.8767903 1.4692883 1.995299 2.796333 2.7804625 1.9140812 1.2911348 1.1807309 1.1347528 0.8290046 0.68061405 1.594505 2.9096127 1.3262058 1.2908212 2.7889724 2.9454806 2.430285 1.7215866 0.8188483 0.44742092 0.15324688 0.17746218 0.23079008 0.7274251 1.86894 1.4545544 1.3798803 1.8723795 0.6323685 0.6598662 1.4341042 2.1521075 1.8870933 0.3707142 0.13476014 0.14254428 1.0432429 1.9717715 2.266098 2.6360042 3.1318576 2.4730575 1.9118184 2.7665274 4.215433
1.2712104 2.3920145 2.638775 2.4861999 2.240929 2.6066985 2.7050977 1.7292686 1.3610265 1.3305185 1.493156 2.034693 2.0732257 1.4814326 0.9993311 1.2896274 1.7729983 2.5554364 3.2020571 2.6247196 1.8569037 1.5959954 1.3973562 1.1566916 1.1790522 1.9534552 2.6467657 1.2348021 0.8219972 2.7118096 3.5279472 2.8437028 1.8909999 0.87445074 0.45068315 0.28361976 0.28727823 0.23905864 0.20803764 1.3209296 1.1002716 1.3525529 2.3330271 1.4046012 0.75242764 1.289799 2.005468 1.7817471 0.75277424 0.53677243 0.36424404 0.97375023 1.9694215 2.0246046 2.7510023 3.2897294 2.32973 1.9865853 2.926068 4.473237
2.2766414 2.5775394 1.958216 2.1861432 1.9470602 1.7791902 2.0919724 1.4330637 0.7151823 0.87961733 1.507796 2.1322215 1.9968534 1.5511051 1.3058287 1.584064 1.855419 2.099635 2.9756126 3.1703835 2.5106082 2.0664377 2.162181 2.2836862 1.8765862 2.0148509 2.0456932 0.80652136 0.5386377 2.110883 3.7381184 3.8495123 2.98211 1.7436601 1.0485852 0.9288908 0.64701784 0.21888503 0.19258733 0.8985783 0.7163939 0.9664316 1.9292362 1.3550559 0.73478043 1.1253074 1.5643536 1.3129362 0.98609364 0.8097041 0.78025955 1.0348831 1.7532021 1.8498557 3.0126085 3.301044 2.1150827 2.0302365 3.1177502 4.5695295
2.896083 1.9956563 0.9698521 2.1821425 2.0851295 1.6377614 1.5481188 1.5619758 0.938617 0.60430396 1.3433354 2.2623272 2.2064376 2.1320674 1.9363654 1.888013 2.0502458 2.0096939 2.4973426 3.2101672 2.9705899 2.4676068 2.4341884 2.467778 2.1266596 1.6916168 1.2558942 0.5286879 0.57909435 1.4260527 3.1332433 3.9795659 3.6068857 2.7133002 1.8195325 1.5006726 1.2586868 0.9280304 0.9232044 1.1160897 1.0305833 1.050317 1.4372884 0.9429696 0.25244597 0.96350116 0.9210209 0.8043617 1.0910814 1.0835185 0.9632068 0.98026466 1.4732505 1.9146715 3.2322524 3.2234342 2.0981145 2.4081154 3.366408 4.4073267
3.051331 1.6675816 0.5018388 2.2417293 2.322744 1.6389147 1.1530446 1.3650918 1.3485088 0.8268571 1.2965534 2.4335382 2.740918 2.9338517 2.7829466 2.4413908 2.2366915 1.9554955 1.9672565 2.728095 3.0882893 2.6698928 2.2244473 2.2437627 2.2348988 1.6687253 1.0586092 0.89123744 0.90079224 0.9005865 2.111619 3.3227959 3.494044 3.1146035 2.2874918 1.8242372 1.553327 1.3496275 1.6099823 1.6569885 1.5231187 1.3072323 1.0974703 0.43858513 0.60879415 0.7936944 0.333968 0.4781694 0.7184668 0.8623298 0.9487135 1.0540209 1.3162148 1.8933258 3.1822038 3.1758502 2.3956478 2.8847082 3.4145236 4.1985993
2.125485 1.5912545 0.7936236 2.1624458 2.2080858 1.366509 1.0426359 1.1222339 1.5947552 1.4004145 1.2160164 1.7533294 2.2479758 2.6193244 3.0188484 3.2317414 3.1278539 2.507222 1.8339368 2.1417572 2.9358246 2.9870994 2.5161736 2.4817731 2.3612952 1.7878486 1.440798 1.3933948 1.0340464 0.78997266 1.544693 2.7206786 3.2029462 3.0770698 2.6263168 2.4642074 2.0648642 1.437798 1.4324416 1.3744601 1.2797695 1.071169 0.7051695 0.24767077 0.6307377 0.33551452 0.12527435 0.23150195 0.2588696 0.3680347 0.58151615 0.9128659 1.2456276 1.8076426 3.0232613 3.2837882 2.7236733 2.8752854 3.3499134 4.0884957
1.2138828 1.7088522 1.6286097 2.0306907 2.0870357 1.1612719 0.5579436 0.45936015 1.1011388 1.1799251 0.8256269 0.9098703 1.3541514 1.9479142 2.7130797 3.4007087 3.9134932 3.6568315 2.6928866 2.352402 2.607417 2.8089116 2.5402627 2.5629117 2.5398607 2.0690358 1.7042238 1.312105 0.8444656 0.6024181 0.91736406 1.8908765 2.8837743 3.1222658 2.7578368 2.9356287 3.1081614 2.6010506 2.0778267 1.7409133 1.6031569 1.3903131 1.1940819 1.1266237 1.2946997 0.8534289 0.40135676 0.48885956 0.7269376 0.8558987 0.8718463 1.0897688 1.3267252 1.8357066 3.0771446 3.3633268 2.6595445 2.683702 3.4557483 4.085288
1.163951 2.0102305 1.6203389 1.5354184 1.8917537 0.94854224 0.12088079 0.34787554 0.39674634 0.711755 0.8065775 1.035164 1.2067261 1.4956412 2.1590996 2.9207566 3.890936 4.2624207 3.6910367 2.8550189 2.438238 2.5407307 2.5599973 2.6907427 2.6777039 1.9215969 1.2063196 0.74455076 0.58572614 0.10726919 0.31517726 1.0242927 2.1691566 3.0562482 3.0095959 3.06166 3.4144766 3.224211 2.6188247 2.4140494 2.3942502 2.1984422 2.0358799 1.8417937 1.6707771 1.0920396 0.19526841 0.639059 1.0126776 1.3773637 1.6077998 1.6449742 1.6290518 2.047919 3.0195904 3.2552516 2.534805 2.5732613 3.4663494 4.1063194
1.8678908 1.7554219 1.1427772 1.0549301 1.5909117 0.8967611 0.4397071 0.56104875 0.8129533 1.009842 0.93127817 1.0674877 1.3625433 1.8204592 2.1338303 2.5043845 3.4934201 4.0426908 3.801839 3.2942045 2.8505366 2.9492726 2.989246 2.8791208 2.7507539 1.6517532 0.7739651 0.76160336 0.7601417 0.07356017 0.11771794 0.5715938 1.4562417 2.6527014 3.338573 3.337045 3.221086 3.0972648 2.7919517 2.7597218 2.5903604 2.3777175 2.0760128 1.8346792 1.9440262 1.1923268 0.4744503 0.9317167 1.3601805 1.5771177 1.8447981 1.7356164 1.7080288 2.2211576 2.676641 3.0542192 2.717088 2.8062546 3.6438224 3.9886596
2.1828861 0.78577715 0.5892666 0.88565165 1.2217427 0.9475521 0.5934818 0.7201682 1.1494426 1.1712452 1.2895474 1.383755 1.687669 2.2291276 2.3885522 2.5535774 3.150571 3.6324089 3.737922 3.6720526 3.400743 3.4768982 3.3307426 3.6567152 3.5181298 2.0125904 0.79691607 0.5458708 0.8557962 0.46404624 0.30531976 0.86602175 1.4123747 2.2103555 2.9160378 3.2106147 3.452683 3.592125 3.416556 3.0485272 2.6375625 2.553621 2.3261757 2.4213896 2.0572069 1.4059896 1.1580446 1.2772986 1.7964691 1.8395265 1.7691067 1.7496922 1.7454672 2.2603648 2.2922432 2.6933534 3.022619 2.9945564 3.4600782 3.5910718
2.4808576 0.4204194 1.0433958 1.6132071 1.578824 1.3333066 0.7988331 0.7812744 1.2945211 0.989538 1.0867453 1.2261531 1.8883246 2.4492142 2.489399 2.548837 2.875686 3.2710285 3.5876658 3.731568 3.564694 3.4361446 3.4945493 4.581278 4.1450686 2.336296 1.1417176 0.90574217 1.1451908 1.3114212 0.9022517 1.2490417 1.5958844 1.7909487 2.3898835 2.986829 3.4422624 3.7519345 3.53578 3.2033157 3.0849648 3.0882282 3.3492541 3.5891476 2.6510565 1.8090684 1.358952 1.289583 1.8599938 1.7432473 1.4917085 1.7596403 2.0605361 2.3012514 2.232178 2.620855 3.3075993 2.920553 2.9723198 3.4600313
