testcase_input/parameters/sve_dem_raw_slope.txt
NCOLS         214
NROWS         263
XLLCORNER     382500.0
YLLCORNER     7541702.0
CELLSIZE      16.0
NODATA_VALUE  -9999
[rows 27 to 53 of 263, columns 120 to 179 of 214]
8.911983 8.558791 6.179505 5.2675247 5.751152 6.997349 6.439344 4.6807303 4.7053494 6.1044607 6.583016 4.50904 2.3488355 2.0810566 3.139939 3.667033 2.7402728 2.4704843 2.3034215 1.8686349 1.4667252 1.6149497 1.7932111 2.7945373 2.6456792 1.5336833 1.8614624 2.2873285 2.7063532 3.208882 2.8701398 2.792678 2.8515344 3.264153 3.6854026 5.1225257 5.9744024 5.421569 5.183398 5.28928 5.369908 4.83438 5.106065 5.5799265 5.6116424 5.788844 6.1305594 6.403181 6.841539 6.757239 6.206622 7.133021 9.017858 11.007777 11.127636 9.606744 9.758476 11.043317 10.916738 10.542129
8.773746 8.398247 6.9367156 5.8661265 5.4811606 6.5315166 5.868814 4.2121606 4.9800596 6.9639177 6.606893 3.6648796 1.9363977 2.794477 3.8812947 3.408873 2.1850522 1.935826 2.3783095 2.8316226 2.854589 2.8072293 2.2769382 2.5166895 2.4651453 1.3623343 1.2627319 1.2199167 2.1270778 2.804267 2.438068 2.5858092 2.8223038 3.0158987 2.8288794 3.855814 5.0705247 5.0918536 5.4010386 5.608346 5.085741 4.4507627 4.454752 4.5466084 4.7201877 5.2630863 5.87784 6.4072175 6.854569 7.017305 6.156413 6.1185293 7.350134 10.245024 11.564617 9.974197 9.272842 9.926765 10.401426 10.491393
8.850096 8.44072 7.3533406 6.413811 5.2613487 5.6246467 5.478329 4.819762 5.938841 7.410235 5.73352 2.7395978 2.202484 3.5122244 3.8420513 2.7929044 1.7420698 1.4601159 1.831407 2.4300206 2.7946095 3.2553308 3.5269802 2.988002 2.187142 1.5138725 1.1439872 1.0616101 2.3307972 2.680269 2.243731 2.6556664 3.2872088 3.545653 2.9557147 2.9952352 3.7657232 4.0149336 4.330639 4.877125 4.9118805 4.5382414 4.236099 4.0144815 3.9779942 4.6624713 5.489685 5.9637575 6.3152347 6.2368755 5.839929 5.612497 6.0858035 8.328204 11.073052 8.889225 7.1426415 7.480959 8.130307 8.992111
8.982394 8.798011 7.2896576 6.204081 5.335261 5.2027025 5.546392 5.713449 6.1636267 7.1033297 4.8799253 2.4241903 3.090025 3.9215708 3.595809 2.603999 1.4645303 1.2866169 1.5106267 1.7597685 2.0912292 2.8321152 4.328003 3.7729664 1.9781717 1.5830277 1.0390711 1.5569494 3.1550753 3.107342 2.5283153 2.7828777 3.3582776 3.810963 3.561688 3.4516044 3.5489845 3.3705108 2.9651332 3.207222 3.3568244 3.6738534 3.7413256 3.6805346 3.8155031 3.9708297 4.242924 4.6635766 5.596313 5.6704826 5.5850673 6.2828817 6.389851 6.5573163 10.335784 9.126514 6.7840357 6.7797384 6.960979 7.9404902
8.708642 8.826539 7.1769223 5.575051 5.5071626 5.5498714 5.7771225 6.003184 5.8330145 6.5531874 4.89905 3.155583 4.0514755 4.310859 3.66556 2.823788 1.757915 1.5959322 1.7737153 2.1692495 2.593594 2.8031702 4.820366 4.6992 2.3277445 1.4648287 1.0449537 2.1238728 3.9365375 3.1158135 2.3329737 2.3717382 2.5581203 3.2219129 3.4718924 3.6805174 3.5617042 3.1575112 2.6208496 2.7005413 2.4003453 2.9396496 3.5699174 3.4373379 3.4507105 3.3128045 3.388741 3.746308 4.8297358 5.7149296 5.547355 6.518594 6.770097 6.1670246 9.417649 10.370317 9.40213 9.443515 8.538412 7.9022617
8.399188 8.547949 6.999044 5.100494 5.386396 6.033739 6.1025434 5.8934627 5.3510165 5.7444777 4.932273 4.047243 4.7462626 4.8302827 3.851514 2.9118998 2.3071136 2.2224703 1.8946302 1.9013851 2.1607544 2.395399 4.9607315 5.111209 3.0458589 1.5033218 0.8524558 2.3495736 4.342225 2.832837 2.0176454 1.9506222 2.005651 2.7796605 3.3313613 3.5051067 3.3670406 3.317155 3.1314242 3.0243785 2.8325107 3.1840315 3.8750415 3.7493336 3.5019743 3.3672855 3.2871382 3.257477 4.1013856 6.0208526 6.716706 6.53026 6.2580557 6.542973 8.90342 10.579969 11.373332 12.24877 11.621891 9.086989
8.335017 8.224618 6.566788 5.1436834 5.563403 6.499131 6.6267357 6.040995 4.839927 4.998106 5.380985 4.4772425 4.4784503 5.074007 4.205864 3.1669855 2.5997388 2.1182556 1.4926375 1.2195913 1.2414721 2.1828098 4.546018 5.1550407 4.550271 2.438638 0.7384362 2.5222948 4.5807533 2.6773906 1.517897 1.5685973 2.0110686 2.7540154 3.2169008 3.5067787 3.1927702 3.0897903 2.9309886 2.9459815 2.9857957 3.1276476 3.562249 3.6408682 3.7255042 3.8188436 3.6086884 3.4105115 4.084667 5.622432 6.3903503 5.478989 5.280315 5.998124 8.200252 9.824425 11.274482 12.526551 13.324059 13.040455
8.441519 7.7371287 6.185975 5.7531853 6.356781 6.963693 6.986873 5.9906807 4.086231 4.719634 6.1875095 4.667485 3.688377 4.3822913 4.774481 4.047677 2.8032568 1.6823819 1.7440712 1.6871034 1.4840012 2.3151035 3.6222758 4.2277284 4.7673454 2.91772 0.82992107 2.8098052 4.674334 2.7714086 1.4734514 1.9783837 2.721521 3.0632517 3.1283822 3.5897238 3.1674457 2.5728915 2.1822252 2.5261614 2.5491765 2.6992936 3.262338 3.4353092 3.7475548 4.103011 4.1272817 3.946929 4.242062 4.8359804 5.059452 5.3723607 5.594037 5.505218 6.90502 8.557102 9.646467 9.865769 10.493567 13.237358
8.672241 7.5399275 6.370204 6.479393 6.86283 7.010821 6.757488 5.438621 3.8112845 5.088052 6.2824125 4.639542 3.3090112 3.7223442 4.8936067 4.5171385 3.0613487 1.7161235 1.7645273 1.6924444 1.3419317 2.497245 3.6270306 4.288134 4.510834 2.372954 1.0156019 3.095263 4.6377816 3.1308603 2.1634305 2.8889635 3.3278093 2.8980286 2.8973975 3.3795602 3.175197 2.7647235 2.3472166 2.7847219 2.6774957 2.5891643 3.0482159 3.4232683 3.775739 4.050865 4.0970426 4.0591054 4.452359 4.9465885 4.82465 5.3936725 5.4506254 4.9020934 5.413556 6.4563427 6.5455527 7.1569343 7.836911 10.38912
8.716059 7.833072 7.0049057 6.8024497 6.695044 6.6914577 6.2811356 5.396355 4.522655 5.3840795 5.809914 4.7220454 3.419164 3.6675878 4.6536717 4.299516 3.2533484 1.8931496 0.69532555 0.89760756 0.5441183 2.6784859 4.303185 4.406547 3.7606134 1.7659808 1.8691226 3.733328 4.4286337 3.3851671 2.695041 3.031999 3.0121558 2.4575908 2.816749 3.6106029 3.6979818 3.3812408 3.1572897 3.2870874 3.0291216 2.678965 2.7972822 3.3200262 3.7487173 3.93756 4.042642 4.3114057 5.0071287 5.5781736 5.178505 4.923494 4.845501 4.4133015 4.023344 4.4126763 5.095603 6.702643 7.908311 8.364203
8.479412 8.073825 7.3617625 6.9426284 6.331463 6.1379266 5.9444175 5.917042 5.4349833 5.105438 5.412377 5.0652814 4.0114865 4.1172714 4.5870447 3.9286165 3.1436558 2.172715 0.93480736 0.10808593 0.9240822 3.0219765 3.8979685 4.019424 3.3483737 1.675579 2.8723311 4.6150746 4.2094026 3.09821 2.5571253 2.0124648 2.023786 2.107971 2.5515482 3.531676 4.2150664 3.818067 3.5820365 3.3833818 2.984001 2.8852851 3.0953007 3.555091 3.9049544 4.0316806 4.224475 4.5116944 4.995666 5.654094 5.6192613 5.471663 5.132664 4.7508745 4.2894244 4.3975983 4.674763 5.7369013 6.397058 5.923802
8.077772 8.113785 7.577532 6.693744 5.685438 5.785596 5.8945684 6.201077 5.839485 4.790386 4.912068 5.0880675 4.6831822 4.800705 4.836285 3.7084315 2.809203 2.2858534 1.6805694 0.972729 1.204299 2.8111956 3.1865969 3.656223 2.936899 1.6168362 3.6197245 5.070507 3.8787465 2.2528572 1.4744316 1.6827565 1.7519335 1.23197 0.5985475 1.6829538 3.2381022 3.507894 3.3354375 2.979135 2.69101 2.6902826 3.0070446 3.3972776 3.6545088 3.8328247 3.9718328 4.3381643 5.062841 5.6360607 5.3654556 5.0728593 4.736477 4.435917 4.4875197 4.2938237 3.7578697 4.2380514 4.835899 4.6157107
7.666495 7.8470054 7.585457 6.0688505 5.2550135 5.8574333 6.081584 6.3000255 5.8677297 4.7173176 4.499767 4.640698 4.7835646 5.1691656 5.0297728 3.786747 2.882972 2.5349596 2.1872559 1.3601637 0.54063785 2.5663774 3.2199714 3.364979 2.1697674 2.0593748 4.4772363 5.3333707 3.3940775 2.148544 1.2065235 1.9503955 1.7979634 1.2293142 1.5141127 1.6463727 2.6372435 3.4571123 3.6056125 2.9674194 2.599417 2.7889218 3.456027 3.9410925 4.07586 4.110197 4.2586274 4.915049 5.9536676 6.145163 5.226116 4.2825413 4.1334457 3.8269737 3.6877549 3.5253336 3.1759577 3.6194453 3.9392564 3.8797128
7.728046 7.324816 6.960055 5.8318586 5.274645 5.5797515 5.651414 6.3601503 6.1758633 5.078164 4.6609116 4.421587 4.3657956 4.8704467 4.841578 3.6716187 3.0508893 2.681108 2.4680903 1.8179635 0.03337479 2.5084593 3.7412655 3.1193757 0.8544784 2.6825588 4.785573 4.584931 2.2826254 2.071337 2.1672983 2.7794251 2.7293441 3.0194964 3.500157 3.0654886 3.1927438 3.6960945 4.00687 3.622705 2.9413967 3.1896286 4.1106367 4.4232454 4.3309174 4.1736 4.5315466 5.50336 6.0015364 5.6718597 4.9816594 4.417817 4.356641 4.2718425 3.984844 3.818904 3.7758381 3.7970755 3.6541991 3.6196446
8.166556 7.1456175 6.491323 6.065986 5.2969904 5.1345687 5.188176 5.8379173 6.1984963 5.546784 5.1565814 4.4482336 3.6934624 4.2798567 4.232362 3.0465674 2.748273 2.8028605 2.8224635 2.2491639 0.7804139 2.87082 4.337668 2.8198903 0.56409156 3.121165 4.3297772 3.3670502 1.4227904 1.115399 1.3497623 2.019662 2.7269068 3.0726724 2.97074 2.5524285 2.720385 2.8209574 2.9592938 3.3192294 2.798267 3.191005 3.795076 3.5581384 3.497976 3.4696295 3.7443476 4.539053 4.6120048 4.4008594 4.123972 4.168085 4.566766 4.9920554 4.897102 4.756264 5.037989 4.636554 3.8139534 3.416883
8.681076 7.609725 6.404038 5.7577915 4.968823 5.601095 5.9901576 5.801274 6.4773903 6.194173 5.2450957 4.0386896 3.2895958 3.799539 3.4220476 2.8011868 2.7346292 2.8773844 2.800813 2.3282287 1.4011296 3.3602507 4.339326 1.9101423 1.322568 3.2799425 4.2627964 3.2400255 1.3492608 0.34349275 0.23956135 1.715815 2.9247727 2.7522576 2.0735984 1.5645411 1.4284806 1.3614625 1.3880728 2.007088 2.0132565 3.179329 3.3629668 3.058818 3.1007857 3.2084866 3.3285444 3.4779558 3.7157774 3.9833739 3.5670686 3.444189 3.95151 4.3980393 4.517957 4.466073 4.998951 5.039976 4.1506357 3.3457441
9.129199 8.108436 6.044757 5.3140554 5.3557115 6.6325192 6.3258815 5.186169 6.2911167 6.0415306 4.3841805 3.4697006 3.4593105 3.3641803 2.6845832 2.701768 2.9222786 2.8513536 2.5874157 2.0487664 1.5110404 3.6030495 3.7302732 0.7307854 1.7276132 2.9338565 4.430189 3.5640905 0.93738097 0.247535 0.86044353 2.189364 3.1342418 3.3281543 2.2783241 1.4131645 1.3799795 1.4514365 1.5836699 1.9248177 2.4875543 3.2699096 2.7916644 2.7958808 2.975378 2.8944852 2.7453418 2.8680532 3.8910713 4.3394613 3.716077 3.592566 3.7929268 3.652301 3.4715836 3.2921817 3.7802 3.7983422 4.040417 3.6208484
8.852468 8.284734 6.086523 5.5860877 6.3360214 7.020153 6.1040196 5.0929756 6.1626277 5.854779 4.1723294 3.6612816 3.690564 3.1435523 2.4997926 2.573386 2.992466 2.8381894 2.4613893 1.8097425 2.1188972 3.869292 2.8700974 0.71644723 1.9048934 2.7147667 4.3262134 3.4418705 0.9549463 0.59603703 1.9944028 2.901267 3.5914521 3.8083863 2.3913887 1.7539147 2.1032684 2.329386 2.696514 3.1170402 3.6498995 3.66892 3.1077957 3.327525 3.2691803 2.6275048 2.0693178 2.278272 4.243309 4.8943033 3.907514 3.667564 3.743602 3.6801686 3.8355842 3.6358552 3.3590634 2.73214 3.2785025 3.8311834
8.338646 8.025234 5.969964 5.9142656 7.044823 7.0708737 6.2094426 5.4700966 5.6679716 5.2470703 4.1314597 3.9206161 3.5644438 2.9167464 2.7114844 2.7571254 3.13425 2.7961087 2.102485 1.8603748 2.9681387 3.4922602 1.4973668 1.3372325 2.089235 2.8023396 3.931645 3.0632644 1.2199725 1.2480607 2.47738 3.03464 3.3174691 3.2594063 2.3876307 2.113509 2.1882813 2.5296407 2.9194067 3.3508685 3.6229193 3.7127516 3.8826323 4.1351438 3.550634 2.634579 2.046372 1.7974881 4.7594995 5.3693347 3.7096803 3.4367301 3.4760356 3.3988388 3.7286098 3.8481417 3.3337462 2.6623468 2.5572042 3.2561615
8.70351 8.362042 6.103548 6.009415 7.1068063 7.0825453 6.651797 5.899675 5.4481087 4.7966957 4.042798 3.9813714 3.3992398 2.740619 2.7037294 2.894264 3.2388291 2.5516193 1.573713 1.9361936 2.6159582 1.9740442 0.061349846 1.764144 2.4507296 3.008596 3.7384717 3.0586333 1.7553318 1.5631578 2.741784 3.2574353 2.8205855 2.8294349 2.6714754 1.9416686 2.0182922 2.7603798 2.9817972 3.5720725 3.8155692 3.8837764 4.081743 4.1746197 3.5617886 2.7741244 2.334108 2.8297963 5.597842 5.3929367 3.3777263 3.0114317 2.95071 2.784418 3.0401082 3.4616113 3.3739228 2.995921 2.5831394 2.6958997
9.097379 9.007092 7.1000814 6.592081 6.8992424 6.832525 6.906909 6.3445377 6.1648836 5.2076373 3.9860985 3.860763 3.3594742 3.1095014 3.093723 3.0422802 3.2163546 2.1103022 0.9026361 1.3714814 1.7361454 0.8385186 1.0481049 2.330329 3.0001035 3.137206 3.4515243 2.9663782 1.7725796 1.6540143 2.6307795 3.5121186 2.959444 2.7068439 2.6633875 1.5301067 1.5474843 2.5677717 3.1164422 3.2035847 3.4907532 3.6333869 3.7012804 3.6507885 3.2289057 3.0804954 2.7295504 4.363872 5.8893614 4.665679 3.1101418 2.8629665 2.6170516 2.5599089 2.9133062 3.3460789 3.4292977 3.1783671 3.0753694 3.1006389
8.514358 8.776712 8.016838 7.323368 6.562143 6.53596 6.739364 6.325479 6.882815 6.279054 4.354306 3.666327 3.4473348 3.7424765 3.639431 3.2224615 3.3020778 1.9684767 0.61391854 1.1783953 1.3186764 0.5430169 2.0038445 2.8966346 3.4506247 2.9686615 2.4552634 2.2323163 1.9921069 2.2464135 2.8052995 3.7603269 3.3888717 2.257475 1.8876705 1.6847343 1.268712 2.2741427 3.0540023 2.497825 2.9178574 3.1448991 2.891057 2.9654064 2.5756812 3.1540937 2.6326041 4.5049176 4.9453177 3.6628163 2.2883391 3.1445951 3.0119135 3.091366 3.222646 3.1929195 3.2066255 2.8613856 2.646111 2.8582573
7.874681 8.201264 8.64003 8.032039 6.4644947 6.3523407 6.4722514 5.993858 6.9240265 6.9877872 4.9210787 3.5126486 3.4961653 3.9963145 3.7970357 3.4580946 3.3260972 2.001272 1.06267 1.3651912 1.2349033 0.8246911 2.7418087 3.520246 3.6121151 2.0044978 0.9702228 1.8193038 2.3913312 3.10684 3.1165586 3.915352 3.3738706 1.242861 0.98927546 2.179715 2.1948497 1.67392 2.2952175 3.7791853 3.7815154 3.8279443 3.8777015 3.406218 2.1420496 2.7733636 1.6832927 4.5681853 4.6657662 3.5093567 3.0735373 4.751154 4.7067857 3.876083 3.3945522 3.022172 2.986578 2.9292822 2.5709584 2.46608
7.61487 7.4293957 8.519677 8.485554 6.88644 6.816493 6.8364816 6.209993 6.86297 7.020431 5.284551 3.6487265 3.6456976 4.0524473 3.7445288 3.6970549 3.1034293 1.4572835 1.307358 1.1435362 0.98091114 0.9916828 3.1331334 4.042427 3.6012003 1.0955634 0.71516865 2.3317614 3.9893067 3.5461178 2.9310637 3.8650284 3.1780112 0.884728 1.8237765 3.9287524 3.487373 2.4122572 2.9121566 5.2187514 4.324953 3.5523694 4.670656 4.1408997 3.1642036 3.0998564 2.1849835 5.131239 4.402844 3.8115637 4.6773973 6.2186565 5.495367 4.116394 3.1436083 2.354845 2.3462226 2.9194078 3.199495 2.8287725
7.226641 6.731196 7.7293143 7.750097 6.437397 6.733174 6.9433627 6.514288 6.71087 6.6530747 5.483804 4.117396 3.8157008 3.930343 3.7501647 3.8814156 2.9045343 1.3585415 0.5913392 0.14037286 0.65884674 0.9328537 3.1875675 4.1286974 3.3063788 0.98164326 0.988608 3.990655 4.9714994 3.375021 2.6256971 3.3373036 2.8119802 1.8810507 3.9530768 5.235096 3.9095674 3.8449109 4.412537 4.167528 3.8242571 3.2410867 3.2085083 2.366382 3.6643026 3.5217745 3.7219944 5.419876 4.341466 3.8894727 4.29734 4.5568795 3.6230977 2.9863534 3.409258 2.5501995 2.0744267 2.5117965 3.4873931 4.062777
6.813234 6.688085 7.128131 7.141733 6.4533052 6.550618 6.846001 6.880251 6.079216 6.2108107 6.0136003 4.6494665 3.8051991 3.6210406 3.5531394 3.5995672 2.8700821 1.817626 1.1695474 1.0446218 1.1560527 0.8190971 2.9253805 3.8041472 2.8910136 1.4261006 3.0809228 5.093556 4.943357 3.321269 2.4170463 2.8242612 2.7361124 3.4235144 4.8089952 4.043418 2.6115248 2.9122615 2.6267495 1.3514857 3.0525517 3.9493444 2.708734 0.24739869 2.6138363 2.2656474 3.6799543 5.305791 4.937592 4.5181956 4.2137475 4.2275414 3.3855228 2.5043793 3.6966622 4.122888 3.649932 3.2964664 3.6037316 4.2562995
6.566921 6.74674 6.8278356 7.1063547 7.295034 6.703011 6.508735 6.5674987 5.324925 6.1331644 6.6256247 5.108919 4.0061655 3.4054484 3.0535977 3.0181963 2.9365726 2.7970073 1.8168336 0.9426533 1.3282348 0.8469004 2.3807425 3.289461 2.4956186 2.3878074 4.7795024 5.3984222 4.545269 2.895392 2.032508 2.6577535 3.3267922 4.3267636 4.385434 3.477682 3.023431 2.812056 2.087137 1.083336 1.9790155 4.085516 3.081805 1.6365219 1.8210421 0.72792685 3.8760905 5.235367 4.972909 4.402875 4.0539045 4.1557026 3.4836874 2.7362661 3.2468135 3.9493058 4.219178 3.7883162 3.2383127 3.0818062
