testcase_input/parameters/twi.dat
NCOLS         214
NROWS         263
XLLCORNER     382500.0
YLLCORNER     7541702.0
CELLSIZE      16.0
NODATA_VALUE  -9999
[rows 112 to 127 of 263, columns 37 to 73 of 214]
-9.999000000000000000e+03 -9.999000000000000000e+03 -9.999000000000000000e+03 -9.999000000000000000e+03 -9.999000000000000000e+03 -9.999000000000000000e+03 -9.999000000000000000e+03 -9.999000000000000000e+03 -9.999000000000000000e+03 -9.999000000000000000e+03 -9.999000000000000000e+03 9.413888999999999285e+00 9.749774000000000385e+00 9.815744000000000469e+00 1.009150999999999954e+01 9.857670000000000599e+00 9.682342999999999478e+00 1.023826000000000036e+01 1.666691000000000145e+01 1.092098000000000013e+01 9.945769000000000304e+00 9.910315000000000651e+00 9.488053000000000736e+00 9.920878999999999337e+00 8.835729000000000610e+00 9.926804999999999879e+00 9.387885999999999953e+00 1.512913999999999959e+01 1.440681999999999974e+01 1.029890999999999934e+01 9.734797000000000367e+00 1.192722000000000016e+01 8.777414000000000271e+00 8.797015000000000029e+00 8.685081000000000273e+00 9.600220000000000198e+00 1.165226999999999968e+01
-9.999000000000000000e+03 -9.999000000000000000e+03 -9.999000000000000000e+03 -9.999000000000000000e+03 -9.999000000000000000e+03 -9.999000000000000000e+03 -9.999000000000000000e+03 -9.999000000000000000e+03 -9.999000000000000000e+03 -9.999000000000000000e+03 -9.999000000000000000e+03 9.519738999999999507e+00 9.419368000000000407e+00 9.273087000000000302e+00 9.327776999999999319e+00 9.690837000000000145e+00 1.043379000000000012e+01 1.158173000000000030e+01 1.669385000000000119e+01 1.002924999999999933e+01 9.302740000000000009e+00 1.044707999999999970e+01 1.086237999999999992e+01 9.405891000000000446e+00 9.126818999999999349e+00 9.976487000000000549e+00 9.887532000000000210e+00 1.520429999999999993e+01 1.492662999999999940e+01 9.841685999999999268e+00 9.948237000000000663e+00 1.099488000000000021e+01 9.674924000000000746e+00 9.676990999999999232e+00 8.746097000000000676e+00 9.542315000000000325e+00 1.213922999999999952e+01
-9.999000000000000000e+03 -9.999000000000000000e+03 -9.999000000000000000e+03 -9.999000000000000000e+03 -9.999000000000000000e+03 -9.999000000000000000e+03 -9.999000000000000000e+03 -9.999000000000000000e+03 -9.999000000000000000e+03 -9.999000000000000000e+03 -9.999000000000000000e+03 9.440117000000000758e+00 9.557463999999999515e+00 9.574236000000000857e+00 9.750574999999999548e+00 9.598855999999999611e+00 1.006636999999999915e+01 1.131985000000000063e+01 1.622476999999999947e+01 8.807506999999999309e+00 9.200580000000000425e+00 9.658614000000000033e+00 1.211012999999999984e+01 1.046344999999999992e+01 9.683704000000000534e+00 1.015454000000000079e+01 1.580873000000000062e+01 1.075494999999999912e+01 1.000026000000000082e+01 1.489120999999999917e+01 9.635861999999999483e+00 9.211021000000000569e+00 1.145373000000000019e+01 1.066672999999999938e+01 9.639400000000000190e+00 9.348575999999999553e+00 1.250412000000000035e+01
-9.999000000000000000e+03 -9.999000000000000000e+03 -9.999000000000000000e+03 -9.999000000000000000e+03 -9.999000000000000000e+03 -9.999000000000000000e+03 -9.999000000000000000e+03 -9.999000000000000000e+03 -9.999000000000000000e+03 -9.999000000000000000e+03 -9.999000000000000000e+03 9.226748000000000616e+00 9.253607000000000582e+00 9.385675000000000878e+00 9.844602999999999327e+00 1.026886999999999972e+01 1.049109999999999943e+01 1.105427000000000071e+01 1.652439000000000036e+01 8.975160000000000693e+00 9.800342999999999805e+00 9.215609000000000606e+00 9.257932999999999524e+00 1.277687000000000062e+01 1.019988999999999990e+01 1.155460000000000065e+01 1.570453000000000010e+01 1.031288999999999945e+01 1.069818000000000069e+01 1.528450999999999915e+01 9.821049000000000362e+00 1.056264000000000003e+01 1.080270999999999937e+01 1.092793999999999954e+01 9.802732000000000667e+00 9.001988000000000767e+00 1.231215000000000082e+01
-9.999000000000000000e+03 -9.999000000000000000e+03 -9.999000000000000000e+03 -9.999000000000000000e+03 -9.999000000000000000e+03 -9.999000000000000000e+03 -9.999000000000000000e+03 -9.999000000000000000e+03 -9.999000000000000000e+03 -9.999000000000000000e+03 -9.999000000000000000e+03 9.057736000000000232e+00 8.869846000000000785e+00 9.221197999999999340e+00 9.536920999999999538e+00 1.015128999999999948e+01 1.107848000000000077e+01 1.220946999999999960e+01 1.720436000000000121e+01 1.007385000000000019e+01 9.230679999999999552e+00 9.391201999999999828e+00 9.456542000000000670e+00 1.066032000000000046e+01 1.290564000000000000e+01 1.567599000000000053e+01 1.352650000000000041e+01 1.104218000000000011e+01 1.089583999999999975e+01 1.685895999999999972e+01 1.159074999999999989e+01 1.088100999999999985e+01 1.040934000000000026e+01 1.018373000000000062e+01 9.772036999999999196e+00 1.229673000000000016e+01 9.314837000000000700e+00
-9.999000000000000000e+03 -9.999000000000000000e+03 -9.999000000000000000e+03 -9.999000000000000000e+03 -9.999000000000000000e+03 -9.999000000000000000e+03 -9.999000000000000000e+03 -9.999000000000000000e+03 -9.999000000000000000e+03 -9.999000000000000000e+03 -9.999000000000000000e+03 8.779859999999999332e+00 8.919733000000000800e+00 9.247051000000000798e+00 9.753790000000000404e+00 1.001240999999999914e+01 1.068820000000000014e+01 1.240250999999999948e+01 1.757757000000000147e+01 1.002333999999999925e+01 9.551766000000000645e+00 9.444438999999999140e+00 1.015692999999999913e+01 1.133615999999999957e+01 1.248401999999999923e+01 1.681851999999999947e+01 1.217177000000000042e+01 1.201708999999999961e+01 1.259219000000000044e+01 1.499066999999999972e+01 1.295838000000000001e+01 1.142833000000000077e+01 1.034340000000000082e+01 9.878477999999999426e+00 9.704143000000000185e+00 1.186358000000000068e+01 9.127072000000000074e+00
-9.999000000000000000e+03 -9.999000000000000000e+03 -9.999000000000000000e+03 -9.999000000000000000e+03 -9.999000000000000000e+03 -9.999000000000000000e+03 -9.999000000000000000e+03 -9.999000000000000000e+03 -9.999000000000000000e+03 -9.999000000000000000e+03 1.127482999999999969e+01 8.582323999999999842e+00 8.755001999999999285e+00 9.512193999999999150e+00 9.952370999999999412e+00 1.047242999999999924e+01 1.152158999999999978e+01 1.419224999999999959e+01 1.096387000000000000e+01 1.645895000000000152e+01 9.932444000000000273e+00 9.610884000000000427e+00 1.052924999999999933e+01 1.111706000000000039e+01 1.732496000000000080e+01 1.210060000000000002e+01 1.318857999999999997e+01 1.270046999999999926e+01 1.480983999999999945e+01 1.028242999999999974e+01 1.236251999999999995e+01 1.129432000000000080e+01 9.579933000000000476e+00 1.062282000000000082e+01 1.280687999999999960e+01 9.215536999999999423e+00 9.403587999999999170e+00
-9.999000000000000000e+03 -9.999000000000000000e+03 -9.999000000000000000e+03 -9.999000000000000000e+03 -9.999000000000000000e+03 -9.999000000000000000e+03 -9.999000000000000000e+03 -9.999000000000000000e+03 -9.999000000000000000e+03 -9.999000000000000000e+03 9.926738999999999535e+00 9.213037999999999172e+00 9.070788000000000295e+00 9.533122999999999791e+00 1.008989000000000047e+01 1.062663000000000046e+01 1.029407999999999923e+01 1.387110999999999983e+01 1.216411000000000087e+01 1.750176000000000087e+01 1.058292999999999928e+01 9.898825000000000429e+00 1.133059000000000083e+01 1.642561999999999856e+01 1.288072000000000017e+01 1.124544999999999995e+01 1.389652000000000065e+01 1.408399000000000001e+01 1.270439999999999969e+01 1.057164000000000037e+01 1.018326000000000064e+01 1.316342999999999996e+01 9.851120999999999128e+00 1.023253000000000057e+01 1.262250000000000050e+01 9.782455000000000567e+00 1.264827999999999975e+01
-9.999000000000000000e+03 -9.999000000000000000e+03 -9.999000000000000000e+03 -9.999000000000000000e+03 -9.999000000000000000e+03 -9.999000000000000000e+03 -9.999000000000000000e+03 -9.999000000000000000e+03 -9.999000000000000000e+03 -9.999000000000000000e+03 9.338656999999999542e+00 9.148775999999999797e+00 9.137893999999999295e+00 9.822046000000000276e+00 1.078039000000000058e+01 1.073714000000000013e+01 1.091731000000000051e+01 1.418619999999999948e+01 1.241632000000000069e+01 1.728022999999999954e+01 1.174619000000000035e+01 1.026232000000000077e+01 1.468909000000000020e+01 1.436712999999999951e+01 1.209768000000000043e+01 1.069345000000000034e+01 1.308695999999999948e+01 1.136515999999999948e+01 1.153542999999999985e+01 1.236267999999999923e+01 1.059230999999999945e+01 1.172715999999999958e+01 1.302877999999999936e+01 1.064836999999999989e+01 1.004784000000000077e+01 1.288246999999999964e+01 1.150034999999999918e+01
-9.999000000000000000e+03 -9.999000000000000000e+03 -9.999000000000000000e+03 -9.999000000000000000e+03 -9.999000000000000000e+03 -9.999000000000000000e+03 -9.999000000000000000e+03 -9.999000000000000000e+03 -9.999000000000000000e+03 -9.999000000000000000e+03 9.118570999999999316e+00 9.455353000000000563e+00 9.437601000000000795e+00 9.889222999999999431e+00 1.091918000000000077e+01 1.196887000000000079e+01 1.364298999999999928e+01 1.296915000000000084e+01 1.062986000000000075e+01 1.687886999999999915e+01 1.037782999999999944e+01 1.139340999999999937e+01 1.386806999999999945e+01 1.299755000000000038e+01 1.317803999999999931e+01 1.062444999999999951e+01 1.307916999999999952e+01 1.118388000000000027e+01 1.129124000000000017e+01 9.724754000000000786e+00 1.245285999999999937e+01 9.838276999999999717e+00 1.288284999999999947e+01 1.105118000000000045e+01 1.015493999999999986e+01 1.224521000000000015e+01 9.593484000000000123e+00
-9.999000000000000000e+03 -9.999000000000000000e+03 -9.999000000000000000e+03 -9.999000000000000000e+03 -9.999000000000000000e+03 -9.999000000000000000e+03 -9.999000000000000000e+03 -9.999000000000000000e+03 -9.999000000000000000e+03 -9.999000000000000000e+03 8.850953999999999766e+00 9.271625999999999479e+00 9.455330999999999264e+00 9.734894000000000602e+00 1.121357000000000070e+01 1.170406000000000013e+01 1.283141999999999960e+01 1.552077000000000062e+01 1.664955000000000140e+01 1.045151000000000074e+01 9.832133999999999929e+00 1.352529000000000003e+01 1.115897999999999968e+01 9.693424999999999514e+00 1.315210000000000079e+01 1.256179000000000023e+01 1.320946999999999960e+01 1.030244000000000071e+01 1.018463999999999992e+01 9.094960000000000377e+00 1.025750000000000028e+01 1.245520999999999923e+01 1.289140000000000086e+01 1.087232000000000021e+01 1.010956999999999972e+01 1.198658999999999963e+01 8.901901999999999759e+00
-9.999000000000000000e+03 -9.999000000000000000e+03 -9.999000000000000000e+03 -9.999000000000000000e+03 -9.999000000000000000e+03 -9.999000000000000000e+03 -9.999000000000000000e+03 -9.999000000000000000e+03 -9.999000000000000000e+03 1.011064999999999969e+01 8.946467999999999421e+00 9.737731000000000137e+00 9.843462000000000600e+00 1.070350999999999964e+01 1.076534000000000013e+01 1.021175000000000033e+01 1.281086999999999954e+01 1.520353000000000065e+01 1.536927000000000021e+01 9.681349000000000871e+00 1.273037000000000063e+01 1.221926999999999985e+01 9.420629999999999171e+00 1.008460000000000001e+01 8.808925000000000338e+00 1.357966000000000051e+01 1.279279000000000011e+01 1.002425000000000033e+01 9.501906999999999215e+00 8.369377999999999318e+00 8.410572000000000159e+00 1.127497999999999934e+01 1.190177000000000085e+01 1.096014000000000088e+01 1.018213000000000079e+01 1.088166000000000011e+01 1.050020999999999916e+01
-9.999000000000000000e+03 -9.999000000000000000e+03 -9.999000000000000000e+03 -9.999000000000000000e+03 -9.999000000000000000e+03 -9.999000000000000000e+03 -9.999000000000000000e+03 -9.999000000000000000e+03 -9.999000000000000000e+03 9.514455999999999136e+00 9.486691000000000429e+00 9.898301999999999268e+00 1.084600999999999971e+01 1.071931999999999974e+01 9.113253000000000270e+00 9.722708000000000794e+00 1.311622999999999983e+01 1.550093999999999994e+01 1.447960999999999920e+01 1.261312999999999995e+01 1.040379000000000076e+01 1.152989999999999959e+01 9.643401000000000778e+00 9.119046000000000873e+00 8.950870000000000104e+00 1.384450000000000003e+01 1.105382999999999960e+01 9.849099000000000714e+00 8.430922999999999945e+00 9.129077999999999804e+00 8.648661999999999850e+00 1.054223999999999961e+01 1.092628000000000021e+01 9.689816999999999680e+00 8.637911000000000783e+00 8.287623999999999214e+00 8.073252000000000095e+00
-9.999000000000000000e+03 -9.999000000000000000e+03 -9.999000000000000000e+03 -9.999000000000000000e+03 -9.999000000000000000e+03 -9.999000000000000000e+03 -9.999000000000000000e+03 -9.999000000000000000e+03 -9.999000000000000000e+03 -9.999000000000000000e+03 9.406306999999999974e+00 9.582169000000000381e+00 1.076498999999999917e+01 9.406596999999999653e+00 9.740633000000000763e+00 1.099255999999999922e+01 1.562218999999999980e+01 1.327940000000000076e+01 1.401795000000000080e+01 1.279043000000000063e+01 1.013906000000000063e+01 1.080705999999999989e+01 9.084087000000000245e+00 8.667434000000000083e+00 9.149760999999999811e+00 1.383488999999999969e+01 1.015972000000000008e+01 1.061918999999999969e+01 8.764392000000000849e+00 8.966647999999999286e+00 9.147667999999999466e+00 1.001168999999999976e+01 9.958175999999999917e+00 9.819530999999999565e+00 7.857099999999999973e+00 7.271764000000000117e+00 7.201280999999999821e+00
-9.999000000000000000e+03 -9.999000000000000000e+03 -9.999000000000000000e+03 -9.999000000000000000e+03 -9.999000000000000000e+03 -9.999000000000000000e+03 -9.999000000000000000e+03 -9.999000000000000000e+03 -9.999000000000000000e+03 -9.999000000000000000e+03 9.120186999999999600e+00 1.031662999999999997e+01 1.182530000000000037e+01 9.929831999999999326e+00 1.134690999999999939e+01 1.538937999999999917e+01 1.280157999999999952e+01 1.265653999999999968e+01 1.403464999999999918e+01 1.292545999999999928e+01 1.033221999999999952e+01 9.960851999999999151e+00 8.363989000000000118e+00 9.140119999999999578e+00 1.397796999999999912e+01 1.114865999999999957e+01 8.527590999999999255e+00 9.728538999999999604e+00 1.071814999999999962e+01 9.118575999999999127e+00 9.787088999999999928e+00 8.247424999999999784e+00 8.172824999999999562e+00 9.756494999999999251e+00 8.880563999999999680e+00 7.768819999999999837e+00 8.777015999999999707e+00
-9.999000000000000000e+03 -9.999000000000000000e+03 -9.999000000000000000e+03 -9.999000000000000000e+03 -9.999000000000000000e+03 -9.999000000000000000e+03 -9.999000000000000000e+03 -9.999000000000000000e+03 -9.999000000000000000e+03 -9.999000000000000000e+03 9.453160999999999703e+00 1.047700000000000031e+01 1.242708000000000013e+01 1.248869000000000007e+01 9.608003999999999323e+00 1.554242999999999952e+01 9.440279999999999561e+00 1.274074000000000062e+01 1.375325999999999915e+01 1.346081000000000039e+01 1.010253999999999941e+01 9.108330000000000481e+00 8.799882000000000204e+00 9.515694999999999126e+00 1.394181999999999988e+01 1.140278999999999954e+01 9.729274000000000200e+00 8.665756000000000014e+00 9.359660999999999120e+00 1.000821999999999967e+01 8.934037000000000006e+00 8.106579999999999231e+00 8.032275000000000276e+00 9.176897000000000304e+00 8.168803999999999732e+00 8.331994999999999152e+00 8.152101999999999293e+00
