testcase_input/parameters/twi.dat
NCOLS         214
NROWS         263
XLLCORNER     382500.0
YLLCORNER     7541702.0
CELLSIZE      16.0
NODATA_VALUE  -9999
[rows 144 to 159 of 263, columns 74 to 110 of 214]
1.041897999999999946e+01 8.359699000000000879e+00 9.697086999999999790e+00 9.909838999999999842e+00 1.164268999999999998e+01 8.518062999999999718e+00 8.719319999999999737e+00 1.130584999999999951e+01 9.374262999999999124e+00 1.066727000000000025e+01 1.186234999999999928e+01 8.679798999999999154e+00 8.422238999999999365e+00 1.011280000000000001e+01 1.135181000000000040e+01 1.156293999999999933e+01 1.239072999999999958e+01 1.798817000000000021e+01 1.094411999999999985e+01 9.810537999999999315e+00 9.079409999999999314e+00 9.233325999999999922e+00 9.393696000000000268e+00 9.688798000000000243e+00 8.711814999999999642e+00 9.827367999999999881e+00 9.699234999999999829e+00 9.790297999999999945e+00 9.496980000000000643e+00 9.382459000000000771e+00 9.346403999999999712e+00 9.302998999999999796e+00 9.358423000000000158e+00 8.890539999999999665e+00 9.108641000000000432e+00 8.882816000000000045e+00 8.920870000000000744e+00
9.863597000000000392e+00 1.015277999999999992e+01 1.000789999999999935e+01 1.004260999999999981e+01 1.124447999999999936e+01 8.549521000000000370e+00 8.804166000000000381e+00 1.158292999999999928e+01 9.643777000000000044e+00 1.056564000000000014e+01 1.177363000000000071e+01 8.826779000000000153e+00 1.044266000000000005e+01 1.070551999999999992e+01 1.153336000000000006e+01 1.250553999999999988e+01 1.179092999999999947e+01 1.765257000000000076e+01 1.026850999999999914e+01 9.922259000000000384e+00 9.827797000000000338e+00 9.565182000000000073e+00 9.505466000000000193e+00 1.023013000000000083e+01 1.031070000000000064e+01 9.869013000000000702e+00 9.869913000000000380e+00 9.644140000000000157e+00 9.284115999999999147e+00 9.271463000000000676e+00 9.343054999999999666e+00 9.107889000000000124e+00 8.646466999999999459e+00 8.898994000000000071e+00 8.831455999999999307e+00 9.446120999999999768e+00 1.002210999999999963e+01
9.473449000000000453e+00 1.096575999999999951e+01 1.003309999999999924e+01 9.502397999999999456e+00 1.074947000000000052e+01 8.647589999999999222e+00 9.103986000000000800e+00 1.173798000000000030e+01 1.117017000000000060e+01 9.971351000000000298e+00 1.137148000000000003e+01 1.033100999999999914e+01 1.022171999999999947e+01 9.757899000000000100e+00 1.213204999999999956e+01 1.207103000000000037e+01 1.022791999999999923e+01 1.747400999999999982e+01 1.004954999999999998e+01 8.973760999999999655e+00 9.435867999999999256e+00 9.982777000000000456e+00 1.025176000000000087e+01 9.726566000000000045e+00 9.336436000000000845e+00 9.729780999999999125e+00 9.952094999999999914e+00 9.512029999999999319e+00 9.505827000000000027e+00 9.370088000000000861e+00 8.968628000000000711e+00 8.981714000000000198e+00 9.091879000000000488e+00 8.901972999999999914e+00 9.552051000000000514e+00 9.593318999999999264e+00 7.997474000000000416e+00
9.779783999999999367e+00 1.120589999999999975e+01 8.008490000000000109e+00 8.363232999999999251e+00 9.793119000000000796e+00 9.312200999999999951e+00 1.027464999999999939e+01 1.173619000000000057e+01 1.094158000000000008e+01 1.149984000000000073e+01 1.073992999999999931e+01 1.011580000000000013e+01 1.029111999999999938e+01 1.193502999999999936e+01 1.153364000000000011e+01 1.118961999999999968e+01 1.000562000000000040e+01 1.751355999999999824e+01 1.026280000000000037e+01 9.903176000000000201e+00 9.828977000000000075e+00 1.036590999999999951e+01 9.665425000000000821e+00 9.526279999999999859e+00 9.715083999999999165e+00 9.572440000000000282e+00 9.807384000000000768e+00 9.671407000000000309e+00 9.555911999999999296e+00 9.343082000000000775e+00 9.468398999999999788e+00 9.666054000000000812e+00 9.689864999999999284e+00 9.880385999999999669e+00 9.679816000000000642e+00 8.534729999999999706e+00 8.009527000000000285e+00
1.055062000000000033e+01 1.058502999999999972e+01 8.186163000000000523e+00 9.005371000000000237e+00 9.161391000000000062e+00 1.014983999999999931e+01 1.074164999999999992e+01 1.129674999999999940e+01 1.022096999999999944e+01 1.141210000000000058e+01 1.046645999999999965e+01 1.107536999999999949e+01 1.199343999999999966e+01 1.129887000000000086e+01 1.059664000000000073e+01 1.105443999999999960e+01 9.659700000000000841e+00 1.770082000000000022e+01 1.187928999999999924e+01 1.139578999999999986e+01 1.109106000000000058e+01 1.097715999999999958e+01 1.007646000000000086e+01 1.002012000000000036e+01 9.884116999999999820e+00 1.023400999999999961e+01 9.918048000000000641e+00 9.493477000000000388e+00 9.956457999999999586e+00 9.894593000000000416e+00 9.672124999999999417e+00 9.643547999999999121e+00 9.441504000000000119e+00 9.311230999999999369e+00 8.780756000000000228e+00 8.578321000000000751e+00 8.603360999999999592e+00
1.156182000000000087e+01 8.488315000000000055e+00 8.872087000000000501e+00 9.075938999999999979e+00 9.987372000000000583e+00 1.058736999999999995e+01 1.013618999999999915e+01 1.039598999999999940e+01 1.090029999999999966e+01 1.086241000000000057e+01 1.150736000000000026e+01 1.208079999999999998e+01 1.063740999999999914e+01 9.839105999999999241e+00 1.066188000000000002e+01 1.065053999999999945e+01 1.117556000000000083e+01 1.756716000000000122e+01 1.115915999999999997e+01 1.134182000000000023e+01 9.527252000000000720e+00 7.942502000000000173e+00 1.050107999999999997e+01 9.946664999999999424e+00 9.952633000000000507e+00 9.746010000000000062e+00 1.027957999999999927e+01 1.004390000000000072e+01 9.536578000000000443e+00 9.541522000000000503e+00 9.753382000000000218e+00 9.353267999999999915e+00 9.297155000000000058e+00 8.780699000000000254e+00 8.534917999999999338e+00 8.352546999999999500e+00 9.564548000000000272e+00
8.826848000000000027e+00 8.349947999999999482e+00 8.838081999999999994e+00 1.010757000000000083e+01 1.071019000000000077e+01 9.580479000000000411e+00 1.019544999999999924e+01 1.051598000000000077e+01 1.060988000000000042e+01 1.121012999999999948e+01 1.236450999999999922e+01 1.016417999999999999e+01 9.603229999999999933e+00 9.885204999999999131e+00 1.044614999999999938e+01 1.136124000000000045e+01 1.130737000000000059e+01 1.763936999999999955e+01 1.259772000000000070e+01 9.668241000000000085e+00 1.090891000000000055e+01 1.026115000000000066e+01 1.040310000000000024e+01 1.056104000000000021e+01 1.022340999999999944e+01 1.024765000000000015e+01 9.643649999999999167e+00 9.166482999999999493e+00 9.576518999999999338e+00 9.735917999999999850e+00 9.076382000000000616e+00 9.306331999999999383e+00 9.204570999999999614e+00 8.834630999999999901e+00 8.505371999999999488e+00 9.453001000000000431e+00 8.970703000000000316e+00
8.538370999999999711e+00 8.146463000000000676e+00 9.341025000000000134e+00 1.079718000000000089e+01 9.842352999999999241e+00 1.019955999999999996e+01 9.584576999999999458e+00 9.731569000000000358e+00 1.016676000000000002e+01 1.184806000000000026e+01 1.105169000000000068e+01 9.261108999999999369e+00 9.889651000000000636e+00 1.058122999999999969e+01 1.055239000000000082e+01 1.176596999999999937e+01 1.277393000000000001e+01 1.766488999999999976e+01 1.388273000000000046e+01 1.245571999999999946e+01 1.030465000000000053e+01 1.090808999999999962e+01 1.089511000000000074e+01 1.014525000000000077e+01 1.011960999999999977e+01 1.014669999999999916e+01 1.000670000000000037e+01 9.661118999999999346e+00 9.630656000000000105e+00 9.420483000000000828e+00 9.676641000000000048e+00 9.457259000000000526e+00 8.697547999999999391e+00 8.853063999999999822e+00 9.705541999999999447e+00 9.932947999999999666e+00 9.982158999999999338e+00
7.922671000000000241e+00 8.684589000000000780e+00 1.003481000000000023e+01 9.689189000000000718e+00 1.049845999999999968e+01 1.019786999999999999e+01 1.007778000000000063e+01 9.647149999999999892e+00 1.022005000000000052e+01 1.130479000000000056e+01 1.069295999999999935e+01 1.007382999999999917e+01 1.033075999999999972e+01 1.007562000000000069e+01 1.066017000000000081e+01 1.309399999999999942e+01 1.231812000000000040e+01 1.742136999999999958e+01 8.706595999999999336e+00 1.327706000000000053e+01 1.312221000000000082e+01 1.006886000000000081e+01 9.941572999999999993e+00 9.950144999999999129e+00 9.826548999999999978e+00 9.807183999999999457e+00 1.041300999999999988e+01 1.020044000000000040e+01 9.642559000000000324e+00 9.795555000000000234e+00 9.489940000000000708e+00 9.396895000000000664e+00 9.449947999999999126e+00 1.014625000000000021e+01 1.029621000000000031e+01 1.020341999999999949e+01 9.799640999999999380e+00
7.581661999999999679e+00 8.717029000000000138e+00 9.756881999999999167e+00 9.439875000000000682e+00 1.041427999999999976e+01 1.030644000000000027e+01 8.146815999999999391e+00 9.718420000000000059e+00 1.037677000000000049e+01 1.100431000000000026e+01 1.005227000000000004e+01 1.033576000000000050e+01 1.017656000000000027e+01 1.057520000000000060e+01 1.280638000000000076e+01 1.271898000000000017e+01 1.250400999999999918e+01 1.236879000000000062e+01 1.758125000000000071e+01 1.274510000000000076e+01 1.267197999999999958e+01 1.422195999999999927e+01 1.250971999999999973e+01 1.035294999999999987e+01 1.215718999999999994e+01 1.102571000000000012e+01 1.023662999999999990e+01 1.046495999999999960e+01 1.030511000000000088e+01 9.694136999999999560e+00 9.774105999999999739e+00 9.612538000000000693e+00 1.038949999999999996e+01 1.077388999999999974e+01 1.040990000000000038e+01 9.920139999999999958e+00 1.016220000000000034e+01
8.815915999999999642e+00 9.570987999999999829e+00 9.231374999999999886e+00 8.945757999999999655e+00 1.035056999999999938e+01 1.014963000000000015e+01 1.033403999999999989e+01 1.008353999999999928e+01 1.045354999999999990e+01 1.027769999999999939e+01 1.084787999999999997e+01 1.094452000000000069e+01 1.138104000000000049e+01 1.216943999999999981e+01 1.273920000000000030e+01 1.272397999999999918e+01 1.271607000000000021e+01 1.300634999999999941e+01 1.759010999999999925e+01 1.311670999999999943e+01 1.334172000000000047e+01 1.364366000000000057e+01 1.441665000000000063e+01 1.406176999999999921e+01 1.292944999999999922e+01 1.298344999999999949e+01 1.332729999999999926e+01 1.336636000000000024e+01 1.248789999999999978e+01 1.092209000000000074e+01 1.074126000000000047e+01 1.129058000000000028e+01 1.143276000000000003e+01 1.097943000000000069e+01 1.079007000000000005e+01 1.078058000000000050e+01 1.081648999999999994e+01
9.276407999999999987e+00 9.150349000000000288e+00 8.368306999999999718e+00 1.016710999999999920e+01 9.824973999999999208e+00 9.927623999999999782e+00 1.012545000000000073e+01 1.011515999999999948e+01 1.046613999999999933e+01 1.038162999999999947e+01 1.048409000000000013e+01 1.200252000000000052e+01 1.182920999999999978e+01 1.136652999999999913e+01 1.349357000000000006e+01 1.282525000000000048e+01 1.325717999999999996e+01 9.010185999999999140e+00 1.748361999999999838e+01 1.009018999999999977e+01 9.118541999999999703e+00 9.239663999999999433e+00 8.701976000000000155e+00 1.360524000000000022e+01 1.394702000000000019e+01 1.385680999999999941e+01 1.399845000000000006e+01 1.360157000000000060e+01 1.395139999999999958e+01 1.397588999999999970e+01 1.317059000000000069e+01 1.154282000000000075e+01 1.152092000000000027e+01 1.136059000000000019e+01 1.098869999999999969e+01 1.089536999999999978e+01 1.128140999999999927e+01
8.562030999999999281e+00 8.725099999999999412e+00 9.966307000000000471e+00 8.798405999999999949e+00 9.443967999999999918e+00 9.714199000000000694e+00 9.930621999999999616e+00 1.054285999999999923e+01 1.028911000000000087e+01 1.060213000000000072e+01 1.146311000000000035e+01 9.514924000000000603e+00 1.145623999999999931e+01 1.294098999999999933e+01 1.379508000000000045e+01 1.348872000000000071e+01 1.261838000000000015e+01 1.693113999999999919e+01 1.176873999999999931e+01 1.615837000000000145e+01 9.442028999999999783e+00 8.246544999999999348e+00 8.217784999999999229e+00 9.158668999999999727e+00 1.346035999999999966e+01 1.418084999999999951e+01 1.229332999999999920e+01 1.261551000000000045e+01 1.330701000000000001e+01 1.354232999999999976e+01 1.410735000000000028e+01 1.453547999999999973e+01 1.480146000000000051e+01 1.385796000000000028e+01 1.178897000000000084e+01 1.142713000000000001e+01 1.093740999999999985e+01
8.560408999999999935e+00 8.871657000000000792e+00 8.891643999999999437e+00 9.442726999999999649e+00 9.286872999999999934e+00 9.700386999999999205e+00 1.001484999999999914e+01 9.194255000000000067e+00 9.697601000000000582e+00 1.042318000000000033e+01 1.081652000000000058e+01 1.149032000000000053e+01 1.216061000000000014e+01 1.373381000000000007e+01 1.390779000000000032e+01 1.166879999999999917e+01 1.067697000000000074e+01 9.770113000000000270e+00 1.683637999999999835e+01 1.311702000000000012e+01 1.524886000000000053e+01 7.701759000000000022e+00 8.862016000000000560e+00 9.736850999999999701e+00 1.521175999999999995e+01 1.367684000000000033e+01 1.344284000000000034e+01 1.338274999999999970e+01 1.264414999999999978e+01 1.093548000000000009e+01 1.099347000000000030e+01 1.118734000000000073e+01 1.181752999999999965e+01 1.480663000000000018e+01 1.512172999999999945e+01 1.511795000000000044e+01 1.031363999999999947e+01
9.126796000000000575e+00 8.322910999999999504e+00 9.345095000000000596e+00 8.649934999999999263e+00 9.368923000000000556e+00 9.723418999999999812e+00 9.768935000000000812e+00 1.033628999999999998e+01 1.056237999999999921e+01 1.077377000000000073e+01 1.101759000000000022e+01 1.174197000000000024e+01 1.247437000000000040e+01 1.374206000000000039e+01 1.293227000000000082e+01 1.144319999999999915e+01 8.738369000000000497e+00 1.053968000000000060e+01 1.659488999999999947e+01 8.811944999999999695e+00 1.565509999999999913e+01 8.122954000000000008e+00 8.352990999999999389e+00 1.461007000000000033e+01 1.474310000000000009e+01 1.228811999999999927e+01 1.100144000000000055e+01 1.149835999999999991e+01 1.108660000000000068e+01 1.022827000000000019e+01 9.864618999999999360e+00 9.698033000000000570e+00 9.942458000000000240e+00 9.934502000000000166e+00 9.721712999999999383e+00 1.126463000000000036e+01 1.527421999999999969e+01
8.414630000000000720e+00 9.524934000000000012e+00 8.585556999999999661e+00 9.293575000000000585e+00 9.172601000000000226e+00 9.360167999999999822e+00 9.802540999999999727e+00 9.618123000000000644e+00 9.754125999999999408e+00 1.034770999999999930e+01 1.086350999999999978e+01 1.163307999999999964e+01 1.335295999999999950e+01 1.377242999999999995e+01 1.116493000000000002e+01 1.089775000000000027e+01 1.093655000000000044e+01 8.825407999999999475e+00 9.944915999999999201e+00 1.679927999999999955e+01 1.476145999999999958e+01 1.545907000000000053e+01 1.577535999999999916e+01 1.654261999999999944e+01 1.364311999999999969e+01 1.334496000000000038e+01 1.263380000000000081e+01 1.219166000000000061e+01 1.163864000000000054e+01 1.149867000000000061e+01 1.077134000000000036e+01 1.055904999999999916e+01 1.081438999999999950e+01 1.088682999999999979e+01 1.026768999999999998e+01 9.728543000000000163e+00 1.179186999999999941e+01
