testcase_input/parameters/twi.dat
NCOLS         214
NROWS         263
XLLCORNER     382500.0
YLLCORNER     7541702.0
CELLSIZE      16.0
NODATA_VALUE  -9999
[rows 208 to 223 of 263, columns 74 to 110 of 214]
9.041857000000000255e+00 1.051028999999999947e+01 1.271120999999999945e+01 9.879156000000000049e+00 8.801413000000000153e+00 9.064275000000000304e+00 9.366125000000000256e+00 1.241333000000000020e+01 1.234951000000000043e+01 1.522565999999999953e+01 1.444157000000000046e+01 1.052790000000000070e+01 1.583319000000000010e+01 9.685888000000000275e+00 9.726891999999999427e+00 9.092264000000000124e+00 9.773320999999999259e+00 9.614993999999999374e+00 1.180328000000000088e+01 1.152574000000000076e+01 1.007036000000000087e+01 9.085390000000000299e+00 9.990180999999999756e+00 1.068520999999999965e+01 1.411833999999999989e+01 9.694098000000000326e+00 9.136848000000000525e+00 1.031405999999999956e+01 1.037242999999999959e+01 8.614905999999999509e+00 9.449832999999999927e+00 1.187988000000000000e+01 1.031523999999999930e+01 1.020553999999999917e+01 1.462274999999999991e+01 1.590592000000000006e+01 1.247283999999999970e+01
1.032128999999999941e+01 1.285008000000000017e+01 1.292623000000000033e+01 1.060533000000000037e+01 8.969673999999999481e+00 8.972315000000000040e+00 9.709182000000000201e+00 1.249910999999999994e+01 1.185059000000000040e+01 1.122535000000000061e+01 1.154842000000000013e+01 1.641735999999999862e+01 1.034129000000000076e+01 9.991269000000000844e+00 9.420106000000000535e+00 9.669461999999999335e+00 9.837706000000000728e+00 9.988673000000000357e+00 1.132906999999999975e+01 1.146078999999999937e+01 9.902613999999999805e+00 9.950067999999999913e+00 9.134002999999999872e+00 1.023362999999999978e+01 1.203519999999999968e+01 1.386505000000000010e+01 9.668884000000000256e+00 1.117501000000000033e+01 1.032901999999999987e+01 8.985447000000000628e+00 9.436019999999999186e+00 1.062950000000000017e+01 9.871693000000000495e+00 1.174507000000000012e+01 1.528946999999999967e+01 1.157549000000000028e+01 1.687159000000000120e+01
1.496921000000000035e+01 1.342458000000000062e+01 1.356911999999999985e+01 9.813480999999999455e+00 1.007616999999999940e+01 9.452659999999999840e+00 9.894477000000000189e+00 1.227698000000000000e+01 1.300911999999999935e+01 1.209641000000000055e+01 1.780720000000000169e+01 1.053852000000000011e+01 9.538890999999999565e+00 9.960998999999999270e+00 9.391165000000000873e+00 9.075044999999999362e+00 9.264908999999999395e+00 9.927457999999999672e+00 1.121495999999999960e+01 1.116203999999999930e+01 9.702465000000000117e+00 9.073180999999999941e+00 9.770004000000000133e+00 1.109495000000000076e+01 1.229465000000000074e+01 9.876212000000000657e+00 1.450261000000000067e+01 1.363278000000000034e+01 1.067483000000000004e+01 9.481757999999999242e+00 9.271228000000000691e+00 1.021129999999999960e+01 1.262487999999999921e+01 1.328908999999999985e+01 1.282333999999999996e+01 1.075211999999999968e+01 1.207147999999999932e+01
1.668693000000000026e+01 1.159867999999999988e+01 1.068810000000000038e+01 1.230466000000000015e+01 1.183386999999999922e+01 1.074446000000000012e+01 9.988424000000000191e+00 1.195977000000000068e+01 1.859010999999999925e+01 1.973669999999999902e+01 1.199170999999999943e+01 1.071735999999999933e+01 1.010814000000000057e+01 9.472417999999999338e+00 9.469219000000000719e+00 8.747723000000000582e+00 9.143019000000000673e+00 9.492112999999999801e+00 1.084340000000000082e+01 1.109285999999999994e+01 9.173035999999999746e+00 9.253522000000000247e+00 9.225982999999999379e+00 1.214105999999999952e+01 1.206790999999999947e+01 1.010389999999999944e+01 1.429874000000000045e+01 1.235483999999999938e+01 1.019599000000000011e+01 9.821229000000000653e+00 1.019304999999999950e+01 1.188557999999999915e+01 1.029555000000000042e+01 9.755314000000000263e+00 1.273771999999999949e+01 1.040037000000000056e+01 1.190348000000000006e+01
1.521771999999999991e+01 1.771741000000000099e+01 1.526468000000000025e+01 1.254475000000000051e+01 1.049920999999999971e+01 1.159853999999999985e+01 1.202398999999999951e+01 1.682517999999999958e+01 1.154645999999999972e+01 1.635851999999999862e+01 1.167127999999999943e+01 1.039204999999999934e+01 9.830484000000000222e+00 9.595477000000000700e+00 9.118028000000000688e+00 8.659162000000000248e+00 8.895816999999999197e+00 9.252715000000000245e+00 1.105893999999999977e+01 1.033962999999999965e+01 9.418414999999999537e+00 9.526334000000000302e+00 1.213909999999999911e+01 1.169598000000000049e+01 1.001181000000000054e+01 1.461223000000000027e+01 1.113622999999999941e+01 1.017993000000000059e+01 1.157978999999999914e+01 1.031038000000000032e+01 1.153724000000000061e+01 1.111062000000000083e+01 9.294366000000000128e+00 1.004302999999999990e+01 1.266070000000000029e+01 1.215319000000000038e+01 1.351368000000000080e+01
1.461724000000000068e+01 1.076889000000000074e+01 9.795441000000000287e+00 1.389755000000000074e+01 1.180286000000000080e+01 1.142032000000000025e+01 1.616570000000000107e+01 1.134670000000000023e+01 1.180638000000000076e+01 1.662147999999999826e+01 1.089405000000000001e+01 9.987814000000000192e+00 9.841267000000000209e+00 9.846341000000000676e+00 9.456474000000000046e+00 8.827068000000000580e+00 9.447207999999999828e+00 9.349436000000000746e+00 1.101723999999999926e+01 9.465711000000000652e+00 9.230427000000000604e+00 1.105948000000000064e+01 1.187759999999999927e+01 9.476748999999999867e+00 9.876597999999999544e+00 1.438325000000000031e+01 1.153856999999999999e+01 1.097992999999999952e+01 9.750431999999999988e+00 9.690668999999999755e+00 1.249224000000000068e+01 9.246342000000000283e+00 1.014507000000000048e+01 1.046433000000000035e+01 1.176609999999999978e+01 1.185552999999999990e+01 1.277403999999999940e+01
1.030039999999999978e+01 1.003147000000000055e+01 9.912639999999999674e+00 9.295928999999999220e+00 1.335567999999999955e+01 1.393626000000000076e+01 1.732157000000000124e+01 1.160119000000000078e+01 1.527814000000000050e+01 1.401806999999999981e+01 1.050314999999999976e+01 9.547333999999999321e+00 9.544935999999999865e+00 9.661042000000000129e+00 9.326693999999999818e+00 8.851390999999999565e+00 9.227792000000000883e+00 1.076908000000000065e+01 9.284186999999999301e+00 1.025361000000000011e+01 1.092378000000000071e+01 1.199624000000000024e+01 9.286661999999999750e+00 9.314669999999999561e+00 1.007113000000000014e+01 1.378678000000000026e+01 1.055743999999999971e+01 1.006264999999999965e+01 1.052694999999999936e+01 1.339184000000000019e+01 1.057391999999999932e+01 1.104664999999999964e+01 -9.999000000000000000e+03 -9.999000000000000000e+03 -9.999000000000000000e+03 -9.999000000000000000e+03 -9.999000000000000000e+03
1.020439999999999969e+01 1.010675999999999952e+01 1.086544999999999916e+01 1.049300000000000033e+01 1.090062999999999960e+01 1.629898000000000025e+01 1.206850999999999985e+01 1.121883000000000052e+01 1.440668999999999933e+01 1.254205999999999932e+01 1.040207000000000015e+01 9.624273000000000522e+00 9.416425000000000267e+00 9.332259000000000526e+00 9.348254000000000730e+00 8.792044000000000636e+00 8.898554999999999993e+00 1.009112000000000009e+01 9.405644999999999811e+00 9.510220999999999592e+00 1.075135000000000041e+01 9.711646000000000001e+00 9.588829000000000491e+00 1.052149999999999963e+01 1.302122999999999919e+01 9.980664000000000868e+00 9.625873000000000346e+00 1.009384999999999977e+01 1.096934000000000076e+01 1.234788999999999959e+01 1.067436000000000007e+01 -9.999000000000000000e+03 -9.999000000000000000e+03 -9.999000000000000000e+03 -9.999000000000000000e+03 -9.999000000000000000e+03 -9.999000000000000000e+03
1.022661000000000087e+01 9.602862000000000009e+00 9.755065000000000097e+00 1.025628000000000029e+01 1.066707000000000072e+01 1.764805000000000135e+01 1.150381999999999927e+01 1.442844000000000015e+01 1.101049000000000078e+01 1.082540999999999976e+01 1.007793999999999990e+01 9.123559999999999448e+00 9.071108000000000615e+00 9.629054000000000002e+00 9.262537999999999272e+00 9.021034000000000219e+00 9.188079999999999359e+00 9.736000999999999905e+00 9.585495999999999128e+00 1.004452000000000034e+01 9.456436000000000064e+00 9.978669999999999263e+00 1.129840000000000089e+01 1.191615999999999964e+01 1.150805000000000078e+01 1.232695999999999970e+01 9.763351999999999364e+00 9.965668000000000859e+00 1.234238000000000035e+01 9.826786000000000243e+00 9.855577000000000254e+00 -9.999000000000000000e+03 -9.999000000000000000e+03 -9.999000000000000000e+03 -9.999000000000000000e+03 -9.999000000000000000e+03 -9.999000000000000000e+03
1.067896000000000001e+01 9.948050000000000281e+00 1.031043000000000021e+01 1.073216999999999999e+01 1.165868000000000038e+01 1.831090999999999980e+01 1.156207000000000029e+01 1.228342999999999918e+01 1.586135999999999946e+01 1.440692999999999913e+01 1.037556999999999974e+01 9.465576000000000434e+00 9.211807999999999552e+00 9.457506999999999664e+00 1.038048000000000037e+01 9.473057999999999979e+00 1.048085000000000022e+01 9.147646999999999196e+00 1.017455999999999960e+01 1.061048000000000080e+01 1.090526000000000018e+01 1.124793999999999983e+01 1.188427000000000078e+01 1.160388999999999982e+01 1.069937999999999967e+01 9.308433000000000845e+00 1.239969999999999928e+01 1.024782000000000082e+01 1.242591000000000001e+01 1.010377000000000081e+01 -9.999000000000000000e+03 -9.999000000000000000e+03 -9.999000000000000000e+03 -9.999000000000000000e+03 -9.999000000000000000e+03 -9.999000000000000000e+03 -9.999000000000000000e+03
9.755945000000000533e+00 1.059210999999999991e+01 1.039001999999999981e+01 1.078846000000000060e+01 1.171800999999999959e+01 1.326463000000000036e+01 1.756718000000000046e+01 1.214193000000000033e+01 1.245138000000000034e+01 1.372541999999999973e+01 1.019621000000000066e+01 9.218339999999999534e+00 9.063264999999999461e+00 8.890487000000000251e+00 9.217292000000000485e+00 1.029297000000000040e+01 1.057534000000000063e+01 9.462911000000000072e+00 1.060776000000000074e+01 1.082263999999999982e+01 9.452273999999999177e+00 9.160664999999999836e+00 9.344939000000000107e+00 1.133956000000000053e+01 8.823553999999999675e+00 1.063702999999999932e+01 1.060303000000000040e+01 1.028899999999999970e+01 1.043601999999999919e+01 1.042262999999999984e+01 -9.999000000000000000e+03 -9.999000000000000000e+03 -9.999000000000000000e+03 -9.999000000000000000e+03 -9.999000000000000000e+03 -9.999000000000000000e+03 -9.999000000000000000e+03
1.061752000000000073e+01 1.114838999999999913e+01 1.138282000000000060e+01 1.135886999999999958e+01 1.145837000000000039e+01 1.589128999999999969e+01 1.154287000000000063e+01 1.174840000000000018e+01 1.215906999999999982e+01 1.150361000000000011e+01 1.134027999999999992e+01 9.403634999999999522e+00 8.995476000000000028e+00 9.002627999999999631e+00 9.078347000000000833e+00 9.752501000000000531e+00 9.516405999999999921e+00 9.487947000000000131e+00 1.100652999999999970e+01 9.998245000000000715e+00 8.652960000000000207e+00 8.928473999999999577e+00 9.972440999999999889e+00 1.081441000000000052e+01 9.190872999999999848e+00 1.022470000000000034e+01 9.709785000000000110e+00 8.925641999999999854e+00 9.502008999999999261e+00 -9.999000000000000000e+03 -9.999000000000000000e+03 -9.999000000000000000e+03 -9.999000000000000000e+03 -9.999000000000000000e+03 -9.999000000000000000e+03 -9.999000000000000000e+03 -9.999000000000000000e+03
1.149188000000000009e+01 1.066721000000000075e+01 1.026890999999999998e+01 1.084003000000000050e+01 1.095205999999999946e+01 1.309745999999999988e+01 1.671261000000000152e+01 1.689799999999999969e+01 1.184174999999999933e+01 1.197918999999999912e+01 1.101850999999999914e+01 9.816895000000000593e+00 9.331478999999999857e+00 9.714470000000000383e+00 1.049023000000000039e+01 9.994726999999999251e+00 9.169876000000000360e+00 9.554612999999999801e+00 1.018194000000000088e+01 1.049521999999999977e+01 9.426379999999999981e+00 8.535218000000000416e+00 9.189541999999999433e+00 9.740363000000000326e+00 9.437986999999999682e+00 9.775005000000000166e+00 8.894000000000000128e+00 9.041064999999999685e+00 8.730639000000000038e+00 -9.999000000000000000e+03 -9.999000000000000000e+03 -9.999000000000000000e+03 -9.999000000000000000e+03 -9.999000000000000000e+03 -9.999000000000000000e+03 -9.999000000000000000e+03 -9.999000000000000000e+03
1.117134000000000071e+01 1.039943000000000062e+01 1.045363000000000042e+01 1.082192000000000043e+01 1.186467000000000027e+01 1.263438000000000017e+01 1.379438000000000031e+01 1.438888999999999996e+01 1.727099000000000117e+01 1.222293999999999947e+01 1.208460000000000001e+01 1.019565000000000055e+01 9.840726999999999336e+00 9.738122999999999863e+00 9.398111000000000104e+00 9.102817999999999188e+00 9.145588999999999302e+00 1.050977999999999923e+01 9.747166999999999248e+00 1.031442999999999977e+01 -9.999000000000000000e+03 9.491296000000000177e+00 8.716765000000000541e+00 8.826771000000000811e+00 9.214337999999999695e+00 9.300862000000000407e+00 -9.999000000000000000e+03 -9.999000000000000000e+03 -9.999000000000000000e+03 -9.999000000000000000e+03 -9.999000000000000000e+03 -9.999000000000000000e+03 -9.999000000000000000e+03 -9.999000000000000000e+03 -9.999000000000000000e+03 -9.999000000000000000e+03 -9.999000000000000000e+03
1.066136999999999979e+01 1.037955000000000005e+01 1.079212000000000060e+01 1.200408000000000008e+01 1.127835999999999927e+01 1.292529000000000039e+01 1.178580999999999968e+01 1.164642000000000088e+01 1.068698000000000015e+01 1.791865999999999914e+01 1.201327000000000034e+01 1.038452000000000019e+01 9.262159000000000475e+00 9.197962999999999667e+00 9.492898999999999532e+00 9.090887000000000384e+00 9.157083999999999335e+00 9.805308000000000135e+00 -9.999000000000000000e+03 -9.999000000000000000e+03 -9.999000000000000000e+03 -9.999000000000000000e+03 -9.999000000000000000e+03 -9.999000000000000000e+03 -9.999000000000000000e+03 -9.999000000000000000e+03 -9.999000000000000000e+03 -9.999000000000000000e+03 -9.999000000000000000e+03 -9.999000000000000000e+03 -9.999000000000000000e+03 -9.999000000000000000e+03 -9.999000000000000000e+03 -9.999000000000000000e+03 -9.999000000000000000e+03 -9.999000000000000000e+03 -9.999000000000000000e+03
1.101698999999999984e+01 1.064789000000000030e+01 1.209323000000000015e+01 1.207801000000000080e+01 1.261614999999999931e+01 1.183220000000000027e+01 1.086852000000000018e+01 1.014559999999999995e+01 1.064536000000000016e+01 1.707797000000000054e+01 1.233822999999999936e+01 1.097536000000000023e+01 1.012030000000000030e+01 9.679318000000000310e+00 8.829860999999999294e+00 8.839544999999999320e+00 9.345691000000000415e+00 9.760382999999999143e+00 -9.999000000000000000e+03 -9.999000000000000000e+03 -9.999000000000000000e+03 -9.999000000000000000e+03 -9.999000000000000000e+03 -9.999000000000000000e+03 -9.999000000000000000e+03 -9.999000000000000000e+03 -9.999000000000000000e+03 -9.999000000000000000e+03 -9.999000000000000000e+03 -9.999000000000000000e+03 -9.999000000000000000e+03 -9.999000000000000000e+03 -9.999000000000000000e+03 -9.999000000000000000e+03 -9.999000000000000000e+03 -9.999000000000000000e+03 -9.999000000000000000e+03
