testcase_input/parameters/twi.dat
NCOLS         214
NROWS         263
XLLCORNER     382500.0
YLLCORNER     7541702.0
CELLSIZE      16.0
NODATA_VALUE  -9999
[rows 144 to 159 of 263, columns 111 to 147 of 214]
9.647150999999999144e+00 9.405060999999999893e+00 8.722115999999999758e+00 8.534261000000000763e+00 8.547100000000000364e+00 8.900475000000000136e+00 9.237906999999999869e+00 1.013031999999999933e+01 1.005007999999999946e+01 1.118965999999999994e+01 1.055882000000000076e+01 1.038115999999999950e+01 1.039781999999999940e+01 1.031650999999999918e+01 1.025380999999999965e+01 1.131536000000000008e+01 9.082774000000000569e+00 1.019501999999999953e+01 9.279818999999999818e+00 9.704423999999999495e+00 1.077277999999999913e+01 1.107354999999999912e+01 9.510970999999999620e+00 1.053468999999999944e+01 9.729996999999999119e+00 1.082184999999999953e+01 1.015183999999999997e+01 9.281399999999999650e+00 1.419219999999999970e+01 1.118174999999999919e+01 9.924393000000000242e+00 1.022380000000000067e+01 9.064171999999999230e+00 8.691418000000000532e+00 9.415480999999999767e+00 9.429980999999999725e+00 9.244263000000000119e+00
9.398590999999999696e+00 8.458453000000000443e+00 8.207895999999999859e+00 8.421846999999999639e+00 9.021221999999999852e+00 9.402462999999999127e+00 1.009149000000000029e+01 9.645217999999999847e+00 1.082896999999999998e+01 1.042571000000000048e+01 1.036780000000000079e+01 9.637943999999999178e+00 1.094932000000000016e+01 1.111525999999999925e+01 1.136679999999999957e+01 9.159556000000000253e+00 1.011490000000000045e+01 9.838062000000000751e+00 9.261036999999999964e+00 1.044505999999999979e+01 1.110121999999999964e+01 1.058896999999999977e+01 1.040143999999999913e+01 9.903062000000000253e+00 1.072003999999999913e+01 9.602805000000000035e+00 1.004587000000000074e+01 8.849057999999999424e+00 1.400952999999999982e+01 1.093178999999999945e+01 1.166444000000000081e+01 1.007930999999999955e+01 9.225061999999999429e+00 9.001229000000000369e+00 9.385412999999999784e+00 9.172240999999999644e+00 8.732922000000000295e+00
7.811933999999999934e+00 8.375657000000000352e+00 8.471396000000000370e+00 9.064873999999999654e+00 9.347670000000000812e+00 9.979172999999999405e+00 9.852111000000000729e+00 1.082712000000000074e+01 1.026183999999999941e+01 9.946595999999999549e+00 8.915513000000000687e+00 9.826515000000000555e+00 1.067745000000000033e+01 1.186952999999999925e+01 1.092572000000000010e+01 1.012668999999999997e+01 9.911711999999999634e+00 1.010291999999999923e+01 1.030817000000000050e+01 1.097319000000000067e+01 1.082023000000000046e+01 1.070612000000000030e+01 9.815994999999999138e+00 1.030081000000000024e+01 1.034857000000000049e+01 9.520291000000000281e+00 1.002624999999999922e+01 1.342497000000000007e+01 1.104274000000000022e+01 1.199674000000000085e+01 1.126028999999999947e+01 1.066398000000000046e+01 1.003467999999999982e+01 9.847141000000000588e+00 9.839432999999999652e+00 9.063669000000000864e+00 -9.999000000000000000e+03
8.576150999999999414e+00 8.621883000000000408e+00 8.908929000000000542e+00 9.578644000000000602e+00 1.001854999999999940e+01 9.825234000000000023e+00 1.077011000000000074e+01 9.928760999999999726e+00 9.967560999999999893e+00 9.277369000000000199e+00 9.132768000000000441e+00 9.592404000000000153e+00 1.018380999999999936e+01 1.202116999999999969e+01 1.132634999999999970e+01 1.018075999999999937e+01 1.015812999999999988e+01 9.979857000000000866e+00 1.058511000000000024e+01 1.092088999999999999e+01 1.064029999999999987e+01 1.048638000000000048e+01 1.037598999999999982e+01 1.026997000000000071e+01 9.369884000000000768e+00 9.703044999999999476e+00 1.016203999999999930e+01 1.383752999999999922e+01 1.152985999999999933e+01 1.062481000000000009e+01 1.076570000000000071e+01 1.061025000000000063e+01 1.045975999999999928e+01 1.071308999999999934e+01 1.011162999999999990e+01 9.250719000000000136e+00 -9.999000000000000000e+03
9.473330000000000695e+00 9.005497000000000085e+00 9.728320999999999330e+00 9.911504000000000758e+00 9.310487999999999431e+00 1.049395999999999951e+01 9.814984000000000819e+00 9.721626999999999796e+00 9.524048000000000513e+00 9.258095000000000852e+00 9.513545999999999836e+00 9.412103999999999360e+00 9.731206000000000245e+00 1.218811999999999962e+01 1.178931000000000040e+01 1.037083999999999939e+01 1.018676999999999921e+01 1.060379000000000005e+01 1.067928000000000033e+01 1.038280999999999921e+01 1.053156000000000070e+01 1.080021999999999949e+01 1.045320000000000071e+01 9.510854000000000141e+00 9.041384000000000754e+00 9.328003000000000711e+00 1.368908000000000058e+01 1.214757999999999960e+01 9.696968999999999284e+00 9.679811000000000831e+00 9.670327000000000339e+00 9.676557999999999993e+00 9.558557999999999666e+00 8.827434999999999476e+00 9.855698000000000292e+00 9.609360999999999819e+00 -9.999000000000000000e+03
9.209587000000000856e+00 9.861969000000000207e+00 9.989748999999999768e+00 9.086040999999999812e+00 1.006377999999999950e+01 9.982993000000000450e+00 9.437518999999999991e+00 9.119896999999999920e+00 9.683927999999999869e+00 9.183476000000000639e+00 9.606987999999999417e+00 9.212407000000000679e+00 9.682781999999999556e+00 1.255310000000000059e+01 1.190816000000000052e+01 1.108450000000000024e+01 1.076557000000000031e+01 1.092182999999999993e+01 1.020705000000000062e+01 1.028487999999999936e+01 9.689481999999999928e+00 1.126554999999999929e+01 9.227710999999999331e+00 8.710416999999999632e+00 9.899647999999999115e+00 9.867744999999999322e+00 1.417034999999999911e+01 1.187346999999999930e+01 1.011280999999999963e+01 9.591241999999999379e+00 9.532457000000000846e+00 9.816763999999999157e+00 9.530618000000000478e+00 9.722390000000000754e+00 9.229483000000000104e+00 -9.999000000000000000e+03 -9.999000000000000000e+03
9.834975000000000023e+00 9.676755999999999247e+00 9.947036999999999907e+00 9.940452999999999761e+00 1.001075999999999944e+01 9.310461000000000098e+00 8.889673999999999410e+00 9.468982000000000454e+00 9.628591999999999373e+00 9.551149000000000555e+00 8.703103000000000478e+00 9.286232000000000042e+00 9.902696999999999861e+00 1.302811999999999948e+01 1.164475999999999978e+01 1.180692999999999948e+01 1.131931999999999938e+01 1.078636999999999979e+01 1.012008999999999936e+01 1.009455999999999953e+01 1.094435000000000002e+01 1.089262000000000086e+01 8.824310000000000542e+00 9.535683000000000575e+00 1.041993000000000080e+01 9.312267999999999546e+00 1.577393999999999963e+01 1.096945999999999977e+01 9.302996999999999517e+00 9.380157999999999774e+00 1.038512000000000057e+01 1.007428999999999952e+01 9.813290999999999542e+00 9.219874000000000791e+00 9.433037999999999812e+00 -9.999000000000000000e+03 -9.999000000000000000e+03
9.664441000000000059e+00 9.747182999999999709e+00 1.029299999999999926e+01 9.922245000000000203e+00 9.757108999999999810e+00 9.158601000000000880e+00 9.284437000000000495e+00 9.700706000000000273e+00 9.537473999999999563e+00 8.755283000000000371e+00 8.058640000000000470e+00 9.986110999999999294e+00 1.103420000000000023e+01 1.300723999999999947e+01 1.198301999999999978e+01 1.105907000000000018e+01 1.094721000000000011e+01 1.100020999999999916e+01 1.096498000000000062e+01 1.099910999999999994e+01 1.128979999999999961e+01 9.538289000000000684e+00 9.281857000000000468e+00 9.952707000000000193e+00 1.404598999999999975e+01 1.414110999999999940e+01 1.165598999999999918e+01 1.106907999999999959e+01 1.124690000000000012e+01 1.118712999999999980e+01 1.093567000000000000e+01 1.047564999999999991e+01 9.436282999999999532e+00 8.905239999999999156e+00 9.047136000000000067e+00 -9.999000000000000000e+03 -9.999000000000000000e+03
9.583726999999999663e+00 1.039451999999999998e+01 1.027642999999999951e+01 9.958491999999999678e+00 9.781095999999999790e+00 9.318737999999999744e+00 9.747274000000000882e+00 9.544548000000000698e+00 9.027870999999999313e+00 8.606410000000000338e+00 8.779970000000000496e+00 1.061373999999999995e+01 1.254670999999999914e+01 1.218862000000000023e+01 1.122387999999999941e+01 1.152885999999999989e+01 1.163240000000000052e+01 1.091147999999999918e+01 1.092134000000000071e+01 1.108796000000000070e+01 9.875334000000000501e+00 9.709009999999999252e+00 9.885028999999999400e+00 1.409310999999999936e+01 8.726912000000000447e+00 1.143654000000000082e+01 1.074446999999999974e+01 1.022544000000000075e+01 1.026802999999999955e+01 1.124652000000000029e+01 1.097728000000000037e+01 1.024186000000000085e+01 9.409338999999999231e+00 8.501020999999999717e+00 8.820861999999999981e+00 -9.999000000000000000e+03 -9.999000000000000000e+03
1.064866999999999919e+01 1.045482999999999940e+01 9.771418000000000603e+00 9.908704000000000178e+00 9.570327000000000695e+00 1.001694999999999958e+01 9.835031000000000745e+00 9.424730999999999526e+00 9.226682000000000272e+00 8.821191999999999922e+00 1.011584000000000039e+01 1.179316999999999993e+01 1.260260000000000069e+01 1.079077999999999982e+01 1.120335999999999999e+01 1.222357000000000049e+01 1.173202999999999996e+01 1.122457999999999956e+01 1.023393000000000086e+01 9.502010000000000289e+00 9.958541999999999561e+00 9.587932999999999595e+00 1.113387999999999955e+01 1.391348999999999947e+01 1.191249000000000002e+01 1.124455999999999989e+01 1.114058999999999955e+01 1.128467999999999982e+01 1.065808000000000000e+01 1.078674999999999962e+01 1.053710000000000058e+01 1.107705999999999946e+01 9.743729000000000084e+00 8.931943999999999662e+00 8.555533000000000499e+00 -9.999000000000000000e+03 -9.999000000000000000e+03
1.087898999999999994e+01 1.041685999999999979e+01 9.819248999999999228e+00 9.615636000000000294e+00 1.011453999999999986e+01 9.921690999999999150e+00 9.869293000000000760e+00 1.000508999999999915e+01 9.689358000000000359e+00 1.002555000000000085e+01 1.148786999999999914e+01 1.243825999999999965e+01 1.095512000000000086e+01 1.087151000000000067e+01 1.179104000000000063e+01 1.006148999999999916e+01 1.084226999999999919e+01 1.140548000000000073e+01 1.128332999999999942e+01 1.295409000000000077e+01 1.422245999999999988e+01 1.396330999999999989e+01 1.393697000000000052e+01 1.080405000000000015e+01 1.007295000000000051e+01 1.069580000000000020e+01 9.723273000000000721e+00 1.027323999999999948e+01 1.238627999999999929e+01 1.210129000000000055e+01 1.156775000000000020e+01 1.091022000000000070e+01 9.747792999999999708e+00 9.294085000000000818e+00 -9.999000000000000000e+03 -9.999000000000000000e+03 -9.999000000000000000e+03
1.124046000000000056e+01 1.046624000000000088e+01 1.001809000000000083e+01 1.061273000000000089e+01 1.008760999999999974e+01 9.895749999999999602e+00 9.884289000000000769e+00 9.614012999999999920e+00 1.031606000000000023e+01 1.126825999999999972e+01 1.222663999999999973e+01 1.161031999999999975e+01 1.088692999999999955e+01 1.171256999999999948e+01 9.220824999999999605e+00 1.032277999999999984e+01 1.084895000000000032e+01 1.053734999999999999e+01 1.432830000000000048e+01 1.379799000000000042e+01 1.177721999999999980e+01 1.315628000000000064e+01 1.273761000000000010e+01 1.241464000000000034e+01 1.063480999999999987e+01 8.535619999999999763e+00 8.660989000000000715e+00 8.866825999999999652e+00 9.781418000000000390e+00 1.163373999999999953e+01 1.128575000000000017e+01 9.851836999999999733e+00 -9.999000000000000000e+03 -9.999000000000000000e+03 -9.999000000000000000e+03 -9.999000000000000000e+03 -9.999000000000000000e+03
9.654519000000000517e+00 9.983753000000000100e+00 1.103511999999999915e+01 1.037723000000000084e+01 1.015405999999999942e+01 1.004637999999999920e+01 9.484343000000000856e+00 1.014058999999999955e+01 1.095739000000000019e+01 1.172558000000000078e+01 1.205075000000000074e+01 1.116835999999999984e+01 1.171077000000000012e+01 9.645635000000000403e+00 9.983779999999999433e+00 1.286514999999999986e+01 1.307512999999999970e+01 1.424038999999999966e+01 9.565194999999999226e+00 9.246475999999999473e+00 8.348020999999999248e+00 9.082079000000000235e+00 8.791983000000000104e+00 8.911056000000000310e+00 1.162750999999999912e+01 1.164756000000000036e+01 9.575469000000000008e+00 9.343180999999999514e+00 1.136870000000000047e+01 9.782415999999999556e+00 9.466680000000000206e+00 1.152876000000000012e+01 -9.999000000000000000e+03 -9.999000000000000000e+03 -9.999000000000000000e+03 -9.999000000000000000e+03 -9.999000000000000000e+03
9.841886999999999830e+00 1.168844999999999956e+01 1.137810999999999950e+01 1.076482999999999990e+01 1.078233999999999959e+01 1.022607999999999961e+01 1.016506000000000043e+01 1.071673000000000009e+01 1.112707999999999942e+01 1.218284000000000056e+01 1.161058000000000057e+01 1.154862999999999928e+01 9.956841999999999970e+00 9.460459000000000174e+00 1.314198999999999984e+01 1.297353000000000023e+01 1.330513999999999974e+01 9.093056999999999945e+00 9.112626000000000559e+00 8.924924999999999997e+00 8.991051000000000570e+00 8.960034000000000276e+00 8.551073999999999842e+00 8.423389999999999489e+00 8.360708999999999946e+00 8.925710000000000477e+00 1.233980000000000032e+01 1.109961999999999982e+01 9.523350000000000648e+00 8.953561000000000547e+00 9.059103999999999601e+00 1.032240999999999964e+01 -9.999000000000000000e+03 -9.999000000000000000e+03 -9.999000000000000000e+03 -9.999000000000000000e+03 -9.999000000000000000e+03
1.511640000000000050e+01 1.484909999999999997e+01 1.487532000000000032e+01 1.433441000000000010e+01 1.318520000000000003e+01 1.305808999999999997e+01 1.348506000000000071e+01 1.373323000000000071e+01 1.346341999999999928e+01 1.184843000000000046e+01 1.092718999999999951e+01 1.316458000000000084e+01 1.356493000000000038e+01 1.374056999999999995e+01 1.278048000000000073e+01 1.174699999999999989e+01 8.956837999999999411e+00 8.908801999999999666e+00 9.686723000000000638e+00 9.290407000000000082e+00 9.219262999999999764e+00 8.753930000000000433e+00 8.884017999999999304e+00 9.181945000000000690e+00 8.659162999999999499e+00 1.209979000000000049e+01 1.183976000000000006e+01 1.230394000000000077e+01 1.197436000000000078e+01 1.009927000000000064e+01 9.719544000000000850e+00 9.849722999999999118e+00 -9.999000000000000000e+03 -9.999000000000000000e+03 -9.999000000000000000e+03 -9.999000000000000000e+03 -9.999000000000000000e+03
1.256118000000000023e+01 1.440465999999999980e+01 1.406715999999999944e+01 1.431015999999999977e+01 1.481329000000000029e+01 1.416139000000000081e+01 1.344426999999999950e+01 1.241765999999999970e+01 1.275815000000000055e+01 1.331146999999999991e+01 1.363396999999999970e+01 1.307346000000000075e+01 1.171432000000000073e+01 8.903822999999999155e+00 9.606987999999999417e+00 9.094322000000000017e+00 8.678079999999999572e+00 9.619493999999999545e+00 9.102850000000000108e+00 9.347184000000000381e+00 8.776752999999999361e+00 8.281247000000000469e+00 1.069790000000000063e+01 1.106262000000000079e+01 1.108596000000000004e+01 9.331638999999999129e+00 9.429964000000000013e+00 9.372199000000000169e+00 9.553841999999999501e+00 1.103566999999999965e+01 9.466450000000000031e+00 9.782813000000000869e+00 -9.999000000000000000e+03 -9.999000000000000000e+03 -9.999000000000000000e+03 -9.999000000000000000e+03 -9.999000000000000000e+03
