gis/20m/flow_accumulation_dinf.asc
ncols        511
nrows        572
xllcorner    726766.000000000000
yllcorner    7127230.000000000000
cellsize     20.000000000000
NODATA_value -9999
[rows 210 to 230 of 572, columns 0 to 46 of 511]
-9999 -9999 -9999 -9999 -9999 -9999 -9999 -9999 -9999 -9999 20 62.048648834228515625 131.7680511474609375 151.217376708984375 167.15087890625 129.7195281982421875 238.145111083984375 46.073360443115234375 82.26226043701171875 647.64434814453125 122.94344329833984375 83.49077606201171875 40 40 20 20 20 20 20 20 28.260412216186523438 32.08858489990234375 54.62184906005859375 276.595703125 3273.506103515625 2052.026123046875 156.213836669921875 120.21747589111328125 81.18233489990234375 58.2375946044921875 82.928985595703125 65.85684967041015625 44.8874359130859375 54.31107330322265625 74.94464111328125 57.48883056640625 61.09134674072265625
-9999 -9999 -9999 -9999 -9999 -9999 -9999 -9999 -9999 -9999 -9999 34.72490692138671875 45.63211822509765625 78.842041015625 305.193145751953125 147.0261688232421875 171.412322998046875 173.72418212890625 68.36327362060546875 349.00201416015625 605.98468017578125 86.48772430419921875 68.02198028564453125 54.441219329833984375 28.959781646728515625 32.746128082275390625 26.243251800537109375 48.09766387939453125 25.659082412719726562 20 20 36.1718292236328125 48.4534912109375 44.66443634033203125 64.11789703369140625 5084.4228515625 668.70654296875 96.88707733154296875 85.68633270263671875 82.82427978515625 95.93358612060546875 64.7495269775390625 74.4489898681640625 74.9567108154296875 49.34253692626953125 68.13422393798828125 58.996784210205078125
-9999 -9999 -9999 -9999 -9999 -9999 -9999 -9999 -9999 -9999 20 20 54.72490692138671875 60.563568115234375 67.7191162109375 413.39788818359375 165.4276275634765625 173.2485198974609375 125.28177642822265625 53.993099212646484375 874.5731201171875 261.564605712890625 73.08217620849609375 62.1413726806640625 64.15566253662109375 20 27.945711135864257812 73.7907257080078125 58.099330902099609375 31.5939178466796875 36.435832977294921875 48.204395294189453125 71.4342041015625 62.82517242431640625 69.67754364013671875 43.961215972900390625 5893.8603515625 94.54038238525390625 74.57218170166015625 103.1119232177734375 98.6891632080078125 99.16431427001953125 116.6837310791015625 70.0343170166015625 37.0796356201171875 98.8183746337890625 51.23299407958984375
-9999 -9999 -9999 -9999 -9999 -9999 -9999 -9999 -9999 -9999 40 35.891658782958984375 47.525463104248046875 67.217254638671875 94.469024658203125 292.473480224609375 313.955108642578125 137.6769256591796875 193.289459228515625 77.86504364013671875 287.893096923828125 939.99322509765625 117.27988433837890625 92.0240325927734375 61.901088714599609375 43.398105621337890625 25.09290313720703125 26.757415771484375 141.88372802734375 54.84282684326171875 20 54.666202545166015625 74.88677978515625 88.34540557861328125 46.650371551513671875 89.66719818115234375 6008.6669921875 89.66364288330078125 108.18756103515625 80.576385498046875 121.87078857421875 126.4468231201171875 118.29007720947265625 74.04749298095703125 93.69829559326171875 87.52904510498046875 59.993862152099609375
-9999 -9999 -9999 -9999 -9999 -9999 -9999 -9999 -9999 -9999 60 53.8494873046875 56.930751800537109375 98.11502838134765625 114.2763519287109375 314.405242919921875 283.076324462890625 164.8214874267578125 222.759002685546875 132.129730224609375 81.25670623779296875 389.761260986328125 965.7584228515625 112.1309051513671875 81.220977783203125 56.817104339599609375 47.394367218017578125 20 59.6323699951171875 177.0941925048828125 20 25.69971466064453125 71.481231689453125 201.0460968017578125 65.07421112060546875 94.87200927734375 6173.58642578125 252.731964111328125 79.21370697021484375 123.49980926513671875 141.1555023193359375 116.31958770751953125 128.839752197265625 109.96270751953125 116.5107269287109375 93.03792572021484375 209.2550506591796875
-9999 -9999 -9999 -9999 -9999 -9999 -9999 -9999 -9999 -9999 86.75846099853515625 67.09102630615234375 56.157154083251953125 125.4484100341796875 113.63934326171875 379.241973876953125 348.848541259765625 128.2897796630859375 184.140045166015625 221.05328369140625 120.16265106201171875 380.55072021484375 226.68463134765625 915.96234130859375 103.79808807373046875 84.67498779296875 52.20171356201171875 20 20 258.97998046875 37.7465972900390625 20 20 48.01929473876953125 241.043121337890625 266.579315185546875 40.922779083251953125 6496.22705078125 90.46096038818359375 214.1943511962890625 93.21587371826171875 117.0163421630859375 161.4523468017578125 151.5333709716796875 117.97832489013671875 209.1809844970703125 466.47857666015625
-9999 -9999 -9999 -9999 -9999 -9999 -9999 -9999 -9999 -9999 92.95330810546875 114.13226318359375 139.8306732177734375 68.53881072998046875 55.37703704833984375 319.794586181640625 514.10552978515625 285.443328857421875 79.4391937255859375 175.6949462890625 299.38690185546875 306.684814453125 45.235431671142578125 1051.3839111328125 214.7638092041015625 130.60406494140625 61.1921539306640625 40.142353057861328125 20 147.880035400390625 196.73663330078125 32.109897613525390625 20 20.573804855346679688 63.460575103759765625 52.63065338134765625 371.216064453125 6595.60205078125 76.73363494873046875 254.472503662109375 112.656097412109375 155.4594573974609375 145.06201171875 195.156829833984375 218.601806640625 410.606536865234375 282.313385009765625
-9999 -9999 -9999 -9999 -9999 -9999 -9999 -9999 -9999 -9999 142.9267425537109375 165.1636505126953125 98.82584381103515625 70.60045623779296875 47.861164093017578125 385.248809814453125 262.312744140625 499.03363037109375 222.08489990234375 151.251708984375 365.60980224609375 290.833465576171875 54.86385345458984375 659.44842529296875 639.52227783203125 180.0291595458984375 89.61412811279296875 49.472347259521484375 20 75.023956298828125 317.057159423828125 57.71985626220703125 26.925584793090820312 20 25.135507583618164062 66.30188751220703125 333.48138427734375 6748.0048828125 143.1070404052734375 286.89971923828125 211.0247802734375 121.5644989013671875 132.656829833984375 228.7720184326171875 349.16766357421875 401.64483642578125 274.771240234375
-9999 -9999 -9999 -9999 -9999 -9999 -9999 -9999 -9999 -9999 241.99359130859375 124.46231842041015625 130.91064453125 60.150150299072265625 20 275.265899658203125 431.03167724609375 590.17877197265625 271.05816650390625 100.25841522216796875 403.780609130859375 299.1875 68.33905029296875 570.894775390625 815.83526611328125 171.55877685546875 103.86707305908203125 68.5012054443359375 81.993438720703125 74.62326812744140625 325.23492431640625 76.08614349365234375 34.55023193359375 31.66780853271484375 20 37.029052734375 20 2776.28173828125 4778.06982421875 43.464672088623046875 303.795745849609375 147.470062255859375 97.57451629638671875 224.266937255859375 479.337554931640625 399.905242919921875 354.12017822265625
-9999 -9999 -9999 -9999 -9999 -9999 -9999 -9999 -9999 20 266.3349609375 210.60552978515625 104.10986328125 56.466358184814453125 21.54152679443359375 313.17401123046875 1126.8983154296875 675.309326171875 279.84735107421875 151.14227294921875 338.97003173828125 23.3987579345703125 359.9102783203125 598.49761962890625 943.515869140625 100.4928436279296875 78.59931182861328125 163.865264892578125 119.16782379150390625 343.78668212890625 99.89791107177734375 65.95677947998046875 44.01183319091796875 41.2384796142578125 33.7297515869140625 26.270246505737304688 58.53411102294921875 37.141559600830078125 7606.09423828125 205.0990447998046875 205.41815185546875 168.1935882568359375 204.9556121826171875 101.16283416748046875 461.33612060546875 607.54742431640625 350.644256591796875
-9999 -9999 -9999 -9999 -9999 -9999 -9999 -9999 -9999 34.305896759033203125 239.4281158447265625 301.606353759765625 149.2409820556640625 32.93537139892578125 185.4248504638671875 1321.277587890625 20 20 20 423.7957763671875 416.098663330078125 23.835611343383789062 20 511.967132568359375 1445.278076171875 112.91832733154296875 90.8523101806640625 201.61492919921875 280.0260009765625 301.167205810546875 60.8191070556640625 80.2470855712890625 45.486301422119140625 64.622406005859375 37.67150115966796875 20 55.03893280029296875 109.1931915283203125 7755.3125 185.2342529296875 287.454742431640625 209.4901580810546875 160.8029937744140625 61.645538330078125 385.78021240234375 749.34912109375 402.086639404296875
-9999 -9999 -9999 -9999 -9999 -9999 -9999 -9999 -9999 38.7999114990234375 279.0211181640625 340.77191162109375 152.187255859375 78.6194610595703125 1504.087646484375 34.911495208740234375 20 20.180637359619140625 39.819362640380859375 29.628374099731445312 872.59649658203125 51.451717376708984375 31.219575881958007812 401.434783935546875 1416.7525634765625 305.521270751953125 179.43572998046875 159.4864501953125 340.949493408203125 335.20062255859375 65.506439208984375 80.29522705078125 97.2332305908203125 71.0362548828125 20.011442184448242188 20 29.726255416870117188 74.106109619140625 7990.14013671875 161.8307952880859375 374.807037353515625 237.3063507080078125 167.280029296875 20 160.1685791015625 909.67718505859375 479.874847412109375
-9999 -9999 -9999 -9999 -9999 -9999 -9999 -9999 -9999 20 326.511199951171875 774.47161865234375 176.6595458984375 906.36370849609375 701.6357421875 40 20 23.352325439453125 51.246395111083984375 45.401279449462890625 902.66455078125 101.077545166015625 20 315.945037841796875 813.14739990234375 1017.67303466796875 319.57086181640625 127.5140380859375 512.57403564453125 288.71917724609375 130.27020263671875 93.3295745849609375 123.916107177734375 53.89945220947265625 41.916210174560546875 20 20 31.9463043212890625 35.69374847412109375 8364.6767578125 260.93975830078125 284.30810546875 128.352996826171875 119.55068206787109375 92.506195068359375 678.61328125 685.52630615234375
-9999 -9999 -9999 -9999 -9999 -9999 -9999 -9999 -9999 -9999 20 20 1312.036376953125 678.11151123046875 664.07110595703125 119.849334716796875 47.84723663330078125 71.24639129638671875 20 20 43.79801177978515625 1012.8126220703125 76.4454193115234375 307.92041015625 778.79412841796875 863.1468505859375 1540.3997802734375 100.238525390625 949.1279296875 116.86939239501953125 100.383758544921875 143.916107177734375 64.92325592041015625 52.992053985595703125 38.072345733642578125 20 20 28.0536956787109375 36.25255584716796875 73.1444549560546875 8798.5751953125 223.590362548828125 128.619598388671875 139.3116607666015625 452.214752197265625 306.6363525390625 454.256134033203125
-9999 -9999 -9999 -9999 -9999 -9999 -9999 -9999 -9999 -9999 -9999 20 28.414522171020507812 1355.4703369140625 2270.133056640625 20 39.77716827392578125 72.921966552734375 45.208431243896484375 33.33882904052734375 20 28.67453765869140625 1032.8126220703125 25.274997711181640625 1023.69476318359375 124.6315765380859375 20 1580.3997802734375 2037.428955078125 91.19330596923828125 189.8415679931640625 64.57281494140625 78.03574371337890625 80.72144317626953125 35.359630584716796875 24.640371322631835938 33.8332977294921875 42.3810882568359375 31.839307785034179688 20 9034.685546875 167.943756103515625 169.85302734375 421.319244384765625 389.83001708984375 73.27606201171875 250.6946563720703125
-9999 -9999 -9999 -9999 -9999 -9999 -9999 -9999 -9999 -9999 -9999 20 20.58982086181640625 24.980640411376953125 2914.47607421875 51.340389251708984375 50.870941162109375 70.48780059814453125 41.01628875732421875 78.03604888916015625 51.743946075439453125 344.917266845703125 744.32080078125 20 776.81500244140625 415.17449951171875 20 20 2837.269775390625 31.655569076538085938 229.0416107177734375 158.6086273193359375 107.135833740234375 42.871784210205078125 28.827222824096679688 42.250091552734375 47.39635467529296875 58.357940673828125 51.319866180419921875 24.542589187622070312 40.730274200439453125 9325.650390625 210.255828857421875 556.7989501953125 234.8490753173828125 29.35308074951171875 172.3839569091796875
-9999 -9999 -9999 -9999 -9999 -9999 -9999 -9999 -9999 -9999 -9999 20 39.41017913818359375 101.43906402587890625 3034.2861328125 40.95464324951171875 91.86501312255859375 89.5553741455078125 20 54.81899261474609375 104.90663909912109375 550.68798828125 588.6044921875 26.8940887451171875 998.849609375 246.2458038330078125 40 20 20 3161.1748046875 67.28427886962890625 207.8092498779296875 60.252643585205078125 35.8238983154296875 39.524837493896484375 68.254852294921875 80.4504547119140625 72.48865509033203125 51.608776092529296875 20 28.997621536254882812 9435.1123046875 386.44488525390625 523.02972412109375 124.2752685546875 84.76946258544921875 145.3257293701171875
-9999 -9999 -9999 -9999 -9999 -9999 -9999 -9999 -9999 -9999 33.317676544189453125 26.682325363159179688 20 20 39.537067413330078125 3201.7021484375 121.006622314453125 20 20 40 154.5557861328125 595.8577880859375 500.232330322265625 462.76776123046875 957.59393310546875 60 20 20 20 3225.251220703125 20 221.3150787353515625 90.84471893310546875 68.71483612060546875 91.2660064697265625 62.480892181396484375 92.45256805419921875 101.4709014892578125 47.668361663818359375 35.616954803466796875 24.383043289184570312 9475.173828125 284.437286376953125 741.52825927734375 110.6870880126953125 135.60382080078125 153.3823699951171875
-9999 -9999 -9999 -9999 -9999 -9999 -9999 -9999 -9999 -9999 57.371074676513671875 54.494335174560546875 28.134588241577148438 28.674512863159179688 62.975696563720703125 3383.844970703125 47.8456573486328125 20 20 50.60176849365234375 170.0958251953125 522.494384765625 572.23565673828125 446.485809326171875 1099.188232421875 81.03554534912109375 28.870435714721679688 32.79611968994140625 32.82586669921875 3268.526123046875 31.103178024291992188 215.423553466796875 144.4575347900390625 121.79399871826171875 122.90018463134765625 104.387115478515625 57.65340423583984375 112.4835205078125 85.2934417724609375 27.437574386596679688 42.81658172607421875 21.56645965576171875 9616.2490234375 10605.8193359375 160.939056396484375 163.806396484375 90.60352325439453125
-9999 -9999 -9999 -9999 -9999 -9999 -9999 -9999 -9999 -9999 106.92084503173828125 53.50872802734375 50.968700408935546875 37.840137481689453125 3478.7900390625 20 20.703098297119140625 20 21.8901214599609375 73.32855987548828125 189.9939422607421875 422.443756103515625 620.10400390625 459.814727783203125 979.21966552734375 347.77447509765625 55.0851898193359375 49.617218017578125 44.513187408447265625 3315.180419921875 37.29360198974609375 237.37579345703125 183.8494720458984375 188.48944091796875 162.4791412353515625 68.06925201416015625 72.37438201904296875 119.80593109130859375 109.88694000244140625 58.288097381591796875 34.028446197509765625 41.56645965576171875 20 20 10918.8916015625 103.877044677734375 215.9652557373046875
-9999 -9999 -9999 -9999 -9999 -9999 -9999 -9999 -9999 137.374725341796875 73.50872802734375 29.081874847412109375 61.8868255615234375 3536.630126953125 27.466838836669921875 29.928396224975585938 30.7747039794921875 29.95001983642578125 45.1887054443359375 125.33756256103515625 184.7363433837890625 322.85931396484375 688.99462890625 440.934844970703125 885.911865234375 542.46929931640625 123.27184295654296875 69.37615966796875 41.927104949951171875 3389.7998046875 31.791379928588867188 261.216949462890625 233.4831390380859375 226.9676513671875 144.8807525634765625 90.4798126220703125 97.65979766845703125 121.8994903564453125 157.28741455078125 62.142475128173828125 34.3402099609375 70.00753021240234375 31.558929443359375 22.02245330810546875 11044.0546875 63.05744171142578125 218.151214599609375
