gis/20m/flow_accumulation_dinf.asc
ncols        511
nrows        572
xllcorner    726766.000000000000
yllcorner    7127230.000000000000
cellsize     20.000000000000
NODATA_value -9999
[rows 483 to 503 of 572, columns 376 to 422 of 511]
121.0274810791015625 121.559814453125 123.263214111328125 88.0047760009765625 85.96657562255859375 138.9427337646484375 1114.3902587890625 25.479839324951171875 20 20 77.57745361328125 71.8211212158203125 57.423084259033203125 37.9555511474609375 52.29036712646484375 42.17226409912109375 81.371246337890625 104.39127349853515625 124.7490692138671875 133.1653594970703125 211.4521636962890625 259.3253173828125 184.949066162109375 187.834259033203125 323.57745361328125 509.814208984375 631.0028076171875 761.69036865234375 936.45867919921875 1355.5772705078125 39.042293548583984375 201.8751983642578125 27.534698486328125 20 4134.0341796875 28.920398712158203125 53.893138885498046875 602.8212890625 334.24072265625 303.8704833984375 282.6796875 348.9393310546875 2479.021484375 2912.482421875 3020.277587890625 1167.3297119140625 124.24140167236328125
41.555133819580078125 57.631824493408203125 46.72730255126953125 45.64581298828125 93.02271270751953125 393.487884521484375 687.13580322265625 35.298297882080078125 20.77813720703125 20 60.568721771240234375 38.840763092041015625 35.121379852294921875 42.53672027587890625 28.277715682983398438 49.738201141357421875 42.329105377197265625 115.43122100830078125 122.02822113037109375 147.869476318359375 127.147430419921875 20 20 38.989688873291015625 64.51882171630859375 42.516201019287109375 123.76525115966796875 385.29498291015625 501.600921630859375 20 169.4098968505859375 20 20 4083.449462890625 20 20.515468597412109375 587.8262939453125 276.841766357421875 284.117034912109375 194.741424560546875 207.605499267578125 356.18328857421875 385.366119384765625 373.178619384765625 187.8459014892578125 105.71167755126953125 155.08123779296875
20 25.046430587768554688 40.5027618408203125 57.64217376708984375 240.60003662109375 257.2742919921875 564.05133056640625 68.59889984130859375 39.22186279296875 20 29.994953155517578125 29.414529800415039062 20 25.935815811157226562 34.06418609619140625 48.979259490966796875 67.56682586669921875 20 37.9622344970703125 63.038852691650390625 68.5589447021484375 20 36.4454345703125 70.369354248046875 195.8980255126953125 505.976593017578125 588.311767578125 368.2132568359375 231.372589111328125 251.372589111328125 121.9626922607421875 20 4023.449462890625 20 20 505.269866943359375 313.80792236328125 232.81854248046875 194.3529052734375 188.320281982421875 233.41229248046875 262.930908203125 332.62396240234375 308.10888671875 133.46405029296875 114.7044219970703125 232.12542724609375
198.7357177734375 20 215.6131134033203125 246.635467529296875 87.794677734375 64.44207763671875 502.556640625 37.604278564453125 20 58.246395111083984375 49.169307708740234375 39.1642608642578125 28.578790664672851562 20 20 31.81717681884765625 56.00020599365234375 85.74444580078125 112.18775177001953125 147.9155426025390625 177.87255859375 198.8191986083984375 145.5750885009765625 429.230560302734375 348.061737060546875 76.9277496337890625 44.429019927978515625 81.70342254638671875 203.117950439453125 20 20 3785.799072265625 419.474761962890625 20 20 739.59326171875 197.7450714111328125 132.8324127197265625 88.637939453125 207.679656982421875 232.61639404296875 202.250152587890625 389.721466064453125 164.408294677734375 100.1920623779296875 226.4775238037109375 156.5277862548828125
83.132415771484375 171.0694427490234375 20 51.838237762451171875 64.68896484375 81.09273529052734375 118.38307952880859375 298.57452392578125 101.7173614501953125 54.018329620361328125 40.686191558837890625 46.7694549560546875 31.421209335327148438 20 20 38.201648712158203125 54.91675567626953125 72.387908935546875 104.58657073974609375 116.82102203369140625 146.4497222900390625 250.9376220703125 460.4716796875 228.4437103271484375 240.5328826904296875 20 358.890411376953125 369.3765869140625 398.35626220703125 873.41748046875 3623.836181640625 117.65045928955078125 20 20 719.59326171875 74.21439361572265625 216.36309814453125 68.637939453125 154.086578369140625 199.041900634765625 113.6095123291015625 304.648712158203125 292.288665771484375 53.48728179931640625 124.117431640625 222.9004058837890625 78.519012451171875
215.57000732421875 41.769744873046875 20 20 37.176288604736328125 38.329898834228515625 29.010877609252929688 53.0876007080078125 127.8462677001953125 97.3700408935546875 86.59613037109375 49.761936187744140625 29.153879165649414062 20 20 35.970947265625 53.6795501708984375 76.34162139892578125 89.79190826416015625 122.1889801025390625 157.050140380859375 195.9624786376953125 144.994476318359375 331.6607666015625 361.631500244140625 703.859375 471.62835693359375 497.08935546875 343.158050537109375 2797.1767578125 20 20 77.1658477783203125 621.49615478515625 111.40036773681640625 123.6465606689453125 142.26556396484375 134.086578369140625 172.56292724609375 55.908702850341796875 217.81964111328125 286.216552734375 97.48641204833984375 71.23601531982421875 97.804229736328125 171.0594482421875 85.07675933837890625
330.284698486328125 59.666107177734375 20 20 35.17160797119140625 31.67649078369140625 20 20 40.071132659912109375 82.3520965576171875 62.50505828857421875 54.7755126953125 36.868560791015625 20 20 37.471446990966796875 49.354228973388671875 59.476764678955078125 74.25701141357421875 86.397216796875 126.10245513916015625 245.2392578125 258.5382080078125 120.913604736328125 192.9940948486328125 204.6749725341796875 252.93011474609375 487.851837158203125 590.905517578125 2430.94482421875 20 105.49500274658203125 389.06427001953125 233.4831085205078125 116.77678680419921875 156.0445098876953125 132.64129638671875 157.4481964111328125 35.908702850341796875 103.71775054931640625 305.84637451171875 88.48040771484375 57.0926055908203125 44.097827911376953125 75.46596527099609375 108.2952728271484375 103.70284271240234375
29.752374649047851562 409.9508056640625 20.59650421142578125 39.40349578857421875 20 49.95416259765625 63.319797515869140625 51.17807769775390625 139.601837158203125 46.969829559326171875 66.2169647216796875 66.14105224609375 41.8335113525390625 20 20 27.01929473876953125 32.162212371826171875 37.346424102783203125 52.72180938720703125 86.887481689453125 167.6601104736328125 151.7313232421875 139.9645538330078125 160.215057373046875 261.472259521484375 240.1798553466796875 323.3271484375 390.58441162109375 754.9478759765625 1173.835205078125 20 251.2863922119140625 180.69134521484375 219.4565887451171875 71.65457916259765625 135.1004180908203125 113.74768829345703125 133.525421142578125 75.12200927734375 104.41745758056640625 197.5348663330078125 74.0404815673828125 37.0926055908203125 39.579559326171875 54.566761016845703125 75.97544097900390625 72.09183502197265625
97.205596923828125 327.2650146484375 144.788726806640625 49.823375701904296875 43.463466644287109375 37.864284515380859375 97.03389739990234375 97.1116485595703125 187.601837158203125 115.4932861328125 63.378204345703125 25.02556610107421875 32.14405059814453125 20 20 48.046703338623046875 66.02721405029296875 98.1721649169921875 133.439453125 156.8093414306640625 122.91684722900390625 43.9208831787109375 126.404632568359375 224.4317474365234375 226.33551025390625 297.124603271484375 282.336334228515625 117.71340179443359375 383.543243408203125 1080.3907470703125 231.2863922119140625 81.7312164306640625 123.6540985107421875 103.24744415283203125 103.16976165771484375 70.7292633056640625 137.597381591796875 113.57863616943359375 51.318958282470703125 33.023616790771484375 149.6467132568359375 130.18798828125 24.498392105102539062 48.0487823486328125 35.8381195068359375 37.20441436767578125 41.122280120849609375
119.93375396728515625 158.1391448974609375 289.045135498046875 133.84320068359375 36.55417633056640625 65.1011505126953125 95.356719970703125 139.97943115234375 267.777099609375 155.487884521484375 66.58881378173828125 48.947689056396484375 32.928455352783203125 27.071544647216796875 20 29.629055023193359375 62.320758819580078125 94.78447723388671875 148.27728271484375 210.5956878662109375 222.746337890625 276.535400390625 285.111328125 252.8161163330078125 228.0371856689453125 209.8640899658203125 153.2133636474609375 333.719970703125 86.31266021728515625 1110.3182373046875 122.76320648193359375 57.437541961669921875 89.420135498046875 64.435943603515625 98.37110137939453125 54.578350067138671875 98.60276031494140625 90.34842681884765625 40 20 36.279407501220703125 194.534820556640625 20.086282730102539062 41.09131622314453125 20 31.686037063598632812 30.56375885009765625
244.57470703125 212.7747955322265625 271.62890625 139.637939453125 138.537567138671875 147.1616973876953125 104.640350341796875 262.0333251953125 193.84521484375 333.201141357421875 99.90201568603515625 47.8552093505859375 51.123279571533203125 21.021511077880859375 20 37.83349609375 62.018367767333984375 76.224822998046875 83.25525665283203125 62.908050537109375 68.9723358154296875 126.25998687744140625 126.63907623291015625 152.3213958740234375 114.59320831298828125 112.629180908203125 247.63323974609375 43.92610931396484375 106.645416259765625 1108.656494140625 20 20 65.11678314208984375 34.88321685791015625 84.68669891357421875 41.180908203125 36.14513397216796875 60.920589447021484375 61.01383209228515625 20 20 51.450885772705078125 119.36334228515625 21.177600860595703125 20 28.313962936401367188 49.97179412841796875
314.944061279296875 656.533447265625 419.756134033203125 249.5487518310546875 69.93076324462890625 92.25305938720703125 141.02008056640625 187.8938446044921875 374.018280029296875 270.035675048828125 415.43353271484375 80.85997772216796875 55.948329925537109375 24.67083740234375 34.3058624267578125 25.694135665893554688 20 36.00066375732421875 38.680728912353515625 41.481136322021484375 75.77416229248046875 72.9536285400390625 100.05719757080078125 67.95525360107421875 102.7187042236328125 165.5605621337890625 48.62469482421875 206.5889739990234375 158.4818267822265625 1088.6202392578125 20 20 20 32.598941802978515625 20 64.68669891357421875 58.844043731689453125 48.88368988037109375 56.41117095947265625 46.553775787353515625 22.5749969482421875 20 69.4168243408203125 20 20 39.208644866943359375 62.96045684814453125
29.185617446899414062 58.195865631103515625 593.5103759765625 693.53887939453125 156.464385986328125 125.24863433837890625 35.677768707275390625 24.551639556884765625 131.357025146484375 450.443603515625 463.76348876953125 345.0682373046875 79.54932403564453125 43.66420745849609375 59.3159027099609375 35.58721160888671875 20 20 21.319271087646484375 39.964221954345703125 55.814579010009765625 54.96907806396484375 71.72711944580078125 107.032623291015625 111.0896148681640625 90.9192962646484375 161.890380859375 65.276763916015625 336.737213134765625 652.9075927734375 70.05945587158203125 40 20 50.209095001220703125 43.60401153564453125 84.33873748779296875 67.45359039306640625 36.85353851318359375 30.24664306640625 32.993488311767578125 27.006511688232421875 20 32.946956634521484375 20 20 39.108173370361328125 55.428844451904296875
20 20 20 936.30572509765625 570.0098876953125 41.722484588623046875 36.9609527587890625 20 29.103513717651367188 122.10079193115234375 684.15911865234375 467.18878173828125 269.777923583984375 81.50115966796875 82.17162322998046875 68.6500701904296875 22.405231475830078125 20 20 35.70230865478515625 36.30694580078125 48.367099761962890625 66.2929229736328125 74.93425750732421875 85.5040740966796875 147.4851837158203125 130.1670379638671875 216.9127655029296875 153.3028106689453125 346.359649658203125 66.86090850830078125 24.249952316284179688 307.640716552734375 154.0840606689453125 125.1401824951171875 55.70758819580078125 39.616302490234375 36.32183837890625 29.75335693359375 20 20 20 30.583171844482421875 59.183712005615234375 31.3994598388671875 38.795108795166015625 58.563159942626953125
650.92706298828125 547.96337890625 3518.51611328125 4839.484375 112.03620147705078125 51.381378173828125 87.30205535888671875 20 20 21.9344024658203125 470.110809326171875 568.662841796875 430.1337890625 135.9558563232421875 160.205657958984375 161.5597381591796875 64.013092041015625 20 20 31.511880874633789062 35.996593475341796875 36.5257568359375 20 40.170017242431640625 98.177734375 149.6475067138671875 171.879150390625 142.6335601806640625 174.212432861328125 164.7063140869140625 38.5517578125 20 371.159332275390625 60.513004302978515625 61.719329833984375 31.31482696533203125 20 33.4315185546875 20 20 20 20 20 20 79.1837158203125 68.86302947998046875 147.7266998291015625
2665.833984375 2916.941650390625 61.519725799560546875 257.12652587890625 5245.13427734375 20 77.3668365478515625 121.3166046142578125 32.498561859130859375 27.501438140869140625 381.796966552734375 609.76068115234375 114.86013031005859375 471.327850341796875 177.939300537109375 320.16046142578125 25.581768035888671875 20 20 20 44.147441864013671875 51.96014404296875 61.755382537841796875 74.0234375 144.8721771240234375 84.077667236328125 81.42546844482421875 130.728729248046875 118.56610870361328125 78.4459075927734375 20 40 79.5010986328125 513.93048095703125 35.0368499755859375 28.68517303466796875 34.347736358642578125 44.53217315673828125 40.68425750732421875 49.904682159423828125 26.794420242309570312 37.168247222900390625 30.29650115966796875 33.419528961181640625 36.283969879150390625 100.89218902587890625 74.6891326904296875
91.179107666015625 41.519725799560546875 32.3942108154296875 40 20 5309.9150390625 5361.57958984375 5500.4228515625 5632.3095703125 33.523677825927734375 287.238067626953125 744.31951904296875 33.73415374755859375 430.335296630859375 284.698089599609375 416.997283935546875 47.995487213134765625 40.77271270751953125 35.33654022216796875 20 35.852558135986328125 71.8540802001953125 109.06584930419921875 129.7747344970703125 44.988880157470703125 50.391437530517578125 137.9683074951171875 156.340606689453125 98.4050140380859375 61.304431915283203125 53.816654205322265625 51.77971649169921875 159.7902984619140625 612.74871826171875 34.5459442138671875 25.68613433837890625 57.10295867919921875 63.1749267578125 59.2928924560546875 70.3661346435546875 53.82286834716796875 49.800113677978515625 65.2260894775390625 32.675426483154296875 20 20 20
22.138151168823242188 20 20 20 22.015192031860351562 20 32.039794921875 20 20 5997.9345703125 20 432.03131103515625 361.876129150390625 317.994781494140625 366.911956787109375 445.710693359375 165.1282958984375 77.60923004150390625 26.926687240600585938 20 20 51.117290496826171875 85.32262420654296875 96.24297332763671875 134.8247833251953125 225.6810455322265625 173.0092315673828125 147.1127166748046875 159.296905517578125 192.6714630126953125 227.674560546875 295.222900390625 202.15704345703125 1653.6602783203125 47.087612152099609375 54.079380035400390625 81.0589447021484375 81.81301116943359375 77.24553680419921875 88.61617279052734375 67.67713165283203125 122.27329254150390625 60.508724212646484375 20 20 76.56842803955078125 20
20 20 20 20 39.1134033203125 20 44.344089508056640625 67.6570281982421875 34.41797637939453125 6056.814453125 20 227.058563232421875 369.65203857421875 675.1749267578125 413.39434814453125 178.988372802734375 496.6544189453125 125.3361358642578125 51.274433135986328125 20 20 25.068487167358398438 23.856143951416015625 68.92273712158203125 74.32210540771484375 20 57.57440185546875 94.896942138671875 111.9426116943359375 164.5428924560546875 363.73291015625 377.188018798828125 639.5902099609375 45.733242034912109375 2094.66015625 83.7797393798828125 96.49892425537109375 96.51274871826171875 121.286651611328125 47.6625823974609375 90.17890167236328125 186.2081298828125 42.720733642578125 20 20 23.431568145751953125 119.60041046142578125
35.816310882568359375 43.731273651123046875 31.354509353637695312 39.608600616455078125 51.643962860107421875 79.490142822265625 58.13886260986328125 61.255558013916015625 98.82268524169921875 6174.93212890625 247.058563232421875 20 20 232.7146759033203125 1108.5693359375 156.932403564453125 273.925445556640625 440.604766845703125 74.3839263916015625 20 20 60 98.67360687255859375 114.5047149658203125 134.5185394287109375 52.680408477783203125 42.27748870849609375 20 203.887451171875 364.026580810546875 355.47198486328125 369.66082763671875 129.315521240234375 281.4781494140625 59.914867401123046875 2358.11083984375 133.25555419921875 130.865692138671875 78.08354949951171875 42.60684967041015625 87.572052001953125 223.16265869140625 59.44887542724609375 27.50612640380859375 32.49387359619140625 163.031982421875 20
49.39098358154296875 40.1075439453125 72.958343505859375 42.127445220947265625 49.085277557373046875 71.35260772705078125 67.52207183837890625 87.47560882568359375 84.620574951171875 6530.94970703125 40 20 20 40 1388.5894775390625 160.00311279296875 124.3885498046875 638.46527099609375 92.7137298583984375 33.346588134765625 20 20 37.03101348876953125 58.25868988037109375 97.95105743408203125 234.0683746337890625 299.30755615234375 377.650238037109375 293.425018310546875 207.169036865234375 102.88227081298828125 137.8958892822265625 157.8958892822265625 39.914867401123046875 20 31.574689865112304688 2702.23193359375 98.08354949951171875 40.461864471435546875 125.35341644287109375 24.363618850708007812 246.084075927734375 76.5274505615234375 42.339580535888671875 59.570343017578125 182.814605712890625 44.0980072021484375
