gis/20m/flow_accumulation_dinf.asc
ncols        511
nrows        572
xllcorner    726766.000000000000
yllcorner    7127230.000000000000
cellsize     20.000000000000
NODATA_value -9999
[rows 189 to 209 of 572, columns 188 to 234 of 511]
4332.33544921875 20 20 177.41455078125 95.0354461669921875 96.514007568359375 53.42322540283203125 99.72491455078125 677.5472412109375 862.28192138671875 946.6014404296875 236.5496063232421875 89.30280303955078125 107.7763824462890625 31.22901153564453125 20 20 41.365081787109375 650.4443359375 229.592987060546875 38.76422882080078125 20 20 220.4803924560546875 153.42779541015625 351.045806884765625 297.67803955078125 181.438629150390625 20 20 40 52.183650970458984375 94.60486602783203125 242.6638336181640625 325.97979736328125 267.071533203125 1097.2510986328125 95.07483673095703125 20 20 37.30716705322265625 62.806499481201171875 105.81430816650390625 150.786224365234375 192.570343017578125 217.5666046142578125 207.58575439453125
4909.60791015625 20 20 231.05426025390625 82.52553558349609375 64.641876220703125 163.4603118896484375 350.029296875 1510.2564697265625 20 1297.61669921875 203.713775634765625 173.9119110107421875 91.11447906494140625 43.161258697509765625 20 20 21.055318832397460938 354.88421630859375 445.964691162109375 205.3198699951171875 51.391437530517578125 38.735424041748046875 215.1044464111328125 109.05356597900390625 179.8765411376953125 460.48846435546875 358.126007080078125 40 20 20 20 31.670562744140625 62.086330413818359375 31.902273178100585938 93.47264862060546875 906.23065185546875 59.0569610595703125 20 20 44.288417816162109375 61.9095916748046875 97.59009552001953125 120.67920684814453125 134.604583740234375 252.6461334228515625 452.28131103515625
20 532.45001220703125 492.202728271484375 342.79998779296875 20 20 29.205484390258789062 20 370.029296875 3025.12451171875 77.406829833984375 112.62343597412109375 72.92546844482421875 20 20 48.39618682861328125 31.643768310546875 37.341217041015625 251.7293243408203125 503.321807861328125 109.5118865966796875 225.3198699951171875 82.73009490966796875 262.20831298828125 85.2081756591796875 185.4035491943359375 259.349151611328125 660.232421875 69.60942840576171875 35.61883544921875 32.4159393310546875 20 20 53.714138031005859375 75.3239898681640625 33.6665496826171875 72.754974365234375 746.180908203125 20 20 48.22313690185546875 58.1024017333984375 53.26622772216796875 69.83989715576171875 86.76043701171875 313.574249267578125 142.6379547119140625
40 20 54.79534149169921875 45.847431182861328125 20 31.50460052490234375 97.72869110107421875 20 3943.9306640625 20 99.84449005126953125 83.7676544189453125 59.096019744873046875 40.607006072998046875 20 105.5914306640625 149.40350341796875 53.13802337646484375 110.18978118896484375 431.931060791015625 333.697906494140625 77.91806793212890625 270.69537353515625 194.20281982421875 221.151641845703125 154.1771240234375 228.739044189453125 518.1104736328125 374.261077880859375 70.4430389404296875 39.3525390625 37.7888641357421875 20 20.802911758422851562 67.8316650390625 92.0717926025390625 132.5283355712890625 638.321533203125 81.99170684814453125 20 22.135255813598632812 41.9499664306640625 49.83989715576171875 42.40540313720703125 365.992034912109375 156.8916473388671875 20
20 20 20 20 20 51.4767913818359375 20 4364.2412109375 20 488.77685546875 140.8158111572265625 28.625293731689453125 39.80362701416015625 46.30255889892578125 20 56.17420196533203125 96.9417724609375 169.40350341796875 102.7252197265625 213.7810516357421875 612.50848388671875 250.1744232177734375 61.797969818115234375 362.966705322265625 322.631622314453125 139.1453094482421875 214.300323486328125 495.9891357421875 437.362945556640625 216.8724517822265625 99.03029632568359375 52.308818817138671875 35.412933349609375 20 22.337215423583984375 56.813190460205078125 86.84300994873046875 293.21624755859375 158.6173095703125 22.365169525146484375 20 43.90203857421875 66.0467529296875 342.538543701171875 20 40 45.302715301513671875
20 20 20 20 20 20 4586.154296875 39.211071014404296875 262.581695556640625 308.136383056640625 100.41315460205078125 53.27542877197265625 20.957164764404296875 46.106189727783203125 29.570863723754882812 58.507755279541015625 89.11821746826171875 165.1431427001953125 240.6434173583984375 151.19403076171875 170.844207763671875 674.189697265625 270.174407958984375 66.54068756103515625 583.1265869140625 174.8831787109375 189.6925201416015625 429.59625244140625 649.95001220703125 210.4248199462890625 278.01849365234375 45.62117767333984375 24.587064743041992188 20 20 40 45.771083831787109375 127.06876373291015625 238.3101806640625 28.849971771240234375 20 42.743030548095703125 69.99280548095703125 101.2482147216796875 122.90811920166015625 44.26822662353515625 76.24982452392578125
20 80 20 38.1217803955078125 21.878221511840820312 5070.46337890625 348.333099365234375 91.22547149658203125 46.06220245361328125 482.92926025390625 180.87042236328125 117.03411865234375 62.9970855712890625 27.063352584838867188 37.518032073974609375 43.203731536865234375 129.1250457763671875 206.0047760009765625 187.2719268798828125 199.9249267578125 241.5366058349609375 315.4671630859375 732.08477783203125 302.941741943359375 70.57407379150390625 624.537841796875 191.4763641357421875 282.49566650390625 947.34954833984375 344.12469482421875 292.139862060546875 52.4857940673828125 35.614498138427734375 20 20 20 38.222499847412109375 92.21184539794921875 192.53076171875 23.846315383911132812 20 42.92140960693359375 61.86132049560546875 127.022705078125 43.669734954833984375 54.811847686767578125 109.7207794189453125
5657.17041015625 5554.99951171875 5396.76904296875 5314.31591796875 5224.0537109375 54.48382568359375 75.97591400146484375 329.85662841796875 304.053619384765625 273.483154296875 181.5177764892578125 115.818603515625 83.5651397705078125 50.0604400634765625 36.162784576416015625 84.22255706787109375 67.958465576171875 129.569091796875 329.7130126953125 543.32781982421875 449.85198974609375 407.717681884765625 619.6546630859375 794.155517578125 339.390869140625 180.035186767578125 538.6275634765625 221.39630126953125 1241.599609375 527.5977783203125 175.4301605224609375 55.082714080810546875 36.545406341552734375 23.091339111328125 20 20 45.76195526123046875 77.82402801513671875 125.9155120849609375 20 20 44.811618804931640625 87.043060302734375 31.164083480834960938 57.203121185302734375 124.5887603759765625 135.4720611572265625
62.14221954345703125 58.26007843017578125 42.452434539794921875 32.141323089599609375 32.0884246826171875 59.624416351318359375 55.75864410400390625 30.292573928833007812 305.97021484375 102.52689361572265625 81.3148040771484375 108.203887939453125 60.4652557373046875 83.75489044189453125 50.920330047607421875 77.42346954345703125 57.5735015869140625 109.53974151611328125 171.756805419921875 218.5809783935546875 537.937255859375 699.23394775390625 470.89959716796875 786.90179443359375 1058.517333984375 372.213226318359375 305.174957275390625 497.248046875 1321.047119140625 788.91082763671875 90.1710052490234375 91.00151824951171875 47.940242767333984375 37.1623077392578125 20 20 22.826969146728515625 43.03680419921875 81.62799835205078125 20 20 40.244228363037109375 27.130016326904296875 46.997570037841796875 74.70346832275390625 69.69378662109375 87.23950958251953125
55.415126800537109375 29.695159912109375 34.889713287353515625 20 21.61377716064453125 38.38622283935546875 37.764057159423828125 27.285114288330078125 250.4640960693359375 66.9320526123046875 46.39992523193359375 95.3631134033203125 58.8555450439453125 89.814544677734375 46.216022491455078125 72.48369598388671875 96.75732421875 87.16717529296875 128.8833465576171875 288.970306396484375 259.8812255859375 327.440826416015625 693.88397216796875 613.87451171875 649.1605224609375 1186.98486328125 463.221160888671875 522.796875 1399.9459228515625 1116.2584228515625 158.78057861328125 98.21477508544921875 64.8568878173828125 41.453380584716796875 20 20 20 31.71164703369140625 48.162677764892578125 20 20 20 37.702953338623046875 52.906246185302734375 53.344287872314453125 35.557987213134765625 63.536041259765625
20 35.415126800537109375 25.110288619995117188 20 20 30.030788421630859375 38.755535125732421875 57.74922943115234375 144.378875732421875 42.63481903076171875 50.48504638671875 47.598674774169921875 68.220703125 91.06075286865234375 36.725376129150390625 77.63274383544921875 94.5920562744140625 91.63214111328125 104.47098541259765625 128.4008026123046875 216.0049285888671875 296.6724853515625 353.1002197265625 743.51947021484375 779.21063232421875 783.0943603515625 1206.98486328125 2425.9638671875 20 1316.6419677734375 101.0110015869140625 31.42999267578125 78.575714111328125 51.68749237060546875 40 20 20 40 61.871456146240234375 48.039081573486328125 20 20 40.61759185791015625 60.98314666748046875 64.67144012451171875 39.580524444580078125 30.980211257934570312
49.02175140380859375 51.18653106689453125 36.342098236083984375 20 20 29.969211578369140625 43.48040771484375 57.201595306396484375 27.499103546142578125 20 36.646694183349609375 23.353307723999023438 44.36229705810546875 95.63770294189453125 20 91.24326324462890625 93.80560302734375 98.3000946044921875 68.04454803466796875 156.6568756103515625 113.93133544921875 127.78802490234375 55.160968780517578125 85.89476776123046875 597.15765380859375 1182.603515625 5638.6123046875 20 1336.6419677734375 20 36.012725830078125 31.73728179931640625 150.1103668212890625 71.80450439453125 44.830425262451171875 20 20 20 38.991512298583984375 199.918701171875 20 20 34.549442291259765625 55.218814849853515625 88.79486846923828125 121.3982696533203125 94.885162353515625
58.90045928955078125 42.27387237548828125 24.40826416015625 20 20 29.404947280883789062 30.189365386962890625 32.211944580078125 91.7344818115234375 80 60 20 26.46495819091796875 50.10297393798828125 23.43206787109375 139.87725830078125 83.47170257568359375 48.04454803466796875 108.01227569580078125 104.97731781005859375 70.90633392333984375 89.64127349853515625 46.28958892822265625 77.40396881103515625 125.52423095703125 162.762237548828125 5827.34375 20 7966.185546875 75.18341827392578125 20 177.7047271728515625 62.537265777587890625 64.21738433837890625 35.169574737548828125 40.716796875 20 20 45.38116455078125 276.513092041015625 20 20 35.638362884521484375 48.368503570556640625 53.25144195556640625 99.505218505859375 143.6098175048828125
57.93059539794921875 27.289957046508789062 39.249637603759765625 20 20 30.595052719116210938 57.951129913330078125 217.428802490234375 51.50226593017578125 31.818758010864257812 20 40 20 20 56.83312225341796875 128.8855438232421875 28.044549942016601562 71.764556884765625 79.8189697265625 72.31240081787109375 69.64127349853515625 53.87157440185546875 67.12152099609375 81.2422027587890625 122.07204437255859375 130.1794586181640625 654.38299560546875 6588.71435546875 20 8065.0859375 7286.8623046875 4465.849609375 114.80097198486328125 30.583589553833007812 75.53235626220703125 43.81128692626953125 20 20 33.75586700439453125 43.486911773681640625 323.29510498046875 20 26.01798248291015625 33.36101531982421875 35.209239959716796875 53.280887603759765625 82.51412200927734375
945.8321533203125 58.697601318359375 36.2673797607421875 40.043682098388671875 24.240970611572265625 20 44.310558319091796875 230.5693206787109375 107.38793182373046875 34.61809539794921875 20 20 20 20.046167373657226562 40.313663482666015625 88.64418792724609375 54.15404510498046875 41.55792236328125 55.2840118408203125 64.93070220947265625 35.069293975830078125 36.17606353759765625 48.902332305908203125 71.8534088134765625 100.902801513671875 162.2758331298828125 366.9852294921875 67.864898681640625 58.900241851806640625 36.642578125 1064.36865234375 8760 102.28044891357421875 110.4388275146484375 57.800201416015625 35.471920013427734375 20 20 20 33.260082244873046875 388.069854736328125 37.09014892578125 49.056865692138671875 58.0391998291015625 39.146419525146484375 55.699344635009765625 75.83097076416015625
54.9080047607421875 1125.9129638671875 58.742549896240234375 44.927776336669921875 28.693342208862304688 20 27.548946380615234375 217.2739715576171875 310.176177978515625 59.475620269775390625 40 20 20 20.359830856323242188 39.640171051025390625 40 40.296657562255859375 39.703342437744140625 40 20 20 25.021656036376953125 48.411228179931640625 69.65673065185546875 70.22039031982421875 219.1538848876953125 189.46917724609375 32.234912872314453125 48.583538055419921875 90.0820770263671875 37.962955474853515625 36.927776336669921875 194.6485443115234375 62.893726348876953125 46.667446136474609375 31.4558258056640625 48.5441741943359375 20 20 26.739919662475585938 53.29042816162109375 420.626190185546875 128.6277008056640625 139.874359130859375 155.06488037109375 100.16564178466796875 104.5708160400390625
20 41.713092803955078125 1270.101806640625 68.2774200439453125 40.24333953857421875 20 20 33.903690338134765625 489.29974365234375 122.15189361572265625 62.48108673095703125 40 20 20 20 20 30.667753219604492188 20 20 27.180837631225585938 20 35.435943603515625 44.1609954833984375 54.182147979736328125 80.08565521240234375 196.685394287109375 71.500274658203125 20 38.59786224365234375 78.03070831298828125 25.095306396484375 63.072223663330078125 96.3015594482421875 358.170135498046875 52.096714019775390625 63.909271240234375 58.86795806884765625 40.770404815673828125 20.273647308349609375 20 25.634326934814453125 63.713043212890625 358.37542724609375 164.4327850341796875 160.5616912841796875 160.8000640869140625 125.95401763916015625
20 20 56.982425689697265625 1453.3056640625 49.690860748291015625 20 20 30.626434326171875 582.31671142578125 129.537933349609375 61.62506103515625 46.7336883544921875 20 20 20 20 40 60 31.309015274047851562 50.754974365234375 62.666568756103515625 24.564056396484375 40.183628082275390625 47.653797149658203125 43.4870147705078125 75.009429931640625 56.53081512451171875 20 38.18410491943359375 38.44446563720703125 40 34.71257781982421875 45.248287200927734375 121.89173126220703125 438.148681640625 102.09825897216796875 85.61118316650390625 46.0559234619140625 22.174089431762695312 20 55.915256500244140625 62.887058258056640625 80.62091827392578125 278.19476318359375 314.038177490234375 350.503662109375 266.3245849609375
20 20 24.384790420532226562 36.993251800537109375 1562.238525390625 49.901515960693359375 20 20 642.23394775390625 186.2754058837890625 64.028564453125 44.237762451171875 20 20 20 20 20 29.6835784912109375 86.29524993896484375 71.683319091796875 70.94940185546875 110.874969482421875 63.329616546630859375 55.312473297119140625 68.21230316162109375 20 58.273937225341796875 23.371431350708007812 36.628566741943359375 20 20 25.287424087524414062 34.24044036865234375 51.186992645263671875 483.8045654296875 334.174346923828125 158.6622314453125 45.856861114501953125 20 20 20 74.08969879150390625 101.02304840087890625 179.4702606201171875 291.897979736328125 303.24346923828125 323.973358154296875
37.02590179443359375 22.97409820556640625 20 29.51421356201171875 303.3387451171875 2377.94287109375 46.553211212158203125 20 20 867.905517578125 103.06591033935546875 44.928806304931640625 40 34.58214569091796875 45.41785430908203125 20 20 30.3164215087890625 41.17510986328125 80.02435302734375 97.08251953125 87.569976806640625 139.19610595703125 150.848175048828125 177.948333740234375 257.358245849609375 20 20 20 20 23.549468994140625 31.812999725341796875 41.417377471923828125 70.87884521484375 120.59059906005859375 933.35858154296875 20 301.790374755859375 40 20 20 44.685993194580078125 127.0984039306640625 44.81409454345703125 42.268054962158203125 160.7271575927734375 308.641143798828125
450.0701904296875 533.37518310546875 613.18475341796875 685.230224609375 496.1278076171875 87.1106109619140625 2551.606689453125 20 20 893.8773193359375 170.7977752685546875 79.43585205078125 88.0788421630859375 65.41785430908203125 31.199724197387695312 39.287082672119140625 29.513195037841796875 20 41.22061920166015625 70.70965576171875 90.3362579345703125 115.616363525390625 139.581207275390625 183.7729644775390625 157.1173553466796875 432.83319091796875 56.960605621337890625 20 20 20 36.450531005859375 45.881221771240234375 46.7965850830078125 50.168270111083984375 37.1676483154296875 61.88074493408203125 1013.09686279296875 324.519073486328125 51.7501220703125 20 20 20 33.541294097900390625 163.0040130615234375 144.0439453125 137.39892578125 253.248260498046875
