gis/20m/flow_accumulation_dinf.asc
ncols        511
nrows        572
xllcorner    726766.000000000000
yllcorner    7127230.000000000000
cellsize     20.000000000000
NODATA_value -9999
[rows 84 to 104 of 572, columns 141 to 187 of 511]
126.19321441650390625 82.13510894775390625 58.80941009521484375 55.403400421142578125 87.6778564453125 184.0319366455078125 256.543701171875 1002.64697265625 1247.4156494140625 1402.4490966796875 19326.201171875 407.680999755859375 161.401275634765625 88.8183135986328125 247.006591796875 74.33990478515625 77.12075042724609375 72.57427215576171875 114.5103912353515625 170.1861724853515625 47.1419830322265625 54.414386749267578125 29.164415359497070312 27.171125411987304688 62.06166839599609375 991.34326171875 468.794189453125 173.7990570068359375 112.232513427734375 33.81667327880859375 20 20 20 87.0463104248046875 20 20 40 80 132.7996368408203125 20 20 70.99691009521484375 80.57562255859375 71.44976806640625 69.19390106201171875 63.730678558349609375 123.18314361572265625
92.93029022216796875 96.57122802734375 29.8288116455078125 39.264019012451171875 42.8826904296875 56.318088531494140625 543.9019775390625 626.59539794921875 25.42005157470703125 20 141.299957275390625 20239.919921875 108.8183135986328125 199.236236572265625 142.39520263671875 60.0991058349609375 76.7366943359375 80.6162872314453125 172.6917266845703125 181.4750518798828125 64.26657867431640625 59.777576446533203125 44.799144744873046875 47.2122344970703125 1077.7291259765625 20 46.120471954345703125 28.893388748168945312 20 20 28.08348846435546875 220 22.82717132568359375 29.991037368774414062 30.008962631225585938 20 36.12366485595703125 20 79.11542510986328125 215.689239501953125 152.2161407470703125 99.16753387451171875 80.47805023193359375 60.8301544189453125 80.8301544189453125 96.14884185791015625 127.543548583984375
132.2750701904296875 150.1475677490234375 135.9284820556640625 30.564790725708007812 22.453121185302734375 35.535594940185546875 1038.66259765625 20 20 40.921291351318359375 256.047698974609375 969.7491455078125 21385.337890625 368.997894287109375 80.0991058349609375 47.00827789306640625 104.3650360107421875 222.768463134765625 62.09706878662109375 175.280914306640625 70.8163299560546875 83.94564056396484375 61.716518402099609375 46.71893310546875 1142.29931640625 96.5027618408203125 37.0934295654296875 31.106611251831054688 20 20 31.91651153564453125 126.436065673828125 50.735073089599609375 20 20 20 120 20 28.0849456787109375 79.451873779296875 162.8855438232421875 194.109344482421875 157.551239013671875 107.33861541748046875 74.58917999267578125 90.72524261474609375 372.063568115234375
373.338043212890625 520.99658203125 674.58251953125 858.22222900390625 918.6226806640625 998.66259765625 20 20 33.319080352783203125 308.03460693359375 949.7491455078125 207.4853668212890625 295.234893798828125 21885.341796875 42.074352264404296875 689.44537353515625 540.14642333984375 297.37799072265625 232.292236328125 20 20 134.281829833984375 100.5042724609375 71.990814208984375 1289.11474609375 61.779682159423828125 50.567363739013671875 20 20 20 20 20 20 20 25.25673675537109375 20 39.93006134033203125 140 160 200 44.898326873779296875 151.3191986083984375 252.6721038818359375 330.7403564453125 154.5376434326171875 303.0213623046875 324.847625732421875
56.64839935302734375 20 20 20 20 42.692352294921875 20 23.072927474975585938 47.945125579833984375 881.90863037109375 364.111663818359375 131.8904266357421875 80.30644989013671875 22642.462890625 709.44537353515625 23.131811141967773438 20 20 20 20 20 30.61684417724609375 192.8337860107421875 373.939208984375 1142.626708984375 47.549282073974609375 49.04058074951171875 34.67522430419921875 25.324773788452148438 40 20 20 20 20 35.89051055908203125 44.4550628662109375 20 20 20 20 20 20 48.722980499267578125 120.51525115966796875 389.4674072265625 284.847625732421875 20
69.2745361328125 20 20 20 20 26.8775787353515625 43.456905364990234375 1010.8126220703125 1068.0836181640625 400.93145751953125 117.391998291015625 64.96219635009765625 87.90218353271484375 23101.884765625 33.1754913330078125 46.8245086669921875 20 30.330682754516601562 60.96881103515625 28.70050811767578125 20 68.4814605712890625 178.9514312744140625 1530.8228759765625 84.53591156005859375 99.04095458984375 29.080465316772460938 20 40.216823577880859375 109.17081451416015625 42.931720733642578125 20 23.482267379760742188 36.517734527587890625 48.320125579833984375 76.93537139892578125 44.3137969970703125 50.43070220947265625 20 20 60.950481414794921875 63.457672119140625 94.1135406494140625 154.8369598388671875 20 20 20
97.4046630859375 187.0453033447265625 133.446990966796875 20 753.97119140625 794.95855712890625 930.42864990234375 27.358957290649414062 185.5032806396484375 44.785793304443359375 43.79880523681640625 20 38.860095977783203125 23195.083984375 28.885129928588867188 59.548282623291015625 41.43614959716796875 58.336742401123046875 80.2860870361328125 38.33211517333984375 181.074432373046875 233.1677093505859375 765.660888671875 835.56219482421875 137.8570556640625 115.9079132080078125 20 20 98.80548095703125 126.519287109375 34.004917144775390625 25.995082855224609375 29.699163436889648438 52.264820098876953125 71.48775482177734375 63.635288238525390625 109.40290069580078125 113.51007080078125 27.9310150146484375 20 39.049518585205078125 90.18152618408203125 121.25390625 151.913818359375 340 109.74298858642578125 64.9378509521484375
283.09747314453125 320.04156494140625 504.711151123046875 693.97119140625 28.424030303955078125 94.64287567138671875 24.765466690063476562 48.84832763671875 132.2229766845703125 34.971454620361328125 20 33.93302154541015625 42.43831634521484375 124.43288421630859375 23460.0703125 23668.1953125 78.33673858642578125 77.44458770751953125 87.61890411376953125 257.89007568359375 165.3167572021484375 749.96856689453125 20 20 1109.3271484375 20 20 62.19564056396484375 152.59295654296875 95.51715087890625 53.07135009765625 41.94768524169921875 46.207355499267578125 72.2727203369140625 86.2900848388671875 91.91741943359375 243.3124237060546875 20 20 20 20 26.360799789428710938 44.632549285888671875 20 20 303.5770263671875 488.336944580078125
88.94612884521484375 105.0100250244140625 71.44329833984375 55.63028717041015625 67.2062530517578125 20 68.2441558837890625 74.04430389404296875 40.323543548583984375 20 20 66.06697845458984375 96.3310546875 20 164.653533935546875 171.33343505859375 24087.896484375 107.61890411376953125 254.666229248046875 145.2796630859375 365.198944091796875 427.429931640625 37.339664459228515625 30.246694564819335938 1144.3853759765625 50.578685760498046875 24.116424560546875 167.9736175537109375 127.79544830322265625 94.25289154052734375 58.451995849609375 65.25310516357421875 57.805065155029296875 84.38545989990234375 85.6684112548828125 138.9218292236328125 284.81695556640625 20 24.649473190307617188 55.35052490234375 20 20 31.25000762939453125 20 20 54.5657501220703125 65.34792327880859375
20 29.121358871459960938 72.14934539794921875 31.98310089111328125 20 27.658098220825195312 20 20 31.112798690795898438 20 20 20 102.5022735595703125 138.81036376953125 256.018646240234375 239.592132568359375 207.8693695068359375 24679.32421875 165.2796630859375 493.7188720703125 108.5199127197265625 363.17877197265625 54.75616455078125 135.09307861328125 1086.5260009765625 71.86177825927734375 174.13287353515625 109.5264892578125 146.3908538818359375 82.61641693115234375 93.07915496826171875 60.41152191162109375 59.535961151123046875 99.7620391845703125 96.8143768310546875 189.0227203369140625 517.21624755859375 83.35968017578125 20 20 106.111083984375 20 39.126678466796875 56.511928558349609375 24.361392974853515625 20 112.08325958251953125
110.00543975830078125 120.59513092041015625 132.3487701416015625 227.57379150390625 43.026683807373046875 32.3419036865234375 20 40 88.88719940185546875 171.3487701416015625 86.74851226806640625 72.76634979248046875 20 227.1394500732421875 127.8204193115234375 35.044891357421875 43.939128875732421875 87.72339630126953125 25365.671875 20 20 375.95819091796875 105.2035369873046875 245.4297027587890625 1000.16485595703125 187.10211181640625 387.488372802734375 970.47564697265625 801.534423828125 764.07061767578125 89.100067138671875 68.44643402099609375 99.20764923095703125 193.2325286865234375 20 20 20 133.2488250732421875 20 20 49.239444732666015625 226.2822113037109375 20 20 109.877471923828125 26.724340438842773438 37.38397979736328125
39.23896026611328125 57.24124908447265625 62.93747711181640625 77.18355560302734375 338.461578369140625 51.188259124755859375 27.155529022216796875 20 25.3675994873046875 56.409137725830078125 207.1629638671875 267.233642578125 287.233642578125 107.8204193115234375 20 39.716785430908203125 54.566986083984375 73.89287567138671875 25587.658203125 21.7166290283203125 168.26318359375 332.3321533203125 136.6448974609375 639.97552490234375 639.89990234375 378.28338623046875 968.43511962890625 20 20 21.52141571044921875 499.365203857421875 117.3654937744140625 223.0976409912109375 28.134664535522460938 20 20 20 31.4006500244140625 20 20 20 173.751495361328125 115.29758453369140625 71.69759368896484375 68.566558837890625 182.7417449951171875 160.61981201171875
49.101837158203125 31.408021926879882812 50.93016815185546875 81.68483734130859375 131.0516510009765625 542.75738525390625 33.41182708740234375 20 20 20 20 28.485927581787109375 40.956249237060546875 49.50537109375 20 25.2383270263671875 58.32706451416015625 61.499176025390625 88.82012939453125 26043.0546875 156.60498046875 273.698760986328125 392.350006103515625 658.2301025390625 1702.864990234375 988.43511962890625 34.205532073974609375 20 20 38.47858428955078125 58.472015380859375 243.0976409912109375 20 20 69.5456390380859375 96.06890869140625 20 21.503332138061523438 105.8159027099609375 72.4580230712890625 59.621612548828125 149.17767333984375 67.56871795654296875 89.02811431884765625 89.045379638671875 46.92644500732421875 120.178009033203125
63.2325592041015625 46.56095123291015625 20 28.8968963623046875 55.410449981689453125 102.4896087646484375 641.456298828125 40.505420684814453125 20 20 20 31.514072418212890625 45.985904693603515625 93.48172760009765625 20 20 42.3032684326171875 69.55615234375 74.29418182373046875 26202.771484375 103.20429229736328125 433.015594482421875 338.07000732421875 2232.85400390625 51.82205963134765625 20 73.99956512451171875 20 20 20 20 20 20 308.074462890625 158.589019775390625 42.520114898681640625 48.1778411865234375 20 20 153.2538299560546875 265.639801025390625 42.76593780517578125 212.190338134765625 304.5830078125 565.84991455078125 675.02545166015625 1007.9725341796875
66.6806640625 79.7517852783203125 43.291835784912109375 20 27.440195083618164062 32.048862457275390625 108.74591064453125 811.08477783203125 45.438873291015625 34.183994293212890625 20 20 53.88202667236328125 229.9589691162109375 285.242095947265625 20 20 47.19422149658203125 65.41495513916015625 30.79282379150390625 26795.173828125 162.1204986572265625 1497.470458984375 991.1142578125 52.779300689697265625 58.84893035888671875 80.412689208984375 21.82440185546875 38.17559814453125 59.70252227783203125 40.29747772216796875 20 20 335.645172119140625 20 20 20 20 20 25.157413482666015625 57.521930694580078125 364.91455078125 394.673431396484375 417.891204833984375 263.0533447265625 311.839599609375 20
108.1916961669921875 105.87799835205078125 23.684690475463867188 59.607143402099609375 59.128421783447265625 79.12841796875 82.74298858642578125 20 831.08477783203125 104.492950439453125 35.129917144775390625 20 20 25.242084503173828125 34.757915496826171875 343.632110595703125 20 20 40 70.6167755126953125 179.2345428466796875 27162.806640625 2628.0361328125 126.098785400390625 77.454559326171875 79.5654449462890625 53.477420806884765625 40.810791015625 57.19504547119140625 79.05144500732421875 64.30635833740234375 38.68990325927734375 148.80242919921875 257.284515380859375 28.807559967041015625 31.192440032958984375 20 20 20 20 20 20 38.559856414794921875 42.677936553955078125 59.390499114990234375 182.318756103515625 265.517181396484375
20 227.579193115234375 50.175189971923828125 20 40.478725433349609375 35.50399017333984375 62.605037689208984375 160.836517333984375 484.21295166015625 693.98419189453125 858.94842529296875 34.658603668212890625 20 20 20 36.367889404296875 367.320526123046875 20 21.409601211547851562 38.590396881103515625 76.95021820068359375 38.0386962890625 29882.982421875 34.8934326171875 47.889125823974609375 119.39611053466796875 50.295673370361328125 36.27274322509765625 20 148.5614013671875 107.75615692138671875 90.9989471435546875 220.8350830078125 181.1147613525390625 50.5461273193359375 63.368885040283203125 28.521465301513671875 33.626880645751953125 40 20 20 20 20 87.13204193115234375 144.2534027099609375 63.1984405517578125 68.78086090087890625
27.637317657470703125 286.61175537109375 59.4003143310546875 24.104990005493164062 20 44.974735260009765625 62.4693450927734375 79.6790924072265625 119.39715576171875 266.6077880859375 20 933.7469482421875 38.8250274658203125 20 20 31.30829620361328125 444.13897705078125 20 20 20 41.382167816162109375 33.162082672119140625 25.974773406982421875 30022.232421875 20 20 230.3275299072265625 20 20 117.1307525634765625 250.2353057861328125 262.480072021484375 90.4105987548828125 185.2618865966796875 65.60126495361328125 67.03411865234375 50.545772552490234375 49.613616943359375 63.8083953857421875 51.133331298828125 44.171024322509765625 20 20 54.418243408203125 45.581756591796875 42.02362823486328125 56.86367034912109375
49.311168670654296875 339.010528564453125 49.09638214111328125 31.997308731079101562 25.9075775146484375 34.0924224853515625 63.130886077880859375 102.36484527587890625 229.6035614013671875 366.75897216796875 20 21.03505706787109375 990.17547607421875 42.39654541015625 20 28.69170379638671875 551.30828857421875 60 37.774333953857421875 20 26.985250473022460938 66.83791351318359375 95.91172027587890625 30069.091796875 20 20 299.849578857421875 20 20 112.8460235595703125 336.85760498046875 301.099517822265625 188.585906982421875 96.27513885498046875 94.10254669189453125 68.32598876953125 88.39151763916015625 83.69944000244140625 52.728485107421875 83.58541107177734375 102.488861083984375 42.152496337890625 20 31.248311996459960938 28.751688003540039062 22.871784210205078125 37.128215789794921875
356.780426025390625 75.88904571533203125 55.556949615478515625 57.473400115966796875 29.63660430908203125 20 22.751308441162109375 20 40.96280670166015625 636.3328857421875 29.308826446533203125 39.71921539306640625 1011.49127197265625 20 74.5207977294921875 625.24755859375 33.321697235107421875 20 20 20 33.014751434326171875 20 32.380458831787109375 30233.419921875 20 20 325.96453857421875 31.165445327758789062 46.98114776611328125 103.651336669921875 316.18524169921875 402.79632568359375 250.2431640625 137.096710205078125 91.81549072265625 92.76860809326171875 75.82977294921875 103.41999053955078125 140.1479644775390625 113.90998077392578125 69.7271270751953125 47.061626434326171875 28.085041046142578125 20 20 20 20
51.759838104248046875 86.9872283935546875 72.62162017822265625 73.88669586181640625 33.300624847412109375 36.83731842041015625 45.913990020751953125 20 30.723527908325195312 700.24237060546875 34.546039581298828125 51.811443328857421875 422.35516357421875 661.68072509765625 828.00238037109375 446.030792236328125 26.678302764892578125 20 20 20 20 30.207410812377929688 48.753154754638671875 30331.1015625 22.3180999755859375 37.6819000244140625 82.7107391357421875 301.841796875 64.47541046142578125 138.734527587890625 205.3300628662109375 476.648345947265625 418.539459228515625 165.85504150390625 88.92752838134765625 95.39608001708984375 96.34588623046875 177.6657867431640625 184.3863677978515625 82.7093963623046875 35.964298248291015625 24.16728973388671875 31.914958953857421875 20 34.769664764404296875 27.56183624267578125 40
