gis/20m/LAI_decid.asc
ncols        511
nrows        572
xllcorner    726766.000000000000
yllcorner    7127230.000000000000
cellsize     20.000000000000
NODATA_value -9999
[rows 525 to 549 of 572, columns 392 to 447 of 511]
0 0 0 0 0 0 0 0 0.4903132319450378418 0.25745144486427307129 0.24509200453758239746 0.30720484256744384766 0.34720200300216674805 0.23352561891078948975 0.26763388514518737793 0.49719741940498352051 0.73075324296951293945 0.57110172510147094727 0.19550606608390808105 0.33394414186477661133 0.21134066581726074219 0 0 0 0 0.076900176703929901123 0.3218898773193359375 0.51476907730102539062 0.21685269474983215332 0.061488188803195953369 0.028895266354084014893 0.024260202422738075256 0.05871424451470375061 0.062216762453317642212 0.065698906779289245605 0.06675634533166885376 0.093964472413063049316 0.13034954667091369629 0.27214887738227844238 0.27673560380935668945 0.48499506711959838867 0.58399641513824462891 0.32844015955924987793 0.36022028326988220215 0.31306937336921691895 0.30808940529823303223 0.29099544882774353027 0.26985892653465270996 0.22598659992218017578 0.2204748690128326416 0.63632810115814208984 0.96998190879821777344 0.689052581787109375 0.11510741710662841797 0.0048465901054441928864 0
0.026276258751749992371 0 0 0 0.015882888808846473694 0.040646102279424667358 0.17442041635513305664 0.32825610041618347168 0.19126866757869720459 0.1872193068265914917 0.23355723917484283447 0.26419502496719360352 0.20481669902801513672 0.029677037149667739868 0.14554034173488616943 0.11104787886142730713 0.030474504455924034119 0.023816579952836036682 0.0081531638279557228088 0.01392642781138420105 0.008813511580228805542 0.051736213266849517822 0.12822124361991882324 0.012187858112156391144 0.11342366039752960205 0.23145532608032226562 0.39087793231010437012 0.39790683984756469727 0.40238168835639953613 0.40914162993431091309 0.24084855616092681885 0.001011719927191734314 0.0024485522881150245667 0.050596520304679870605 0.05715006217360496521 0.059568069875240325928 0.060047935694456100464 0.056380666792392730713 0.015450661070644855499 0.011540667153894901276 0.091170273721218109131 0.20486405491828918457 0.2110780179500579834 0.50943303108215332031 0.19072318077087402344 0.14050185680389404297 0.1021014675498008728 0.091206781566143035889 0.73639905452728271484 0.94395780563354492188 0.77113628387451171875 0.50987112522125244141 0.48622930049896240234 0.77478963136672973633 0.25741782784461975098 0.12400108575820922852
0.019162189215421676636 0 0 0 0.0006767867598682641983 0.0017319736070930957794 0.055986031889915466309 0.13882264494895935059 0.16546130180358886719 0.1773192286491394043 0.11317064613103866577 0.010711725801229476929 0.0081104775890707969666 0.00084959418745711445808 0.0057260417379438877106 0.0038483464159071445465 0.011864742264151573181 0.029762893915176391602 0.074944362044334411621 0.0079106017947196960449 0 0.065304428339004516602 0.16184823215007781982 0.18608418107032775879 0.022580044344067573547 0.16371685266494750977 0.23973724246025085449 0.016040485352277755737 0.10533432662487030029 0.40691116452217102051 0.27696707844734191895 0.029802698642015457153 0 0.0020454118493944406509 0.0023184774909168481827 0.00241963239386677742 0.0023917311336845159531 0.0021708083804696798325 0.00017475955246482044458 0 0.0030230241827666759491 0.067482523620128631592 0.14979669451713562012 0.10520032048225402832 0.1114937514066696167 0.1686744987964630127 0.18056324124336242676 0.095157183706760406494 0.037473548203706741333 0.58337819576263427734 0.57462418079376220703 0.51803553104400634766 0.53029388189315795898 0.41342651844024658203 0.14081726968288421631 0.1159695163369178772
0.020376909524202346802 0 0 0.13677620887756347656 0.070891655981540679932 0.047642674297094345093 0.044324211776256561279 0.070219859480857849121 0.08897762000560760498 0.095511995255947113037 0.05830540880560874939 0.00195249984972178936 0.004958195611834526062 0.00051938422257080674171 0 0 0.0066739176400005817413 0.016741627827286720276 0.075807519257068634033 0.0081484569236636161804 0 0.067360237240791320801 0.16694328188896179199 0.11188725382089614868 0.20240598917007446289 0.28532922267913818359 0.23158296942710876465 0 0.049822743982076644897 0.23811009526252746582 0.1741393357515335083 0.060270059853792190552 0.064473435282707214355 0.0055030672810971736908 0 0 0 0 0 0 0 0.033632330596446990967 0.07952966541051864624 0.23002681136131286621 0.30732890963554382324 0.31761977076530456543 0.25606924295425415039 0.16465541720390319824 0.033002711832523345947 0.50108039379119873047 0.51411527395248413086 0.57296502590179443359 0.68964231014251708984 0.46222659945487976074 0.23475329577922821045 0.16699528694152832031
0.015410301275551319122 0.010534847155213356018 0.013006996363401412964 0.16149103641510009766 0.12442038208246231079 0.16180890798568725586 0.1418571770191192627 0 0 0 0 0.0022840565070509910583 0.0058001531288027763367 0.00060758151812478899956 0 0 0.0096074081957340240479 0.024100335314869880676 0.041773378849029541016 0.0767308846116065979 0.048009574413299560547 0.037277847528457641602 0.092388130724430084229 0.074142567813396453857 0.23189426958560943604 0.25655263662338256836 0.1587428748607635498 0 0 0.022188644856214523315 0.028179932385683059692 0.0508938618004322052 0.075421757996082305908 0.0064375502988696098328 0 0 0 0 0 0 0.010713337920606136322 0.014653875492513179779 0 0.21372690796852111816 0.29113343358039855957 0.31283640861511230469 0.29700630903244018555 0.24551737308502197266 0.20173946022987365723 0.45158109068870544434 0.47541096806526184082 0.48977488279342651367 0.50028699636459350586 0.29222077131271362305 0.40712371468544006348 0.31000480055809020996
0.0074684685096144676208 0.022835422307252883911 0.028194073587656021118 0.0032268678769469261169 0.089935190975666046143 0.22993114590644836426 0.26435181498527526855 0 0 0 0 0 0 0 0 0 0.020825097337365150452 0.052240084856748580933 0.0052189417183399200439 0.1569436192512512207 0.10406595468521118164 0 0 0.14167653024196624756 0.014729500748217105865 0.052239898592233657837 0.075872235000133514404 0 0 0 0 0 0 0 0 0 0 0 0 0 0.02322231978178024292 0.031763862818479537964 0 0 0 0.10554721206426620483 0.24655476212501525879 0.24553591012954711914 0.36287334561347961426 0.48354068398475646973 0.50121361017227172852 0.31913492083549499512 0.064272485673427581787 0.004239116329699754715 0.47244110703468322754 0.40639424324035644531
0.00027901315479539334774 0.00085310440044850111008 0.0010532973101362586021 0.03275005146861076355 0.0075413091108202934265 0.0085899559780955314636 0.0098758712410926818848 0 0 0.10707543045282363892 0.072937130928039550781 0 0 0 0 0 0.00077800103463232517242 0.0019516278989613056183 0.04024669155478477478 0.010265464894473552704 0.034369420260190963745 0.045171584933996200562 0 0.0052928677760064601898 0.00055027671623975038528 0.0019516209140419960022 0.0028344970196485519409 0 0 0 0 0 0 0 0 0 0 0 0 0 0.0008675584103912115097 0.0011866603745147585869 0 0 0 0.0039431191980838775635 0.0092109944671392440796 0.0091729313135147094727 0.44753274321556091309 0.40416637063026428223 0.42718797922134399414 0.4770247042179107666 0.49267366528511047363 0.12920893728733062744 0.84328782558441162109 0.58519673347473144531
0 0 0 0.0012368583120405673981 0.28827834129333496094 0.19890987873077392578 0 0 0 0.031165782362222671509 0.021229358389973640442 0.012435327284038066864 0.031578380614519119263 0.0033079194836318492889 0.0062164906412363052368 0.0041779661551117897034 0 0 0.0084637152031064033508 0.00093027908587828278542 0.14281615614891052246 0.211643218994140625 0 0 0 0 0 0 0 0 0 0 0 0 0 0 0 0 0 0 0 0 0 0 0.028024921193718910217 0.017361350357532501221 0 0 0.040622182190418243408 0.016452301293611526489 0.1940555572509765625 0.50401848554611206055 0.60028076171875 0.16284136474132537842 0.46654084324836730957 0.52452802658081054688
0 0 0 0.20279999077320098877 0.40827581286430358887 0.26392039656639099121 0 0 0 0.037961248308420181274 0.036127526313066482544 0.027758492156863212585 0.030246548354625701904 0.026526687666773796082 0.015302779152989387512 0.015956677496433258057 0.011329208500683307648 0 0.0038579206448048353195 0.079253911972045898438 0.23393861949443817139 0.26921916007995605469 0 0.035966623574495315552 0.0037392950616776943207 0 0 0 0 0.0028078597970306873322 0.0018121012253686785698 0 0 0.0032489355653524398804 0.00029974273638799786568 0 0 0 0 0 0 0 0 0 0.015566592104732990265 0.0096434550359845161438 0 0 0.013426368124783039093 0.0010090798605233430862 0.11022895574569702148 0.43291911482810974121 0.6657841801643371582 0.13755211234092712402 0.44063892960548400879 0.52536511421203613281
0 0.022198708727955818176 0.057795122265815734863 0.23973999917507171631 0.2853578031063079834 0.17637835443019866943 0.025618880987167358398 0.065867997705936431885 0.0072192857041954994202 0.026329517364501953125 0.029739869758486747742 0.02396916411817073822 0.014606156386435031891 0.028381142765283584595 0.013621727935969829559 0.015675032511353492737 0.013023296371102333069 0 0 0.21203631162643432617 0.45727902650833129883 0.46930027008056640625 0 0.08202476799488067627 0.0085277631878852844238 0 0 0 0 0.0032277265563607215881 0.0020830696448683738708 0 0 0.0037347578909248113632 0.00034456409048289060593 0 0 0 0 0 0 0 0 0 0 0.012425292283296585083 0.016661187633872032166 0 0 0 0.012690853327512741089 0.31155639886856079102 0.6816456913948059082 0.2986710965633392334 0.38249284029006958008 0.49323502182960510254
0 0.047669239342212677002 0.12410855293273925781 0.014204470440745353699 0 0 0.055013678967952728271 0.14144414663314819336 0.015502607449889183044 0 0 0 0 0 0 0 0 0 0 0.26073324680328369141 0.59871602058410644531 0.63104838132858276367 0 0.087355665862560272217 0.0090819932520389556885 0 0 0 0 0 0 0 0 0 0 0 -9999 -9999 0 0 0 0 0 0 0 0.026681924238801002502 0.035778034478425979614 0 0 0 0 0.2672799229621887207 0.61786007881164550781 0.51838690042495727539 0.33042603731155395508 0.45188087224960327148
0.0078679053112864494324 0.20333214104175567627 0.49645185470581054688 0.056819904595613479614 0 0 0.001816263888031244278 0.0046697459183633327484 0.00051181501476094126701 0.052433602511882781982 0.04500215873122215271 0.014329770579934120178 0 0 0.055902641266584396362 0.037570931017398834229 0 0 0 0.27069517970085144043 0.19355084002017974854 0.020833916962146759033 0 0.0028840270824730396271 0.00029983991407789289951 0 0 0 0 0 0 0 0 -9999 -9999 -9999 -9999 -9999 -9999 0 0 0 0 0 0 0.00088089762721210718155 0.0011812036391347646713 0 0 0 0 0.083881936967372894287 0.193906441330909729 0.80957019329071044922 0.66865038871765136719 0.58187705278396606445
0.13970099389553070068 0.19474560022354125977 0.016367578878998756409 0.0018733019242063164711 0 0.058865550905466079712 0.33006390929222106934 0.61024570465087890625 0.19186638295650482178 0.068427152931690216064 0.051477264612913131714 0.023538868874311447144 0 0 0.00185839866753667593 0.0012489886721596121788 0.060819201171398162842 0.15256592631340026855 0.015241795219480991364 0.38065361976623535156 0.25240325927734375 0.25428348779678344727 0.63020741939544677734 0.059903323650360107422 0 0 0 0 0 0 0 0 0 -9999 -9999 -9999 -9999 -9999 -9999 -9999 0 0 0 0 0 0 0 0 0 0 0 0.0024951812811195850372 0.0057680089958012104034 0.075561314821243286133 0.97509485483169555664 0.72348916530609130859
0.11940884590148925781 0.21889133751392364502 0.16038300096988677979 0.39581412076950073242 0.048370845615863800049 0.042955491691827774048 0.21167615056037902832 0.37028902769088745117 0.23975318670272827148 0.10185808688402175903 0.061027690768241882324 0.016870597377419471741 0.010719906538724899292 0.0011229388182982802391 0 0.0069709140807390213013 0.043899130076169967651 0.08367843925952911377 0.0083597274497151374817 0.41844451427459716797 0.27746158838272094727 0.20014120638370513916 0.49602302908897399902 0.4465421140193939209 0.041523221880197525024 0 0 0 0 0 0 0 0 -9999 -9999 -9999 -9999 -9999 -9999 -9999 -9999 0 0 0 0 0 0 0 0 0 0 0 0 0.026994422078132629395 0.5228214263916015625 0.53799861669540405273
0.083325847983360290527 0.15205475687980651855 0.18117339909076690674 0.50523138046264648438 0.062087625265121459961 0.032625444233417510986 0.06701981276273727417 0.040198031812906265259 0.1519571840763092041 0.13227550685405731201 0.15223586559295654297 0.11957655102014541626 0.01210952363908290863 0.018363809213042259216 0.028774917125701904297 0.025881616398692131042 0.016405526548624038696 0.011282470077276229858 0.0011271527037024497986 0.24224296212196350098 0.16062612831592559814 0.068538382649421691895 0.16986316442489624023 0.46731275320053100586 0.046905860304832458496 0 0 0 0 0 0 0 0 -9999 -9999 -9999 -9999 -9999 -9999 -9999 -9999 -9999 -9999 0.0014759434852749109268 0.040253713726997375488 0.032820671796798706055 0.010571223683655261993 0 0 0 0.024048019200563430786 0.031613688915967941284 0 0.045553267002105712891 0.1652873605489730835 0.42495825886726379395
0.074104219675064086914 0.045299749821424484253 0 0.12362726032733917236 0.015842704102396965027 0.043770175427198410034 0.068938024342060089111 0 0 0.12452333420515060425 0.24310179054737091064 0.24425861239433288574 0 0.036370974034070968628 0.061219833791255950928 0.038310781121253967285 0.0095689753070473670959 0.02400392480194568634 0.0023980643600225448608 0 0 0 0 0 0 0 0 0 0 0 0 0 0 -9999 -9999 -9999 -9999 -9999 -9999 -9999 -9999 -9999 -9999 0.0031401312444359064102 0.085641451179981231689 0.069827347993850708008 0.022490719333291053772 0 0 0 0.051163159310817718506 0.067259430885314941406 0 0.096916466951370239258 0.35165575146675109863 0.53996050357818603516
0.0021246213000267744064 0.0012987764785066246986 0 0.10801332443952560425 0.032281920313835144043 0.013985467143356800079 0.0019765028264373540878 0 0.28724327683448791504 0.58296799659729003906 0.37776958942413330078 0.0070030707865953445435 0 0.0010427819797769188881 0.0017552168574184179306 0.0010983977699652314186 0.0002743494114838540554 0.00068820983869954943657 0.047127038240432739258 0.15741673111915588379 0.53956246376037597656 0.6499919891357421875 0 0 0.93830657005310058594 0.80200076103210449219 0.29485717415809631348 0.052757237106561660767 0.0047588972374796867371 0 0 0 0 -9999 -9999 -9999 -9999 -9999 -9999 -9999 -9999 -9999 -9999 -9999 0.071678489446640014648 0.044885482639074325562 0.0006448251078836619854 0 0.039209991693496704102 0.0293913278728723526 0.017625844106078147888 0.0019283764995634555817 0 0.0027786649297922849655 0.010082223452627658844 0.25097960233688354492
0.0076896692626178264618 0.039737850427627563477 0.071274325251579284668 0.011147651821374893188 0.11038077622652053833 0.089855030179023742676 0.074537865817546844482 0.13529117405414581299 0.095080092549324035645 0.025371840223670005798 0.056241493672132492065 0.070413991808891296387 0 0 0.042039405554533004761 0.077031552791595458984 0.081769995391368865967 0.02008932456374168396 0.0033539116848260164261 0.0045056669041514396667 0.027531670406460762024 0.036517996340990066528 0 0.028432609513401985168 0.029812732711434364319 0.022955300286412239075 0.0084395613521337509155 0.0015100460732355713844 0.00013621173275168985128 0 0 0 0 -9999 -9999 -9999 -9999 -9999 -9999 -9999 -9999 -9999 -9999 -9999 -9999 0.035749156028032302856 0.043857675045728683472 0.10253347456455230713 0.1797263026237487793 0.013718891888856887817 0.00046251044841483235359 0 0 0 -9999 -9999
0.014174446463584899902 0.037612363696098327637 0.038598962128162384033 0.015943378210067749023 0.060760907828807830811 0.052568923681974411011 0.054126802831888198853 0.092024512588977813721 0.049094427376985549927 0.0047591859474778175354 0.13369318842887878418 0.24978254735469818115 0.11037766933441162109 0.13122537732124328613 0.10839942842721939087 0.089945591986179351807 0.044282946735620498657 0.010879473760724067688 0.013834305107593536377 0.0014011164894327521324 0.0065463283099234104156 0.009701185859739780426 0 0.015397820621728897095 0.0016008451348170638084 0 0 -9999 0 0 0 0 -9999 -9999 -9999 -9999 -9999 -9999 -9999 -9999 -9999 -9999 -9999 -9999 -9999 -9999 -9999 -9999 -9999 -9999 -9999 0 -9999 -9999 -9999 -9999
0.033888451755046844482 0.040344506502151489258 0.0071046561934053897858 0.013607670553028583527 0.001639605499804019928 0.0045567285269498825073 0.015275366604328155518 0.020821878686547279358 0.0022821263410151004791 0 0.12098110467195510864 0.2349503636360168457 0.12252933531999588013 0.14567220211029052734 0.095060244202613830566 0.053538363426923751831 0 0 0.080727696418762207031 0.0088730873540043830872 0 0 0 0 0.047287993133068084717 0.030934650450944900513 -9999 -9999 -9999 0 0 -9999 -9999 -9999 -9999 -9999 -9999 -9999 -9999 -9999 -9999 -9999 -9999 -9999 -9999 -9999 -9999 -9999 -9999 -9999 -9999 -9999 -9999 -9999 -9999 -9999
0.048013895750045776367 0.047390766441822052002 0.014977031387388706207 0.001714151003398001194 0 0 0 0 0 0 0 0 0 0 0 0 0 0 0.14034800231456756592 0.015426181256771087646 0 0 0 0 0.09968586266040802002 0.06521205604076385498 -9999 -9999 -9999 -9999 -9999 -9999 -9999 -9999 -9999 -9999 -9999 -9999 -9999 -9999 -9999 -9999 -9999 -9999 -9999 -9999 -9999 -9999 -9999 -9999 -9999 -9999 -9999 -9999 -9999 -9999
0.015097263269126415253 0.029284358024597167969 0.015305807814002037048 0.0017517801607027649879 0.16646708548069000244 0.11492421478033065796 0 0 0 0 0 0 0 0 0 0 0.0061752717010676860809 0.015490766614675521851 0.0049617742188274860382 0.039606567472219467163 0.026013435795903205872 0 0 0 0.0024250252172350883484 0.0015863924054428935051 -9999 -9999 -9999 -9999 -9999 -9999 -9999 -9999 -9999 -9999 -9999 -9999 -9999 -9999 -9999 -9999 -9999 -9999 -9999 -9999 -9999 -9999 -9999 -9999 -9999 -9999 -9999 -9999 -9999 -9999
0.010760538280010223389 0.017436565831303596497 0.0003592338471207767725 4.1115024941973388195e-05 0.0040023252367973327637 0.021161941811442375183 0.043614923954010009766 0.037632115185260772705 0.0041245673783123493195 0 0.0087653649970889091492 0.1334215700626373291 0.30446186661720275879 0.10886391252279281616 0.0089229336008429527283 0 0.00014847046986687928438 0.00037244049599394202232 0.12035902589559555054 0.20462206006050109863 0.12691126763820648193 0.018266908824443817139 0.045272074639797210693 0.0043032621033489704132 0 -9999 -9999 -9999 -9999 -9999 -9999 -9999 -9999 -9999 -9999 -9999 -9999 -9999 -9999 -9999 -9999 -9999 -9999 -9999 -9999 -9999 -9999 -9999 -9999 -9999 -9999 -9999 -9999 -9999 -9999 -9999
0.005574563983827829361 0.0089616412296891212463 0 0 0 0.0098378183320164680481 0.023320792242884635925 0.020121797919273376465 0.0022053960710763931274 0 0.0077840834856033325195 0.1364027857780456543 0.31587785482406616211 0.07424510270357131958 0.004771070089191198349 0 0 0 0.064335778355598449707 0.10890655964612960815 0.067524723708629608154 -9999 -9999 -9999 -9999 -9999 -9999 -9999 -9999 -9999 -9999 -9999 -9999 -9999 -9999 -9999 -9999 -9999 -9999 -9999 -9999 -9999 -9999 -9999 -9999 -9999 -9999 -9999 -9999 -9999 -9999 -9999 -9999 -9999 -9999 -9999
0.003664211370050907135 0.0058905677869915962219 0 0.028341978788375854492 0.0036319950595498085022 0 0 0 0 0 0.003378834109753370285 0.17817741632461547852 0.43922418355941772461 0.10105449706315994263 0.0063811172731220722198 0 0 0 0 0 -9999 -9999 -9999 -9999 -9999 -9999 -9999 -9999 -9999 -9999 -9999 -9999 -9999 -9999 -9999 -9999 -9999 -9999 -9999 -9999 -9999 -9999 -9999 -9999 -9999 -9999 -9999 -9999 -9999 -9999 -9999 -9999 -9999 -9999 -9999 -9999
