gis/20m/LAI_spruce.asc
ncols        511
nrows        572
xllcorner    726766.000000000000
yllcorner    7127230.000000000000
cellsize     20.000000000000
NODATA_value -9999
[rows 357 to 377 of 572, columns 368 to 413 of 511]
0.74066615104675292969 1.1567324399948120117 1.9682672023773193359 1.3126732110977172852 0.83611631393432617188 0.35800260305404663086 0.59463864564895629883 0.90635991096496582031 0.92090690135955810547 1.0152231454849243164 1.2697062492370605469 1.4131448268890380859 0.94709807634353637695 1.3125531673431396484 1.3976932764053344727 1.2323737144470214844 0.89627909660339355469 0.5990880131721496582 0.86341369152069091797 0.95983213186264038086 1.1146042346954345703 1.2243704795837402344 1.2057976722717285156 0.88916617631912231445 0.83262079954147338867 0.98035722970962524414 1.2544029951095581055 1.9356137514114379883 2.8855602741241455078 2.993419647216796875 2.5954144001007080078 1.9762461185455322266 2.1776261329650878906 2.2823970317840576172 1.7439442873001098633 0.54352730512619018555 0 0 0 0 0 0 0.061434507369995117188 0.054384749382734298706 0.031583923846483230591 0
0.84646201133728027344 1.2803699970245361328 1.8791013956069946289 1.1361533403396606445 0.63759988546371459961 0.14345575869083404541 0.39335876703262329102 1.0284272432327270508 1.1052737236022949219 1.1890757083892822266 1.3006492853164672852 1.2365319728851318359 0.91751885414123535156 1.3160946369171142578 1.3684284687042236328 1.0957647562026977539 0.67695134878158569336 0.50356626510620117188 0.77420449256896972656 0.81662547588348388672 0.88089120388031005859 0.98353528976440429688 0.84253507852554321289 0.88002675771713256836 0.92749464511871337891 1.0882230997085571289 1.2430102825164794922 1.7666312456130981445 2.596851348876953125 2.7413990497589111328 2.5673232078552246094 2.1775152683258056641 2.2865674495697021484 2.2817142009735107422 1.8785226345062255859 0.76307028532028198242 0 0 0 0 0 0 0.34329468011856079102 0.22048839926719665527 0.12118130922317504883 0
1.0124909877777099609 1.3655363321304321289 1.7495502233505249023 0.82709789276123046875 0.42622619867324829102 0 0 0.65930551290512084961 1.4555985927581787109 1.5056936740875244141 1.227016448974609375 0.91618561744689941406 0.89187562465667724609 1.3064619302749633789 1.2932611703872680664 0.90706181526184082031 0.47089928388595581055 0.50261670351028442383 0.60755914449691772461 0.58117836713790893555 0.56507742404937744141 0.64765810966491699219 0.48208773136138916016 1.2191613912582397461 1.4413503408432006836 1.6230951547622680664 1.6040474176406860352 1.666463017463684082 1.9325784444808959961 2.1604857444763183594 2.4095468521118164062 2.3178691864013671875 2.1938288211822509766 1.9072090387344360352 1.7889360189437866211 1.0046311616897583008 0 0 0 0 0 0 0.63916724920272827148 0.38277742266654968262 0.20722806453704833984 0
0.77544623613357543945 0.75690633058547973633 1.6828902959823608398 1.2474982738494873047 0.73434752225875854492 0 0 0 1.5223907232284545898 1.3974207639694213867 0.8633314967155456543 0.99926590919494628906 1.0073872804641723633 0.83051741123199462891 0.92053115367889404297 0.85341572761535644531 0.41557925939559936523 0.63654375076293945312 0.54095894098281860352 0.53426569700241088867 0.548763275146484375 0.54253602027893066406 0.54072135686874389648 1.1824374198913574219 1.4179681539535522461 1.7103899717330932617 1.793639063835144043 2.4959096908569335938 2.0468769073486328125 2.1491298675537109375 2.2911467552185058594 2.0895934104919433594 2.4059004783630371094 1.2590656280517578125 1.3205450773239135742 0.99353867769241333008 0 0 0 0 0 0 0 0 0 0
0.82210487127304077148 0.98655486106872558594 1.6006772518157958984 0.41824641823768615723 0.13589575886726379395 0 0 0 0.56678849458694458008 0.62608009576797485352 0.89500570297241210938 1.4343680143356323242 1.6516920328140258789 1.4690990447998046875 1.4899737834930419922 1.1040689945220947266 0.3122794032096862793 0.67438298463821411133 1.3888530731201171875 1.0932787656784057617 0.50154972076416015625 0.57879990339279174805 1.074435114860534668 1.7931221723556518555 1.7727392911911010742 1.9287525415420532227 2.4573290348052978516 2.5136747360229492188 1.8552439212799072266 2.0652000904083251953 2.3333458900451660156 2.0230746269226074219 0.62457871437072753906 1.8958768844604492188 2.0863287448883056641 1.2783696651458740234 0 0 0 0.13564802706241607666 0.23729267716407775879 0.080689907073974609375 0.0080611640587449073792 0 0 0
0.72353917360305786133 0.95374691486358642578 1.5118284225463867188 0.39524853229522705078 0.12887252867221832275 0 0 0.4686749875545501709 0.43165802955627441406 0.55469697713851928711 0.96481806039810180664 1.2558740377426147461 1.0200529098510742188 0.86835753917694091797 0.90760695934295654297 1.1057418584823608398 1.2787041664123535156 1.3750233650207519531 1.3504920005798339844 1.5015963315963745117 1.6813416481018066406 1.5546097755432128906 1.8172546625137329102 1.6373133659362792969 1.4933600425720214844 1.4763247966766357422 1.7459976673126220703 2.1113612651824951172 1.5816668272018432617 2.0218987464904785156 2.4338939189910888672 1.8070843219757080078 0.198060646653175354 1.9620405435562133789 1.9306631088256835938 1.1694455146789550781 0.6412436366081237793 0.067171983420848846436 0 0.4856598973274230957 0.78022873401641845703 0.11493062227964401245 0.01409307774156332016 0.00028700279654003679752 0 0
0.69455575942993164062 0.83054119348526000977 1.5279229879379272461 0.54152667522430419922 0.23289676010608673096 0 0 0.44773066043853759766 0.31589689850807189941 0.51681292057037353516 1.1448197364807128906 1.538967132568359375 1.0052917003631591797 0.80305010080337524414 0.90402388572692871094 1.1530345678329467773 1.2352999448776245117 1.4232525825500488281 1.5213881731033325195 1.5981853008270263672 1.7096132040023803711 1.7124168872833251953 1.7878353595733642578 1.432361602783203125 1.2680333852767944336 1.2145682573318481445 1.4263920783996582031 1.6097581386566162109 1.4839216470718383789 1.9002430438995361328 2.048839569091796875 1.2030581235885620117 0.13185796141624450684 1.8447039127349853516 1.7617542743682861328 0.9909827113151550293 0.53675985336303710938 0.056227024644613265991 0 0.60833716392517089844 1.0038602352142333984 0.21055413782596588135 0.032503973692655563354 0.0012605993542820215225 0 0
1.012057185173034668 0.85943955183029174805 1.5142227411270141602 0.5874646306037902832 0.26888427138328552246 0 0 0.11919363588094711304 0.083491884171962738037 0.32685440778732299805 1.1860966682434082031 1.916477203369140625 1.5423657894134521484 1.1094050407409667969 1.2976086139678955078 1.3428303003311157227 0.73528343439102172852 1.255341649055480957 1.7243893146514892578 1.4615753889083862305 1.0670230388641357422 1.2776640653610229492 1.1637239456176757812 0.9440663456916809082 0.87124454975128173828 0.87188839912414550781 0.99017059803009033203 0.98663020133972167969 1.3738341331481933594 1.4868104457855224609 0.96959418058395385742 0 0 1.4701925516128540039 1.5565589666366577148 0.96769052743911743164 0.28201219439506530762 0.2654768824577331543 0.18389593064785003662 0.76913684606552124023 1.3390507698059082031 0.84051412343978881836 0.10393530130386352539 0.0021944739855825901031 0 0
1.7130724191665649414 1.4018793106079101562 1.3373216390609741211 0.18275792896747589111 0 0 0 0 0.20505958795547485352 0.20261466503143310547 0.5085551142692565918 1.1294902563095092773 1.9512447118759155273 1.2904666662216186523 1.4162077903747558594 1.4738677740097045898 0.89553308486938476562 1.3940960168838500977 1.1296974420547485352 1.0158716440200805664 0.79964405298233032227 0.62529999017715454102 0.60921424627304077148 0.536296844482421875 0.68558561801910400391 0.82239210605621337891 0.63180565834045410156 1.5431590080261230469 1.349270939826965332 1.1366863250732421875 0.52811956405639648438 0 0 1.1270797252655029297 1.5529360771179199219 1.5609686374664306641 0.88687443733215332031 0.83487397432327270508 0.57831752300262451172 0.88027542829513549805 1.5350555181503295898 1.7666015625 0.17648880183696746826 0 0 0
2.0620419979095458984 1.3547600507736206055 1.1116571426391601562 0.14771701395511627197 0 0 0 0 0.037056814879179000854 0.19504532217979431152 0.56900310516357421875 0.76183140277862548828 1.3620857000350952148 1.5235832929611206055 1.4286576509475708008 1.0349427461624145508 0.67308831214904785156 1.0957980155944824219 1.5551178455352783203 1.4224451780319213867 0.95747238397598266602 0.70427048206329345703 0.69064491987228393555 0.78400850296020507812 1.0698075294494628906 1.5945552587509155273 1.7310962677001953125 2.1110472679138183594 1.6155337095260620117 1.3690184354782104492 0.98897159099578857422 0.83006346225738525391 0.090976886451244354248 0.20367731153964996338 1.2728251218795776367 2.5997841358184814453 2.1576151847839355469 2.4423878192901611328 1.7037347555160522461 1.5166033506393432617 1.3475189208984375 1.3157649040222167969 0.71443128585815429688 0.16073288023471832275 0.099754847586154937744 0.052852861583232879639
1.6298104524612426758 1.3319544792175292969 0.34218072891235351562 0.025175938382744789124 0 0 0 0 0 0.034777391701936721802 0.67822211980819702148 1.6743183135986328125 0.75273203849792480469 2.1646134853363037109 2.001300811767578125 1.1836627721786499023 0.91272896528244018555 0.92040020227432250977 1.446349024772644043 1.3671700954437255859 1.0542566776275634766 0.95345419645309448242 0.56738519668579101562 0.79143196344375610352 1.4802576303482055664 1.6943478584289550781 0.35493388772010803223 0.40218570828437805176 2.0276484489440917969 1.9155035018920898438 1.2047573328018188477 0.87980490922927856445 0.096428662538528442383 0 0.73808759450912475586 1.8205112218856811523 1.7305746078491210938 1.6542644500732421875 1.7436014413833618164 1.8783690929412841797 1.8453323841094970703 1.5135719776153564453 2.0828616619110107422 1.1806358098983764648 0.64990162849426269531 0.11335239559412002563
1.0301275253295898438 0.90193808078765869141 0.12509907782077789307 0 0 0 0 0 0 0 0.47446799278259277344 1.2839277982711791992 0.43942892551422119141 1.556506037712097168 1.4427584409713745117 1.0533367395401000977 1.2329106330871582031 0.95721226930618286133 1.3112870454788208008 1.3372558355331420898 1.2151261568069458008 1.0939495563507080078 0.94359356164932250977 0.99707680940628051758 1.5747818946838378906 1.6598020792007446289 0.33015212416648864746 0.2292941659688949585 1.5657197237014770508 1.6946519613265991211 1.4609264135360717773 1.2023050785064697266 0.40081617236137390137 0.032824143767356872559 0.43045154213905334473 1.0852494239807128906 1.0690208673477172852 0.95246332883834838867 1.7494665384292602539 1.9203877449035644531 1.8429131507873535156 1.5499980449676513672 2.2829778194427490234 1.2799229621887207031 0.70547848939895629883 0.11729443818330764771
0 0 0 0 0 0 0 0 0 0 0 0 0 0 0 0.45037737488746643066 1.2029509544372558594 1.1775314807891845703 1.0461362600326538086 1.165734410285949707 1.3810775279998779297 1.3635066747665405273 1.8154391050338745117 1.4795509576797485352 1.4915381669998168945 1.3749687671661376953 1.0194878578186035156 0.80900299549102783203 0.59282791614532470703 0.98389726877212524414 1.6706405878067016602 1.7203989028930664062 1.2367142438888549805 0.12787941098213195801 0 0 0 0 1.2593117952346801758 1.6485421657562255859 1.8964825868606567383 1.7143701314926147461 2.0277695655822753906 1.2013001441955566406 0.84967350959777832031 0.46278485655784606934
0 0 0 0 0 0 0 0 0 0 0 0 0 0 0 0 0 1.3707152605056762695 0.89089781045913696289 0.79681932926177978516 1.076374053955078125 1.5322735309600830078 1.8414578437805175781 1.5353553295135498047 1.2139902114868164062 0.86080610752105712891 1.0036082267761230469 1.0102308988571166992 0.94124072790145874023 0.95161747932434082031 1.0857826471328735352 1.2486896514892578125 1.6290874481201171875 0.1820583343505859375 0 0 0 0 0 1.1059947013854980469 2.54453277587890625 2.1875586509704589844 1.8193192481994628906 1.5533746480941772461 1.4201421737670898438 1.2191877365112304688
0 0 0 0 0 0 0 0.16630727052688598633 0.4066517949104309082 0.50998401641845703125 0.39760184288024902344 0 0 0.031586773693561553955 0.13098596036434173584 0.18141831457614898682 0 0.24175082147121429443 0.93261969089508056641 1.1800283193588256836 1.5502638816833496094 1.7388397455215454102 0.49998074769973754883 1.0513978004455566406 1.0482740402221679688 0.61479890346527099609 0.17700475454330444336 0.17817278206348419189 0.16600508987903594971 0.77399289608001708984 1.8647056818008422852 2.067569732666015625 1.3524910211563110352 1.7379633188247680664 1.0902897119522094727 0 0 0 0 0.19506248831748962402 0.44877511262893676758 0.38581615686416625977 1.9173300266265869141 1.9824705123901367188 1.9070563316345214844 1.7914202213287353516
0 0 0.28121864795684814453 0.5265719294548034668 0.35537806153297424316 0 0 0.035436779260635375977 0.086649432778358459473 0.10866748541593551636 0.084721073508262634277 0 0 0.0067305155098438262939 0.027910510078072547913 0.038656644523143768311 0 0.11421240866184234619 1.0440051555633544922 1.3741953372955322266 1.4208365678787231445 0.9541721343994140625 0.11383430659770965576 0.16633245348930358887 0.17774392664432525635 0.098651841282844543457 0 0 0 0.31715062260627746582 1.0420442819595336914 1.3948891162872314453 1.2785563468933105469 2.3460304737091064453 1.5045071840286254883 0 0 0 0.17505013942718505859 0.11764733493328094482 0 0 1.8219423294067382812 1.3977925777435302734 1.3193489313125610352 0.91222393512725830078
0 0 0.33888024091720581055 0.44799786806106567383 0.29059365391731262207 0 0 0.21834461390972137451 0.033497437834739685059 0 0 0 0 0 0 0 0 0.42032665014266967773 0.99071168899536132812 1.1029320955276489258 1.0823283195495605469 0.9397570490837097168 0.11211456358432769775 0 0 0 0 0 0 0.23554663360118865967 0.82538026571273803711 1.1682806015014648438 1.1420198678970336914 1.9871194362640380859 1.4100475311279296875 0.39909273386001586914 0.46192708611488342285 0.58939898014068603516 0.58801978826522827148 0.51754015684127807617 0.24875007569789886475 0 1.2116463184356689453 1.3131603002548217773 1.3019751310348510742 0.91624236106872558594
0 0 0.48058995604515075684 0.076851092278957366943 0 0 0 0.45124551653861999512 0.069228038191795349121 0 0 0 0 0 0 0 0 0.67566537857055664062 0.5624325871467590332 0.33142355084419250488 0.32558608055114746094 0.85851466655731201172 0.1024222150444984436 0 0 0 0 0 0.092788130044937133789 0.3993295133113861084 0.92082917690277099609 1.0098581314086914062 1.1334851980209350586 1.3972535133361816406 1.510907292366027832 1.6728496551513671875 1.7237894535064697266 1.7449946403503417969 1.1010949611663818359 0.95809352397918701172 0.7960465550422668457 0.70730870962142944336 0.070662267506122589111 1.4110190868377685547 1.6642006635665893555 1.6738973855972290039
0 0 0.78205025196075439453 0.12505759298801422119 0 0 0 0 0 0 0 0 0 0 0 0 0 0 0 0 0 0 0 0 0 0 0 0 0.28404027223587036133 0.7047481536865234375 1.1433818340301513672 0.87995123863220214844 1.6849045753479003906 1.9618555307388305664 2.2857890129089355469 2.5960497856140136719 2.3544690608978271484 1.6129409074783325195 0.55613732337951660156 0.2673167884349822998 0.86313682794570922852 2.1651923656463623047 0.21630923449993133545 1.3594615459442138672 1.8566823005676269531 2.3089597225189208984
0.34843266010284423828 0.13757137954235076904 0.15361286699771881104 0.55397200584411621094 0.60254055261611938477 0.36616230010986328125 0 0 0 0 0 0 0 0 0 0 0 0.1311944127082824707 0.018451483920216560364 0 0 0 0 0 0 0 0 0 0.04886183515191078186 0.28101217746734619141 1.0457694530487060547 1.6874063014984130859 1.5149766206741333008 1.4037024974822998047 1.7607128620147705078 2.1531293392181396484 1.8816236257553100586 1.4741445779800415039 0.97182106971740722656 0.8506539463996887207 1.1986253261566162109 1.8801012039184570312 2.4152004718780517578 1.7025821208953857422 1.5630269050598144531 1.4057099819183349609
0.8655459284782409668 0.49908992648124694824 0.55795556306838989258 0.24603374302387237549 0.18398474156856536865 0.10498212277889251709 0 0 0 0 0 0 0.0026006225962191820145 0.00038227412733249366283 0 0 0 0.027119936421513557434 0.0038142101839184761047 0 0 0 0 0 0 0 0 0 0 0.24799999594688415527 1.0693025588989257812 1.7449933290481567383 1.2640182971954345703 1.1218628883361816406 1.3660309314727783203 1.8630237579345703125 2.0230629444122314453 1.5285944938659667969 1.193402409553527832 1.1518094539642333984 1.3551746606826782227 1.6836086511611938477 2.5710070133209228516 2.5466761589050292969 2.4698183536529541016 2.4552485942840576172
