gis/20m/LAI_decid.asc
ncols        511
nrows        572
xllcorner    726766.000000000000
yllcorner    7127230.000000000000
cellsize     20.000000000000
NODATA_value -9999
[rows 250 to 274 of 572, columns 112 to 167 of 511]
0 0 0 0 0 0 0 0 0 0 0 0 0 0 0 0 0 0 0 0 0 0 0 0 0.3490517735481262207 0.52655827999114990234 0.35139772295951843262 0.19805757701396942139 0.20504580438137054443 0.19378051161766052246 0.17019566893577575684 0.067473471164703369141 0 0 0.36911121010780334473 0.5850009918212890625 0.64289122819900512695 0.57369482517242431641 0.83503431081771850586 0.91266018152236938477 0.81316733360290527344 0.3800290524959564209 0 0.042989294975996017456 0.098236992955207824707 0.10536149144172668457 0.07948373258113861084 0.2345825880765914917 0.14944161474704742432 0.095448039472103118896 0.075964078307151794434 0 0 0 0 0
0 0 0 0 0 0 0 0 0 0 0 0 0 0 0 0 0 0 0 0 0 0.010063438676297664642 0.076289743185043334961 0.37759894132614135742 0.29980573058128356934 0.14776569604873657227 0.109084300696849823 0.13216011226177215576 0.17793601751327514648 0.37652242183685302734 0.41041725873947143555 0.02472978644073009491 0.040922272950410842896 0.036409478634595870972 0.25044554471969604492 0.39724832773208618164 0.54272258281707763672 0.46229696273803710938 0.76307415962219238281 0.6115055084228515625 0.39363342523574829102 0.10664585977792739868 0 0.01206389348953962326 0.027567809447646141052 0.029567126184701919556 0.022305164486169815063 0.065829865634441375732 0.070035114884376525879 0.04137290269136428833 0.021317461505532264709 0 0 0 0 0
0 0 0 0 0 0 0 0 0 0 0 0 0 0 0 0 0 0 0 0 0 0.015764243900775909424 0.11950687319040298462 0.42315161228179931641 0.58298778533935546875 0.55044895410537719727 0.39997208118438720703 0.38832035660743713379 0.2801450192928314209 0.3936024010181427002 0.48136159777641296387 0.35826823115348815918 0.01591421663761138916 0.025087539106607437134 0.063162885606288909912 0.090643033385276794434 0.15494239330291748047 0.21306148171424865723 0.30909961462020874023 0.17598783969879150391 0.064336962997913360596 0 0 0 0 0 0 0 0.010926993563771247864 0.0056730117648839950562 0 0 0 0 0 0
0 0 0 0 0.013645436614751815796 0.019607244059443473816 0 0 0 0 0 0 0 0 0 0 0 0 0 0 0 0.022856023162603378296 0.17326882481575012207 0.44453796744346618652 0.74726444482803344727 0.78424000740051269531 0.47483271360397338867 0.41040161252021789551 0.26046162843704223633 0.29001078009605407715 0.39188119769096374512 0.53155779838562011719 0 0.015871290117502212524 0.0087854648008942604065 0.029978131875395774841 0.21013645827770233154 0.23395335674285888672 0.16992342472076416016 0.047445774078369140625 0 0 0 0.021757349371910095215 0.011541416868567466736 0.0049687265418469905853 0.027017449960112571716 0 0.017703901976346969604 0.00919140595942735672 0.0030795361381024122238 0.016144234687089920044 0 0 0 0
0 0 0 0 0.047892808914184570312 0.06881758570671081543 0 0 0 0 0 0 0 0 0 0 0 0 0 0.020992413163185119629 0.045277837663888931274 0.1528796851634979248 0.33995035290718078613 0.55915594100952148438 0.73997157812118530273 0.69054061174392700195 0.16651493310928344727 0.093307442963123321533 0.033757202327251434326 0 0.10798989981412887573 0.66349828243255615234 0.030983129516243934631 0.025307944044470787048 0.0078874444589018821716 0.1290035247802734375 0.82966935634613037109 0.49739739298820495605 0.21794739365577697754 0.05812582746148109436 0.04572537541389465332 0 0 0.08397725224494934082 0.049617208540439605713 0.023991892114281654358 0.096383959054946899414 0.0099770454689860343933 0.065553225576877593994 0.032260034233331680298 0.010808568447828292847 0.056663099676370620728 0 0 0 0
0 0 0 0 0 0 0 0 0 0 0 0 0 0 0 0 0 0 0 0.094383850693702697754 0.20357340574264526367 0.5288066864013671875 0.32646444439888000488 0.2116696089506149292 0.13930809497833251953 0.11744684725999832153 0.0079843336716294288635 0.058381900191307067871 0.021121677011251449585 0 0.10606038570404052734 0.66706079244613647461 0.13930305838584899902 0.049722138792276382446 0 0.10694481432437896729 0.653759002685546875 0.17990908026695251465 0.063343353569507598877 0.15700541436672210693 0.20558556914329528809 0 0 0.034229751676321029663 0.04095534980297088623 0.029461270198225975037 0.0070049418136477470398 0.044857732951641082764 0.01535866130143404007 0 0 0 0 0 0 0
0.06600780785083770752 0 0 0 0 0 0 0 0 0.0052498774603009223938 0.0074434885755181312561 0 0 0.14596472680568695068 0.087851248681545257568 0 0 0 0 0.026076512411236763 0.05624356493353843689 0.14609950780868530273 0.090196087956428527832 0.058480396866798400879 0.038488246500492095947 0.032448392361402511597 0.002205923665314912796 0.016129838302731513977 0.064028449356555938721 0.19411766529083251953 0.29933372139930725098 0.50948464870452880859 0.038486856967210769653 0.026732524856925010681 0.36767238378524780273 0.56888437271118164062 0.53878968954086303711 0.049705550074577331543 0.017500596120953559875 0.043377693742513656616 0.056799490004777908325 0 0 0.009457047097384929657 0.011315205134451389313 0.029591733589768409729 0.12350610643625259399 0.043930526822805404663 0.030314797535538673401 0.025934994220733642578 0.027183232828974723816 0.022118495777249336243 0 0 0 0
0.025119418278336524963 0 0 0 0 0 0 0 0 0.0019978526979684829712 0.002832636004313826561 0 0 0.055547203868627548218 0.03343198820948600769 0 0 0 0 0 0.007702189963310956955 0.055846344679594039917 0.036264494061470031738 0.013295807875692844391 0 0 0.030507985502481460571 0.22307613492012023926 0.21067194640636444092 0.16139511764049530029 0.28321784734725952148 1.0071581602096557617 0 0.0049453591927886009216 0.71942603588104248047 1.0111708641052246094 0.35354459285736083984 0 0 0.052113059908151626587 0.071059241890907287598 0.015927886590361595154 0 0.015905838459730148315 0.0084374211728572845459 0.0081636561080813407898 0.04626402631402015686 0.012001538649201393127 0.0562991313636302948 0.033947650343179702759 0.027641223743557929993 0.099093273282051086426 0 0 0 0
0 0 0 0 0 0 0 0 0 0 0.0057109477929770946503 0.041347261518239974976 0 0 0 0 0 0 0.027548685669898986816 0.035501245409250259399 0.037371698766946792603 0.077964350581169128418 0.049249213188886642456 0.018056452274322509766 0 0.0075556407682597637177 0.082728199660778045654 0.25369846820831298828 0.20697425305843353271 0.093505017459392547607 0.23365186154842376709 1.1931804418563842773 0 0 0.79739522933959960938 1.1036964654922485352 0.26814624667167663574 0 0.008549559861421585083 0.088475823402404785156 0.11378584802150726318 0.023495234549045562744 0.0060140723362565040588 0.026384454220533370972 0.012888153083622455597 0.0013919175835326313972 0.0075685516931116580963 0 0.069251090288162231445 0.070881932973861694336 0.06708797067403793335 0.12118973582983016968 0.018793977797031402588 0.0063436510972678661346 0 0
0 0 0 0 0 0 0.007572638336569070816 0.064523883163928985596 0.024595428258180618286 0 0.019549014046788215637 0.14153486490249633789 0 0 0 0 0 0 0.094301275908946990967 0.17674431204795837402 0.1759961247444152832 0.062646314501762390137 0.035963572561740875244 0.013185480609536170959 0.032021835446357727051 0.073497064411640167236 0.19709233939647674561 0.052633728832006454468 0.019042076542973518372 0.023792527616024017334 0.1936314702033996582 0.990947723388671875 0.030831206589937210083 0.028355795890092849731 0.87563866376876831055 1.2184252738952636719 0.40793180465698242188 0.0067652389407157897949 0.031647741794586181641 0.12567238509654998779 0.149456024169921875 0.035096544772386550903 0.020586632192134857178 0.059769850224256515503 0.02791360020637512207 0.0056049670092761516571 0.030477007851004600525 0 0.067447721958160400391 0.15897642076015472412 0.17200006544589996338 0.083236977458000183105 0.064333230257034301758 0.021714804694056510925 0 0
0 0 0 0 0 0 0.033395044505596160889 0.28454786539077758789 0.10846489667892456055 0 0 0 0 0 0 0 0 0 0 0.24352166056632995605 0.33620247244834899902 0 0 0 0.14121507108211517334 0.2100620269775390625 0.11234780400991439819 0 0 0.10492413491010665894 0.23707555234432220459 0.6052405238151550293 0.13596443831920623779 0.12504796683788299561 1.1702654361724853516 1.7096393108367919922 1.2546780109405517578 0.029834443703293800354 0.010504270903766155243 0.0590571574866771698 0.087422899901866912842 0.056973516941070556641 0 0.12181166559457778931 0.064616292715072631836 0.0037058063317090272903 0.020150322467088699341 0 0 0.019386904314160346985 0.024726156145334243774 0 0 0 0 0
0 0 0 0 0 0 0.009081363677978515625 0.077379219233989715576 0.02949566766619682312 0.19661246240139007568 0.28199544548988342285 0.023387813940644264221 0 0 0 0 0.016867155209183692932 0.13274838030338287354 0.049313899129629135132 0.066222660243511199951 0.091426044702529907227 0 0 0.11645974218845367432 0.10563799738883972168 0.057123731821775436401 0.030551575124263763428 0 0.022989857941865921021 0.071394756436347961426 0.12340018153190612793 0.30411493778228759766 0.21290190517902374268 0.31556156277656555176 0.81457436084747314453 1.0524060726165771484 0.87582993507385253906 0.068708367645740509033 0.042395379394292831421 0.047316957265138626099 0.062628194689750671387 0.076707214117050170898 0 0.061780162155628204346 0.032771941274404525757 0.0010077474871650338173 0.0054796272888779640198 0 0 0.0052720252424478530884 0.0067239673808217048645 0 0 0.019242476671934127808 0.0097761927172541618347 0
0 0 0 0 0 0 0 0 0.12083237618207931519 0.23712188005447387695 0.23214060068130493164 0.0087076341733336448669 0 0 0 0 0.0062798960134387016296 0.049424219876527786255 0.018360305577516555786 0 0 0.057550292462110519409 0.43628197908401489258 0.20331567525863647461 0.025033095851540565491 0 0 0 0.0085594691336154937744 0.1910076439380645752 0.2616520226001739502 0.087936930358409881592 0.13154776394367218018 0.3874123692512512207 0.32816678285598754883 0.21873177587985992432 0.19905300438404083252 0.022560529410839080811 0.014720918610692024231 0.036940310150384902954 0.047598108649253845215 0.025621032342314720154 0.018704362213611602783 0.017163511365652084351 0.0056593199260532855988 0 0.0072008501738309860229 0.046112276613712310791 0.015788199380040168762 0 0 0.017291745170950889587 0.10739632695913314819 0.043414428830146789551 0.045228984206914901733 0.05235126987099647522
0 0 0 0 0 0 0 0 0.15730895102024078369 0.19672191143035888672 0.14277863502502441406 0.0065015698783099651337 0 0 0 0.00083134259330108761787 0.0057554487138986587524 0 0 0.0061106132343411445618 0.0084362234920263290405 0.065968252718448638916 0.50009757280349731445 0.18335294723510742188 0.052500668913125991821 0.071526139974594116211 0 0 0 0.25378695130348205566 0.35823243856430053711 0.12892919778823852539 0.17663884162902832031 0.42925930023193359375 0.20986977219581604004 0.0094944285228848457336 0 0 0 0.054265256971120834351 0.076774992048740386963 0.035274177789688110352 0.019752163439989089966 0.0068586557172238826752 0 0 0.0091966968029737472534 0.058893136680126190186 0.020164186134934425354 0 0 0.018260413780808448792 0.11341256648302078247 0.038280867040157318115 0.043918948620557785034 0.055283937603235244751
0 0 0 0 0 0 0 0 0.099212370812892913818 0.078879073262214660645 0.029580596834421157837 0.030201520770788192749 0 0 0 0.005440158303827047348 0.037662636488676071167 0 0 0.020407142117619514465 0.028173804283142089844 0.024272479116916656494 0.18400681018829345703 0.067463211715221405029 0.27039203047752380371 0.38880965113639831543 0.13794022798538208008 0.058891944587230682373 0.039822813123464584351 0.26188457012176513672 0.37948793172836303711 0.30559682846069335938 0.3707046806812286377 0.44187054038047790527 0.195249214768409729 0.031707808375358581543 0 0 0.0071785603649914264679 0.10635685920715332031 0.15327139198780059814 0.10887719690799713135 0.0069780894555151462555 0.015350135043263435364 0.012954620644450187683 0.0078794574365019798279 0.0053182221017777919769 0.034056439995765686035 0.018443433567881584167 0.0035215488169342279434 0 0.0014819594798609614372 0.0092042181640863418579 0.003106758464127779007 0 0
0 0 0 0 0 0 0 0 0 0 0.0050733857788145542145 0.036731310188770294189 0 0 0 0.01152638997882604599 0.079798087477684020996 0 0 0 0 0.029970599338412284851 0.22720359265804290771 0.083300635218620300293 0.41132932901382446289 0.64879763126373291016 0.59687668085098266602 0.2548294365406036377 0.17231599986553192139 0.13708081841468811035 0.12339941412210464478 0.008410844951868057251 0.059394393116235733032 0.021199937909841537476 0 0 0 0 0.031062116846442222595 0.062166832387447357178 0.059360805898904800415 0.0045687370002269744873 0.030194666236639022827 0.066421076655387878418 0.056055523455142974854 0.034094944596290588379 0 0 0.029350427910685539246 0.015237979590892791748 0 0.0064125391654670238495 0.039827276021242141724 0.013443154282867908478 0 0
0 0 0 0 0 0.0020989503245800733566 0.015917040407657623291 0 0.68108785152435302734 0.41847404837608337402 0.011764500290155410767 0.096697896718978881836 0.094286710023880004883 0.047687333077192306519 0.0073452196083962917328 0.0030843860004097223282 0.027838328853249549866 0.051037561148405075073 0.018959637731313705444 0.056551303714513778687 0.078073911368846893311 0.0080199344083666801453 0.060798179358243942261 0.022290701046586036682 0.11006901413202285767 0.17361396551132202148 0.15972025692462921143 0.06819067150354385376 0.046110626310110092163 0.036681924015283584595 0.035913519561290740967 0.019905837252736091614 0.01589354686439037323 0.005672963801771402359 0.031622648239135742188 0.041957158595323562622 0.0088229039683938026428 0.060241151601076126099 0.029522044584155082703 0.016635432839393615723 0.015884559601545333862 0.0012225639075040817261 0.0080798929557204246521 0.017773840576410293579 0.015000087209045886993 0.0091235823929309844971 0 0 0.0078539801761507987976 0.0040775826200842857361 0 0.0017159531125798821449 0.010657516308128833771 0.0035972993355244398117 0 0
0 0 0 0 0 0.03529003635048866272 0.30266076326370239258 0.29860359430313110352 0.49304103851318359375 0.37129935622215270996 0.19987726211547851562 0.031635511666536331177 0.034336913377046585083 0.017366562038660049438 0.2528381049633026123 0.37131780385971069336 0.19676002860069274902 0.3867664039134979248 0.41586354374885559082 0.58670556545257568359 0.6065209507942199707 0.11963851004838943481 0 0 0 0 0 0 0 0 0.0010534331668168306351 0.0099866930395364761353 0.025119107216596603394 0.0089658889919519424438 0.011516195721924304962 0.015279772691428661346 0.003213085932657122612 0.021938355639576911926 0.0077241738326847553253 0.065468445420265197754 0.085725501179695129395 0.0044820429757237434387 0.029621709138154983521 0.010285714641213417053 0 0 0 0 0 0 0.0063337469473481178284 0.033204190433025360107 0 0 0 0
0 0 0 0 0 0.036039214581251144409 0.30987834930419921875 0.31169402599334716797 0.34066531062126159668 0.31747862696647644043 0.25885045528411865234 0.015752023085951805115 0.011393310502171516418 0.023029204457998275757 0.30530261993408203125 0.43361508846282958984 0.2029206007719039917 0.38432034850120544434 0.42688721418380737305 0.59092861413955688477 0.6034310460090637207 0.12488332390785217285 0 0 0 0.001556330360472202301 0.0098938141018152236938 0 0.011554838158190250397 0.008737237192690372467 0.0050156153738498687744 0.01623404771089553833 0.026220301166176795959 0.023084046319127082825 0.007597455289214849472 0 0 0 0 0.068338513374328613281 0.08948361128568649292 0.0046785310842096805573 0.030920291319489479065 0.010736628435552120209 0 0.0079915495589375495911 0.043454051017761230469 0 0 0.0013985034311190247536 0.013350923545658588409 0.06064051017165184021 0 0.01107787061482667923 0.0056281420402228832245 0.0010611298494040966034
0 0 0 0 0 0.0027959938161075115204 0.045339182019233703613 0.20565663278102874756 0.44377616047859191895 0.34445562958717346191 0.17654393613338470459 0.05133992806077003479 0.037133753299713134766 0.081901133060455322266 0.15960600972175598145 0.16790522634983062744 0.012483101338148117065 0 0 0.041692405939102172852 0.057559933513402938843 0 0 0 0 0.0050724842585623264313 0.032246507704257965088 0 0.049719948321580886841 0.035294886678457260132 0.016347190365195274353 0.043472159653902053833 0.018805220723152160645 0.051445912569761276245 0.024762077257037162781 0 0 0 0 0 0 0 0 0 0 0.026046531274914741516 0.14162801206111907959 0 0 0.0045580849982798099518 0.023089278489351272583 0.095358394086360931396 0.029755750671029090881 0.052856914699077606201 0.029896942898631095886 0.015481244772672653198
0 0 0 0 0 0.011875235475599765778 0.19256605207920074463 0.8734715580940246582 0.70930004119873046875 0.23123529553413391113 0 0 0 0.029063751921057701111 0.066410213708877563477 0.076097480952739715576 0.053018633276224136353 0 0 0.17707733809947967529 0.24447041749954223633 0 0 0 0 0 0 0 0.051220495253801345825 0.02895748429000377655 0 0.011310418136417865753 0.079870142042636871338 0.028508450835943222046 0 0 0 0 0 0 0 0 0 0 0 0 0 0 0 0 0.0047716032713651657104 0.045362986624240875244 0.12637959420680999756 0.07114651799201965332 0.049069847911596298218 0.051063399761915206909
0 0 0 0 0.068828240036964416504 0.10202603042125701904 0.12288255989551544189 0.84504455327987670898 0.62700879573822021484 0.23016045987606048584 0.060724332928657531738 0.0047849728725850582123 0.039153229445219039917 0.022385692223906517029 0.13052770495414733887 0.18369673192501068115 0.05456862226128578186 0.019616553559899330139 0.0072872354649007320404 0.046615496277809143066 0.069357350468635559082 0.034566741436719894409 0.01072046719491481781 0.0090616727247834205627 0.01811854727566242218 0.020648496225476264954 0 0 0.013483761809766292572 0.016702886670827865601 0.022031521424651145935 0.062937848269939422607 0.021025761961936950684 0.007504831068217754364 0.039157778024673461914 0.051954820752143859863 0 0 0 0.12643451988697052002 0.17898273468017578125 0.075798742473125457764 0 0 0.048096191138029098511 0.062153980135917663574 0 0 0 0 0.0012561214389279484749 0.019960502162575721741 0.083072394132614135742 0.096802070736885070801 0.097207888960838317871 0.098654061555862426758
0 0 0 0 0.14567537605762481689 0.20932218432426452637 0.048185944557189941406 0.41057610511779785156 0.45508620142936706543 0.26674368977546691895 0.11809086054563522339 0.0017040822422131896019 0.013943720608949661255 0.27377870678901672363 0.20187892019748687744 0.058286041021347045898 0.017104035243391990662 0.027771178632974624634 0.010316548869013786316 0 0.001780899357981979847 0.012310325168073177338 0.0038179021794348955154 0.0032271523959934711456 0.0064525958150625228882 0.0073535917326807975769 0 0 0 0.0032336248550564050674 0.0078461319208145141602 0.02135381847620010376 0 0 0.013945340178906917572 0.018502777442336082458 0 0 0 0.045027390122413635254 0.06374149024486541748 0.026994364336133003235 0 0 0.017128596082329750061 0.022135026752948760986 0 0 0 0 0 0.0063481172546744346619 0.039427161216735839844 0.086171276867389678955 0.073336176574230194092 0.052228868007659912109
0 0 0 0 0.12501667439937591553 0.17963753640651702881 0.023191699758172035217 0.19760861992835998535 0.30777236819267272949 0.21302051842212677002 0.099532768130302429199 0.0026460126973688602448 0.021651104092597961426 0.29438635706901550293 0.17227718234062194824 0 0.0027249658014625310898 0.021446105092763900757 0.0079668853431940078735 0 0 0 0 0 0 0.0013725479366257786751 0.0097406916320323944092 0.0074232635088264942169 0.0026856230106204748154 0 0 0 0 0 0 0 0 0 0 0 0 0 0 0.063304595649242401123 0.033580593764781951904 0 0 0 0 0 0 0.0036034574732184410095 0.022380510345101356506 0.11320556700229644775 0.071613103151321411133 0.022578168660402297974
0 0 0 0 0 0 0 0 0.024532353505492210388 0.015073169954121112823 0 0.012394580058753490448 0.10141914337873458862 0.067335970699787139893 0.024997623637318611145 0.01041196286678314209 0 0 0.013781138695776462555 0.0081240665167570114136 0 0.00063202838646247982979 0.0047913328744471073151 0.0017566671594977378845 0.022141342982649803162 0.034532237797975540161 0.030993109568953514099 0.023619474843144416809 0.0085451640188694000244 0.019019247964024543762 0.025570644065737724304 0 0 0 0 0 0 0 0.022857701405882835388 0.012386958114802837372 0.007378935348242521286 0.043790254741907119751 0.014109998941421508789 0.20632319152355194092 0.10684734582901000977 0 0 0 0 0 0 0 0 0.16858011484146118164 0.0856475830078125 0
