gis/20m/LAI_conif.asc
ncols        511
nrows        572
xllcorner    726766.000000000000
yllcorner    7127230.000000000000
cellsize     20.000000000000
NODATA_value -9999
[rows 252 to 272 of 572, columns 94 to 140 of 511]
1.1377335786819458008 1.4614670276641845703 2.0158143043518066406 2.2697718143463134766 2.5202541351318359375 2.4782607555389404297 2.4577639102935791016 2.3835670948028564453 2.3381590843200683594 2.2967374324798583984 2.3308613300323486328 2.3862817287445068359 2.2687468528747558594 2.1251018047332763672 1.5727179050445556641 0 0 0 0 0 0 0 0.26474457979202270508 0.55342614650726318359 1.3120108842849731445 0 0 0 0 0 0 0 0 0 0 0 0.22232355177402496338 0.13106110692024230957 0.16860437393188476562 1.6002025604248046875 3.6571550369262695312 3.4822559356689453125 3.1816129684448242188 3.0423493385314941406 2.8591437339782714844 2.6796789169311523438 3.0840640068054199219
1.0646725893020629883 1.4505637884140014648 2.1512229442596435547 2.4662771224975585938 2.6222891807556152344 2.52355194091796875 2.5072498321533203125 2.4134302139282226562 2.3614714145660400391 2.3943965435028076172 2.4327225685119628906 2.4462473392486572266 2.3553283214569091797 2.2588143348693847656 1.7807608842849731445 0 0 0 0.0001775357086444273591 0.00141256675124168396 0 0 0.20016467571258544922 0.50496488809585571289 1.6784671545028686523 0.25779858231544494629 0.098268523812294006348 0 0 0 0 0 0 0 0 0 0.24029180407524108887 0.2161359935998916626 0.36092534661293029785 2.2242326736450195312 3.8901476860046386719 3.5202879905700683594 3.0996112823486328125 2.9698455333709716797 2.8667864799499511719 2.6454608440399169922 3.1000511646270751953
0.79134809970855712891 1.2945219278335571289 2.3563463687896728516 2.863307952880859375 3.0156087875366210938 2.8025052547454833984 2.6532373428344726562 2.4993979930877685547 2.4667470455169677734 2.4994032382965087891 2.5267214775085449219 2.4770443439483642578 2.4315643310546875 2.3782093524932861328 1.7866240739822387695 0 0 0.1423854529857635498 0.21263252198696136475 0.042006213217973709106 0 0.070869199931621551514 1.1302151679992675781 1.9870784282684326172 3.4137072563171386719 1.5010100603103637695 0.57216000556945800781 0 0 0 0 0.00021192876738496124744 0.03839171677827835083 0.053534179925918579102 0 0 0 0.4240099787712097168 0.98969238996505737305 3.1511049270629882812 3.568145751953125 3.2389435768127441406 2.9388184547424316406 2.8921399116516113281 2.9893634319305419922 2.9410777091979980469 3.1803941726684570312
0.52067983150482177734 0.95590311288833618164 2.2185275554656982422 2.9415769577026367188 3.5441441535949707031 3.3411917686462402344 3.0049545764923095703 2.6873226165771484375 2.6193764209747314453 2.5681631565093994141 2.5901801586151123047 2.5499439239501953125 2.497768402099609375 2.4091079235076904297 1.6131775379180908203 0 0 0.64017832279205322266 0.95321416854858398438 0.16657298803329467773 0 0.31863456964492797852 1.9228730201721191406 2.9664664268493652344 4.0351533889770507812 2.680515289306640625 1.021767735481262207 0 0 0 0 0.00095285160932689905167 0.17261275649070739746 0.24069468677043914795 0 0 0 0.73102438449859619141 1.412799835205078125 3.0831601619720458984 3.0908741950988769531 3.2300460338592529297 3.175861358642578125 3.0714590549468994141 2.9140110015869140625 2.9938826560974121094 3.1288456916809082031
0.47364792227745056152 0.78652840852737426758 1.4969810247421264648 2.0323815345764160156 3.8503272533416748047 3.6339321136474609375 3.1201333999633789062 2.7477371692657470703 2.7193465232849121094 2.6323568820953369141 2.5710427761077880859 2.5687301158905029297 2.5729911327362060547 2.3551266193389892578 0.44569107890129089355 0 0.11678725481033325195 0.89352339506149291992 1.2030589580535888672 0.085202150046825408936 0 0.088032834231853485107 2.4346034526824951172 3.9074687957763671875 3.9017786979675292969 1.6812713146209716797 0.64087253808975219727 0.058476865291595458984 0.082910858094692230225 0 0 0.69101059436798095703 1.0700269937515258789 0.93270915746688842773 0.13143892586231231689 0.079029932618141174316 0.18760453164577484131 1.35802459716796875 2.1179709434509277344 2.7952585220336914062 2.4997677803039550781 2.6658754348754882812 2.7319550514221191406 2.72362518310546875 2.7966814041137695312 2.8959972858428955078 2.8940157890319824219
0.46171933412551879883 0.68657928705215454102 1.0453011989593505859 1.4301743507385253906 3.6985454559326171875 3.5500726699829101562 3.1013631820678710938 2.7963597774505615234 2.7834062576293945312 2.6995935440063476562 2.7019569873809814453 2.6624474525451660156 2.4019970893859863281 2.0235881805419921875 0.12163175642490386963 0 0.18287439644336700439 0.36133754253387451172 0.3576062619686126709 0.014910462312400341034 0 0 1.6730104684829711914 2.8849997520446777344 3.8468647003173828125 1.695629119873046875 1.4916491508483886719 1.4558491706848144531 1.3927736282348632812 0.55150240659713745117 0.66212218999862670898 1.3856267929077148438 1.2252767086029052734 0.76397049427032470703 0.050019375979900360107 0.03007501550018787384 0.071393325924873352051 1.5853435993194580078 2.4456505775451660156 2.3421437740325927734 2.3784489631652832031 2.5019900798797607422 2.6132059097290039062 2.6861147880554199219 2.9758551120758056641 2.7952132225036621094 2.8103322982788085938
0.35919436812400817871 0.54363071918487548828 0.8074715733528137207 1.1299399137496948242 3.2623157501220703125 3.2920866012573242188 3.0199887752532958984 2.8664460182189941406 2.8728802204132080078 2.7602448463439941406 2.7315645217895507812 2.6779525279998779297 2.1862955093383789062 1.7025620937347412109 0.12994471192359924316 0 0.14789183437824249268 0.094669617712497711182 0 0 0 0 1.0135250091552734375 1.8797678947448730469 3.4918813705444335938 2.3935141563415527344 2.2047991752624511719 1.9316507577896118164 1.7489970922470092773 1.0932450294494628906 0.88120692968368530273 1.2649157047271728516 0.89337599277496337891 0.46401712298393249512 0.0080379098653793334961 0.063260197639465332031 0.31271946430206298828 1.8305923938751220703 2.5900359153747558594 2.2924776077270507812 2.3953762054443359375 2.5161390304565429688 2.7126688957214355469 2.828319549560546875 3.0575354099273681641 2.7907321453094482422 2.8524756431579589844
0.020233714953064918518 0.085314251482486724854 0.1762860417366027832 0.35468903183937072754 1.7541195154190063477 2.0589747428894042969 2.6450672149658203125 3.11956024169921875 3.0830559730529785156 2.2520120143890380859 2.0513985157012939453 2.0246195793151855469 1.320105433464050293 0.77899032831192016602 0 0 0 0 0 0 0 0 0 0.19901901483535766602 1.9905759096145629883 4.1014056205749511719 3.050205230712890625 1.6799495220184326172 1.3938525915145874023 2.3135159015655517578 0.73184341192245483398 0.28243753314018249512 0.0042252475395798683167 0 0.068811602890491485596 0.54156309366226196289 1.6224231719970703125 2.6939082145690917969 2.8967535495758056641 2.522930145263671875 2.3256890773773193359 2.5530900955200195312 3.0837664604187011719 3.27750396728515625 3.0127787590026855469 2.7996871471405029297 2.9428949356079101562
0.089229904115200042725 0.036176625639200210571 0.020422481000423431396 0.086399957537651062012 0.51553267240524291992 0 2.03884124755859375 3.2771925926208496094 2.86920166015625 0 0 0 0 0 0 0 0 0 0 0 0 0 0 0.077483050525188446045 1.0016443729400634766 3.5281043052673339844 2.0240955352783203125 1.3691184520721435547 1.697513580322265625 2.5935595035552978516 0.60329931974411010742 0.25800085067749023438 0.018633179366588592529 0 0.18211916089057922363 1.4333194494247436523 2.434123992919921875 2.7184069156646728516 2.5151534080505371094 2.3647289276123046875 2.3536868095397949219 2.7424445152282714844 3.4121518135070800781 3.5706341266632080078 2.9004485607147216797 2.6009132862091064453 2.7852365970611572266
0.25787711143493652344 0.10455152392387390137 0.0055536376312375068665 0.023495383560657501221 0.14019264280796051025 0 0.55443727970123291016 1.5777163505554199219 1.8072580099105834961 0 0 0 0 0 0 0 0 0 0 0 0 0 0 0.021070543676614761353 0.49450203776359558105 2.8520109653472900391 2.6459138393402099609 2.4299805164337158203 2.3897268772125244141 2.2481853961944580078 0.4854475855827331543 0.19110918045043945312 0.055527441203594207764 0.082197979092597961426 0.33321329951286315918 1.9904000759124755859 2.581241607666015625 2.6567602157592773438 2.4396424293518066406 2.128810882568359375 2.5300748348236083984 2.9750728607177734375 3.5339684486389160156 3.6143946647644042969 2.970516204833984375 2.6527066230773925781 2.7822723388671875
0.086977317929267883301 0.26038724184036254883 0.38050782680511474609 0.34475022554397583008 0.019083309918642044067 0.19480091333389282227 0.27163091301918029785 0.51393377780914306641 0.5757490992546081543 0 0 0 0 0 0 0 0 0 0 0 0 0 0 0 0.082697652280330657959 0.70463871955871582031 2.5036432743072509766 3.4759168624877929688 3.2349479198455810547 1.8687489032745361328 0.26074707508087158203 0.098127901554107666016 0.018787158653140068054 0.12771347165107727051 1.0102591514587402344 2.4244928359985351562 2.5464644432067871094 2.4226665496826171875 2.2707641124725341797 2.1057562828063964844 2.6185636520385742188 3.188632965087890625 3.4885013103485107422 3.4157302379608154297 3.0266101360321044922 2.7961761951446533203 2.9840884208679199219
0.11095003783702850342 0.42008855938911437988 0.6535778045654296875 0.61689895391464233398 0.13917762041091918945 0.20571348071098327637 0.2868474125862121582 0.38423073291778564453 0.37894383072853088379 0.070840984582901000977 0 0 0 0 0 0 0 0 0 0.0047044502571225166321 0.041812829673290252686 0.01614113152027130127 0 0 0 0 2.2763681411743164062 3.4918382167816162109 3.1640219688415527344 1.4387673139572143555 0.14899322390556335449 0.056071165949106216431 0 0.15240812301635742188 1.3663685321807861328 2.449493408203125 2.518970489501953125 2.4158623218536376953 2.3268759250640869141 2.3683276176452636719 2.8213548660278320312 3.3293924331665039062 3.4552741050720214844 3.3233952522277832031 3.0712764263153076172 2.882572174072265625 3.0521318912506103516
0.52458363771438598633 1.0107246637344360352 1.3248790502548217773 1.2376180887222290039 0.48438876867294311523 0.019586885347962379456 0.074272267520427703857 0.41641512513160705566 0.60661798715591430664 0.43980947136878967285 0 0 0 0 0 0 0 0 0 0.015711087733507156372 0.13963906466960906982 0.053905285894870758057 0 0 0.0055664274841547012329 0.047429639846086502075 2.0301063060760498047 2.7203023433685302734 2.1668863296508789062 0.45417243242263793945 0.00136574555654078722 0.00051397603238001465797 0.20570544898509979248 0.52199262380599975586 1.9209876060485839844 2.3581259250640869141 2.6462426185607910156 2.7757353782653808594 2.8082880973815917969 3.2135770320892333984 3.4100470542907714844 3.5656981468200683594 3.4080507755279541016 3.2494518756866455078 3.1299405097961425781 3.0096333026885986328 3.0130290985107421875
0.66659498214721679688 1.7383261919021606445 2.0947973728179931641 1.7015793323516845703 0.37597551941871643066 0.084753781557083129883 0.32138112187385559082 0.19162020087242126465 0.099821321666240692139 0.87937825918197631836 0 0 0 0 0 0 0 0 0 0 0 0 0 0 0.024086307734251022339 0.20523126423358917236 2.1896634101867675781 2.6637654304504394531 2.0651378631591796875 0.92539620399475097656 0.0059096734039485454559 0.0022240090183913707733 0.89010137319564819336 1.5382081270217895508 2.3721992969512939453 2.7109858989715576172 3.0043587684631347656 3.1756460666656494141 3.2038965225219726562 3.374149322509765625 3.2063918113708496094 3.3101222515106201172 3.2442531585693359375 3.1411418914794921875 2.9520442485809326172 2.9847826957702636719 2.9654431343078613281
0.50046640634536743164 1.4915877580642700195 2.180530548095703125 2.0926952362060546875 1.0875985622406005859 0.12545837461948394775 0.12717081606388092041 0.051276300102472305298 0.069500878453254699707 0.61226963996887207031 0 0 0 0 0 0 0 0 0 0 0 0.18726269900798797607 0.16626638174057006836 0.11922988295555114746 0.59389954805374145508 1.8891503810882568359 2.39104461669921875 2.2585616111755371094 1.9382345676422119141 1.4822118282318115234 0.77836495637893676758 0.64032411575317382812 1.6059577465057373047 2.2979335784912109375 2.7508180141448974609 2.9271702766418457031 3.1685881614685058594 3.2682969570159912109 3.2261524200439453125 3.1044874191284179688 3.0396151542663574219 3.0974133014678955078 3.1909930706024169922 3.2295629978179931641 3.2899165153503417969 3.5137257575988769531 3.4390106201171875
0.41552340984344482422 0.75334870815277099609 1.2639096975326538086 1.4298249483108520508 1.0943895578384399414 0.096045255661010742188 0.038473997265100479126 0 0.079742915928363800049 0.70249712467193603516 0 0 0 0 0 0 0 0 0 0 0 0.51187372207641601562 0.47146767377853393555 0.40381377935409545898 1.8044278621673583984 3.2497272491455078125 3.5249996185302734375 2.7413606643676757812 2.1195812225341796875 1.8342430591583251953 1.7124581336975097656 2.1301021575927734375 2.9362161159515380859 3.2978453636169433594 3.4921312332153320312 3.4625372886657714844 3.5671977996826171875 3.4695963859558105469 3.3705091476440429688 3.3652524948120117188 3.5590341091156005859 3.7454557418823242188 3.9135007858276367188 3.937160491943359375 3.8618206977844238281 3.8283102512359619141 3.5354375839233398438
0.31130000948905944824 0.39618957042694091797 0.70349919795989990234 0.87007832527160644531 0.76717132329940795898 0.061185363680124282837 0.024509754031896591187 0 0.066972784698009490967 0.58999836444854736328 0 0 0 0 0 0 0 0 0 0 0 0.5152587890625 0.50142318010330200195 0.49681374430656433105 2.2520642280578613281 3.6388220787048339844 3.9107763767242431641 3.053745269775390625 2.3815388679504394531 2.0750679969787597656 2.1481165885925292969 2.8481900691986083984 3.5244426727294921875 3.6870746612548828125 3.7448916435241699219 3.6608304977416992188 3.8058793544769287109 3.7355484962463378906 3.6587572097778320312 3.7888607978820800781 3.9870100021362304688 4.1894202232360839844 4.2353463172912597656 4.1542515754699707031 3.8575077056884765625 3.5923838615417480469 3.2693538665771484375
0 0 0 0 0 0 0 0 0 0.014540597796440124512 0.14142788946628570557 0.05596758425235748291 0 0 0 0 0 0 0 0 0 0.16990940272808074951 0.23658032715320587158 0.43982201814651489258 2.38581085205078125 3.9812016487121582031 3.9090685844421386719 3.4577550888061523438 3.1707742214202880859 2.8841087818145751953 2.7709321975708007812 3.5451059341430664062 3.96219635009765625 3.8941047191619873047 3.6153759956359863281 3.5102016925811767578 3.9228899478912353516 4.2427759170532226562 4.3553795814514160156 4.7698473930358886719 4.5321326255798339844 4.4591460227966308594 3.9431853294372558594 3.5947279930114746094 3.0418186187744140625 2.5801711082458496094 2.4047176837921142578
0 0 0 0 0 0 0 0 0 0.061757300049066543579 0.60067713260650634766 0.23770734667778015137 0 0 0 0 0 0 0 0 0 0 0.0013240942498669028282 0.19828546047210693359 1.9402444362640380859 3.842884063720703125 3.9027736186981201172 3.8910961151123046875 3.8356299400329589844 3.5322508811950683594 2.6896505355834960938 3.042781829833984375 3.2699747085571289062 3.2262079715728759766 2.8405961990356445312 2.6789762973785400391 3.0788934230804443359 3.7172942161560058594 4.0883417129516601562 4.8516902923583984375 4.0043439865112304688 3.4280695915222167969 2.4439282417297363281 2.0802462100982666016 2.1671810150146484375 2.2606744766235351562 2.1211538314819335938
0.14310176670551300049 0.36146360635757446289 0.4134171605110168457 0.34453552961349487305 0.32347285747528076172 0.39019173383712768555 0.67051285505294799805 0.5972499847412109375 0.44762700796127319336 0.60639721155166625977 0.15812785923480987549 0.22673276066780090332 0.10724185407161712646 0 0 0 0 0 0 0.027199657633900642395 0.24174867570400238037 0.11413059383630752563 0.64852952957153320312 1.1354146003723144531 2.1025614738464355469 3.5520384311676025391 3.5449624061584472656 3.1002993583679199219 2.7900805473327636719 2.4413015842437744141 2.0243139266967773438 2.5352137088775634766 2.895130157470703125 2.9098050594329833984 2.7857744693756103516 2.7121934890747070312 3.1889843940734863281 4.0954651832580566406 4.3653955459594726562 3.5571877956390380859 2.5080008506774902344 2.2157008647918701172 1.9438192844390869141 1.9205112457275390625 2.1652910709381103516 2.2689280509948730469 2.2669310569763183594
1.2613949775695800781 1.0422228574752807617 0.87879014015197753906 0.85075581073760986328 0.69662725925445556641 0.86670845746994018555 1.0396398305892944336 0.98702317476272583008 0.8098176121711730957 0.21016766130924224854 0 0.49879157543182373047 0.32585579156875610352 0 0 0 0 0 0 0.0096866702660918235779 0.086094461381435394287 0.40226322412490844727 1.3554797172546386719 1.8786569833755493164 2.4611365795135498047 3.9431290626525878906 4.09256744384765625 3.4875390529632568359 2.9498734474182128906 2.1757464408874511719 2.3438982963562011719 2.4812440872192382812 2.7852718830108642578 2.8924822807312011719 2.734283447265625 2.8704822063446044922 3.5189778804779052734 3.9538540840148925781 3.7826933860778808594 2.3917987346649169922 2.040477752685546875 1.9583768844604492188 1.9399087429046630859 2.0082077980041503906 2.3241593837738037109 2.2476611137390136719 2.0745027065277099609
