gis/20m/LAI_pine.asc
ncols        511
nrows        572
xllcorner    726766.000000000000
yllcorner    7127230.000000000000
cellsize     20.000000000000
NODATA_value -9999
[rows 300 to 319 of 572, columns 92 to 137 of 511]
0.73406440019607543945 0 0 0 0 0 0.099429212510585784912 1.0149655342102050781 1.0515782833099365234 1.0631730556488037109 1.0569473505020141602 1.0862500667572021484 1.1616841554641723633 1.0571829080581665039 1.2024000883102416992 1.2752699851989746094 0.80099010467529296875 1.4837810993194580078 1.361544489860534668 1.4537916183471679688 1.6042335033416748047 1.9058411121368408203 1.6867314577102661133 2.0541348457336425781 1.996216893196105957 1.7614493370056152344 1.4491318464279174805 2.174747467041015625 1.8480434417724609375 1.0548442602157592773 0.60784196853637695312 0 0 1.1827034950256347656 1.8496901988983154297 1.8295762538909912109 1.645138859748840332 0 0 1.0706777572631835938 1.8210874795913696289 2.3928759098052978516 0.90522187948226928711 0.56220847368240356445 0.44969147443771362305 0.77421987056732177734
1.7403622865676879883 0 0 0 0 0 0.095784328877925872803 0.97775882482528686523 1.0440560579299926758 1.1323182582855224609 1.1585067510604858398 1.1533964872360229492 1.3449563980102539062 1.473070979118347168 1.4231575727462768555 1.3234728574752807617 1.2369949817657470703 1.381071925163269043 1.2921034097671508789 1.6227343082427978516 1.8821214437484741211 1.9802442789077758789 2.0260999202728271484 1.7426893711090087891 2.0570044517517089844 2.3472342491149902344 2.1789262294769287109 1.9506490230560302734 2.42425537109375 2.1462960243225097656 1.6868627071380615234 0.952800750732421875 1.4042046070098876953 0.80896902084350585938 1.7089921236038208008 2.5025351047515869141 2.5586216449737548828 1.1893441677093505859 1.1811143159866333008 1.7042473554611206055 1.8852916955947875977 0.97780239582061767578 0.67217558622360229492 0.97933351993560791016 0.7368399500846862793 0.64210963249206542969
2.2160007953643798828 0 0 0 0 0 0.045067846775054931641 0.46004900336265563965 0.92521387338638305664 1.2082631587982177734 1.1941123008728027344 1.2458524703979492188 1.3617104291915893555 1.4037346839904785156 1.3136637210845947266 1.2344075441360473633 1.2368712425231933594 1.4347518682479858398 1.6238073110580444336 2.0009241104125976562 2.1214890480041503906 1.7952898740768432617 1.9186888933181762695 1.9893519878387451172 2.2020425796508789062 2.2907662391662597656 2.1823780536651611328 2.3171894550323486328 1.7936266660690307617 0.94756788015365600586 0.74452787637710571289 1.6891603469848632812 2.3239362239837646484 2.1637258529663085938 2.0400698184967041016 2.0824368000030517578 2.4524719715118408203 2.2052962779998779297 1.8686307668685913086 2.1035938262939453125 2.1836819648742675781 1.0580949783325195312 1.3088769912719726562 1.6114104986190795898 1.5877708196640014648 1.4451557397842407227
2.3689744472503662109 0 0 0 0 0 0.027760999277234077454 0.28338208794593811035 0.8547821044921875 1.1811696290969848633 1.1513535976409912109 1.2242882251739501953 1.313996434211730957 1.3667516708374023438 1.2515203952789306641 1.1580919027328491211 1.2336045503616333008 1.5635122060775756836 1.7060390710830688477 1.9614703655242919922 2.0195431709289550781 1.6625515222549438477 1.7820851802825927734 2.0184278488159179688 2.1618807315826416016 2.1460337638854980469 2.0822896957397460938 2.3236112594604492188 1.6715312004089355469 0.60920608043670654297 0.3369007408618927002 1.4291514158248901367 2.3516166210174560547 2.5857424736022949219 2.2632510662078857422 2.0345025062561035156 2.3662226200103759766 2.2670705318450927734 2.166370391845703125 2.1722614765167236328 2.0805351734161376953 1.267377018928527832 1.6040397882461547852 1.775112152099609375 1.7266192436218261719 1.6191753149032592773
2.3263335227966308594 0 0 0 0 0 0.02562217414379119873 0.26154914498329162598 0.75727760791778564453 1.0855706930160522461 1.0871487855911254883 1.1345546245574951172 1.2733846902847290039 1.4724196195602416992 1.4124424457550048828 1.3038259744644165039 1.4823225736618041992 1.8846410512924194336 1.6655335426330566406 1.5785051584243774414 1.5947947502136230469 1.4732084274291992188 1.6420576572418212891 1.7760934829711914062 1.9605274200439453125 2.0227017402648925781 2.0160005092620849609 1.996625065803527832 2.0077419281005859375 1.1410568952560424805 0.54144066572189331055 0.25041621923446655273 1.4783649444580078125 1.8554329872131347656 1.9754934310913085938 1.9638367891311645508 2.2926087379455566406 2.0312368869781494141 2.6703786849975585938 2.1393151283264160156 1.5796927213668823242 1.4675650596618652344 1.8079941272735595703 1.7471141815185546875 1.4809348583221435547 1.4314608573913574219
1.4226102828979492188 0 0 0 0 0 0.034757148474454879761 0.35479822754859924316 0.75136733055114746094 1.1581517457962036133 1.2469110488891601562 1.2215883731842041016 1.4313519001007080078 1.5766489505767822266 1.9105947017669677734 2.0441801548004150391 1.8725439310073852539 1.9880928993225097656 1.7612003087997436523 1.5950499773025512695 1.5652940273284912109 1.4738577604293823242 1.7970157861709594727 1.6983629465103149414 2.0110979080200195312 2.225170135498046875 2.0699243545532226562 2.0784153938293457031 1.9519946575164794922 1.5558382272720336914 1.1997838020324707031 0.030105562880635261536 0 0.092735357582569122314 0.35980266332626342773 0.64418226480484008789 1.8251512050628662109 2.4383258819580078125 2.5407006740570068359 2.0019774436950683594 1.6466381549835205078 1.6505424976348876953 1.791235804557800293 1.6066517829895019531 1.5442287921905517578 1.5809243917465209961
1.9520267248153686523 1.1299769878387451172 0 0 0 0 0.033441498875617980957 0.34136816859245300293 0.83688676357269287109 1.0296049118041992188 0.96465402841567993164 1.2221977710723876953 1.3774132728576660156 1.4807797670364379883 1.6543980836868286133 1.7236073017120361328 1.7308104038238525391 1.7821305990219116211 1.7175773382186889648 1.5534162521362304688 1.4689006805419921875 1.4820729494094848633 1.9675869941711425781 2.0712077617645263672 2.0686924457550048828 2.0227954387664794922 1.9990552663803100586 2.0217635631561279297 1.9536110162734985352 1.5379498004913330078 1.1510103940963745117 0.007009809836745262146 0 0.021592592820525169373 0.083776816725730895996 0.19627305865287780762 1.0154880285263061523 2.6935772895812988281 1.883838653564453125 1.8473402261734008789 2.0450618267059326172 1.6517155170440673828 1.7928156852722167969 1.7757277488708496094 1.7430205345153808594 1.6935253143310546875
1.5797446966171264648 1.4800788164138793945 0.53678929805755615234 0.51805156469345092773 0.5159937739372253418 0.5285142064094543457 0.63049262762069702148 1.1202683448791503906 1.1118378639221191406 1.1512786149978637695 1.1768702268600463867 1.1632776260375976562 1.3840173482894897461 1.4207918643951416016 1.4968743324279785156 1.5349187850952148438 1.5928609371185302734 1.7866094112396240234 1.7412122488021850586 1.7200676202774047852 1.7075505256652832031 1.6245603561401367188 2.0771150588989257812 2.1730723381042480469 1.91497802734375 1.7351977825164794922 1.8624570369720458984 1.6997054815292358398 1.7525355815887451172 0.96768534183502197266 0.40972003340721130371 0 0 0 0 0.050316739827394485474 0.7405713200569152832 3.0868978500366210938 2.1864092350006103516 1.7871177196502685547 1.8368471860885620117 1.6585103273391723633 1.730569005012512207 1.9038817882537841797 1.7721728086471557617 1.641709446907043457
1.3507121801376342773 1.3806161880493164062 0.79373115301132202148 0.75761514902114868164 0.70353370904922485352 0.69775599241256713867 0.88000333309173583984 1.3385635614395141602 1.2083784341812133789 1.2211077213287353516 1.2821305990219116211 1.2533712387084960938 1.414623260498046875 1.3882803916931152344 1.4422382116317749023 1.4933754205703735352 1.556544184684753418 1.7545553445816040039 1.7413132190704345703 1.8124738931655883789 1.8567395210266113281 1.8377791643142700195 2.1057021617889404297 2.1285927295684814453 1.8553209304809570312 1.6986275911331176758 1.8495643138885498047 1.6465805768966674805 1.6514840126037597656 0.72713106870651245117 0.13904236257076263428 0 0 0 0 0.037391539663076400757 0.62357187271118164062 2.870330810546875 2.4032435417175292969 2.0950870513916015625 2.0488922595977783203 1.8454437255859375 1.6994020938873291016 1.8642137050628662109 1.7662692070007324219 1.6797401905059814453
1.0799753665924072266 1.1148811578750610352 1.0632925033569335938 0.98900562524795532227 0.91185474395751953125 0.91481155157089233398 1.1297844648361206055 1.3131909370422363281 1.2971566915512084961 1.3173910379409790039 1.3568903207778930664 1.5166426897048950195 1.456235051155090332 1.3073798418045043945 1.3642427921295166016 1.4667123556137084961 1.4983794689178466797 1.636128544807434082 1.6987984180450439453 1.8888535499572753906 2.0142252445220947266 2.2319815158843994141 2.0893683433532714844 2.0354466438293457031 1.8620396852493286133 1.8001269102096557617 1.9678745269775390625 1.776858210563659668 1.5067510604858398438 0.50962603092193603516 0 0 0 0 0 0.0076845944859087467194 0.28593468666076660156 1.8316670656204223633 2.4544816017150878906 2.9165101051330566406 2.8759109973907470703 2.1901080608367919922 1.8645884990692138672 1.865492701530456543 1.8116894960403442383 1.8216354846954345703
0.8474140167236328125 1.1417534351348876953 1.0966376066207885742 1.0051206350326538086 1.2423074245452880859 1.4306441545486450195 1.2984076738357543945 1.3779618740081787109 1.3806120157241821289 1.4214088916778564453 1.4467874765396118164 1.4367638826370239258 1.3952115774154663086 1.2587314844131469727 1.3773910999298095703 1.4968404769897460938 1.3972893953323364258 1.6993981599807739258 1.6648380756378173828 1.8148413896560668945 1.9393308162689208984 2.0441865921020507812 1.9636089801788330078 2.0847806930541992188 1.9384412765502929688 1.8416793346405029297 2.1271872520446777344 1.8432934284210205078 1.4101852178573608398 0.43473446369171142578 0 0 0 0 0 0 0.166727408766746521 1.3121829032897949219 2.1148917675018310547 2.8491029739379882812 2.8274695873260498047 1.7655382156372070312 2.4003016948699951172 2.3296668529510498047 1.9086136817932128906 1.7359077930450439453
0.87625932693481445312 1.2355750799179077148 1.2273857593536376953 1.1920850276947021484 1.2957124710083007812 1.37488555908203125 1.2884835004806518555 1.140463709831237793 1.2099221944808959961 1.3407700061798095703 1.3931528329849243164 1.3600792884826660156 1.3648954629898071289 1.3752491474151611328 1.3589204549789428711 1.3718545436859130859 1.6398395299911499023 1.9174176454544067383 1.814282536506652832 1.7794898748397827148 1.8255109786987304688 2.0278561115264892578 1.9929813146591186523 2.1810066699981689453 2.0146386623382568359 1.839732050895690918 1.849887847900390625 1.7379484176635742188 1.4673458337783813477 0.49452757835388183594 0 0 0 0 0 0.052268993109464645386 0.56599175930023193359 1.6065458059310913086 2.0474829673767089844 2.9516894817352294922 3.1162588596343994141 1.763561248779296875 2.2193889617919921875 2.0192492008209228516 2.2210154533386230469 2.3789222240447998047
0.8344008326530456543 1.0575605630874633789 1.6286878585815429688 1.4653553962707519531 1.2872521877288818359 1.2368957996368408203 1.1926846504211425781 1.2174569368362426758 1.197650909423828125 1.3054777383804321289 1.3767209053039550781 1.2988150119781494141 1.3373847007751464844 1.4689309597015380859 1.4970930814743041992 1.4875278472900390625 1.7453107833862304688 1.9210206270217895508 1.8237503767013549805 1.8612687587738037109 1.9497426748275756836 2.1147563457489013672 1.870646357536315918 1.9669519662857055664 2.0676400661468505859 2.042858123779296875 1.6892542839050292969 1.8797425031661987305 1.620152592658996582 0.80724126100540161133 0.35734573006629943848 0 0 0.64474350214004516602 0.96519362926483154297 0.95167821645736694336 1.2105695009231567383 1.6697860956192016602 1.9492722749710083008 2.3784835338592529297 2.4358973503112792969 1.8262560367584228516 2.0941724777221679688 2.0000650882720947266 2.3802051544189453125 2.5074949264526367188
0.98851770162582397461 1.1412482261657714844 1.7074674367904663086 1.5453596115112304688 1.3376654386520385742 1.2650327682495117188 1.210453033447265625 1.2779810428619384766 1.1976277828216552734 1.2886800765991210938 1.3780161142349243164 1.3275735378265380859 1.4267839193344116211 1.5179097652435302734 1.5584257841110229492 1.5607205629348754883 1.7015795707702636719 1.8424826860427856445 1.6186963319778442383 1.759791254997253418 1.956408381462097168 2.0300424098968505859 1.6897530555725097656 1.8145108222961425781 2.0625960826873779297 2.1122772693634033203 1.7060160636901855469 1.8791716098785400391 1.6803669929504394531 1.1309398412704467773 0.80163949728012084961 0.31137919425964355469 0.29751130938529968262 0.99135953187942504883 1.3624441623687744141 1.3416953086853027344 1.4368484020233154297 1.7165704965591430664 1.8769425153732299805 2.18775177001953125 2.2466320991516113281 1.8246535062789916992 2.0295157432556152344 2.1034197807312011719 2.4449281692504882812 2.4914083480834960938
1.2862095832824707031 1.5166988372802734375 1.473078608512878418 1.4348938465118408203 1.4178289175033569336 1.4144237041473388672 1.3286260366439819336 1.3529403209686279297 1.2291874885559082031 1.2877955436706542969 1.3889331817626953125 1.4693417549133300781 1.6259244680404663086 1.5783580541610717773 1.5726295709609985352 1.5895268917083740234 1.5902121067047119141 1.5739910602569580078 1.1496111154556274414 1.4693014621734619141 1.8409000635147094727 1.7501903772354125977 1.4599834680557250977 1.7016924619674682617 1.9775406122207641602 2.0234625339508056641 1.7812061309814453125 1.766047358512878418 1.7654473781585693359 1.7837870121002197266 1.735345005989074707 1.2985692024230957031 1.2807464599609375 1.5196968317031860352 1.7431910037994384766 1.7536684274673461914 1.540270686149597168 1.8445566892623901367 1.7644256353378295898 2.0182552337646484375 2.1294200420379638672 1.7117933034896850586 1.8512136936187744141 2.1335389614105224609 2.3713927268981933594 2.3618514537811279297
0.88786357641220092773 1.4965549707412719727 1.050628662109375 1.0322858095169067383 1.2259356975555419922 1.3607903718948364258 1.3243591785430908203 1.4310719966888427734 1.3918642997741699219 1.3796770572662353516 1.407567143440246582 1.562591552734375 1.4868893623352050781 1.5169026851654052734 1.476923823356628418 1.4679328203201293945 1.6721304655075073242 1.2892955541610717773 1.2762030363082885742 1.6040158271789550781 1.8153661489486694336 1.7943936586380004883 1.8505994081497192383 1.9713227748870849609 1.8510614633560180664 1.722960352897644043 1.700087428092956543 1.8286719322204589844 1.8488185405731201172 1.8485314846038818359 1.8253592252731323242 1.7234666347503662109 1.7924468517303466797 1.8175531625747680664 1.9582611322402954102 1.9340205192565917969 1.3144952058792114258 1.8051737546920776367 1.8126313686370849609 1.6604634523391723633 1.5640558004379272461 1.5555952787399291992 1.6854413747787475586 1.6386785507202148438 1.8609708547592163086 2.0044522285461425781
0.9753640294075012207 0.83233630657196044922 0.34655052423477172852 0.37453931570053100586 0.49962249398231506348 0.64166355133056640625 1.2843967676162719727 1.1973503828048706055 1.3505468368530273438 1.3465927839279174805 1.2425390481948852539 0.98479539155960083008 1.2967827320098876953 1.3964322805404663086 1.4093154668807983398 1.4179815053939819336 1.7462625503540039062 1.495043635368347168 1.6756589412689208984 1.8669130802154541016 1.9197596311569213867 1.9593584537506103516 1.9770600795745849609 2.1092588901519775391 2.0915567874908447266 1.9731353521347045898 1.5718123912811279297 1.7102562189102172852 1.7610647678375244141 1.8450188636779785156 1.8417975902557373047 1.6218856573104858398 1.8917036056518554688 1.8313589096069335938 1.7998665571212768555 1.8241906166076660156 1.9231399297714233398 1.5855400562286376953 1.6703617572784423828 1.9023228883743286133 1.9583292007446289062 1.6137326955795288086 1.5742700099945068359 1.7815989255905151367 2.0376875400543212891 2.0609376430511474609
1.4365379810333251953 0.92451232671737670898 0.031959243118762969971 0.041617110371589660645 0.25489655137062072754 0.45555457472801208496 1.0003794431686401367 0.84942668676376342773 1.1101474761962890625 1.1627711057662963867 1.0532267093658447266 0.86773103475570678711 1.4500931501388549805 1.3326126337051391602 1.4159828424453735352 1.5676199197769165039 1.921479344367980957 1.5873993635177612305 1.8420466184616088867 1.8892602920532226562 1.8307830095291137695 1.9553043842315673828 1.9456723928451538086 1.9954677820205688477 1.655787348747253418 1.3877935409545898438 1.2007911205291748047 1.8319171667098999023 1.992453455924987793 2.1089694499969482422 2.0857720375061035156 1.8771687746047973633 2.1494679450988769531 1.834523320198059082 1.6674363613128662109 1.6856014728546142578 1.6677271127700805664 1.3368812799453735352 1.6669660806655883789 2.0745327472686767578 2.1233084201812744141 1.5930362939834594727 1.435278773307800293 1.6971943378448486328 1.8446708917617797852 1.8311027288436889648
1.1276224851608276367 0.7264404296875 0 0.00039000576362013816833 0.36129787564277648926 0.65219396352767944336 1.0726301670074462891 1.0035932064056396484 1.2622919082641601562 1.0916776657104492188 0.87631708383560180664 1.0542012453079223633 1.58535003662109375 1.4484415054321289062 1.4893234968185424805 1.6159600019454956055 1.918637394905090332 1.548038482666015625 1.855996251106262207 1.9405328035354614258 1.8790191411972045898 1.9572327136993408203 1.8980909585952758789 1.7348563671112060547 1.1799055337905883789 0.87651991844177246094 0.80448257923126220703 1.4133074283599853516 1.6752371788024902344 2.0587666034698486328 2.1417050361633300781 1.7786403894424438477 1.9488924741744995117 1.8041455745697021484 1.672861933708190918 1.6325740814208984375 1.5163443088531494141 1.3788563013076782227 1.6922485828399658203 2.0392296314239501953 2.0638058185577392578 1.5794355869293212891 1.4767879247665405273 1.654284358024597168 1.793221592903137207 1.8155297040939331055
0 0 0 0 0.47856661677360534668 0.87975561618804931641 1.5905776023864746094 1.606123805046081543 1.76094818115234375 1.1342110633850097656 0.72686290740966796875 1.4293953180313110352 1.5058043003082275391 1.5006489753723144531 1.552492976188659668 1.6085569858551025391 1.747477412223815918 1.5077213048934936523 1.8838636875152587891 2.0883235931396484375 2.0565245151519775391 1.9771074056625366211 1.8661344051361083984 1.074451446533203125 0.2420009225606918335 0.028656370937824249268 0.017761237919330596924 0.15133748948574066162 0.48817622661590576172 1.3116288185119628906 1.5998656749725341797 0.95831656455993652344 1.0165047645568847656 1.5307718515396118164 1.7024013996124267578 1.5960102081298828125 1.4566235542297363281 1.5964440107345581055 1.6786055564880371094 1.7629410028457641602 1.7521104812622070312 1.562436223030090332 1.7069606781005859375 1.6110947132110595703 1.760941624641418457 1.8734335899353027344
