gis/20m/LAI_decid.asc
ncols        511
nrows        572
xllcorner    726766.000000000000
yllcorner    7127230.000000000000
cellsize     20.000000000000
NODATA_value -9999
[rows 325 to 349 of 572, columns 336 to 391 of 511]
0 0.011315099895000457764 0.10057920962572097778 0.23466953635215759277 0.13053078949451446533 0.057699326425790786743 0.031485803425312042236 0 0 0 0 0 0 0 0 0 0 0.013849437236785888672 0.040108904242515563965 0.0061466605402529239655 0 0 0 0 0 0 0 0 0 0 0 0 0 0 0 0 0.052696373313665390015 0.27261203527450561523 0.49512413144111633301 0.20273105800151824951 0.46393916010856628418 0.42047542333602905273 0.40406000614166259766 0.64031618833541870117 0.082601405680179595947 0 0 0 0 0 0 0.021524455398321151733 0.035322185605764389038 0 0 0
0 0.011524401605129241943 0.040111318230628967285 0.050563026219606399536 0.12841686606407165527 0.068823613226413726807 0.056104023009538650513 0.040388431400060653687 0 0 0 0 0 0 0 0 0 0.058576274663209915161 0.1696408390998840332 0.025997335091233253479 0 0 0 0 0 0 0 0 0 0 0 0 0 0 0 0 0.20144067704677581787 0.41095721721649169922 0.1620740741491317749 0.22014388442039489746 0.48652240633964538574 0.41150334477424621582 0.21860805153846740723 0.22406889498233795166 0.028905104845762252808 0 0 0 0 0 0 0.017385654151439666748 0.028530303388833999634 0 0 0
0 0.0077843582257628440857 0.015797667205333709717 0 0.067097119987010955811 0.023376183584332466125 0.013490615412592887878 0.058878786861896514893 0.14252601563930511475 0.023224413394927978516 0 0 0 0 0 0 0 0.015206284821033477783 0.044038426131010055542 0.0067488565109670162201 0 0 0 0 0 0 0 0 0 0 0 0 0 0 0 0.25156125426292419434 0.26099514961242675781 0.18851588666439056396 0.15595613420009613037 0.24485197663307189941 0.16326008737087249756 0.1098100617527961731 0.035982497036457061768 0.023552061989903450012 0.070133917033672332764 0.0098626166582107543945 0 0 0 0.11926683038473129272 0.016773961484432220459 0.037455551326274871826 0.061465520411729812622 0 0 0
0 0.0048124152235686779022 0.0097663719207048416138 0 0.036022245883941650391 0.056868575513362884521 0.039648510515689849854 0.069086536765098571777 0.20586191117763519287 0.033544909209012985229 0 0 0 0 0 0 0 0 0 0 0 0 0 0 0 0 0 0 0 0 0 0 0 0 0 0.30180248618125915527 0.24392788112163543701 0.083709761500358581543 0.12787669897079467773 0.17853455245494842529 0.052241884171962738037 0.033868778496980667114 0.088003925979137420654 0.17398861050605773926 0.096871450543403625488 0.017407638952136039734 0.010485365055501461029 0.057878989726305007935 0.12847000360488891602 0.1571591794490814209 0.019860023632645606995 0.06776819378137588501 0.13710044324398040771 0.068270407617092132568 0.0081447716802358627319 0.012878873385488986969
0 0 0.018185107037425041199 0.054981950670480728149 0.074238538742065429688 0.19118292629718780518 0.16109792888164520264 0.10110923647880554199 0.1898965984582901001 0.030943382531404495239 0 0 0.049389954656362533569 0.1450741887092590332 0.04719128832221031189 0.018212802708148956299 0.010646345093846321106 0 0 0 0 0 0 0 0 0 0 0 0 0 0 0 0 0 0 0.20910935103893280029 0.15430341660976409912 0 0 0.014053960330784320831 0.03682276606559753418 0.10746966302394866943 0.32555410265922546387 0.50035881996154785156 0.098070882260799407959 0.050523634999990463257 0.047270718961954116821 0.20457744598388671875 0.48150929808616638184 0.1415141671895980835 0.1545228809118270874 0.19837436079978942871 0.22344549000263214111 0.16964161396026611328 0.020238524302840232849 0.043129373341798782349
0 0 0.063235826790332794189 0.19119101762771606445 0.25815272331237792969 0.23582226037979125977 0.21760292351245880127 0.12998510897159576416 0 0 0 0 0.17174573242664337158 0.50447249412536621094 0.16410022974014282227 0.063332132995128631592 0.037020977586507797241 0 0 0 0 0 0 0 0 0 0 0 0 0 0 0 0 0 0 0.093454346060752868652 0.068960681557655334473 0 0 0.04887041822075843811 0.12804533541202545166 0.25395128130912780762 0.37165015935897827148 0.23654100298881530762 0.030514018610119819641 0.102669544517993927 0.073775887489318847656 0.21127259731292724609 0.56430584192276000977 0.070059306919574737549 0.4973557889461517334 0.37081575393676757812 0.029793327674269676208 0 0 0.038693509995937347412
0 0 0.028121771290898323059 0.085025064647197723389 0.095758274197578430176 0.12051281332969665527 0.097017168998718261719 0.027442557737231254578 0 0 0 0.022082388401031494141 0.19971926510334014893 0.46062004566192626953 0.3743979036808013916 0.10320151597261428833 0.03649692237377166748 0 0 0 0 0 0 0 0 0 0 0 0 0 0 0 0 0 0 0.019730152562260627747 0.014559032395482063293 0 0 0.010317560285329818726 0.02703302726149559021 0.20295575261116027832 0.33391541242599487305 0.049938715994358062744 0.052481021732091903687 0.07259012758731842041 0.047298636287450790405 0.044604033231735229492 0.11913668364286422729 0.014790974557399749756 0.10500213503837585449 0.078286908566951751709 0.0062899901531636714935 0 0.093989238142967224121 0.020797513425350189209
0.052250664681196212769 0.04227776452898979187 0.0039368644356727600098 0.011902953498065471649 0.010995773598551750183 0.018849838525056838989 0.02261282503604888916 0.01786932721734046936 0 0 0 0.0058853942900896072388 0.043565377593040466309 0.094378784298896789551 0.090550892055034637451 0.023941686376929283142 0.0076440619304776191711 0 0 0 0 0 0 0 0 0 0 0 0 0 0 0 0 0 0.06020762026309967041 0.30915439128875732422 0.23593126237392425537 0.033979386091232299805 0.02177059464156627655 0.035403490066528320312 0.0049843885935842990875 0.10046212375164031982 0.17184311151504516602 0 0.077017143368721008301 0.023087067529559135437 0.0084548126906156539917 0 0 0 0 0 0.020614825189113616943 0.054357763379812240601 0.031534966081380844116 0.23710142076015472412
0.046904888004064559937 0.037952315062284469604 0 0 0 0 0.0080791004002094268799 0.01604111306369304657 0 0 0 0 0 0 0 0 0.0045627229847013950348 0.0086755994707345962524 0 0 0 0 0 0 0 0 0 0 0 0 0 0 0.065551623702049255371 0.18216636776924133301 0.1779400557279586792 0.38190999627113342285 0.27718207240104675293 0.035780526697635650635 0.034014482051134109497 0.045299746096134185791 0.0062512019649147987366 0.092123612761497497559 0.21128539741039276123 0.14532916247844696045 0.086723685264587402344 0.018232714384794235229 0.024380924180150032043 0.036957852542400360107 0.016112515702843666077 0.0020003898534923791885 0 0 0.01850571855902671814 0.048796407878398895264 0.0058214920572936534882 0.20982211828231811523
0.0055555715225636959076 0.013776806183159351349 0.018836202099919319153 0 0 0 0 0 0 0.014045203104615211487 0.0027179014869034290314 0.0082140536978840827942 0.015958731994032859802 0 0 0 0.011100355535745620728 0.021106310188770294189 0 0 0 0 0 0 0 0 0 0 0 0 0.16281466186046600342 0.13896852731704711914 0.21696098148822784424 0.51753896474838256836 0.45439058542251586914 0.38427102565765380859 0.26543653011322021484 0.060047015547752380371 0.035206157714128494263 0.053534716367721557617 0.051443759351968765259 0.19264502823352813721 0.4310493767261505127 0.42288044095039367676 0.078523896634578704834 0.031979467719793319702 0.071385055780410766602 0.10001263022422790527 0.039199106395244598389 0.0048666200600564479828 0 0 0.0076620108447968959808 0.020203409716486930847 0.0024103000760078430176 0
0.019031139090657234192 0.047193761914968490601 0.064525201916694641113 0 0 0 0 0 0 0.048113182187080383301 0.0093104299157857894897 0.028138022869825363159 0.054668158292770385742 0 0 0 0 0 0 0 0 0 0 0 0 0 0 0 0 0 0.55773711204528808594 0.47604992985725402832 0.19691909849643707275 0.2547207176685333252 0.52405095100402832031 0.44641935825347900391 0.36433210968971252441 0.16171386837959289551 0 0.070727162063121795654 0.16141806542873382568 0.34598529338836669922 0.49202325940132141113 0.23745690286159515381 0.030632169917225837708 0.028800776228308677673 0.041347865015268325806 0.034599330276250839233 0 0 0 0 0.026246948167681694031 0.069208703935146331787 0.0082567129284143447876 0
0.0039351964369416236877 0.0097585711628198623657 0.013342309743165969849 0 0 0.029750417917966842651 0.023758772760629653931 0 0 0.009948685765266418457 0.0019251802004873752594 0.0058182878419756889343 0.011304102838039398193 0 0 0 0 0 0 0 0 0 0 0 0 0 0 0 0 0 0.24329994618892669678 0.19412617385387420654 0.065185070037841796875 0.12066291272640228271 0.47643619775772094727 0.2585703432559967041 0.22769878804683685303 0.17155343294143676758 0.033888977020978927612 0.019160790368914604187 0.46871480345726013184 0.51001858711242675781 0.30951577425003051758 0.049100559204816818237 0.0063340198248624801636 0.15874364972114562988 0.11833982169628143311 0.0071543357335031032562 0 0 0 0 0.0054272576235234737396 0.01431074831634759903 0.0017072958871722221375 0
0 0 0 0 0 0.007722726091742515564 0.006167392246425151825 0 0 0.0089086005464196205139 0.0017239123117178678513 0 0 0 0 0 0 0 0 0 0 0 0 0 0.11904703825712203979 0.020609509199857711792 0 0 0 0 0.03321968764066696167 0.024839607998728752136 0.0063511808402836322784 0.017649777233600616455 0.095546223223209381104 0.26120448112487792969 0.29910492897033691406 0.20817185938358306885 0.0087970299646258354187 0.0011774880113080143929 0.28270664811134338379 0.40463018417358398438 0.46665373444557189941 0.34274175763130187988 0.20845100283622741699 0.082083433866500854492 0.041635524481534957886 0 0 0 0 0 0 0 0.050488825887441635132 0.063826091587543487549
0 0 0 0 0 0 0 0 0 0.0079046776518225669861 0.0015296420315280556679 0 0.0024103380274027585983 0.007079938892275094986 0.0011193307582288980484 0 0 0 0 0 0 0 0.004931448027491569519 0.014083996415138244629 0.11463932693004608154 0.019484611228108406067 0 0.056613139808177947998 0.15947581827640533447 0.047993533313274383545 0.0041787265799939632416 0 0 0 0 0.24207489192485809326 0.26616743206977844238 0.19972375035285949707 0.12839017808437347412 0.13122871518135070801 0.16807244718074798584 0.31344905495643615723 0.49643549323081970215 0.40002882480621337891 0.30108398199081420898 0.052892167121171951294 0.024765226989984512329 0.029362618923187255859 0.019764209166169166565 0.010534594766795635223 0.017769658938050270081 0.011794080957770347595 0 0 0.064414381980895996094 0.084216631948947906494
0 0 0 0 0 0 0 0 0 0 0 0 0.0077790352515876293182 0.022849531844258308411 0.0036124866455793380737 0 0 0 0 0 0.030306210741400718689 0.023267125710844993591 0.011748448945581912994 0.033553048968315124512 0.021459940820932388306 0.0028531474526971578598 0 0.13487248122692108154 0.37992766499519348145 0.14703392982482910156 0.025972753763198852539 0.0079068187624216079712 0 0 0 0.1232350766658782959 0.10266720503568649292 0.13203965127468109131 0.30587074160575866699 0.31263312697410583496 0.085766956210136413574 0.21358489990234375 0.4100971519947052002 0.26970094442367553711 0.31417983770370483398 0.084559924900531768799 0.062484081834554672241 0.069952122867107391357 0.047085318714380264282 0.04839058220386505127 0.15517564117908477783 0.10578770935535430908 0 0 0.046730361878871917725 0.14707614481449127197
0 0 0 0 0 0 0 0 0 0 0 0 0.00687480950728058815 0.02019352838397026062 0.0031925751827657222748 0 0 0 0 0 0.10229457169771194458 0.0785350799560546875 0 0 0 0 0 0 0 0.11036232858896255493 0.054065108299255371094 0.026688411831855773926 0 0 0 0.025147344917058944702 0.058153126388788223267 0.069162242114543914795 0 0 0.14880365133285522461 0.27534192800521850586 0.33703130483627319336 0.13908815383911132812 0.12668536603450775146 0.16278502345085144043 0.10548737645149230957 0 0 0.07862396538257598877 0.38088324666023254395 0.26223239302635192871 0 0 0 0.27463078498840332031
0 0 0 0 0 0 0 0 0 0 0 0 0.0013916860334575176239 0.0040878299623727798462 0.019232247024774551392 0.0034688091836869716644 0 0 0 0 0.020707761868834495544 0.015898065641522407532 0 0 0 0 0 0 0 0.022340940311551094055 0.010944544337689876556 0.012642608955502510071 0.012914598919451236725 0 0 0.07065919041633605957 0.060155630111694335938 0.014000697061419487 0 0 0.030122719705104827881 0.063836567103862762451 0.1333869248628616333 0.16699814796447753906 0.062595732510089874268 0.035751715302467346191 0.036859158426523208618 0.025976018980145454407 0 0.015916058793663978577 0.077103212475776672363 0.053084399551153182983 0 0 0.031940277665853500366 0.059885773807764053345
0 0 0 0 0 0 0 0 0 0 0 0 0 0 0.36177542805671691895 0.41930735111236572266 0.42068493366241455078 0.27955988049507141113 0 0.053471278399229049683 0.025323687121272087097 0.012059138156473636627 0 0 0 0 0 0 0 0.032032404094934463501 0.005332687869668006897 0.0091689350083470344543 0.01635539717972278595 0 0 0.016570700332522392273 0.012227647937834262848 0 0 0 0 0.010312413796782493591 0.030606459826231002808 0.035088650882244110107 0.0093382466584444046021 0.00070729909930378198624 0.020302046090364456177 0.034012518823146820068 0 0 0 0 0.21840238571166992188 0.57588964700698852539 0.14197148382663726807 0.041048634797334671021
0 0 0 0 0 0 0 0 0 0 0 0 0 0 0.46943935751914978027 0.39614567160606384277 0.41695380210876464844 0.33644562959671020508 0 0.067279048264026641846 0.025875488296151161194 0.036327000707387924194 0.047924824059009552002 0 0.0086352592334151268005 0.0014949423493817448616 0 0.0076355687342584133148 0.02150893770158290863 0.031181313097476959229 0.0046769818291068077087 0.0064367894083261489868 0.011481840163469314575 0 0.013048451393842697144 0.0020865767728537321091 0 0 0 0.083319716155529022217 0.028467971831560134888 0.018671358004212379456 0.012400308623909950256 0 0.026041319593787193298 0.03286153450608253479 0.035231918096542358398 0.024072801694273948669 0 0 0 0 0.19154769182205200195 0.50507843494415283203 0.11743518710136413574 0.035050094127655029297
0.011223066598176956177 0.0090809594839811325073 0 0 0 0 0 0 0 0 0 0 0.05761224403977394104 0.16922570765018463135 0.4460201263427734375 0.13569094240665435791 0.2495914846658706665 0.38961359858512878418 0 0.047559358179569244385 0.0085530579090118408203 0.072617322206497192383 0.1818955838680267334 0.13350644707679748535 0.11154155433177947998 0.01588023453950881958 0 0.017816327512264251709 0.050187524408102035522 0.0072044166736304759979 0 0 0.0061103720217943191528 0.016980575397610664368 0.049301445484161376953 0.0075071682222187519073 0 0 0 0.21494680643081665039 0.069575518369674682617 0.029865205287933349609 0.024485442787408828735 0.051381740719079971313 0.1064931824803352356 0.082424625754356384277 0.057964347302913665771 0.039472028613090515137 0.06388413161039352417 0.007931298576295375824 0.032932970672845840454 0.023351807147264480591 0 0 0 0
0.03733453899621963501 0.030208624899387359619 0 0 0 0 0 0 0 0 0 0 0.19165228307247161865 0.56294447183609008789 0.27077269554138183594 0.22500739991664886475 0.45773994922637939453 0.5877177119255065918 0 0 0 0.041690383106470108032 0.23309744894504547119 0.44412115216255187988 0.30402573943138122559 0.041223216801881790161 0 0 0 0 0 0 0.020326700061559677124 0.056487407535314559937 0.062723048031330108643 0.0087771713733673095703 0 0 0 0.068308666348457336426 0.010479604825377464294 0.01069164276123046875 0.081453025341033935547 0.17092595994472503662 0.15212529897689819336 0.019120257347822189331 0.030885033309459686279 0.13130724430084228516 0.21251629292964935303 0.026384176686406135559 0.1095544770359992981 0.077681876718997955322 0 0 0 0
0.0073955468833446502686 0.0059839845634996891022 0 0 0 0 0 0 0 0 0 0.12378543615341186523 0.43238332867622375488 0.56363070011138916016 0.38348627090454101562 0.092792518436908721924 0.14727637171745300293 0.22404618561267852783 0 0 0 0.0082583902403712272644 0.062110241502523422241 0.13348868489265441895 0.36457979679107666016 0.15013590455055236816 0.068531364202499389648 0 0 0 0 0 0.004026487935334444046 0.011189512908458709717 0.060788337141275405884 0.009472479112446308136 0 0 0 0.013531168922781944275 0.060663755983114242554 0.044780869036912918091 0.016134915873408317566 0.033858485519886016846 0.094384245574474334717 0.013231819495558738708 0.044426925480365753174 0.090190403163433074951 0.042097058147192001343 0.005226404871791601181 0.069490402936935424805 0.049273613840341567993 0.019958842545747756958 0.052628047764301300049 0.032574046403169631958 0.033979725092649459839
0 0 0 0 0 0 0 0 0 0 0 0.030443439260125160217 0.22225722670555114746 0.47910648584365844727 0.46927192807197570801 0.1091370806097984314 0.041685111820697784424 0.08475233614444732666 0.16879180073738098145 0.025867220014333724976 0 0.049290992319583892822 0.095655336976051330566 0.011193420737981796265 0.32304269075393676758 0.1947472691535949707 0.10540033131837844849 0 0 0 0 0 0 0 0.061465352773666381836 0.0098289195448160171509 0 0 0 0 0.014408933930099010468 0.01049241144210100174 0 0 0.015801452100276947021 0.00232270779088139534 0.0094215953722596168518 0.015784230083227157593 0 0 0.011753068305552005768 0.055983643978834152222 0.083103306591510772705 0.012943193316459655762 0.030684348195791244507 0.011403273791074752808
0 0 0 0 0 0 0 0 0 0 0 0.016711555421352386475 0.18690070509910583496 0.45361810922622680664 0.45643863081932067871 0.18194000422954559326 0.085676223039627075195 0.053792122751474380493 0.15578562021255493164 0.043004479259252548218 0.0034404126927256584167 0.042729526758193969727 0.10407001525163650513 0.070101194083690643311 0.29258692264556884766 0.17203241586685180664 0.093331322073936462402 0 0 0.046204812824726104736 0.0076920809224247932434 0 0 0 0.04297221451997756958 0.019279176369309425354 0.0091555854305624961853 0 0 0 0 0.0057638641446828842163 0.0098592415452003479004 0 0.028776064515113830566 0.0042298892512917518616 0 0 0 0 0.014423566870391368866 0.11154489964246749878 0.22747154533863067627 0.1613918989896774292 0.066738516092300415039 0.09746370464563369751
0 0 0 0 0 0 0 0 0 0 0.032555028796195983887 0.10697842389345169067 0.30601128935813903809 0.43478420376777648926 0.35805243253707885742 0.23501820862293243408 0.1408179551362991333 0.013524370267987251282 0.039167486131191253662 0.049729127436876296997 0.0078638000413775444031 0 0.063447147607803344727 0.1812022477388381958 0.18010620772838592529 0.076519176363945007324 0.037879664450883865356 0 0 0.10561099648475646973 0.017581898719072341919 0 0.0046251104213297367096 0.012853069230914115906 0.001782724517397582531 0.056720618158578872681 0.049098294228315353394 0.012652344070374965668 0 0 0 0.016488362103700637817 0.028203777968883514404 0 0.075292304158210754395 0.02584412693977355957 0.010618156753480434418 0 0 0 0.032968152314424514771 0.22736945748329162598 0.48384252190589904785 0.39311233162879943848 0.14383052289485931396 0.26963481307029724121
