gis/20m/LAI_conif.asc
ncols        511
nrows        572
xllcorner    726766.000000000000
yllcorner    7127230.000000000000
cellsize     20.000000000000
NODATA_value -9999
[rows 441 to 461 of 572, columns 376 to 422 of 511]
2.3522014617919921875 2.7086253166198730469 3.1680121421813964844 3.2669520378112792969 1.7913634777069091797 1.3235242366790771484 1.2683362960815429688 1.286225438117980957 1.3682237863540649414 1.2563561201095581055 1.1435604095458984375 1.5698980093002319336 2.4867928028106689453 2.8039898872375488281 2.9555461406707763672 3.2908840179443359375 3.1270973682403564453 3.0297112464904785156 3.4055182933807373047 3.1968374252319335938 3.7473077774047851562 4.0777173042297363281 4.619396209716796875 4.8347306251525878906 4.7641539573669433594 4.6762971878051757812 4.5296468734741210938 4.2233686447143554688 4.0778675079345703125 4.1609640121459960938 3.8468611240386962891 3.7070698738098144531 3.4896602630615234375 3.3954157829284667969 2.9636511802673339844 2.738525390625 2.5831770896911621094 2.4244744777679443359 2.4880552291870117188 2.9255547523498535156 3.5051786899566650391 3.7653477191925048828 3.6867470741271972656 3.1412882804870605469 3.6157536506652832031 3.9885396957397460938 3.6998219490051269531
2.5140480995178222656 2.7768044471740722656 3.3326470851898193359 3.6009435653686523438 1.5549838542938232422 0.98140472173690795898 0.98104918003082275391 1.1331238746643066406 1.2768517732620239258 1.1601188182830810547 1.1683197021484375 1.7177749872207641602 2.93816375732421875 3.4668993949890136719 3.7106215953826904297 3.6307706832885742188 3.0045895576477050781 2.4640641212463378906 3.17493438720703125 3.0580544471740722656 3.4223895072937011719 3.7364604473114013672 4.2049851417541503906 4.2830681800842285156 4.9087123870849609375 4.8256807327270507812 4.6095919609069824219 4.3211526870727539062 4.3448839187622070312 4.4343013763427734375 4.07529449462890625 4.0587477684020996094 3.9493427276611328125 3.7243542671203613281 3.3422865867614746094 2.9476134777069091797 2.8199336528778076172 2.8159155845642089844 3.0052816867828369141 2.9033098220825195312 2.9780571460723876953 3.3978781700134277344 3.4578542709350585938 2.6785430908203125 2.7547729015350341797 3.6856608390808105469 3.4495611190795898438
2.7195556163787841797 2.9488439559936523438 3.3603887557983398438 3.439899444580078125 1.5954296588897705078 1.1091598272323608398 1.1130497455596923828 1.2347773313522338867 1.3395507335662841797 1.3455412387847900391 1.4638054370880126953 1.8778107166290283203 2.9247672557830810547 3.5690441131591796875 3.8157305717468261719 3.5238161087036132812 2.9395809173583984375 2.4580256938934326172 3.0815339088439941406 2.9923310279846191406 3.41326904296875 3.7155609130859375 3.9881303310394287109 3.8043670654296875 4.522388458251953125 4.3721976280212402344 4.1923356056213378906 4.1759209632873535156 4.5094389915466308594 4.6977100372314453125 4.3872394561767578125 4.3424425125122070312 4.1753129959106445312 3.9375753402709960938 3.5980780124664306641 3.170436859130859375 3.0731520652770996094 3.0904409885406494141 3.2355268001556396484 3.1879508495330810547 3.2059607505798339844 3.35985565185546875 3.2616300582885742188 2.7999582290649414062 2.8597996234893798828 3.4447479248046875 3.2728753089904785156
2.8504846096038818359 3.0200777053833007812 3.3230457305908203125 3.2971029281616210938 2.1077799797058105469 2.2569339275360107422 2.1998090744018554688 1.8322927951812744141 1.512263178825378418 1.6248166561126708984 1.8290925025939941406 2.0438504219055175781 2.8262162208557128906 3.6002335548400878906 3.817432403564453125 3.2337050437927246094 2.8556547164916992188 2.6949143409729003906 3.2007758617401123047 3.1412777900695800781 3.4549765586853027344 3.6792197227478027344 3.587902069091796875 2.9906392097473144531 3.6863219738006591797 3.7877438068389892578 3.7843203544616699219 4.0704669952392578125 4.52368927001953125 5.0550489425659179688 4.8010973930358886719 4.5651826858520507812 4.1870059967041015625 4.0719079971313476562 3.6321215629577636719 3.4988207817077636719 3.5697479248046875 3.6580226421356201172 3.6125276088714599609 3.6813766956329345703 3.541351318359375 3.2537856101989746094 2.9426884651184082031 3.0658397674560546875 3.3761949539184570312 3.0134439468383789062 2.8513896465301513672
2.6190900802612304688 2.744419097900390625 3.2394649982452392578 3.5391082763671875 2.7262070178985595703 3.6487407684326171875 3.5062255859375 2.4877092838287353516 1.6147179603576660156 1.5937483310699462891 1.7009418010711669922 1.9749779701232910156 2.8575298786163330078 3.6065206527709960938 3.7848305702209472656 3.149341583251953125 2.8596286773681640625 2.9326157569885253906 3.5690784454345703125 3.5491635799407958984 3.4822382926940917969 3.5869095325469970703 3.3594493865966796875 2.7222635746002197266 3.3693165779113769531 4.0369024276733398438 4.2026638984680175781 4.3065633773803710938 4.2425823211669921875 5.05902862548828125 4.7415747642517089844 4.3083605766296386719 3.7714238166809082031 3.8420042991638183594 3.1498861312866210938 3.5102784633636474609 3.7806668281555175781 3.9820895195007324219 3.7918665409088134766 3.747852325439453125 3.347698211669921875 3.0799891948699951172 2.8813390731811523438 3.0712137222290039062 3.6717820167541503906 2.8248319625854492188 2.5378222465515136719
2.8167216777801513672 3.1365587711334228516 3.5943472385406494141 3.4681344032287597656 3.6104977130889892578 4.662723541259765625 4.6132359504699707031 3.6914200782775878906 2.7143311500549316406 2.1151242256164550781 2.0461056232452392578 2.5219221115112304688 3.5383412837982177734 3.9279847145080566406 3.8107712268829345703 3.8736429214477539062 3.5873327255249023438 3.4034066200256347656 3.8749859333038330078 3.243328094482421875 1.8726046085357666016 1.6991546154022216797 2.0402846336364746094 2.5971319675445556641 3.3392539024353027344 3.5726909637451171875 3.7879319190979003906 4.0279746055603027344 3.9265503883361816406 4.1726884841918945312 4.0656800270080566406 3.9049177169799804688 3.7922067642211914062 3.9535648822784423828 3.1799764633178710938 3.5649304389953613281 3.7747368812561035156 4.0616350173950195312 4.138813018798828125 4.107982635498046875 3.8372783660888671875 3.5475876331329345703 3.398365020751953125 3.7342247962951660156 4.2158675193786621094 3.2939023971557617188 2.8702950477600097656
3.0224258899688720703 3.3960471153259277344 3.8657307624816894531 3.5687539577484130859 4.439052581787109375 4.1925597190856933594 4.0719513893127441406 3.8871450424194335938 3.7619557380676269531 2.4811520576477050781 2.3402094841003417969 2.6761641502380371094 3.5475790500640869141 4.0854740142822265625 4.0433936119079589844 4.0551891326904296875 3.8121750354766845703 3.4416167736053466797 3.4809122085571289062 2.5473623275756835938 0.54534435272216796875 0.24740245938301086426 0.2069104611873626709 0.28483694791793823242 1.658974766731262207 3.7351474761962890625 4.2859044075012207031 4.4943914413452148438 4.0578589439392089844 3.8486256599426269531 3.4824573993682861328 3.4898412227630615234 3.6989200115203857422 3.9070417881011962891 3.7663953304290771484 4.0344910621643066406 3.9722146987915039062 3.9281313419342041016 4.0679731369018554688 3.5849468708038330078 3.7273612022399902344 3.8737249374389648438 3.995052337646484375 3.9046163558959960938 4.2453894615173339844 3.5376648902893066406 3.1857771873474121094
3.3399729728698730469 3.5373430252075195312 3.7543659210205078125 3.6497235298156738281 4.4932045936584472656 3.9354615211486816406 3.7598395347595214844 3.6168079376220703125 3.5891704559326171875 2.7265801429748535156 2.5166623592376708984 2.9011943340301513672 3.7501368522644042969 4.0720877647399902344 4.1064066886901855469 3.7425837516784667969 3.4896121025085449219 3.2262904644012451172 3.32950592041015625 2.2875995635986328125 0.32957914471626281738 0.058860555291175842285 0 0 0.883739471435546875 2.29149627685546875 3.1550214290618896484 4.0483069419860839844 3.7454228401184082031 3.7407932281494140625 3.5675675868988037109 3.575878143310546875 3.6637406349182128906 3.7316036224365234375 3.7483487129211425781 3.8656568527221679688 3.9410500526428222656 4.0292401313781738281 4.0219907760620117188 3.563632965087890625 3.9027967453002929688 4.050495147705078125 4.2379140853881835938 4.2829303741455078125 3.9861016273498535156 3.4721159934997558594 3.2975711822509765625
3.4916143417358398438 3.4507904052734375 3.4422409534454345703 3.7323541641235351562 4.1247339248657226562 3.5559782981872558594 3.3607296943664550781 3.149143218994140625 3.0849511623382568359 3.1904599666595458984 2.8322725296020507812 3.240478515625 4.0329766273498535156 4.0909447669982910156 4.1590323448181152344 3.1956744194030761719 3.0177388191223144531 3.0850951671600341797 3.3154911994934082031 1.9399662017822265625 0.19997665286064147949 0 0 0 0 0 0.78278511762619018555 2.4481835365295410156 3.1493287086486816406 3.5641446113586425781 3.7906618118286132812 3.76638031005859375 3.5953936576843261719 3.4400279521942138672 3.6974871158599853516 3.5715956687927246094 3.7681865692138671875 4.0485076904296875 3.9943103790283203125 3.8433284759521484375 4.1213593482971191406 4.0958948135375976562 4.3873882293701171875 4.927753448486328125 4.0379681587219238281 3.5441656112670898438 3.5402464866638183594
3.0134706497192382812 3.0379195213317871094 3.2951154708862304688 3.6976706981658935547 3.6371767520904541016 3.4095697402954101562 3.2920548915863037109 3.0904359817504882812 2.9930074214935302734 3.4072442054748535156 2.97074127197265625 3.2487285137176513672 3.9594480991363525391 4.187744140625 4.1571416854858398438 3.1299042701721191406 3.1053643226623535156 3.3803629875183105469 3.5301661491394042969 1.8312427997589111328 0.18289524316787719727 0 0 0 0 0 0 1.1934983730316162109 3.0307800769805908203 3.4867684841156005859 3.7816152572631835938 3.7447052001953125 3.5456156730651855469 3.3935153484344482422 3.8368968963623046875 3.6621518135070800781 3.6346759796142578125 3.7909302711486816406 4.0282649993896484375 4.1586246490478515625 3.9850878715515136719 3.8192119598388671875 4.1917166709899902344 5.0401058197021484375 4.7338247299194335938 3.8699789047241210938 3.7287321090698242188
3.4751684665679931641 3.4876639842987060547 3.3962025642395019531 3.1955635547637939453 3.2706823348999023438 3.3132815361022949219 3.3880949020385742188 3.4489078521728515625 3.3537220954895019531 4.1477141380310058594 3.4018871784210205078 3.3999848365783691406 3.7150790691375732422 3.9115314483642578125 3.2675092220306396484 2.9467196464538574219 2.9444861412048339844 3.1667411327362060547 3.4479720592498779297 1.2694517374038696289 0.11210784316062927246 0 0 0 0 0 0 0.69372057914733886719 1.7616400718688964844 2.6192677021026611328 3.0827012062072753906 3.3168134689331054688 3.4444341659545898438 3.1981081962585449219 2.9212832450866699219 2.5388622283935546875 3.0689148902893066406 3.7442975044250488281 3.4948797225952148438 2.9664578437805175781 2.4317226409912109375 2.5359616279602050781 3.4879288673400878906 4.5426363945007324219 3.9818558692932128906 4.0286874771118164062 4.0692424774169921875
3.3906459808349609375 3.4993250370025634766 3.8271965980529785156 4.0252733230590820312 3.7813160419464111328 3.5040683746337890625 3.6603960990905761719 4.0523319244384765625 4.1696796417236328125 4.0487489700317382812 3.8840937614440917969 3.8828668594360351562 3.6437368392944335938 3.1998705863952636719 2.8648586273193359375 3.22014617919921875 3.2351956367492675781 3.2594118118286132812 3.398227691650390625 1.1259024143218994141 0.094441741704940795898 0 0 0 0 0 0 0.1232187226414680481 0.31290271878242492676 1.304108738899230957 2.5052433013916015625 2.8406808376312255859 2.8304872512817382812 2.3358030319213867188 2.8276293277740478516 2.8180418014526367188 3.1673188209533691406 3.5759513378143310547 3.3981463909149169922 2.4520421028137207031 2.2064254283905029297 2.5799779891967773438 3.3050565719604492188 3.5362389087677001953 3.7937574386596679688 3.6049687862396240234 3.8121180534362792969
3.3612973690032958984 3.4793577194213867188 3.8208324909210205078 4.0491433143615722656 3.8953611850738525391 3.7104763984680175781 3.854404449462890625 4.1228742599487304688 4.1012029647827148438 3.9587087631225585938 3.7725331783294677734 3.7398834228515625 3.4293456077575683594 2.9461543560028076172 2.9590172767639160156 3.2983675003051757812 3.331287384033203125 3.359893798828125 3.4377579689025878906 1.0777866840362548828 0.087695971131324768066 0 0 0 0 0 0 0.037895318120718002319 0.096231698989868164062 0.70173698663711547852 1.8498125076293945312 2.2797129154205322266 2.605907440185546875 2.4007401466369628906 2.9451520442962646484 2.9424495697021484375 2.9347281455993652344 2.5780446529388427734 2.0524706840515136719 1.6299691200256347656 1.9188141822814941406 2.3669614791870117188 3.0203945636749267578 3.0954928398132324219 2.8627862930297851562 2.6475787162780761719 3.1334085464477539062
3.2480473518371582031 3.3300926685333251953 3.6391532421112060547 3.9102325439453125 4.0728702545166015625 4.0860166549682617188 4.1338706016540527344 4.0679402351379394531 3.8190958499908447266 3.8611154556274414062 3.6144237518310546875 3.4701790809631347656 3.1225104331970214844 2.8460063934326171875 3.2097430229187011719 3.4502158164978027344 3.4655904769897460938 3.3095023632049560547 3.0857701301574707031 0.82643800973892211914 0.060648478567600250244 0 0 0 0 0 0 0 0 0 0.64722871780395507812 1.2769440412521362305 2.1865966320037841797 2.2912662029266357422 2.6742303371429443359 3.0862793922424316406 2.5232992172241210938 0.97077006101608276367 0 0.26561769843101501465 0.89729034900665283203 1.2108381986618041992 1.9069997072219848633 2.3869495391845703125 1.3501119613647460938 1.5032306909561157227 2.2391200065612792969
3.1052305698394775391 3.1374950408935546875 3.4928789138793945312 3.8888151645660400391 4.2307991981506347656 4.2330875396728515625 4.1795902252197265625 3.9746899604797363281 3.7623891830444335938 3.8704466819763183594 3.7525682449340820312 3.5209422111511230469 3.1430511474609375 3.0973052978515625 3.2904825210571289062 3.5809240341186523438 3.5319335460662841797 3.0311162471771240234 2.4461040496826171875 0.53443002700805664062 0.032609879970550537109 0 0 0 0 0 0 0 0 0 0.20591486990451812744 0.93898600339889526367 1.904743194580078125 1.7411283254623413086 1.9917138814926147461 3.1297688484191894531 2.4844062328338623047 0.80262017250061035156 0 0 0 0 0.84643846750259399414 2.0728695392608642578 1.1879582405090332031 1.8687971830368041992 2.3761267662048339844
3.119487762451171875 3.1192698478698730469 3.3580117225646972656 3.5563569068908691406 3.9396748542785644531 3.957706451416015625 3.9173626899719238281 3.9444470405578613281 4.086872100830078125 3.8869891166687011719 3.9248092174530029297 3.7637248039245605469 3.4549016952514648438 3.4077749252319335938 3.6448614597320556641 3.8707628250122070312 3.615020751953125 2.6541769504547119141 1.8408803939819335938 1.1064459085464477539 0.11478987336158752441 0 0 0 0 0 0 0 0 0 0.021110299974679946899 0.096264421939849853516 0.19527339935302734375 0.17849968373775482178 0.20418959856033325195 0.3208624720573425293 0.56757348775863647461 0.54593980312347412109 0 0 0 0 0.086776487529277801514 0.21250964701175689697 1.1220794916152954102 2.4952337741851806641 2.759029388427734375
3.5973479747772216797 3.2816557884216308594 2.9863770008087158203 3.3484976291656494141 3.2001485824584960938 3.5441579818725585938 3.6466341018676757812 3.9274075031280517578 4.2599205970764160156 4.1381516456604003906 4.0170454978942871094 3.7633800506591796875 3.4538385868072509766 3.5903539657592773438 3.8397374153137207031 3.3727920055389404297 2.6812801361083984375 1.1014755964279174805 0.18009921908378601074 0.11911306530237197876 0.012622717767953872681 0 0 0 0 0 0 0 0 0 0 0 0 0 0 0 0.035436756908893585205 0.052514713257551193237 0 0 0 0 0 0 0.1132952570915222168 1.4210796356201171875 2.1038525104522705078
3.5222673416137695312 3.1131920814514160156 2.4365942478179931641 2.4842405319213867188 2.5878121852874755859 2.8852319717407226562 2.9728455543518066406 3.26711273193359375 3.6293056011199951172 3.8677048683166503906 4.1273965835571289062 3.890300750732421875 3.5186696052551269531 3.6336033344268798828 3.5683045387268066406 2.8978362083435058594 2.0803782939910888672 0.55871653556823730469 0 0 0 0.053553368896245956421 0.084346555173397064209 0 0 0 0.033126816153526306152 0.13788980245590209961 0.22033986449241638184 0.023081187158823013306 0 0 0.087179526686668395996 0.21869120001792907715 0.089609950780868530273 0.0074479831382632255554 0 0.18297640979290008545 0.45348238945007324219 0.046703457832336425781 0.00037411437369883060455 0 0 0 0 0.77531224489212036133 1.3721485137939453125
2.3867688179016113281 2.0523798465728759766 1.3001378774642944336 1.0723385810852050781 1.378447413444519043 1.4608836174011230469 1.4999499320983886719 1.6917024850845336914 1.917858123779296875 2.5610761642456054688 3.8501589298248291016 3.8446254730224609375 3.3251769542694091797 2.9425625801086425781 2.6197886466979980469 2.1707415580749511719 1.3055222034454345703 0 0 0 0 0.28037351369857788086 0.44158828258514404297 0 0 0 0.049690224230289459229 0.20683470368385314941 0.33050978183746337891 0.034621782600879669189 0 0 0.13076928257942199707 0.32803681492805480957 0.13441492617130279541 0.011171974241733551025 0 0.33458608388900756836 0.82922661304473876953 0.1385142207145690918 0.0062060719355940818787 0 0 0 0 0 0.2348759770393371582
0.97718274593353271484 0.88522475957870483398 0.74463963508605957031 0.85903286933898925781 0.76541399955749511719 0.71329975128173828125 0.74907207489013671875 0.81484586000442504883 0.80870878696441650391 1.2768672704696655273 3.2055544853210449219 3.4837520122528076172 2.88047027587890625 1.8484356403350830078 1.8496630191802978516 2.0152308940887451172 1.2568433284759521484 0 0 0 0 0.49945771694183349609 0.7866458892822265625 0 0 0 0 0 0 0 0 0 0 0 0 0 0 0.15010803937911987305 0.37202256917953491211 0.17092481255531311035 0.014093883335590362549 0 0 0 0 0 0
0.69854015111923217773 0.77840816974639892578 1.0145647525787353516 1.1818361282348632812 0.72217965126037597656 0.67169415950775146484 0.77441769838333129883 1.0333214998245239258 1.185174107551574707 1.5999480485916137695 3.1289052963256835938 2.8316214084625244141 1.6684749126434326172 1.1200244426727294922 2.1972532272338867188 2.5913543701171875 1.619093775749206543 0 0 0 0 0.049034509807825088501 0.20652985572814941406 0.33244097232818603516 0.036436304450035095215 0 0 0 0 0 0 0 0 0 0 0 0 0.17077809572219848633 0.42325049638748168945 1.1315119266510009766 0.11345574259757995605 0 0 0 0 0 0
