gis/20m/LAI_pine.asc
ncols        511
nrows        572
xllcorner    726766.000000000000
yllcorner    7127230.000000000000
cellsize     20.000000000000
NODATA_value -9999
[rows 320 to 339 of 572, columns 138 to 183 of 511]
1.6740832328796386719 1.5702254772186279297 1.7429069280624389648 1.876911163330078125 1.9466791152954101562 2.101512908935546875 1.2110705375671386719 1.7711442708969116211 2.0363237857818603516 2.0390939712524414062 2.1459963321685791016 1.8097825050354003906 2.1436343193054199219 2.0718328952789306641 1.8717960119247436523 1.5395919084548950195 1.6739135980606079102 1.3597564697265625 1.057886958122253418 1.0061767101287841797 1.1069862842559814453 1.0732359886169433594 1.2949026823043823242 1.8350375890731811523 1.8972231149673461914 1.0815027952194213867 1.1519374847412109375 0.38882079720497131348 0 0.27105718851089477539 1.3712303638458251953 0 0 0 0 0 0 0 0 0 0 0 0.81897628307342529297 1.4988569021224975586 1.3468453884124755859 0.019369823858141899109
1.5751657485961914062 1.6775227785110473633 1.8399244546890258789 1.9396500587463378906 1.9245553016662597656 1.7424359321594238281 1.3578472137451171875 1.7948029041290283203 2.0828480720520019531 2.1472945213317871094 2.3032460212707519531 1.867192387580871582 2.0772595405578613281 1.8967751264572143555 1.7202945947647094727 1.6389445066452026367 1.7231397628784179688 1.5680333375930786133 1.6229550838470458984 1.605111241340637207 1.1006181240081787109 1.0407003164291381836 1.2977241277694702148 1.3649698495864868164 1.1551022529602050781 0.23772390186786651611 0.25320607423782348633 0.085466258227825164795 0.76435130834579467773 1.2759190797805786133 1.5873327255249023438 0 0 0 0 0 0 0 0.1701062321662902832 0.31738245487213134766 0.77335822582244873047 1.4787664413452148438 1.6654999256134033203 1.7389430999755859375 1.579193115234375 0.84831446409225463867
1.7967190742492675781 1.8474401235580444336 1.6920773983001708984 1.9229689836502075195 2.0931444168090820312 1.9245934486389160156 1.2686879634857177734 1.8900367021560668945 2.2470917701721191406 2.2787678241729736328 2.374431610107421875 2.0780184268951416016 1.6898113489151000977 1.6309518814086914062 1.7061254978179931641 1.7856392860412597656 2.4575634002685546875 2.0589668750762939453 1.113681793212890625 0.81124526262283325195 1.1866277456283569336 0.68678951263427734375 0.82110822200775146484 0.46661242842674255371 0.20712147653102874756 0 0 0 0.91473162174224853516 1.4215288162231445312 1.3663394451141357422 0 0 0 0 0 0 0.58999985456466674805 1.4007248878479003906 1.8106033802032470703 2.4510524272918701172 1.9966170787811279297 1.5227755308151245117 1.5888844728469848633 1.6425902843475341797 1.274111628532409668
1.8373245000839233398 2.0032024383544921875 1.7321171760559082031 1.9968781471252441406 2.2015831470489501953 1.9243849515914916992 1.4106699228286743164 1.961876988410949707 2.2918665409088134766 2.3133492469787597656 2.3285744190216064453 2.1367840766906738281 1.7873549461364746094 1.7674021720886230469 1.8854169845581054688 2.0760529041290283203 2.3191089630126953125 2.1868901252746582031 1.2205297946929931641 0.79981386661529541016 1.0747076272964477539 0.97502291202545166016 1.0738483667373657227 0.39419087767601013184 0.01274733617901802063 0 0 0 1.0858727693557739258 1.6176415681838989258 1.2686281204223632812 0 0 0 0.10950688272714614868 0.60505759716033935547 0.41028073430061340332 0.67659628391265869141 1.2431246042251586914 1.5817471742630004883 2.1738717555999755859 2.1438546180725097656 1.4235060214996337891 1.6042946577072143555 1.7623918056488037109 1.4134427309036254883
1.8879300355911254883 2.3205227851867675781 1.9999982118606567383 2.1566586494445800781 2.2504274845123291016 1.6634947061538696289 1.7070027589797973633 1.9415932893753051758 2.2225518226623535156 2.2739851474761962891 2.0883402824401855469 2.0978827476501464844 2.2182986736297607422 2.2331032752990722656 2.3147389888763427734 2.701568603515625 1.4149887561798095703 2.0614440441131591797 1.8010592460632324219 1.3907620906829833984 1.0862058401107788086 2.0948469638824462891 2.1929247379302978516 0.84810090065002441406 0.1045411229133605957 0 0 0 1.6221061944961547852 2.3277518749237060547 1.4958515167236328125 0.29895034432411193848 0.57904440164566040039 0.72725903987884521484 0.94402486085891723633 1.8226898908615112305 1.0414818525314331055 0.34143632650375366211 0 0 0.3077837824821472168 1.7531772851943969727 1.0341527462005615234 1.7408045530319213867 2.0291635990142822266 1.1687570810317993164
2.2045159339904785156 2.3735680580139160156 2.1045556068420410156 2.0236995220184326172 1.9917683601379394531 1.5154118537902832031 1.3084233999252319336 1.587879180908203125 2.0316417217254638672 2.1340210437774658203 1.823798060417175293 1.9724063873291015625 2.0166766643524169922 2.14368438720703125 2.2994532585144042969 2.6306734085083007812 1.316561579704284668 1.7005201578140258789 1.3777668476104736328 1.2242890596389770508 1.9934555292129516602 2.4533531665802001953 2.5386383533477783203 1.0817133188247680664 0.2548529505729675293 0 0 0 1.7612639665603637695 2.6155567169189453125 2.1911413669586181641 1.0554964542388916016 2.0444173812866210938 2.5677151679992675781 2.3515911102294921875 1.0125076770782470703 0 0 0 0 0 0 0 1.5946581363677978516 1.9300153255462646484 0
2.0941629409790039062 1.8398185968399047852 1.7995045185089111328 1.7630006074905395508 1.7055194377899169922 1.4868973493576049805 2.0052993297576904297 1.9326887130737304688 2.0502803325653076172 2.1691417694091796875 2.3344523906707763672 2.2165169715881347656 2.1709928512573242188 2.3216569423675537109 2.5479671955108642578 3.0903956890106201172 1.9675441980361938477 2.0010695457458496094 1.7663034200668334961 1.7130904197692871094 2.2177033424377441406 2.5740382671356201172 2.7499248981475830078 1.9087507724761962891 1.2646349668502807617 0.35395961999893188477 0 1.2592825889587402344 2.4361200332641601562 2.6623067855834960938 2.4592630863189697266 2.5927684307098388672 2.18442535400390625 1.4135798215866088867 0.98451262712478637695 0.21815977990627288818 0 0 0 0 0 0 0 0.34359270334243774414 0.49273583292961120605 0.55288469791412353516
2.3029756546020507812 2.1935825347900390625 2.0408043861389160156 1.7686598300933837891 1.6850935220718383789 1.8917230367660522461 2.3601610660552978516 2.2354195117950439453 2.2266535758972167969 2.2983734607696533203 2.4843327999114990234 2.2572379112243652344 2.3734028339385986328 2.0469257831573486328 1.939605712890625 2.6350157260894775391 3.254741668701171875 2.8060467243194580078 2.2514030933380126953 2.1077387332916259766 2.2287104129791259766 2.1854603290557861328 2.3328623771667480469 2.3518903255462646484 2.2928214073181152344 1.9447972774505615234 0.92847067117691040039 1.6341985464096069336 2.1025178432464599609 2.1978504657745361328 2.2216792106628417969 1.3183740377426147461 0.70037800073623657227 0.23532769083976745605 0.13070142269134521484 0 0 0 0 0 0.097143821418285369873 0.5533440709114074707 0.60918653011322021484 0.73256361484527587891 0.84587824344635009766 1.2242509126663208008
2.4791722297668457031 2.2608540058135986328 2.2384214401245117188 2.0118145942687988281 1.9242109060287475586 2.1617121696472167969 2.3740544319152832031 2.2943279743194580078 2.3444659709930419922 2.4071781635284423828 2.4281334877014160156 2.1894304752349853516 2.2232306003570556641 1.7279875278472900391 1.5697571039199829102 2.4356245994567871094 3.4981968402862548828 2.8512854576110839844 2.2147603034973144531 2.0787668228149414062 2.1640980243682861328 2.0696847438812255859 2.1590852737426757812 2.3906152248382568359 2.4642236232757568359 2.2052302360534667969 1.465241551399230957 1.3812804222106933594 1.398572087287902832 1.5598074197769165039 1.9853727817535400391 0.79495865106582641602 0.34269544482231140137 0.038884248584508895874 0.020058393478393554688 0.09799957275390625 0 0.16279450058937072754 0.30967926979064941406 0.3371753692626953125 0.44063133001327514648 1.0435607433319091797 1.0281939506530761719 1.0425956249237060547 1.1111725568771362305 1.421723484992980957
2.6262698173522949219 2.0979244709014892578 2.4017326831817626953 2.4330098628997802734 2.3630452156066894531 2.3947646617889404297 2.2316069602966308594 2.2548544406890869141 2.4382090568542480469 2.4837474822998046875 2.1440789699554443359 1.8305236101150512695 1.6213668584823608398 1.2557281255722045898 1.2770044803619384766 2.3124191761016845703 3.1233806610107421875 2.4305577278137207031 1.8913377523422241211 1.8090229034423828125 1.8956965208053588867 2.1261508464813232422 2.1557009220123291016 2.3990833759307861328 2.4205725193023681641 1.8828530311584472656 1.7257195711135864258 0.58249312639236450195 0 0.30828312039375305176 1.6935915946960449219 0.80816948413848876953 0.72819614410400390625 0.58757609128952026367 0.55329430103302001953 0.57482773065567016602 0.30571374297142028809 0.50474393367767333984 1.296751856803894043 1.6302455663681030273 1.6932452917098999023 2.0770175457000732422 1.8266412019729614258 1.2991415262222290039 1.1458202600479125977 1.3842711448669433594
2.307403564453125 2.1222741603851318359 2.1357679367065429688 2.1079146862030029297 2.0744206905364990234 2.0030007362365722656 2.0683732032775878906 2.1443204879760742188 2.2327206134796142578 2.2042214870452880859 1.8029770851135253906 1.3149812221527099609 1.3253934383392333984 1.506539463996887207 1.6918331384658813477 2.2566273212432861328 2.5609126091003417969 2.3260357379913330078 1.9531655311584472656 1.7578605413436889648 1.5438239574432373047 2.2694144248962402344 2.4183061122894287109 2.5451364517211914062 2.5204796791076660156 1.9943565130233764648 0.62626928091049194336 0.21138866245746612549 0 0.33652672171592712402 1.9030859470367431641 1.2098075151443481445 1.3238289356231689453 1.7072167396545410156 1.7506754398345947266 1.1520906686782836914 1.0630710124969482422 0.34851408004760742188 1.8334138393402099609 2.7555005550384521484 2.8429632186889648438 2.5477128028869628906 2.2480626106262207031 1.2575069665908813477 0.85598874092102050781 0.94927924871444702148
1.9633408784866333008 1.8667825460433959961 1.7942917346954345703 1.7586686611175537109 1.7511757612228393555 1.7264912128448486328 1.9687581062316894531 2.1717000007629394531 1.8004097938537597656 1.5165792703628540039 1.4375804662704467773 1.5370020866394042969 1.7853124141693115234 1.8737183809280395508 1.8719080686569213867 2.1634919643402099609 3.0582532882690429688 2.1686389446258544922 1.7520878314971923828 1.7716624736785888672 1.7701030969619750977 2.0689399242401123047 2.1899049282073974609 1.9289236068725585938 1.8792704343795776367 2.1630682945251464844 0.40673783421516418457 0.13728880882263183594 0 0.071047775447368621826 0.40178096294403076172 0.25541549921035766602 0.27948778867721557617 0.36042892932891845703 0.36960393190383911133 0.24323025345802307129 0.22443635761737823486 0.073578558862209320068 1.2037335634231567383 1.8708876371383666992 2.2871708869934082031 2.4074733257293701172 1.8523660898208618164 0.91916668415069580078 0.69167590141296386719 1.1712880134582519531
1.7897462844848632812 1.7424446344375610352 1.8169093132019042969 1.7642749547958374023 1.7360528707504272461 1.9455009698867797852 2.2773652076721191406 2.1385838985443115234 1.5888298749923706055 1.3777289390563964844 1.691153407096862793 1.8001962900161743164 1.9370657205581665039 1.9598854780197143555 1.9054563045501708984 1.9149258136749267578 2.8090803623199462891 2.5836420059204101562 1.9982095956802368164 1.8040720224380493164 2.0984833240509033203 2.1470496654510498047 1.9530589580535888672 2.2323939800262451172 2.3703403472900390625 1.8033859729766845703 0.46877759695053100586 0.1582294851541519165 0 0 0 0 0 0 0 0 0 0 1.2654091119766235352 1.8096439838409423828 1.5355939865112304688 1.8080173730850219727 1.1963047981262207031 0.6832917332649230957 0.83514678478240966797 1.9519537687301635742
1.8508427143096923828 1.7908056974411010742 1.833027958869934082 1.7518788576126098633 1.7309937477111816406 2.0062749385833740234 2.2513940334320068359 1.9948375225067138672 1.6314105987548828125 1.5402951240539550781 1.7336339950561523438 1.7976713180541992188 1.9027974605560302734 1.9372388124465942383 1.8920935392379760742 1.8329093456268310547 2.5429136753082275391 2.6277182102203369141 1.9408439397811889648 1.6408666372299194336 2.1194934844970703125 2.1249697208404541016 1.9395968914031982422 2.2182536125183105469 2.3545181751251220703 1.8229852914810180664 0.64571863412857055664 0.3360798954963684082 0.060014415532350540161 0 0 0 0 0 0 0 0 0.29932421445846557617 1.5322319269180297852 1.9477193355560302734 1.4178931713104248047 1.4232870340347290039 0.94663816690444946289 0.74264955520629882812 0.9868647456169128418 1.9834169149398803711
2.0169849395751953125 1.9335284233093261719 1.8369895219802856445 1.7013221979141235352 1.6647307872772216797 1.7310338020324707031 1.7958936691284179688 1.6632541418075561523 1.8217576742172241211 1.9203521013259887695 1.7525269985198974609 1.7911995649337768555 1.8960520029067993164 1.9253923892974853516 1.8891788721084594727 1.8246139287948608398 2.1363608837127685547 2.3797128200531005859 1.7932050228118896484 1.4611401557922363281 1.7858062982559204102 2.1529531478881835938 2.0769479274749755859 1.9626086950302124023 1.9877865314483642578 2.1297879219055175781 1.1210939884185791016 0.68944907188415527344 0.15802423655986785889 0 0 0 0 0 0 0 0 1.0416072607040405273 1.8368180990219116211 1.8997222185134887695 1.4242961406707763672 0.89120143651962280273 0.71814805269241333008 0.98693144321441650391 1.2193851470947265625 1.5076215267181396484
1.9307806491851806641 1.9059566259384155273 1.93068695068359375 1.8077679872512817383 1.6461786031723022461 1.1652278900146484375 1.3718380928039550781 1.6446510553359985352 1.8810614347457885742 1.9527859687805175781 2.1000390052795410156 2.1109502315521240234 2.1272540092468261719 2.011432647705078125 1.9380258321762084961 1.9372954368591308594 2.1215302944183349609 2.2367727756500244141 2.2458086013793945312 2.0346341133117675781 1.2735551595687866211 2.5585389137268066406 2.2132439613342285156 2.1628060340881347656 2.2340772151947021484 2.1213853359222412109 1.4187370538711547852 0.55991470813751220703 0.041172266006469726562 0 0 0 0 0 0 0 0 1.0735834836959838867 1.361226201057434082 1.2435574531555175781 1.1870099306106567383 0.98980545997619628906 0.77365124225616455078 1.0001618862152099609 1.1818289756774902344 1.3021335601806640625
1.6507670879364013672 1.8530220985412597656 1.7202527523040771484 1.5053030252456665039 1.4691913127899169922 1.7039352655410766602 1.5438249111175537109 1.5831938982009887695 1.1058429479598999023 0.79757606983184814453 0.68707108497619628906 1.1504380702972412109 1.4755499362945556641 1.885890960693359375 1.9631278514862060547 1.7063753604888916016 1.8260099887847900391 2.2144293785095214844 2.1430690288543701172 1.8387649059295654297 1.2140090465545654297 2.4583406448364257812 1.971871495246887207 2.097320556640625 2.3061411380767822266 2.3365256786346435547 2.1534323692321777344 0.78093636035919189453 0.027472734451293945312 0 0.12542924284934997559 0.75624299049377441406 0.53768533468246459961 0.57121586799621582031 0.6239687800407409668 0.59855562448501586914 0.90224879980087280273 1.0233494043350219727 1.6826728582382202148 1.8644999265670776367 1.2918020486831665039 1.0368795394897460938 0.79683017730712890625 1.0634802579879760742 1.2462154626846313477 1.2841027975082397461
1.8263905048370361328 1.9192020893096923828 1.475902557373046875 1.6228063106536865234 1.8341901302337646484 1.7645356655120849609 1.8384369611740112305 0.86213630437850952148 0.18609127402305603027 0.10222029685974121094 0.06563106924295425415 0.18532796204090118408 0.68146026134490966797 1.5745372772216796875 1.8759232759475708008 1.6114574670791625977 1.2685909271240234375 1.815468907356262207 2.0881147384643554688 1.9359267950057983398 1.334252476692199707 2.2752313613891601562 2.1658489704132080078 2.4029920101165771484 2.4872982501983642578 2.0933706760406494141 1.9046235084533691406 0.76581740379333496094 0.062458824366331100464 0 0.077761776745319366455 0.46884441375732421875 0.38052600622177124023 0.29956683516502380371 0.3529027104377746582 0.75948792695999145508 1.0317071676254272461 1.0895847082138061523 1.0251783132553100586 0.89606016874313354492 0.47556480765342712402 0.36885678768157958984 0.48430138826370239258 0.6483185887336730957 0.80478739738464355469 1.2791169881820678711
1.7745554447174072266 1.6944179534912109375 1.3956961631774902344 1.6005612611770629883 1.7922741174697875977 1.7043442726135253906 1.8943614959716796875 0.71679711341857910156 0.022492274641990661621 0 0 0 0.54556894302368164062 1.459921717643737793 1.781991124153137207 1.633419036865234375 1.1890749931335449219 1.6120915412902832031 2.0684201717376708984 2.0170488357543945312 1.2063721418380737305 1.9408873319625854492 1.8902257680892944336 2.0571455955505371094 2.1260776519775390625 1.9178520441055297852 1.6881502866744995117 0.75615632534027099609 0.16514116525650024414 0.10155475884675979614 0.15143103897571563721 0.52104777097702026367 0.35581955313682556152 0.30929797887802124023 0.3946832120418548584 0.80201154947280883789 1.1747174263000488281 1.258792877197265625 1.0651971101760864258 0.8901284337043762207 0.53597855567932128906 0.23046796023845672607 0.34061908721923828125 0.43188104033470153809 0.53311318159103393555 0.90121960639953613281
1.4338904619216918945 1.2479431629180908203 1.3567044734954833984 1.485638737678527832 1.5284662246704101562 1.5833642482757568359 1.7365763187408447266 0.76309835910797119141 0.079297177493572235107 0 0 0 0.42752116918563842773 1.2639901638031005859 1.6145054101943969727 1.6944700479507446289 1.3946573734283447266 1.5010497570037841797 2.0895421504974365234 2.163848876953125 1.0435498952865600586 1.0914862155914306641 0.98684906959533691406 0.95260125398635864258 1.0344054698944091797 1.377531886100769043 1.2150827646255493164 0.66273075342178344727 0.34934565424919128418 0.3459739387035369873 0.46966183185577392578 0.76471078395843505859 0.40872207283973693848 0.72607266902923583984 0.98734307289123535156 1.1860139369964599609 1.7792168855667114258 1.6814296245574951172 1.6775791645050048828 1.6618894338607788086 1.3486771583557128906 0.69882869720458984375 0.61012673377990722656 0.37385222315788269043 0.23334638774394989014 0.0099096670746803283691
