gis/20m/LAI_pine.asc
ncols        511
nrows        572
xllcorner    726766.000000000000
yllcorner    7127230.000000000000
cellsize     20.000000000000
NODATA_value -9999
[rows 420 to 439 of 572, columns 184 to 229 of 511]
1.0230834484100341797 1.6671047210693359375 2.5947706699371337891 2.7973182201385498047 2.4422423839569091797 2.6087357997894287109 2.6224219799041748047 1.7149680852890014648 1.2022235393524169922 0.99644058942794799805 1.9056199789047241211 1.7678931951522827148 1.7493398189544677734 1.775368809700012207 1.6416565179824829102 0.96950900554656982422 0.43527725338935852051 0.49595427513122558594 0.85881805419921875 1.847148895263671875 2.0055005550384521484 1.5463716983795166016 1.4551427364349365234 1.5727055072784423828 1.7679815292358398438 1.4130401611328125 1.1307653188705444336 0.49080312252044677734 0.21714515984058380127 0 0 0 0 0 0.01315204426646232605 0.06135636940598487854 0.1240858808159828186 0.084816955029964447021 0.11172404885292053223 0.43994876742362976074 0.94219601154327392578 1.0663399696350097656 1.4160572290420532227 1.6135584115982055664 1.882081151008605957 1.8331685066223144531
1.9877671003341674805 1.2492848634719848633 1.5910863876342773438 1.8751221895217895508 1.7694675922393798828 1.9816404581069946289 2.2488720417022705078 2.8110177516937255859 2.9394223690032958984 2.5738685131072998047 2.322994232177734375 2.2952220439910888672 2.0903072357177734375 1.8862417936325073242 1.3441385030746459961 1.1402609348297119141 1.2353082895278930664 1.1359859704971313477 1.2872502803802490234 1.8918015956878662109 0.88642996549606323242 0.79024302959442138672 0.61915278434753417969 0.5950075984001159668 0.69829034805297851562 0.62825870513916015625 0.87572407722473144531 0.63577789068222045898 0.39334928989410400391 0.0098438980057835578918 0 0 0 0 0.0017482734983786940575 0.008155972696840763092 0.016494475305080413818 0.011274538934230804443 0.014851242303848266602 0.058481458574533462524 0.12524412572383880615 0.17437534034252166748 0.21454377472400665283 0.25135904550552368164 0.36671972274780273438 0.4204908907413482666
1.1604585647583007812 1.2988861799240112305 1.2678990364074707031 1.2342431545257568359 1.3210572004318237305 1.4938459396362304688 1.8613100051879882812 1.3642789125442504883 1.283757328987121582 2.1796133518218994141 1.9534029960632324219 2.2465085983276367188 2.6129536628723144531 2.6469295024871826172 2.2193248271942138672 1.6662530899047851562 1.735870361328125 1.166443943977355957 0.87740880250930786133 0.71955180168151855469 0.55162709951400756836 0.4928347468376159668 0.71470612287521362305 0.75285792350769042969 0.5116176605224609375 0.58520513772964477539 0.42291399836540222168 0.36175465583801269531 0.28880587220191955566 0.0014992710202932357788 0 0 0 0 0 0 0 0 0 0 0 0.0049695502966642379761 0.004007176961749792099 0.0056157964281737804413 0.017749371007084846497 0.026929231360554695129
1.3401602506637573242 1.4149351119995117188 1.3160769939422607422 1.2630190849304199219 1.3471280336380004883 1.5405572652816772461 1.5857248306274414062 1.1364972591400146484 1.1174252033233642578 1.9379982948303222656 1.8849152326583862305 2.0469875335693359375 2.4254140853881835938 2.5092687606811523438 2.2443139553070068359 2.0435345172882080078 2.0547337532043457031 1.2385803461074829102 0.85484039783477783203 0.72053688764572143555 0.62583339214324951172 0.50106829404830932617 0.76332867145538330078 0.82243525981903076172 0.5383129119873046875 0.56814622879028320312 0.39099511504173278809 0.33961275219917297363 0.27611935138702392578 0 0 0 0 0 0 0 0 0 0 0 0 0 0 0 0 0
2.0355324745178222656 1.4688589572906494141 1.3423626422882080078 1.4007892608642578125 1.450999140739440918 1.7813196182250976562 1.4383016824722290039 1.2537050247192382812 1.2788780927658081055 1.5011270046234130859 1.7550408840179443359 1.6298004388809204102 1.8648735284805297852 2.0157763957977294922 2.126331329345703125 2.2099146842956542969 2.0819191932678222656 1.1901057958602905273 0.87952208518981933594 1.0290764570236206055 0.7857913970947265625 0.60068845748901367188 0.76828813552856445312 0.82655149698257446289 0.62944376468658447266 0.56599688529968261719 0.5804240107536315918 0.45511156320571899414 0.3171488344669342041 0 0 0.029428733512759208679 0.1181713491678237915 0.11739312857389450073 0 0 0 0 0 0 0 0 0 0 0 0
2.2651724815368652344 1.2735269069671630859 1.1721394062042236328 1.3306519985198974609 1.3992557525634765625 1.8820238113403320312 1.842487335205078125 1.4011125564575195312 1.1870441436767578125 1.1786856651306152344 1.5413310527801513672 1.4425407648086547852 1.6641827821731567383 1.9050836563110351562 2.2601945400238037109 1.6173245906829833984 1.3683477640151977539 0.86796224117279052734 0.77679646015167236328 1.029750823974609375 0.77007919549942016602 0.66601395606994628906 0.73433089256286621094 0.76740527153015136719 0.696895599365234375 0.64610713720321655273 0.81260389089584350586 0.58500552177429199219 0.36566585302352905273 0 0 0.07951284945011138916 0.31928455829620361328 0.3171818852424621582 0 0 0 0 0 0 0 0 0 0 0 0
2.0564422607421875 1.4555647373199462891 0.87449383735656738281 0.85685771703720092773 1.5154144763946533203 2.0359103679656982422 1.8652473688125610352 1.7788059711456298828 1.6793702840805053711 1.4347862005233764648 2.1377382278442382812 2.0758543014526367188 2.3219006061553955078 2.5023939609527587891 2.5615377426147460938 1.7934693098068237305 1.293990015983581543 0.75609564781188964844 0.61909395456314086914 0.64349883794784545898 0.71017295122146606445 0.65474832057952880859 0.83898168802261352539 0.86858671903610229492 0.65902131795883178711 0.7338352203369140625 0.77468889951705932617 0.57013517618179321289 0.37859827280044555664 0 0 0.010224066674709320068 0.041054833680391311646 0.040784467011690139771 0 0 0 0 0 0 0 0 0 0.046486441045999526978 0.5014012455940246582 1.5161916017532348633
1.7267004251480102539 1.6587572097778320312 1.7527581453323364258 1.693230748176574707 1.4033704996109008789 2.4239721298217773438 1.8830127716064453125 1.258510589599609375 1.1328583955764770508 1.5301743745803833008 2.3847072124481201172 2.389537811279296875 2.2926614284515380859 2.2119293212890625 1.9969131946563720703 1.7398191690444946289 1.5017173290252685547 0.95084249973297119141 0.77714580297470092773 0.89917534589767456055 1.0602040290832519531 0.74307978153228759766 0.63908946514129638672 0.63422280550003051758 0.56475967168807983398 0.56914705038070678711 0.5955136418342590332 0.54171031713485717773 0.40750551223754882812 0 0 0 0 0 0 0 0 0 0 0 0 0 0 0.28573286533355712891 1.196465611457824707 0.90429937839508056641
2.2034265995025634766 1.536670684814453125 1.5167046785354614258 1.5850468873977661133 1.4279547929763793945 2.0390260219573974609 1.7659238576889038086 1.3854522705078125 1.2372860908508300781 1.3008404970169067383 2.1552500724792480469 2.2885646820068359375 1.9841867685317993164 1.8507564067840576172 1.9367372989654541016 1.8095767498016357422 1.6741347312927246094 1.2764294147491455078 1.061844944953918457 0.87644499540328979492 1.2252185344696044922 0.80673581361770629883 0.64357680082321166992 0.63848412036895751953 0.6123936772346496582 0.68575811386108398438 0.65436184406280517578 0.57772821187973022461 0.45013421773910522461 0.052026156336069107056 0 0 0.048496376723051071167 0.062115207314491271973 0.031410813331604003906 0 0 0 0 0 0 0 0 0.21076880395412445068 0.88907659053802490234 0.6961154937744140625
2.7394275665283203125 1.3659908771514892578 1.0055387020111083984 1.2282469272613525391 1.6221168041229248047 1.553925633430480957 1.405791163444519043 1.5067862272262573242 1.4664971828460693359 1.1652318239212036133 2.0159544944763183594 2.2897412776947021484 1.6802476644515991211 1.5377473831176757812 2.2756853103637695312 2.1948249340057373047 1.7930740118026733398 1.7708138227462768555 1.6830826997756958008 1.1347856521606445312 1.4251010417938232422 0.89955800771713256836 0.72188228368759155273 0.75832170248031616211 0.83716338872909545898 0.88761234283447265625 0.82966524362564086914 0.65492153167724609375 0.58133310079574584961 0.46081960201263427734 0.16634127497673034668 0.071597397327423095703 0.2262192070484161377 0.33466759324073791504 0.39806729555130004883 0.22108002007007598877 0.10434928536415100098 0.016428174450993537903 0 0 0 0 0 0.017529213801026344299 0.13836343586444854736 0.34541738033294677734
2.1768970489501953125 1.4951518774032592773 1.1910191774368286133 1.3069105148315429688 1.8246284723281860352 1.9716427326202392578 1.1380585432052612305 1.1176705360412597656 1.3029675483703613281 1.6046925783157348633 2.4911725521087646484 2.6648595333099365234 1.9847682714462280273 1.8712515830993652344 2.7606685161590576172 2.6103374958038330078 1.5985070466995239258 1.7713501453399658203 1.9977858066558837891 1.7582526206970214844 1.443974614143371582 0.91322439908981323242 0.75181335210800170898 0.84433907270431518555 1.0428569316864013672 0.82533258199691772461 0.88649028539657592773 0.67222970724105834961 0.69217240810394287109 0.99799454212188720703 0.44421997666358947754 0.19120325148105621338 0.3872700035572052002 0.61598730087280273438 0.92259579896926879883 0.59040164947509765625 0.27866825461387634277 0.043871995061635971069 0 0 0 0 0 0 0 0
1.1726400852203369141 0.92886084318161010742 1.4320255517959594727 1.7245084047317504883 1.6883566379547119141 1.4137828350067138672 1.0636640787124633789 1.0372742414474487305 1.1133680343627929688 1.3165876865386962891 1.8985884189605712891 1.6431255340576171875 1.6255210638046264648 1.7809308767318725586 2.3225753307342529297 2.6265976428985595703 2.5728628635406494141 2.2395353317260742188 1.8479857444763183594 0.97149568796157836914 1.6095539331436157227 0.93676221370697021484 0.47687581181526184082 0.48981890082359313965 0.82467925548553466797 0.81305521726608276367 0.6072400212287902832 0.55606955289840698242 0.53693813085556030273 0.43352079391479492188 0.52190226316452026367 0.99495893716812133789 1.588687896728515625 1.7398626804351806641 1.6773140430450439453 1.6000362634658813477 1.3736397027969360352 0.44770464301109313965 0.091745547950267791748 0 0 0 0 0 0 0
1.8355576992034912109 2.034816741943359375 1.7264019250869750977 1.5877301692962646484 1.874787449836730957 2.2073945999145507812 1.5384353399276733398 1.265696406364440918 1.460019230842590332 2.262714385986328125 2.4023668766021728516 2.0467135906219482422 1.9905773401260375977 1.9919886589050292969 1.7648640871047973633 1.583462834358215332 2.3884766101837158203 2.0933434963226318359 1.787047266960144043 1.5881540775299072266 1.2102828025817871094 0.61097455024719238281 0.34102573990821838379 0.34051945805549621582 0.44955214858055114746 0.78664261102676391602 0.72290205955505371094 0.78043687343597412109 0.91672521829605102539 1.3263717889785766602 1.4190320968627929688 1.3106325864791870117 1.7018660306930541992 1.8955825567245483398 1.8562440872192382812 1.4745514392852783203 1.5087327957153320312 0.96978986263275146484 0.61198937892913818359 0.087696634232997894287 0 0 0 0 0 0
1.6773653030395507812 1.8688781261444091797 1.6396260261535644531 1.547627568244934082 1.8446611166000366211 2.0610425472259521484 1.6074751615524291992 1.6838972568511962891 1.8296909332275390625 1.8963806629180908203 1.8680106401443481445 1.9293272495269775391 2.1188585758209228516 2.0897984504699707031 1.6705377101898193359 1.673302769660949707 2.4165544509887695312 2.2550072669982910156 1.9585689306259155273 1.4997016191482543945 1.0455312728881835938 0.80648726224899291992 0.48293679952621459961 0.36726105213165283203 0.35599717497825622559 0.64131724834442138672 0.7723541259765625 0.86557155847549438477 0.94959264993667602539 1.2505707740783691406 1.4124492406845092773 1.0095345973968505859 1.2181972265243530273 1.3703917264938354492 1.3144409656524658203 1.089344024658203125 1.2901550531387329102 0.94602513313293457031 0.68616050481796264648 0.29153320193290710449 0.064722374081611633301 0.018079577013850212097 0 0 0 0
1.5056295394897460938 1.3744386434555053711 1.5032773017883300781 1.6267120838165283203 1.7046477794647216797 1.362969517707824707 1.3072551488876342773 1.8418523073196411133 1.9827772378921508789 1.354227900505065918 0.74786478281021118164 1.2748157978057861328 1.9838896989822387695 2.0929391384124755859 1.7466852664947509766 2.0569765567779541016 2.2156660556793212891 2.4467303752899169922 2.3754966259002685547 1.6695536375045776367 1.1253936290740966797 1.3214768171310424805 0.89939296245574951172 0.66633510589599609375 0.59171724319458007812 0.58524191379547119141 0.82377398014068603516 0.92276746034622192383 0.8881587982177734375 0.99800705909729003906 1.9063959121704101562 0.84351962804794311523 0.45649707317352294922 0.5113379359245300293 0.66303354501724243164 0.72455990314483642578 0.79397374391555786133 0.86226075887680053711 0.89491522312164306641 0.79538482427597045898 0.22954307496547698975 0.064120665192604064941 0 0 0 0
1.9569461345672607422 1.4621559381484985352 1.6127457618713378906 1.7901870012283325195 1.6345213651657104492 0.94477158784866333008 0.81292873620986938477 1.0631595849990844727 1.3778899908065795898 1.8289098739624023438 0.57659828662872314453 0.72670745849609375 1.5743253231048583984 1.9191193580627441406 1.9379193782806396484 2.0465285778045654297 1.687885284423828125 2.2440018653869628906 2.5811638832092285156 2.4635028839111328125 1.540470123291015625 1.513247370719909668 1.1624999046325683594 1.0469971895217895508 1.1000615358352661133 0.87618142366409301758 0.83360058069229125977 0.8782551884651184082 0.85133272409439086914 1.1580232381820678711 3.0708026885986328125 1.4606107473373413086 0.4911702275276184082 0.5187778472900390625 1.084546208381652832 1.0640404224395751953 0.56258738040924072266 0.96560597419738769531 1.2297304868698120117 1.1047627925872802734 0.32513195276260375977 0.090822502970695495605 0 0 0 0
1.3225219249725341797 1.3038197755813598633 1.4653705358505249023 1.620343327522277832 1.7665435075759887695 0.93237417936325073242 1.2257763147354125977 1.1913509368896484375 1.1262605190277099609 1.1270012855529785156 0.92311882972717285156 0.87622058391571044922 1.5215307474136352539 1.7528759241104125977 1.5275108814239501953 1.7026028633117675781 1.9164118766784667969 2.4769430160522460938 2.6510720252990722656 2.5206036567687988281 2.4605705738067626953 1.7785037755966186523 1.0174119472503662109 0.72327768802642822266 0.30255898833274841309 0.10505042225122451782 0.22160302102565765381 1.0612992048263549805 1.17429351806640625 1.0693939924240112305 3.7491486072540283203 3.6903281211853027344 2.0105183124542236328 1.3378125429153442383 1.3079781532287597656 1.2347964048385620117 0.38211351633071899414 0.11577204614877700806 0.46125280857086181641 1.5108100175857543945 1.2050118446350097656 1.0559475421905517578 0.89188593626022338867 0.74838167428970336914 0.31691527366638183594 0.058980081230401992798
1.9507983922958374023 1.7655873298645019531 1.2784426212310791016 1.1316463947296142578 1.4005334377288818359 1.8172906637191772461 1.6652410030364990234 1.7356296777725219727 1.6956365108489990234 1.4046648740768432617 2.0547747611999511719 1.9418849945068359375 2.1063835620880126953 2.1161823272705078125 1.6748435497283935547 1.3208887577056884766 1.6307572126388549805 2.1558051109313964844 2.5013952255249023438 3.011363983154296875 2.2077014446258544922 1.5519706010818481445 0.4450257718563079834 0.080840438604354858398 0.023081226274371147156 0 0.01645323634147644043 0.44176653027534484863 0.64896905422210693359 1.2418782711029052734 2.9943163394927978516 1.5675565004348754883 2.17241668701171875 2.5300617218017578125 1.6670558452606201172 0.14974282681941986084 0.95664829015731811523 1.1547058820724487305 0.90737169981002807617 0.63334816694259643555 2.1965990066528320312 1.6411621570587158203 2.1242196559906005859 2.1786303520202636719 1.1113382577896118164 0.0079765757545828819275
2.1802442073822021484 1.9806082248687744141 1.4028447866439819336 1.2077163457870483398 1.4584120512008666992 1.9775054454803466797 1.5967475175857543945 1.4892562627792358398 1.568205714225769043 1.825207829475402832 2.0273914337158203125 1.9289010763168334961 1.8541595935821533203 1.8349082469940185547 1.7766166925430297852 1.6314833164215087891 1.7364647388458251953 2.1396999359130859375 2.4405798912048339844 2.8240408897399902344 2.0076596736907958984 1.4884818792343139648 0.47133868932723999023 0.1065629422664642334 0 0 0 0.21910248696804046631 0.37918514013290405273 1.0544704198837280273 2.6097891330718994141 1.7973743677139282227 2.4043934345245361328 2.6365931034088134766 1.7940100431442260742 0.69280970096588134766 1.2793374061584472656 1.3240360021591186523 1.0466524362564086914 0.64774763584136962891 1.8175257444381713867 1.740665435791015625 2.0934205055236816406 1.9564542770385742188 0.74919909238815307617 0
2.0345258712768554688 2.1450357437133789062 1.9330604076385498047 1.8570983409881591797 2.079555511474609375 2.1537327766418457031 1.3605974912643432617 1.3757550716400146484 1.7228277921676635742 2.3490595817565917969 1.805070042610168457 2.1148355007171630859 1.8568060398101806641 1.8332209587097167969 2.3750314712524414062 1.9990639686584472656 2.1306188106536865234 2.4474174976348876953 2.5083644390106201172 2.1940071582794189453 1.7683069705963134766 1.8831262588500976562 1.0525603294372558594 0.59505885839462280273 0.21782453358173370361 0.03674985840916633606 0.010800394229590892792 0 0.041659176349639892578 0.59852892160415649414 2.1031043529510498047 2.8464591503143310547 2.7688510417938232422 2.4545676708221435547 1.8599300384521484375 1.8503327369689941406 1.7344220876693725586 1.5251936912536621094 1.3227064609527587891 0.84239810705184936523 0.89238160848617553711 1.6144857406616210938 1.6241369247436523438 1.3111131191253662109 0.5732949376106262207 0.53610593080520629883
