gis/20m/LAI_conif.asc
ncols        511
nrows        572
xllcorner    726766.000000000000
yllcorner    7127230.000000000000
cellsize     20.000000000000
NODATA_value -9999
[rows 189 to 209 of 572, columns 235 to 281 of 511]
2.9473357200622558594 2.6558537483215332031 2.3275380134582519531 1.536112666130065918 1.7185765504837036133 2.8109068870544433594 3.5788502693176269531 3.6189007759094238281 3.1512382030487060547 2.6229534149169921875 2.7235944271087646484 2.6267559528350830078 2.5804011821746826172 2.6091701984405517578 2.700107574462890625 2.9802427291870117188 3.1382112503051757812 2.9980397224426269531 1.8846247196197509766 0 0 0 0 0.71993625164031982422 2.8438858985900878906 3.5751545429229736328 3.46572113037109375 3.5643925666809082031 4.3454227447509765625 4.837558746337890625 3.7492358684539794922 2.7276577949523925781 2.47565460205078125 2.3991341590881347656 2.4908614158630371094 2.6681094169616699219 2.9448220729827880859 3.2055990695953369141 3.6975202560424804688 3.5942714214324951172 3.8200805187225341797 3.6414003372192382812 3.5044543743133544922 3.1153280735015869141 2.5304780006408691406 2.5810692310333251953 2.4647064208984375
2.4239435195922851562 2.4750335216522216797 2.4679942131042480469 2.3035855293273925781 2.3637061119079589844 2.3903636932373046875 2.971218109130859375 3.2507939338684082031 3.4979572296142578125 3.52031707763671875 3.1411175727844238281 2.8398928642272949219 2.7979373931884765625 2.9704365730285644531 3.3437073230743408203 3.5172710418701171875 3.2152338027954101562 2.3273067474365234375 0 0 0 0 0 0.57428562641143798828 2.2685382366180419922 3.2531602382659912109 3.1608331203460693359 3.1050298213958740234 3.6031422615051269531 4.390228271484375 3.9352040290832519531 2.7536692619323730469 2.4597065448760986328 2.5906481742858886719 2.6980028152465820312 2.8176538944244384766 3.4739108085632324219 3.7630167007446289062 4.0180888175964355469 3.9703092575073242188 4.0698451995849609375 3.6905112266540527344 3.6306014060974121094 3.5495266914367675781 2.8876166343688964844 2.6347622871398925781 2.5086028575897216797
1.9405537843704223633 2.1245603561401367188 2.2484874725341796875 2.4042677879333496094 2.6442263126373291016 2.4263763427734375 2.6889576911926269531 2.8569011688232421875 3.1853508949279785156 3.7653379440307617188 3.3577921390533447266 2.8605751991271972656 2.7861700057983398438 3.0537776947021484375 3.4064569473266601562 1.7555230855941772461 1.0698822736740112305 0.77442085742950439453 0 0 0 0.82728374004364013672 1.188752293586730957 1.6246057748794555664 2.1513001918792724609 3.2110452651977539062 3.3378243446350097656 3.1500039100646972656 2.9549946784973144531 3.3696999549865722656 3.3132965564727783203 2.5323877334594726562 2.3791751861572265625 2.6954073905944824219 2.893115997314453125 2.8784251213073730469 3.0940313339233398438 3.4313638210296630859 4.2020659446716308594 4.2812929153442382812 4.1741471290588378906 3.7394900321960449219 3.6660132408142089844 3.7210707664489746094 3.5339634418487548828 3.0791902542114257812 2.6972455978393554688
1.8180875778198242188 1.8546097278594970703 2.0519053936004638672 2.5846090316772460938 2.8137145042419433594 2.5962378978729248047 2.304798126220703125 2.3274683952331542969 2.9025087356567382812 3.7235455513000488281 3.6168818473815917969 3.0899379253387451172 3.0204675197601318359 3.2275662422180175781 2.8848917484283447266 0.73591315746307373047 0 0.16372284293174743652 0.73495042324066162109 0.95593571662902832031 1.0702630281448364258 1.3653966188430786133 1.5575959682464599609 1.9134187698364257812 2.0281903743743896484 2.9141483306884765625 3.3797326087951660156 3.2699632644653320312 2.8581461906433105469 3.0635814666748046875 2.7820658683776855469 2.1282706260681152344 2.0816082954406738281 2.537044525146484375 2.7770352363586425781 2.8679711818695068359 2.7462749481201171875 3.0425820350646972656 4.1415572166442871094 4.5741510391235351562 4.3468728065490722656 3.9446821212768554688 3.850734710693359375 3.8592138290405273438 3.8407425880432128906 3.6079735755920410156 3.2017800807952880859
1.9507579803466796875 1.7884972095489501953 1.9659800529479980469 2.6482548713684082031 2.8389077186584472656 2.7427725791931152344 2.1809239387512207031 2.1236145496368408203 2.7944881916046142578 3.5877275466918945312 3.720355987548828125 3.2752275466918945312 3.2085900306701660156 3.3165001869201660156 2.6305050849914550781 0.90195620059967041016 0.30595672130584716797 0.52295011281967163086 1.2482863664627075195 1.4323019981384277344 1.479648590087890625 1.3846654891967773438 1.4761365652084350586 1.9117579460144042969 2.0748791694641113281 2.7848498821258544922 3.4014463424682617188 3.3875117301940917969 3.0701961517333984375 3.3107395172119140625 2.7013342380523681641 2.171245574951171875 2.1821379661560058594 2.5353989601135253906 2.6005997657775878906 2.6529958248138427734 2.580455780029296875 2.9013109207153320312 4.057842254638671875 4.6040697097778320312 4.3684282302856445312 4.0239586830139160156 3.9154851436614990234 3.8301205635070800781 3.7938687801361083984 3.7549698352813720703 3.4659667015075683594
2.3941011428833007812 1.7404723167419433594 1.7598552703857421875 2.5694637298583984375 2.8741085529327392578 3.0680596828460693359 2.2016634941101074219 1.9765632152557373047 2.5581889152526855469 3.283771514892578125 3.8650481700897216797 3.658512115478515625 3.5498371124267578125 3.4586997032165527344 2.8370885848999023438 2.1244425773620605469 1.690372467041015625 1.7362549304962158203 1.9368680715560913086 1.5250498056411743164 0.88824498653411865234 1.1330562829971313477 1.5653120279312133789 2.4018299579620361328 2.4166924953460693359 2.7686614990234375 3.6320397853851318359 3.77465057373046875 3.6245946884155273438 4.0215167999267578125 2.7646536827087402344 2.9682347774505615234 3.2034330368041992188 3.0668280124664306641 2.3229584693908691406 1.6545430421829223633 2.1175603866577148438 2.7249307632446289062 3.9730739593505859375 4.3632726669311523438 4.194927215576171875 4.0511102676391601562 3.9130702018737792969 3.6134738922119140625 3.6026871204376220703 3.7294912338256835938 3.7459468841552734375
2.7924132347106933594 1.9564327001571655273 1.7743566036224365234 2.2093698978424072266 2.7949802875518798828 2.9551403522491455078 2.3735897541046142578 2.1782248020172119141 2.4808204174041748047 3.1012666225433349609 3.8904933929443359375 3.6991863250732421875 3.5685951709747314453 3.596160888671875 3.3600444793701171875 2.441120147705078125 1.1273285150527954102 1.0097314119338989258 1.7506253719329833984 1.9409821033477783203 0.92730408906936645508 0.93658328056335449219 1.2878568172454833984 2.0410630702972412109 2.199817657470703125 2.5046169757843017578 3.6868343353271484375 4.0103383064270019531 3.9467921257019042969 3.987407684326171875 2.3782181739807128906 2.339122772216796875 2.7238373756408691406 3.1964273452758789062 2.6527421474456787109 1.44118499755859375 1.9445950984954833984 2.58941650390625 3.7530992031097412109 4.1101145744323730469 4.2670202255249023438 4.4346790313720703125 4.3369541168212890625 3.8769280910491943359 3.6063137054443359375 3.7386143207550048828 3.6699185371398925781
2.76665496826171875 2.0954961776733398438 1.8768419027328491211 2.0506649017333984375 2.5032258033752441406 2.7018270492553710938 2.5122084617614746094 2.3028671741485595703 2.1789033412933349609 2.9683623313903808594 3.8489317893981933594 3.7031912803649902344 3.4079244136810302734 2.8131997585296630859 2.2876989841461181641 1.8447835445404052734 1.2057791948318481445 1.2958101034164428711 2.2870573997497558594 2.928874969482421875 1.6963667869567871094 1.0242720842361450195 1.0716475248336791992 1.6207435131072998047 2.0688478946685791016 2.3202624320983886719 2.6424169540405273438 2.8247036933898925781 3.1381826400756835938 3.1708407402038574219 2.2814514636993408203 2.3276214599609375 2.5618224143981933594 2.8019175529479980469 2.4405179023742675781 1.7502065896987915039 2.9844837188720703125 3.5442714691162109375 3.8156809806823730469 3.6863796710968017578 3.8041744232177734375 4.00571441650390625 4.019802093505859375 3.8539378643035888672 3.6654961109161376953 3.8440678119659423828 3.7042722702026367188
2.4083604812622070312 2.1458482742309570312 2.0310075283050537109 1.9636533260345458984 2.2529573440551757812 2.5521388053894042969 2.7095394134521484375 2.5377314090728759766 2.1512262821197509766 2.8588857650756835938 3.8646466732025146484 4.1587357521057128906 3.7394855022430419922 2.2184085845947265625 1.3608776330947875977 1.2617902755737304688 1.7268719673156738281 2.2027254104614257812 3.2936103343963623047 3.7785222530364990234 2.4587154388427734375 1.486655116081237793 1.3465632200241088867 1.6979951858520507812 2.416286468505859375 2.1758344173431396484 2.1105203628540039062 2.4279246330261230469 3.3695349693298339844 3.4735708236694335938 2.9169793128967285156 2.4393544197082519531 2.2675786018371582031 2.0846874713897705078 2.1791481971740722656 2.6306052207946777344 3.4725170135498046875 3.58782958984375 3.2998967170715332031 3.2658910751342773438 3.3575291633605957031 3.7700433731079101562 3.8740162849426269531 3.8322935104370117188 3.7993113994598388672 3.9750866889953613281 3.8723607063293457031
2.2417290210723876953 2.1135909557342529297 2.0547492504119873047 1.9713512659072875977 2.2476668357849121094 2.5757303237915039062 2.7995519638061523438 2.6465353965759277344 2.2090773582458496094 2.7672824859619140625 3.7076666355133056641 4.29311370849609375 3.9266648292541503906 2.1721932888031005859 1.1431802511215209961 1.1078500747680664062 1.9383251667022705078 2.5615468025207519531 3.6843693256378173828 3.9866709709167480469 2.6984236240386962891 1.7480704784393310547 1.5974564552307128906 1.9071115255355834961 2.6266636848449707031 2.1101953983306884766 2.2096648216247558594 2.6738996505737304688 3.831600189208984375 4.0210003852844238281 3.3686881065368652344 2.5088624954223632812 2.1768496036529541016 1.9583613872528076172 2.3432793617248535156 3.1161084175109863281 3.4272532463073730469 3.3178966045379638672 3.0155310630798339844 3.1787595748901367188 3.242839813232421875 3.6772882938385009766 3.7925026416778564453 3.7981014251708984375 3.8754909038543701172 3.9470672607421875 3.8440546989440917969
2.3342471122741699219 2.0894789695739746094 1.9899564981460571289 2.0291473865509033203 2.4633531570434570312 2.7037854194641113281 2.8806157112121582031 2.7434151172637939453 2.2330696582794189453 2.3401668071746826172 2.8202714920043945312 3.7829785346984863281 3.8036184310913085938 2.5452418327331542969 1.1284549236297607422 1.07399749755859375 1.7332150936126708984 2.3576829433441162109 3.6925683021545410156 4.1084012985229492188 2.9497671127319335938 2.0623164176940917969 1.9776635169982910156 2.3590564727783203125 2.7702469825744628906 2.0098586082458496094 2.6655964851379394531 3.2599349021911621094 4.2572031021118164062 4.6128840446472167969 3.7171106338500976562 2.5205819606781005859 2.2393312454223632812 2.5488505363464355469 3.3668351173400878906 3.6665697097778320312 3.2963304519653320312 3.0875844955444335938 2.9946572780609130859 3.2430789470672607422 3.1731843948364257812 3.2964315414428710938 3.3771157264709472656 3.5864465236663818359 3.8757381439208984375 3.5525527000427246094 3.2811756134033203125
2.7321591377258300781 2.5072450637817382812 2.2891430854797363281 2.0263624191284179688 2.4238219261169433594 2.4962258338928222656 2.6589128971099853516 2.6598114967346191406 2.3594994544982910156 1.8931747674942016602 2.5485620498657226562 3.317111968994140625 3.5049231052398681641 3.02724456787109375 1.5460176467895507812 1.1839908361434936523 1.2958620786666870117 1.7263025045394897461 3.0962810516357421875 4.0184578895568847656 2.9789149761199951172 2.2646608352661132812 2.3028547763824462891 2.8910350799560546875 3.225215911865234375 2.416637420654296875 2.360569000244140625 2.5049753189086914062 2.7453029155731201172 2.7923431396484375 2.6870827674865722656 2.2985084056854248047 2.2199554443359375 2.4393203258514404297 2.7907929420471191406 3.340301513671875 3.4706449508666992188 3.4310388565063476562 3.3057265281677246094 3.1705672740936279297 3.0098156929016113281 3.2973499298095703125 3.3476109504699707031 3.2406551837921142578 3.3128743171691894531 3.1873636245727539062 2.9130585193634033203
2.5935673713684082031 2.5699961185455322266 2.4594755172729492188 2.2068245410919189453 2.3837077617645263672 2.5442526340484619141 2.6319854259490966797 2.6595883369445800781 2.5130865573883056641 1.8727428913116455078 2.5543189048767089844 3.0169770717620849609 3.2945566177368164062 3.5026540756225585938 2.2120280265808105469 1.4523400068283081055 1.244372248649597168 1.5308498144149780273 2.5695872306823730469 3.2387905120849609375 2.9158384799957275391 2.4088582992553710938 2.3347957134246826172 2.6224546432495117188 2.9594521522521972656 2.3482565879821777344 2.3325467109680175781 2.4930393695831298828 2.7107462882995605469 2.4949178695678710938 2.4370620250701904297 2.6086995601654052734 2.7459154129028320312 2.7785549163818359375 2.2585489749908447266 3.2560477256774902344 3.6427588462829589844 3.6361408233642578125 3.3889257907867431641 2.9449007511138916016 2.6713383197784423828 3.1150755882263183594 3.3291842937469482422 3.4698464870452880859 3.4361488819122314453 3.172199249267578125 2.8831191062927246094
2.4956071376800537109 2.4726877212524414062 2.5097546577453613281 2.6669888496398925781 2.6469259262084960938 2.6118047237396240234 2.5892617702484130859 2.6030786037445068359 2.4953255653381347656 1.9737331867218017578 2.3462328910827636719 2.7599174976348876953 3.1431279182434082031 3.7400465011596679688 2.8344092369079589844 1.7713608741760253906 1.2707294225692749023 1.4498941898345947266 2.3514761924743652344 3.0015654563903808594 3.1430542469024658203 2.9980630874633789062 2.862762451171875 2.5966229438781738281 2.4367759227752685547 2.0514342784881591797 2.5252408981323242188 2.8512632846832275391 3.0921027660369873047 2.6856441497802734375 2.4701201915740966797 2.7429158687591552734 3.0246295928955078125 3.33481597900390625 2.8272795677185058594 3.4052386283874511719 3.755062103271484375 3.7428307533264160156 3.4222359657287597656 3.0330209732055664062 2.9866685867309570312 3.1415331363677978516 3.2231869697570800781 3.3653712272644042969 3.5209672451019287109 3.5401821136474609375 3.4338729381561279297
2.4667520523071289062 2.3888208866119384766 2.447498321533203125 2.6362709999084472656 2.2863497734069824219 2.5343766212463378906 2.5669848918914794922 2.5514659881591796875 2.4505383968353271484 2.0792512893676757812 2.1666064262390136719 2.6094748973846435547 3.0442180633544921875 3.7527332305908203125 3.1324191093444824219 2.0252039432525634766 1.4247555732727050781 1.5809741020202636719 2.5270688533782958984 3.2574820518493652344 3.3136210441589355469 3.3026056289672851562 3.1859431266784667969 2.7157917022705078125 2.2629415988922119141 1.8512688875198364258 2.6101830005645751953 3.0338966846466064453 3.2646417617797851562 2.8067746162414550781 2.5196447372436523438 2.6216349601745605469 2.9110422134399414062 3.4335083961486816406 3.0916128158569335938 3.4908888339996337891 3.7724761962890625 3.7480876445770263672 3.4503705501556396484 3.1848714351654052734 3.2754430770874023438 3.2306275367736816406 3.2073121070861816406 3.3035511970520019531 3.5734806060791015625 3.6914324760437011719 3.69835662841796875
2.4101467132568359375 2.282562255859375 2.2217488288879394531 1.6377315521240234375 0 2.0789346694946289062 2.5296843051910400391 2.4461214542388916016 2.4789841175079345703 2.3460457324981689453 1.8502384424209594727 2.1173799037933349609 2.6311309337615966797 3.7912306785583496094 3.9059875011444091797 2.8524997234344482422 2.0088765621185302734 2.0859284400939941406 3.0877695083618164062 3.8952605724334716797 3.4333720207214355469 3.4782433509826660156 3.4281077384948730469 2.9035565853118896484 2.3727991580963134766 1.5071887969970703125 2.5643169879913330078 3.1334471702575683594 3.3202672004699707031 2.7261526584625244141 2.4352357387542724609 2.1089200973510742188 2.3098671436309814453 2.9001111984252929688 2.3839001655578613281 3.4611649513244628906 3.8733720779418945312 3.8515405654907226562 3.6760511398315429688 3.5447118282318115234 3.5863542556762695312 3.4302248954772949219 3.390102386474609375 3.5225701332092285156 3.8030376434326171875 3.574535369873046875 3.6523206233978271484
2.4427301883697509766 2.2826783657073974609 2.1867961883544921875 1.4844893217086791992 0 2.0788514614105224609 2.5287694931030273438 2.4852805137634277344 2.6336603164672851562 2.4561481475830078125 2.0700242519378662109 1.9007101058959960938 2.318737030029296875 3.7949368953704833984 4.209804534912109375 3.1983964443206787109 1.9438643455505371094 1.7564055919647216797 2.2905695438385009766 2.7841024398803710938 2.9746043682098388672 3.0944662094116210938 2.8799679279327392578 2.2827844619750976562 2.5609905719757080078 1.4969223737716674805 2.639530181884765625 3.4030690193176269531 3.9455623626708984375 3.1616322994232177734 2.5455620288848876953 2.1777238845825195312 2.2249970436096191406 2.3430917263031005859 1.8705232143402099609 3.4281949996948242188 4.2686800956726074219 4.29932403564453125 4.0492558479309082031 3.9654238224029541016 3.7276639938354492188 3.6106660366058349609 3.5824694633483886719 3.6690347194671630859 4.0044069290161132812 3.6298854351043701172 3.5549261569976806641
2.81304168701171875 2.4756503105163574219 2.3536007404327392578 1.9360383749008178711 1.0321660041809082031 0.93796324729919433594 0.80850315093994140625 0.79459881782531738281 1.2622420787811279297 2.5463786125183105469 2.3101441860198974609 1.7766572237014770508 1.9958024024963378906 3.3790135383605957031 4.0215048789978027344 3.3615331649780273438 2.0720860958099365234 1.7341932058334350586 1.9320116043090820312 2.3058698177337646484 2.5378239154815673828 2.9294586181640625 2.7495667934417724609 2.057682037353515625 2.5030145645141601562 1.9531064033508300781 2.72853851318359375 3.061168670654296875 2.9613938331604003906 2.47547149658203125 2.2997982501983642578 3.0864045619964599609 3.3517909049987792969 2.9219770431518554688 1.7163126468658447266 3.2073309421539306641 4.1453447341918945312 4.2773694992065429688 4.1403646469116210938 3.8757781982421875 3.7555370330810546875 3.7897768020629882812 3.7256686687469482422 3.6091437339782714844 3.9073429107666015625 3.4534442424774169922 3.5081846714019775391
3.2621626853942871094 2.8347334861755371094 2.7242732048034667969 2.36934661865234375 1.4519548416137695312 0.52069634199142456055 0.048885025084018707275 0 0.19695332646369934082 0.8254426121711730957 2.0982534885406494141 1.8285212516784667969 1.7868596315383911133 2.8109788894653320312 3.9660401344299316406 3.5821335315704345703 2.283840179443359375 1.8219931125640869141 1.7420408725738525391 2.0924346446990966797 2.5704011917114257812 3.0638537406921386719 2.8979189395904541016 2.1375658512115478516 2.3160498142242431641 2.2522511482238769531 2.6939992904663085938 2.6111342906951904297 1.7958846092224121094 1.3838881254196166992 1.3236591815948486328 2.2256233692169189453 2.4857447147369384766 2.110279083251953125 1.2948660850524902344 2.797374725341796875 3.8430242538452148438 4.0367598533630371094 4.07669830322265625 4.0721716880798339844 3.8898987770080566406 3.8274936676025390625 3.7499680519104003906 3.6087388992309570312 3.7703227996826171875 3.7443940639495849609 3.6132807731628417969
3.3580458164215087891 2.9848973751068115234 2.8928422927856445312 2.4946656227111816406 1.456702113151550293 0.62151980400085449219 0.084613338112831115723 0 0 0 1.954707026481628418 2.0257961750030517578 1.8804271221160888672 2.5209670066833496094 3.8345379829406738281 3.6985073089599609375 2.4557256698608398438 1.9412262439727783203 1.7129015922546386719 2.0069930553436279297 2.5960834026336669922 3.12361907958984375 2.9857153892517089844 2.2349109649658203125 2.1876044273376464844 2.2444820404052734375 2.6701922416687011719 2.5263631343841552734 1.5786917209625244141 1.1439964771270751953 1.1225019693374633789 1.7986478805541992188 2.0297043323516845703 1.9402734041213989258 1.5638606548309326172 2.8812634944915771484 3.7624623775482177734 3.9181303977966308594 3.992401123046875 4.1204080581665039062 3.938617706298828125 3.8430168628692626953 3.7806229591369628906 3.6752171516418457031 3.752849578857421875 3.9550037384033203125 3.7377791404724121094
3.1399760246276855469 3.0788159370422363281 3.0268044471740722656 2.6181781291961669922 1.7457181215286254883 0.89905810356140136719 0.1567433476448059082 0 0 0 1.6273688077926635742 2.5977175235748291016 2.4783396720886230469 2.0341753959655761719 3.1656599044799804688 3.9594066143035888672 3.0417470932006835938 2.3982715606689453125 1.6431585550308227539 1.5517864227294921875 2.1680550575256347656 2.8442430496215820312 2.8267312049865722656 2.2289302349090576172 1.9852335453033447266 2.0676634311676025391 2.8229451179504394531 2.9097583293914794922 2.3840794563293457031 2.1096014976501464844 2.4000382423400878906 2.8541269302368164062 3.1151571273803710938 3.5537652969360351562 3.6222643852233886719 3.9385745525360107422 3.9779047966003417969 3.9324028491973876953 3.84070587158203125 3.7977786064147949219 3.8357324600219726562 3.9791359901428222656 3.9966182708740234375 3.9156987667083740234 3.8566565513610839844 4.1304707527160644531 4.0770006179809570312
