gis/20m/LAI_conif.asc
ncols        511
nrows        572
xllcorner    726766.000000000000
yllcorner    7127230.000000000000
cellsize     20.000000000000
NODATA_value -9999
[rows 210 to 230 of 572, columns 282 to 328 of 511]
4.3049516677856445312 4.3007907867431640625 4.1414823532104492188 4.18747711181640625 4.6642608642578125 4.6944603919982910156 4.3769683837890625 4.2240996360778808594 4.5122728347778320312 4.3427762985229492188 4.2500219345092773438 4.1532559394836425781 4.0642490386962890625 4.1871166229248046875 4.1052522659301757812 4.199817657470703125 4.516246795654296875 4.5439596176147460938 4.4826269149780273438 3.9400284290313720703 3.4914093017578125 2.4569640159606933594 1.7673435211181640625 1.0868400335311889648 1.0073308944702148438 1.1022789478302001953 1.2781087160110473633 1.2990155220031738281 1.1530632972717285156 1.0598273277282714844 1.0119887590408325195 1.0484645366668701172 1.3050327301025390625 1.7424595355987548828 0.83407914638519287109 0.75782686471939086914 1.1712344884872436523 1.2851777076721191406 1.0115777254104614258 0.59050321578979492188 0.69081509113311767578 1.1476900577545166016 1.2795364856719970703 0.881927490234375 0.74280703067779541016 0.80352896451950073242 0.87243556976318359375
4.2587914466857910156 3.8493854999542236328 3.4355854988098144531 3.5647082328796386719 3.9991250038146972656 4.18715667724609375 4.307903289794921875 4.1228833198547363281 4.3760843276977539062 4.3953166007995605469 4.3134622573852539062 4.0636720657348632812 3.8644130229949951172 4.1109156608581542969 3.9719717502593994141 3.9602222442626953125 4.0785403251647949219 4.1119031906127929688 4.154876708984375 3.8838055133819580078 3.6764910221099853516 3.1419534683227539062 2.6326117515563964844 1.9912633895874023438 1.6801259517669677734 1.4987457990646362305 1.0815142393112182617 0.89060819149017333984 0.77374917268753051758 1.0106989145278930664 1.1189746856689453125 1.1754336357116699219 1.0791604518890380859 1.346951603889465332 0.988979339599609375 0.92049616575241088867 0.97605192661285400391 0.94604790210723876953 0.94957196712493896484 0.6788050532341003418 0.70603889226913452148 0.95286679267883300781 1.0667501688003540039 0.9850915074348449707 0.70363587141036987305 0.75686740875244140625 0.92845785617828369141
4.0403547286987304688 3.6275506019592285156 3.4615311622619628906 3.5396077632904052734 3.6854643821716308594 3.8173089027404785156 4.0206775665283203125 3.9080591201782226562 3.9143161773681640625 4.2307424545288085938 4.2658543586730957031 4.0213451385498046875 3.7316768169403076172 4.0038542747497558594 3.8282001018524169922 3.6934499740600585938 3.5819938182830810547 3.7162954807281494141 3.9892878532409667969 3.8922812938690185547 3.7860355377197265625 3.4361128807067871094 2.9608507156372070312 2.8030192852020263672 2.9499821662902832031 2.8484845161437988281 2.2569856643676757812 1.686862945556640625 1.4712599515914916992 1.8869760036468505859 1.9100812673568725586 1.4061849117279052734 0.73442304134368896484 0.86863356828689575195 0.93792742490768432617 0.92724639177322387695 0.80366778373718261719 0.62622976303100585938 0.72961866855621337891 0.72694379091262817383 0.72754961252212524414 0.81832832098007202148 0.98332351446151733398 1.4255049228668212891 1.2642621994018554688 1.0957254171371459961 0.84609353542327880859
3.9181332588195800781 3.6671471595764160156 3.6873087882995605469 3.6467847824096679688 3.5498943328857421875 3.6033420562744140625 3.7869334220886230469 3.7498722076416015625 3.6849949359893798828 4.1090245246887207031 4.2075085639953613281 4.0319657325744628906 3.7372531890869140625 3.9838304519653320312 3.8185069561004638672 3.6661908626556396484 3.5161061286926269531 3.6876194477081298828 4.0100870132446289062 3.9555978775024414062 3.8410792350769042969 3.4529678821563720703 2.9771447181701660156 3.0981731414794921875 3.4296700954437255859 3.4254877567291259766 2.9879765510559082031 2.4046356678009033203 2.0901317596435546875 2.2831749916076660156 2.2207322120666503906 1.5411386489868164062 0.66314744949340820312 0.70447337627410888672 0.82078212499618530273 0.84292393922805786133 0.75704693794250488281 0.58189946413040161133 0.65630537271499633789 0.75850707292556762695 0.76516562700271606445 0.90641748905181884766 1.2720550298690795898 1.7840579748153686523 1.6784273386001586914 1.429369807243347168 0.94694906473159790039
3.7384305000305175781 3.8463714122772216797 3.9416446685791015625 3.5825715065002441406 2.9031605720520019531 2.8353161811828613281 3.1823251247406005859 3.4462108612060546875 3.5336461067199707031 3.94756317138671875 4.0918912887573242188 4.0902705192565917969 3.8547558784484863281 3.9973499774932861328 3.9612588882446289062 3.9148769378662109375 3.8998596668243408203 4.0204405784606933594 4.15531158447265625 4.1553955078125 4.0382342338562011719 3.6380686759948730469 3.29956817626953125 3.6569228172302246094 3.6797478199005126953 3.6736040115356445312 3.6549773216247558594 3.5536470413208007812 2.9592249393463134766 2.2160143852233886719 2.1058504581451416016 1.8104941844940185547 0.96002846956253051758 0.71574044227600097656 0.61616587638854980469 0.64313334226608276367 0.73054152727127075195 0.7431595921516418457 0.74876296520233154297 0.8191464543342590332 0.84455287456512451172 1.334092259407043457 2.3476839065551757812 2.5032866001129150391 2.2156975269317626953 2.0465869903564453125 1.5443971157073974609
3.5590147972106933594 3.7558856010437011719 3.8237249851226806641 3.54831695556640625 2.5956768989562988281 2.3657438755035400391 2.7617194652557373047 3.6584963798522949219 3.7499303817749023438 3.9101874828338623047 4.0266218185424804688 4.1333475112915039062 3.9065756797790527344 3.8110446929931640625 4.0496311187744140625 4.1527891159057617188 4.2527790069580078125 4.3018846511840820312 4.2656865119934082031 4.1242809295654296875 4.0643391609191894531 3.93675994873046875 3.7798702716827392578 3.9297580718994140625 4.0223131179809570312 3.9650559425354003906 3.7131633758544921875 3.5122592449188232422 2.6002936363220214844 2.2311115264892578125 2.1683263778686523438 1.9226725101470947266 1.5072896480560302734 1.297753453254699707 0.87967252731323242188 0.77780956029891967773 0.78130739927291870117 0.86213248968124389648 0.87577199935913085938 0.55134224891662597656 0.6046765446662902832 1.1380575895309448242 1.6888241767883300781 2.2567131519317626953 1.7397772073745727539 1.5465172529220581055 1.2946760654449462891
3.9373683929443359375 3.9082713127136230469 3.6651959419250488281 3.4363915920257568359 3.0208802223205566406 2.8365840911865234375 2.8588421344757080078 3.4698495864868164062 3.9228456020355224609 4.2175240516662597656 4.2638573646545410156 4.1903057098388671875 4.0090460777282714844 3.8337101936340332031 3.9118952751159667969 4.0088315010070800781 4.1805682182312011719 4.2214636802673339844 4.0451402664184570312 4.0903611183166503906 4.0879378318786621094 3.8706560134887695312 3.5025615692138671875 3.2888798713684082031 3.4976146221160888672 3.5175108909606933594 3.2295746803283691406 2.8112359046936035156 2.5704407691955566406 2.5870723724365234375 2.4853677749633789062 2.3178224563598632812 2.5566225051879882812 2.5914299488067626953 2.1891694068908691406 1.8024880886077880859 1.1498949527740478516 1.1302155256271362305 1.0749738216400146484 0.70758366584777832031 0.65763008594512939453 0.80272567272186279297 0.96988850831985473633 1.1998572349548339844 1.0943596363067626953 0.99005490541458129883 0.87787586450576782227
4.1455426216125488281 4.1031279563903808594 3.8797905445098876953 3.8614373207092285156 3.6710572242736816406 3.3264040946960449219 2.8643536567687988281 3.5891261100769042969 4.157470703125 4.3608050346374511719 4.3156743049621582031 4.1441707611083984375 4.0769114494323730469 3.7628295421600341797 3.7721965312957763672 3.8577640056610107422 4.0154476165771484375 4.0396394729614257812 3.9669709205627441406 4.1432933807373046875 3.9979729652404785156 3.3054893016815185547 2.7693836688995361328 2.9111058712005615234 3.044994354248046875 3.1060018539428710938 3.0842852592468261719 2.8381700515747070312 2.5272505283355712891 2.5160336494445800781 2.528553009033203125 2.5962078571319580078 2.7663719654083251953 3.1207823753356933594 3.0913596153259277344 2.8474688529968261719 2.3868317604064941406 2.4346127510070800781 1.86286163330078125 1.1358768939971923828 0.96906429529190063477 0.86191630363464355469 0.77386212348937988281 0.81085526943206787109 0.7546837925910949707 0.66140162944793701172 0.5579833984375
4.1645936965942382812 4.1370649337768554688 4.0184493064880371094 4.0277881622314453125 3.870311737060546875 3.5018138885498046875 2.9470682144165039062 3.6369967460632324219 4.1547794342041015625 4.3181681632995605469 4.2503466606140136719 4.0595617294311523438 4.0408182144165039062 3.7222933769226074219 3.7515687942504882812 3.8481171131134033203 3.9972355365753173828 3.9690046310424804688 3.8697469234466552734 4.0859079360961914062 3.8667016029357910156 3.0010168552398681641 2.5395071506500244141 2.9080815315246582031 2.9372580051422119141 2.985382080078125 3.0742268562316894531 2.9342532157897949219 2.6223561763763427734 2.4911661148071289062 2.5164554119110107422 2.6166319847106933594 2.6446559429168701172 2.9943664073944091797 3.1216943264007568359 3.0498523712158203125 2.9011697769165039062 2.9766840934753417969 2.3541896343231201172 1.6724696159362792969 1.4615793228149414062 1.1419038772583007812 0.86253726482391357422 0.8412634730339050293 0.7248623967170715332 0.63485312461853027344 0.53002274036407470703
4.1997423171997070312 4.0565943717956542969 4.1189627647399902344 3.9238355159759521484 3.8512210845947265625 3.6866483688354492188 3.3207793235778808594 3.4281589984893798828 3.8499207496643066406 4.1249194145202636719 4.0644068717956542969 3.8123521804809570312 3.8309741020202636719 3.7427883148193359375 3.8448488712310791016 3.9687261581420898438 4.1059322357177734375 3.9046723842620849609 3.3008356094360351562 3.6517767906188964844 3.4798703193664550781 2.7665410041809082031 2.7878136634826660156 3.0881626605987548828 2.9368770122528076172 2.9164004325866699219 2.9298734664916992188 2.7640061378479003906 3.0855078697204589844 2.83040618896484375 2.6616854667663574219 2.5098772048950195312 2.6156570911407470703 2.4769320487976074219 2.6036579608917236328 2.7409689426422119141 2.9674272537231445312 2.9788980484008789062 3.0948650836944580078 3.2892627716064453125 3.0766086578369140625 2.1432726383209228516 1.3041412830352783203 0.95409023761749267578 0.73702132701873779297 0.68505263328552246094 0.64333450794219970703
4.3075857162475585938 4.1229715347290039062 4.3639736175537109375 4.3318853378295898438 3.8914601802825927734 3.56073760986328125 3.1134817600250244141 3.3337955474853515625 3.86855316162109375 4.107280731201171875 4.0026683807373046875 3.7034969329833984375 3.7636544704437255859 3.9014377593994140625 3.9840505123138427734 3.9588472843170166016 3.8265759944915771484 3.7266693115234375 2.8094668388366699219 3.3932461738586425781 3.3840756416320800781 2.9156103134155273438 3.0582838058471679688 3.1916165351867675781 3.1263973712921142578 3.0969612598419189453 3.0862600803375244141 3.0861845016479492188 3.1029539108276367188 2.8453249931335449219 2.6880354881286621094 2.4975728988647460938 2.5475592613220214844 2.1129148006439208984 2.3737771511077880859 2.5002293586730957031 2.6585712432861328125 2.8101065158843994141 3.0506048202514648438 3.4017992019653320312 3.4043416976928710938 3.0571951866149902344 2.6125273704528808594 1.5929064750671386719 0.93249911069869995117 0.74903798103332519531 0.56335806846618652344
4.4025549888610839844 4.1602396965026855469 4.1917223930358886719 4.2620487213134765625 4.038021087646484375 3.7448434829711914062 3.2998118400573730469 3.6254694461822509766 3.7417097091674804688 4.05138397216796875 4.0971245765686035156 4.0239272117614746094 4.0307140350341796875 4.154613494873046875 4.226978302001953125 4.18170166015625 4.0378937721252441406 4.0183529853820800781 3.2057785987854003906 3.4375934600830078125 3.3612270355224609375 2.9381489753723144531 3.0137360095977783203 3.3598237037658691406 3.5399994850158691406 3.5045909881591796875 3.3180336952209472656 3.2021913528442382812 2.9309291839599609375 2.8693938255310058594 2.8409688472747802734 2.7788019180297851562 2.7905580997467041016 2.2252392768859863281 2.2427620887756347656 2.3707833290100097656 2.68573760986328125 2.9295430183410644531 3.135547637939453125 3.3486046791076660156 3.3722767829895019531 3.2478060722351074219 3.0454664230346679688 2.7759697437286376953 2.1289203166961669922 1.7370276451110839844 1.0074748992919921875
4.4436979293823242188 4.3484015464782714844 4.2500166893005371094 4.4420609474182128906 4.3330073356628417969 4.0724139213562011719 3.6421093940734863281 3.9410195350646972656 3.7545423507690429688 4.0297369956970214844 4.1318612098693847656 4.2218885421752929688 4.3680949211120605469 4.3207263946533203125 4.268138885498046875 4.232860565185546875 4.1926832199096679688 4.2408876419067382812 3.9372460842132568359 3.6117191314697265625 3.5821046829223632812 3.4927587509155273438 3.0882930755615234375 3.3132228851318359375 3.7003631591796875 3.7733287811279296875 3.5846714973449707031 3.2018001079559326172 2.7820322513580322266 2.6023666858673095703 2.7924962043762207031 3.1793432235717773438 2.9806146621704101562 2.6277174949645996094 2.4394166469573974609 2.4734883308410644531 2.7651429176330566406 3.1215801239013671875 3.2315440177917480469 3.2638330459594726562 3.2834863662719726562 3.3544542789459228516 3.4230875968933105469 3.6200144290924072266 3.3918938636779785156 3.2337360382080078125 2.8609976768493652344
4.4416589736938476562 4.4322657585144042969 4.3107147216796875 4.4944200515747070312 4.4654545783996582031 4.2515974044799804688 3.8436942100524902344 4.0471615791320800781 3.8173654079437255859 3.9903042316436767578 4.0777554512023925781 4.2162079811096191406 4.4200468063354492188 4.3367657661437988281 4.2329668998718261719 4.2162003517150878906 4.2370672225952148438 4.2584123611450195312 4.1672883033752441406 3.7491023540496826172 3.7780809402465820312 3.8036797046661376953 3.1250541210174560547 3.2934272289276123047 3.7341055870056152344 3.8442714214324951172 3.6746087074279785156 3.2271573543548583984 2.7336785793304443359 2.5638332366943359375 2.8178143501281738281 3.3009500503540039062 3.02664947509765625 2.7753098011016845703 2.5763278007507324219 2.5691027641296386719 2.7840456962585449219 3.1333358287811279297 3.2465000152587890625 3.2349362373352050781 3.2443094253540039062 3.3494706153869628906 3.4924063682556152344 3.8380310535430908203 3.7425243854522705078 3.7002277374267578125 3.5767693519592285156
4.3948984146118164062 4.4675312042236328125 4.3829226493835449219 4.3817887306213378906 4.6688871383666992188 4.6119322776794433594 4.218944549560546875 4.1169533729553222656 3.9964268207550048828 3.8836007118225097656 3.9336705207824707031 4.1682353019714355469 4.3052353858947753906 4.36590576171875 4.2965650558471679688 4.3282980918884277344 4.3874230384826660156 4.2084169387817382812 4.1351656913757324219 4.1155114173889160156 4.2390065193176269531 4.1616892814636230469 3.2811858654022216797 3.4032263755798339844 3.8120570182800292969 3.8696331977844238281 3.7045528888702392578 3.5236425399780273438 2.8157305717468261719 3.0170273780822753906 3.2002861499786376953 3.3088335990905761719 3.081695556640625 2.7946779727935791016 2.720859527587890625 2.710926055908203125 2.7597355842590332031 2.9100136756896972656 3.1604509353637695312 3.2019171714782714844 3.2026953697204589844 3.2758502960205078125 3.4129691123962402344 4.0684733390808105469 3.8315804004669189453 3.6359639167785644531 3.3458893299102783203
4.2314286231994628906 4.4732089042663574219 4.6540727615356445312 4.6039328575134277344 4.9784426689147949219 4.8949785232543945312 4.2876882553100585938 3.9988765716552734375 4.1826977729797363281 4.1339502334594726562 4.2030320167541503906 4.4847559928894042969 4.5872178077697753906 4.6166009902954101562 4.6573243141174316406 4.715824127197265625 4.7101697921752929688 4.402492523193359375 4.2559099197387695312 4.4476199150085449219 4.5385098457336425781 4.4313669204711914062 4.0005135536193847656 3.2880830764770507812 3.3950519561767578125 3.434589385986328125 3.5300121307373046875 3.9262840747833251953 3.4258124828338623047 3.4604015350341796875 3.4774885177612304688 3.3418745994567871094 3.1442618370056152344 3.0058455467224121094 2.8956379890441894531 2.8679041862487792969 2.8419089317321777344 2.8309683799743652344 2.9898631572723388672 3.0990624427795410156 3.1386442184448242188 3.2241835594177246094 3.3012766838073730469 3.7192056179046630859 3.7347767353057861328 3.3787412643432617188 2.6409420967102050781
4.1003131866455078125 4.3734598159790039062 4.4946031570434570312 4.5349664688110351562 5.1055922508239746094 5.0680761337280273438 4.3577480316162109375 3.8209986686706542969 4.0282163619995117188 4.12410736083984375 4.2149515151977539062 4.4754080772399902344 4.6251468658447265625 4.6786012649536132812 4.5576062202453613281 4.5962529182434082031 4.6814265251159667969 4.446414947509765625 4.2343587875366210938 4.4698171615600585938 4.6027741432189941406 4.6229658126831054688 4.3453130722045898438 3.6633963584899902344 3.4083876609802246094 3.3484158515930175781 3.4994757175445556641 4.0602965354919433594 3.7554140090942382812 3.4240317344665527344 3.3598108291625976562 3.3073549270629882812 3.1973428726196289062 3.0548858642578125 2.9853801727294921875 2.9598858356475830078 2.9093461036682128906 2.8814716339111328125 3.0198903083801269531 3.1762118339538574219 3.1939988136291503906 3.2209887504577636719 3.3295798301696777344 3.5856716632843017578 3.6133627891540527344 3.2486529350280761719 2.3585138320922851562
3.9755496978759765625 4.207157135009765625 4.5368137359619140625 4.6627497673034667969 5.0149455070495605469 4.7916941642761230469 3.8841266632080078125 3.6073660850524902344 3.646678924560546875 3.9432861804962158203 4.0839800834655761719 4.3030872344970703125 4.4613270759582519531 4.5806188583374023438 4.5478987693786621094 4.5224781036376953125 4.4683117866516113281 4.3852324485778808594 4.140666961669921875 4.2887501716613769531 4.4410986900329589844 4.6415996551513671875 4.5665903091430664062 4.2954268455505371094 3.3113720417022705078 3.1558322906494140625 3.3757245540618896484 3.4839143753051757812 3.6179690361022949219 3.2937631607055664062 3.1924729347229003906 3.1634654998779296875 3.1712937355041503906 3.1243920326232910156 3.089176177978515625 3.0573167800903320312 2.9771022796630859375 2.9283118247985839844 3.0183768272399902344 3.1594939231872558594 3.165264129638671875 3.2017939090728759766 3.3830943107604980469 3.5778264999389648438 3.5924661159515380859 3.4495329856872558594 2.933502197265625
3.9365520477294921875 4.1042051315307617188 4.477245330810546875 4.7286052703857421875 4.9552359580993652344 4.6341772079467773438 3.6647839546203613281 3.5706326961517333984 3.5576214790344238281 3.9015026092529296875 4.0341062545776367188 4.17476654052734375 4.2932529449462890625 4.4696736335754394531 4.5151181221008300781 4.4635772705078125 4.3297872543334960938 4.3069615364074707031 4.0735878944396972656 4.159702301025390625 4.2955532073974609375 4.5394754409790039062 4.5656681060791015625 4.5373144149780273438 3.4711151123046875 3.2295675277709960938 3.2675557136535644531 3.2236051559448242188 3.4343242645263671875 3.2030036449432373047 3.1191878318786621094 3.1023035049438476562 3.1405363082885742188 3.1450870037078857422 3.1333603858947753906 3.1062798500061035156 3.02465057373046875 2.9623181819915771484 3.0426404476165771484 3.1455488204956054688 3.1494920253753662109 3.19866180419921875 3.3772153854370117188 3.5758585929870605469 3.6153955459594726562 3.5854399204254150391 3.3037955760955810547
3.8795387744903564453 3.9296748638153076172 4.0831999778747558594 4.6944928169250488281 4.9381604194641113281 4.5899982452392578125 3.6594288349151611328 3.6838865280151367188 3.7391207218170166016 3.9384102821350097656 3.9648003578186035156 3.9098980426788330078 3.9229583740234375 4.1956019401550292969 4.2822422981262207031 4.2090411186218261719 4.0359320640563964844 4.0700049400329589844 3.9485111236572265625 3.9548087120056152344 4.0199923515319824219 4.2215390205383300781 4.3868231773376464844 4.5979671478271484375 4.3831677436828613281 3.9244973659515380859 3.1130068302154541016 3.3412964344024658203 3.3170595169067382812 3.1152391433715820312 3.0688683986663818359 3.0799126625061035156 3.0979170799255371094 3.1603136062622070312 3.2109127044677734375 3.1972262859344482422 3.1223173141479492188 3.0654125213623046875 3.1537778377532958984 3.1924085617065429688 3.1999084949493408203 3.2246136665344238281 3.2624599933624267578 3.4592649936676025391 3.6379511356353759766 3.6904027462005615234 3.6424348354339599609
3.8067662715911865234 4.0293288230895996094 4.2300777435302734375 4.5936303138732910156 4.819210052490234375 4.5074381828308105469 3.6672406196594238281 3.7809190750122070312 3.7169327735900878906 3.5365228652954101562 3.5471286773681640625 3.7432701587677001953 3.8879234790802001953 4.0140504837036132812 4.1081953048706054688 3.9835326671600341797 3.6936697959899902344 3.8224136829376220703 3.9395558834075927734 3.8843374252319335938 3.9391698837280273438 4.1406993865966796875 4.1838021278381347656 4.2126536369323730469 4.7604470252990722656 4.4477338790893554688 3.4618768692016601562 3.5944247245788574219 3.8495860099792480469 3.4249911308288574219 3.2364430427551269531 3.0787205696105957031 3.0810656547546386719 3.2230353355407714844 3.2618622779846191406 3.1748170852661132812 3.0181884765625 3.1054277420043945312 3.1094565391540527344 3.2562329769134521484 3.2893357276916503906 3.2553389072418212891 3.1831040382385253906 3.3706166744232177734 3.5804378986358642578 3.7117085456848144531 3.8858144283294677734
