gis/20m/LAI_spruce.asc
ncols        511
nrows        572
xllcorner    726766.000000000000
yllcorner    7127230.000000000000
cellsize     20.000000000000
NODATA_value -9999
[rows 336 to 356 of 572, columns 138 to 183 of 511]
0.59804511070251464844 0.40345564484596252441 0.41574105620384216309 0.57276672124862670898 0.64200419187545776367 0.54284739494323730469 0.51481813192367553711 0.23901422321796417236 0.054655827581882476807 0.06913115084171295166 0.21822342276573181152 0 0.017391253262758255005 0.16044771671295166016 0.26778644323348999023 0.41211205720901489258 0.1107511371374130249 0.28099268674850463867 0.62283051013946533203 0.95210671424865722656 1.8172637224197387695 0.72138017416000366211 1.0240170955657958984 0.87466001510620117188 0.78435862064361572266 1.145111083984375 1.1430145502090454102 0.38580900430679321289 0 0 0.25832483172416687012 1.5575023889541625977 1.3368247747421264648 1.0415861606597900391 1.0868737697601318359 1.7979177236557006836 1.9913282394409179688 2.3033742904663085938 1.9143211841583251953 1.6122915744781494141 1.2652862071990966797 0.50612539052963256836 0.76933085918426513672 1.2763401269912719727 1.4500914812088012695 1.3800351619720458984
0.5194161534309387207 0.088359318673610687256 0.43878322839736938477 0.48652446269989013672 0.4260520637035369873 0.53550064563751220703 0.28366416692733764648 0.10124967247247695923 0 0.0096557829529047012329 0.056647263467311859131 0 0 0.12169212102890014648 0.24008266627788543701 0.52638095617294311523 0.46664631366729736328 0.53470116853713989258 0.56661224365234375 0.64454597234725952148 1.0763478279113769531 1.0502961874008178711 0.77673494815826416016 0.59829741716384887695 0.71079421043395996094 1.3855315446853637695 1.3142788410186767578 0.6107476353645324707 0.084911204874515533447 0 0.14011302590370178223 0.84477496147155761719 0.58901005983352661133 0.3938808143138885498 0.42511019110679626465 0.82106035947799682617 1.2049286365509033203 0.99546974897384643555 0.80645537376403808594 0.79244428873062133789 0.90375614166259765625 0.80117624998092651367 1.6006717681884765625 2.2488167285919189453 2.2573053836822509766 1.6887968778610229492
0.37352928519248962402 0.21967788040637969971 0.53542929887771606445 0.52425444126129150391 0.43360412120819091797 0.48681908845901489258 0.19099102914333343506 0.068171389400959014893 0 0 0 0 0 0.1721801459789276123 0.30452677607536315918 0.52262204885482788086 0.50395113229751586914 0.66151177883148193359 0.64111721515655517578 0.68452203273773193359 1.2655256986618041992 1.504603266716003418 1.220118403434753418 1.1605846881866455078 1.2692624330520629883 1.5910943746566772461 1.5518066883087158203 0.90900683403015136719 0.28814306855201721191 0.13392525911331176758 0.16124641895294189453 0.43620470166206359863 0.31147789955139160156 0.2536124885082244873 0.26766094565391540527 0.39418768882751464844 0.72593927383422851562 0.70002216100692749023 0.70177745819091796875 0.73703312873840332031 0.86128646135330200195 0.81724774837493896484 1.362658381462097168 1.9530165195465087891 1.9568935632705688477 1.2406553030014038086
0.19889570772647857666 0.70944505929946899414 0.73565053939819335938 0.58126902580261230469 0.47452545166015625 0.38209778070449829102 0.23707374930381774902 0.084619916975498199463 0 0 0 0 0 0.30698576569557189941 0.48093640804290771484 0.5047206878662109375 0.38963872194290161133 0.71829491853713989258 0.8906428217887878418 1.0405843257904052734 1.9383577108383178711 2.3402838706970214844 2.2999536991119384766 2.2646691799163818359 2.1350753307342529297 1.5111745595932006836 1.6018368005752563477 1.1376808881759643555 0.54145187139511108398 0.34680289030075073242 0.28027015924453735352 0.25520303845405578613 0.32175526022911071777 0.53501778841018676758 0.63379371166229248047 0.68851125240325927734 0.73125100135803222656 1.1181732416152954102 1.1439650058746337891 1.0791513919830322266 1.0944062471389770508 0.8485406041145324707 0.4735558927059173584 0.65382486581802368164 0.69443875551223754883 0.082006640732288360596
-9999 -9999 0.6810728907585144043 0.36125856637954711914 0.19584982097148895264 0.40808907151222229004 0.50705325603485107422 0.18098506331443786621 0 0 0 0 0 0.32649269700050354004 0.52085202932357788086 0.58548849821090698242 0.38719576597213745117 0.57132190465927124023 0.98446857929229736328 1.197316288948059082 1.5586782693862915039 2.1613452434539794922 1.9391368627548217773 1.3430771827697753906 1.0093152523040771484 0.59038633108139038086 0.72483402490615844727 0.35461986064910888672 0.11640180647373199463 0.093651831150054931641 0.17064577341079711914 0.49657285213470458984 0.30799391865730285645 0.64770555496215820312 1.00708770751953125 1.6825236082077026367 1.5397880077362060547 1.5040144920349121094 1.1382699012756347656 1.0446836948394775391 1.3783181905746459961 1.26787567138671875 0.7524611353874206543 0.50876277685165405273 0.47892865538597106934 0.27680248022079467773
-9999 -9999 -9999 -9999 0.16390204429626464844 0.15026035904884338379 0.30054581165313720703 0.23098400235176086426 0.15929999947547912598 0.12240598350763320923 0.046259265393018722534 0.23962080478668212891 0.36575120687484741211 0.52913141250610351562 0.57806938886642456055 0.53026986122131347656 0.33761426806449890137 0.4323984682559967041 0.79107785224914550781 0.92800027132034301758 0.83549964427947998047 1.1109054088592529297 1.0408257246017456055 0.98215436935424804688 0.94376224279403686523 0.80531769990921020508 0.81936168670654296875 0.55267423391342163086 0.5049285888671875 0.51649343967437744141 0.3354988396167755127 0.26955452561378479004 0.19966277480125427246 0.57408678531646728516 0.84661215543746948242 1.2381200790405273438 1.4915052652359008789 1.5359793901443481445 1.4218314886093139648 1.3651735782623291016 1.3529949188232421875 1.089223027229309082 0.80016738176345825195 1.1618189811706542969 1.3754822015762329102 1.0622359514236450195
-9999 -9999 -9999 -9999 -9999 -9999 -9999 -9999 0.40367543697357177734 0.40430361032485961914 0.35328826308250427246 0.34330475330352783203 0.34284010529518127441 0.53469544649124145508 0.63648366928100585938 0.53971815109252929688 0.065514273941516876221 0.58837974071502685547 0.8421421051025390625 0.80204272270202636719 0.72102141380310058594 1.0830137729644775391 1.1033110618591308594 1.4062511920928955078 1.5016906261444091797 1.2335647344589233398 1.3714789152145385742 1.1323883533477783203 1.1554280519485473633 1.1262574195861816406 0.55485188961029052734 0.29602259397506713867 0.40803763270378112793 0.80622297525405883789 0.98689293861389160156 1.0900936126708984375 1.3361858129501342773 1.5044932365417480469 1.4954454898834228516 1.4421178102493286133 1.3155908584594726562 0.92283028364181518555 0.88789361715316772461 1.0363223552703857422 1.0851504802703857422 0.92037123441696166992
-9999 -9999 -9999 -9999 -9999 -9999 -9999 -9999 -9999 0.41559910774230957031 0.45528516173362731934 0.38626834750175476074 0.38001927733421325684 0.50288534164428710938 0.57832038402557373047 0.5419686436653137207 0.11256197839975357056 0.50439417362213134766 0.72662550210952758789 0.73030829429626464844 0.74893236160278320312 0.95621877908706665039 0.98749136924743652344 1.3227163553237915039 1.4418798685073852539 1.2153760194778442383 1.2980661392211914062 1.0705363750457763672 1.1768870353698730469 1.1851400136947631836 0.6366354823112487793 0.54017329216003417969 0.68924319744110107422 1.0124152898788452148 1.1366307735443115234 1.1656498908996582031 1.2901912927627563477 1.4536876678466796875 1.4507514238357543945 1.3641546964645385742 1.0972784757614135742 0.87525397539138793945 0.88918071985244750977 0.81202995777130126953 0.76836931705474853516 0.75294780731201171875
-9999 -9999 -9999 -9999 -9999 -9999 -9999 -9999 -9999 0.26206547021865844727 -9999 -9999 -9999 -9999 -9999 0.49093717336654663086 0.36332109570503234863 0.30107122659683227539 0.40133503079414367676 0.503620147705078125 0.6343860626220703125 0.41031056642532348633 0.46938997507095336914 0.67450737953186035156 0.75798112154006958008 0.72806829214096069336 0.76131445169448852539 0.77204382419586181641 0.82709383964538574219 0.80234467983245849609 0.59718060493469238281 0.83647805452346801758 1.0253623723983764648 1.2180296182632446289 1.2820817232131958008 1.3327376842498779297 1.2185913324356079102 1.3004555702209472656 1.3009697198867797852 1.1538364887237548828 0.57915800809860229492 0.72215616703033447266 0.71073824167251586914 0.44148278236389160156 0.37241157889366149902 0.57992905378341674805
-9999 -9999 -9999 -9999 -9999 -9999 -9999 -9999 -9999 -9999 -9999 -9999 -9999 -9999 -9999 0.39217138290405273438 0.33490931987762451172 0.54693812131881713867 0.40982452034950256348 0.28707924485206604004 0.31095603108406066895 0.1569636613130569458 0.29211267828941345215 0.32807371020317077637 0.28033140301704406738 0.20594017207622528076 0.63622277975082397461 1.140257716178894043 0.65391170978546142578 0.28111922740936279297 0.30442985892295837402 0.31417152285575866699 0.6025492548942565918 0.91983109712600708008 1.0549721717834472656 1.2624557018280029297 1.1056991815567016602 1.1657612323760986328 1.1976752281188964844 1.0822387933731079102 0.51782548427581787109 0.4584598541259765625 0.39234068989753723145 0.39885687828063964844 0.4623979032039642334 0.61919879913330078125
-9999 -9999 -9999 -9999 -9999 -9999 -9999 -9999 -9999 -9999 -9999 -9999 -9999 -9999 -9999 -9999 -9999 0.52914798259735107422 0.67476111650466918945 0.62605059146881103516 0.23798032104969024658 0.42964375019073486328 0.40875235199928283691 0.41778665781021118164 0.45992305874824523926 0.63142126798629760742 0.65498554706573486328 0.61443620920181274414 0.41998291015625 0.30317467451095581055 0.184309348464012146 0.3160515129566192627 0.45646452903747558594 0.59668833017349243164 0.64572453498840332031 0.80016350746154785156 1.2134631872177124023 1.2060009241104125977 0.92943155765533447266 0.74781972169876098633 0.48147484660148620605 0.32036304473876953125 0.33014652132987976074 0.32211819291114807129 0.3752021491527557373 0.62964308261871337891
-9999 -9999 -9999 -9999 -9999 -9999 -9999 -9999 -9999 -9999 -9999 -9999 -9999 -9999 -9999 -9999 -9999 0.27424603700637817383 0.52216130495071411133 0.68519228696823120117 0.68991601467132568359 0.50034308433532714844 0.4452539980411529541 0.33660936355590820312 0.3144607245922088623 0.44072037935256958008 0.57067477703094482422 0.50742763280868530273 0.47590461373329162598 0.42804533243179321289 0.32978400588035583496 1.0637353658676147461 0.70442354679107666016 0.49356994032859802246 0.48027178645133972168 0.54168641567230224609 0.78189677000045776367 0.90198808908462524414 0.73864334821701049805 0.57351607084274291992 0.29961743950843811035 0.28701293468475341797 0.40997806191444396973 0.4683017730712890625 0.49429845809936523438 0.59745562076568603516
-9999 -9999 -9999 -9999 -9999 -9999 -9999 -9999 -9999 -9999 -9999 -9999 -9999 -9999 -9999 -9999 -9999 0.2679049074649810791 0.47649785876274108887 0.63216775655746459961 0.70180839300155639648 0.43505507707595825195 0.45407307147979736328 0.36522969603538513184 0.32527261972427368164 0.40312251448631286621 0.50156664848327636719 -9999 0.47822308540344238281 0.45662483572959899902 0.32013279199600219727 0.92654275894165039062 0.63459509611129760742 0.47741335630416870117 0.46412298083305358887 0.48222267627716064453 0.7487589716911315918 0.84195429086685180664 0.78643137216567993164 0.66186219453811645508 0.31013128161430358887 0.33541455864906311035 0.43142881989479064941 0.50036442279815673828 0.51802110671997070312 0.54088151454925537109
-9999 -9999 -9999 -9999 -9999 -9999 -9999 -9999 -9999 -9999 -9999 -9999 -9999 -9999 -9999 -9999 -9999 0.47665452957153320312 0.59399759769439697266 0.62346529960632324219 0.51801240444183349609 0.45981249213218688965 0.57203638553619384766 0.51884758472442626953 0.48285460472106933594 0.56256556510925292969 -9999 -9999 -9999 -9999 -9999 -9999 0.3258349299430847168 0.36830240488052368164 0.39527538418769836426 0.54406172037124633789 1.2230126857757568359 1.1168235540390014648 0.94592142105102539062 0.80364447832107543945 0.40286540985107421875 0.39547422528266906738 0.42318275570869445801 0.4411506354808807373 0.43859156966209411621 0.43360388278961181641
-9999 -9999 -9999 -9999 -9999 -9999 -9999 -9999 -9999 -9999 -9999 -9999 -9999 -9999 -9999 -9999 -9999 -9999 0.8205763697624206543 0.8487002253532409668 0.63930469751358032227 0.8610718846321105957 0.80475068092346191406 0.58726418018341064453 -9999 -9999 -9999 -9999 -9999 -9999 -9999 -9999 0.35033017396926879883 0.17403911054134368896 0.24011754989624023438 0.81028598546981811523 1.8896416425704956055 1.6541353464126586914 0.90058910846710205078 0.5484682917594909668 0.33784946799278259277 0.28087112307548522949 0.41448584198951721191 0.35056602954864501953 0.3140328526496887207 0.43964108824729919434
-9999 -9999 -9999 -9999 -9999 -9999 -9999 -9999 -9999 -9999 -9999 -9999 -9999 -9999 -9999 -9999 -9999 -9999 1.1975349187850952148 1.2602456808090209961 0.66923576593399047852 1.5175831317901611328 1.1189330816268920898 -9999 -9999 -9999 -9999 -9999 -9999 -9999 -9999 -9999 0.85694223642349243164 0.80846410989761352539 0.74795812368392944336 0.90296912193298339844 1.4702297449111938477 0.98704469203948974609 0.42923453450202941895 0.28614881634712219238 0.33055192232131958008 0.24279695749282836914 0.33982321619987487793 0.42274522781372070312 0.43840003013610839844 0.43247446417808532715
-9999 -9999 -9999 -9999 -9999 -9999 -9999 -9999 -9999 -9999 -9999 -9999 -9999 -9999 -9999 -9999 -9999 -9999 0.9303080439567565918 1.0256702899932861328 1.1288561820983886719 -9999 -9999 -9999 -9999 -9999 -9999 -9999 -9999 -9999 -9999 -9999 1.006239771842956543 1.3333494663238525391 1.4184184074401855469 1.3928371667861938477 0.96440786123275756836 0.67543596029281616211 0.51791805028915405273 0.50220495462417602539 0.44796741008758544922 0.36341455578804016113 0.32807189226150512695 0.39188754558563232422 0.41644629836082458496 0.35538369417190551758
-9999 -9999 -9999 -9999 -9999 -9999 -9999 -9999 -9999 -9999 -9999 -9999 -9999 -9999 -9999 -9999 -9999 -9999 -9999 -9999 -9999 -9999 -9999 -9999 -9999 -9999 -9999 -9999 -9999 -9999 -9999 -9999 -9999 1.3204044103622436523 1.4503321647644042969 1.4391158819198608398 0.8686205744743347168 0.61021697521209716797 0.52743232250213623047 0.5317668914794921875 0.43970674276351928711 0.3774071037769317627 0.28186422586441040039 0.2898032069206237793 0.32734417915344238281 0.38128772377967834473
-9999 -9999 -9999 -9999 -9999 -9999 -9999 -9999 -9999 -9999 -9999 -9999 -9999 -9999 -9999 -9999 -9999 -9999 -9999 -9999 -9999 -9999 -9999 -9999 -9999 -9999 -9999 -9999 -9999 -9999 -9999 -9999 -9999 1.1692708730697631836 1.2394840717315673828 1.0237368345260620117 0.6918538212776184082 0.49780818819999694824 0.4227174222469329834 0.41932076215744018555 0.35013169050216674805 0.31141817569732666016 0.20486661791801452637 0.088033474981784820557 0.10728795826435089111 0.35104534029960632324
-9999 -9999 -9999 -9999 -9999 -9999 -9999 -9999 -9999 -9999 -9999 -9999 -9999 -9999 -9999 -9999 -9999 -9999 -9999 -9999 -9999 -9999 -9999 -9999 -9999 -9999 -9999 -9999 -9999 -9999 -9999 -9999 -9999 -9999 1.2650588750839233398 0.42391678690910339355 0.29208597540855407715 0.39230430126190185547 0.38288190960884094238 0.35414129495620727539 0.33405536413192749023 0.24926602840423583984 0.27170145511627197266 0.090939305722713470459 0 0.063616767525672912598
-9999 -9999 -9999 -9999 -9999 -9999 -9999 -9999 -9999 -9999 -9999 -9999 -9999 -9999 -9999 -9999 -9999 -9999 -9999 -9999 -9999 -9999 -9999 -9999 -9999 -9999 -9999 -9999 -9999 -9999 -9999 -9999 -9999 1.2525113821029663086 1.2008913755416870117 0.41726699471473693848 0.35084524750709533691 0.35236394405364990234 0.34777444601058959961 0.35356169939041137695 0.37795165181159973145 0.30653369426727294922 0.35013955831527709961 0.23075833916664123535 0.13471640646457672119 0.012049049139022827148
