gis/20m/LAI_pine.asc
ncols        511
nrows        572
xllcorner    726766.000000000000
yllcorner    7127230.000000000000
cellsize     20.000000000000
NODATA_value -9999
[rows 440 to 459 of 572, columns 276 to 321 of 511]
2.1673314571380615234 1.8572428226470947266 1.2211322784423828125 1.5389351844787597656 1.4722090959548950195 1.3674471378326416016 1.3452643156051635742 1.4736598730087280273 1.7905319929122924805 1.7462345361709594727 1.2452791929244995117 1.1259238719940185547 1.0860421657562255859 0.86420619487762451172 1.1529388427734375 0.92507755756378173828 0.93765008449554443359 1.1847025156021118164 1.1974309682846069336 1.5833622217178344727 1.2958008050918579102 1.0703431367874145508 0.7338187098503112793 0.63396102190017700195 0.94134187698364257812 1.4563654661178588867 1.2573870420455932617 0.4506848752498626709 0.29656061530113220215 0.31884995102882385254 0.6399733424186706543 0.79230260848999023438 0.82042169570922851562 0.49205416440963745117 0.58145117759704589844 0.7509867548942565918 0.67145425081253051758 0.40766683220863342285 0.40484037995338439941 1.5573976039886474609 2.1526017189025878906 2.2634289264678955078 2.3354747295379638672 2.3230919837951660156 1.5384724140167236328 2.4120066165924072266
1.7736071348190307617 1.5397180318832397461 1.2239540815353393555 1.4981184005737304688 1.4861814975738525391 1.3466694355010986328 1.3829475641250610352 1.5392071008682250977 1.4295790195465087891 1.6316213607788085938 1.7323219776153564453 1.7186367511749267578 1.4437959194183349609 0.9133078455924987793 1.3688405752182006836 2.0957677364349365234 1.9920742511749267578 1.4639642238616943359 1.8170703649520874023 1.6104055643081665039 1.4385393857955932617 1.2464293241500854492 1.0088961124420166016 1.3846422433853149414 1.233723759651184082 1.4915677309036254883 1.5094896554946899414 1.1122123003005981445 0.50365728139877319336 0.32844334840774536133 0.60546648502349853516 0.60961312055587768555 0.50591331720352172852 0.67812639474868774414 0.79260045289993286133 1.577685236930847168 1.5611579418182373047 1.2624957561492919922 1.6204179525375366211 1.7960745096206665039 1.9809321165084838867 1.8912998437881469727 1.6689850091934204102 1.7838736772537231445 1.3370269536972045898 1.725087285041809082
2.1208608150482177734 1.784157872200012207 1.3009170293807983398 1.2648830413818359375 1.4826239347457885742 1.6056115627288818359 1.6172946691513061523 1.667525172233581543 1.8363341093063354492 1.6870046854019165039 1.2278603315353393555 1.1215256452560424805 1.0166335105895996094 0.67628979682922363281 0.83087849617004394531 1.4582979679107666016 1.4954384565353393555 1.3384321928024291992 1.7125763893127441406 1.529101252555847168 1.5209720134735107422 1.5181553363800048828 1.5138696432113647461 1.5848199129104614258 1.3881123065948486328 1.565156102180480957 1.6898363828659057617 1.5178231000900268555 0.74034970998764038086 0.65987896919250488281 0.49874651432037353516 0.48607662320137023926 0.78301668167114257812 1.3482397794723510742 2.1259036064147949219 2.7510533332824707031 2.6706664562225341797 2.0177426338195800781 1.4983352422714233398 1.4122415781021118164 1.6617209911346435547 1.7625557184219360352 1.6959871053695678711 1.3665647506713867188 2.2106418609619140625 1.5600771903991699219
1.7851421833038330078 1.6625691652297973633 1.4417338371276855469 1.3472735881805419922 1.5267388820648193359 1.8745442628860473633 1.8400589227676391602 1.5846613645553588867 1.739361882209777832 1.5664174556732177734 1.1058733463287353516 0.95730066299438476562 0.90119683742523193359 0.96910297870635986328 1.1565986871719360352 1.7126358747482299805 1.6808545589447021484 1.3804273605346679688 1.6886320114135742188 1.2981696128845214844 1.1979415416717529297 1.3327200412750244141 1.6464592218399047852 1.6179221868515014648 1.4886623620986938477 1.5768141746520996094 1.6149898767471313477 1.428292393684387207 0.94847887754440307617 0.80439448356628417969 0.67350840568542480469 0.69452065229415893555 1.0203338861465454102 1.5337002277374267578 2.0233471393585205078 2.2354042530059814453 2.1520483493804931641 1.7425657510757446289 1.3600587844848632812 1.3443545103073120117 1.4993757009506225586 1.4744534492492675781 1.3385182619094848633 1.3446180820465087891 2.2663228511810302734 1.5780235528945922852
1.0043926239013671875 1.2734127044677734375 1.6621893644332885742 1.5939849615097045898 1.7322051525115966797 2.026432037353515625 1.9057497978210449219 1.4482378959655761719 1.5819458961486816406 1.4168670177459716797 1.1581348180770874023 1.0437372922897338867 1.0624942779541015625 1.46484375 1.5950721502304077148 2.0065095424652099609 1.9123532772064208984 1.5443712472915649414 1.8522956371307373047 1.0911436080932617188 0.74772202968597412109 1.0718986988067626953 1.8598990440368652344 1.6357760429382324219 1.7377972602844238281 1.8761610984802246094 1.7595041990280151367 1.3299412727355957031 1.1332998275756835938 0.83950835466384887695 0.99637115001678466797 1.1723703145980834961 1.5160901546478271484 1.676791071891784668 1.6641541719436645508 1.2985798120498657227 1.3176643848419189453 1.5929757356643676758 1.6635048389434814453 1.5046603679656982422 1.4975507259368896484 1.3311079740524291992 1.0880507230758666992 1.4039947986602783203 1.7594078779220581055 1.4624613523483276367
0.74169534444808959961 1.0560761690139770508 1.6824043989181518555 1.7033069133758544922 1.9446073770523071289 1.6770868301391601562 1.5254632234573364258 1.4793032407760620117 1.7237647771835327148 1.5057394504547119141 1.3621164560317993164 1.3730834722518920898 -9999 -9999 -9999 1.5764260292053222656 1.6072040796279907227 1.6455701589584350586 2.1108050346374511719 1.3154720067977905273 0.86688023805618286133 1.2054545879364013672 2.0171458721160888672 1.6141517162322998047 1.9171918630599975586 2.3425195217132568359 2.2235312461853027344 1.502694249153137207 0.97159862518310546875 0.63985610008239746094 1.0352472066879272461 1.372593998908996582 1.8079576492309570312 1.647669672966003418 1.7777440547943115234 1.4569830894470214844 1.622023463249206543 2.2556843757629394531 2.3986895084381103516 1.7934855222702026367 1.8053879737854003906 1.8010022640228271484 1.625664830207824707 1.4402089118957519531 1.1108338832855224609 1.2103329896926879883
0.53054827451705932617 0.72967898845672607422 1.3721436262130737305 1.3706254959106445312 1.493044734001159668 1.6660585403442382812 1.5984576940536499023 1.3949638605117797852 1.597584843635559082 1.6407705545425415039 -9999 -9999 -9999 -9999 -9999 -9999 1.636156916618347168 1.8436232805252075195 2.4753458499908447266 1.1907919645309448242 1.0454766750335693359 1.4042402505874633789 2.1005425453186035156 1.9828331470489501953 2.0270032882690429688 1.6897411346435546875 1.6528193950653076172 1.6862474679946899414 1.4645352363586425781 1.0282039642333984375 1.7490254640579223633 1.7300356626510620117 1.4029918909072875977 1.8722916841506958008 2.0871639251708984375 2.160709381103515625 2.0242900848388671875 1.7601960897445678711 1.8904021978378295898 1.7972835302352905273 1.1836488246917724609 1.1836414337158203125 1.5885374546051025391 1.7974991798400878906 1.4243260622024536133 1.6592700481414794922
0.75554966926574707031 0.70406866073608398438 0.6719296574592590332 0.68767786026000976562 1.0051245689392089844 1.3450065851211547852 1.4516617059707641602 1.5753757953643798828 1.6598174571990966797 1.533308863639831543 -9999 -9999 -9999 -9999 -9999 -9999 1.5529105663299560547 1.8122186660766601562 2.1223964691162109375 1.5445357561111450195 0.92098253965377807617 1.2082930803298950195 2.1698474884033203125 2.0657544136047363281 1.5729272365570068359 1.2361737489700317383 1.3638973236083984375 1.7296488285064697266 1.5716309547424316406 1.3883540630340576172 1.1916792392730712891 1.314678192138671875 1.7399576902389526367 1.8588604927062988281 2.1730208396911621094 2.2341885566711425781 2.1548159122467041016 1.9734866619110107422 1.9515485763549804688 1.1862840652465820312 1.8619040250778198242 1.845755457878112793 1.2860896587371826172 1.1230052709579467773 0.71874380111694335938 1.1512092351913452148
0.80785900354385375977 0.72804802656173706055 0.55413222312927246094 0.56056869029998779297 0.74980306625366210938 1.1583731174468994141 1.360724329948425293 1.6215857267379760742 1.6208896636962890625 1.4612979888916015625 1.4467263221740722656 -9999 -9999 -9999 -9999 -9999 1.7291873693466186523 1.8839801549911499023 1.9156018495559692383 1.5169092416763305664 1.1131950616836547852 1.3929526805877685547 -9999 -9999 1.5493533611297607422 1.5005393028259277344 1.6265951395034790039 1.7643877267837524414 1.5550420284271240234 1.5474377870559692383 1.3041441440582275391 1.3505955934524536133 1.6010456085205078125 1.6042535305023193359 1.830094456672668457 2.0589222908020019531 2.0407276153564453125 1.876963496208190918 1.81737518310546875 1.2628618478775024414 1.7166258096694946289 1.7306253910064697266 1.3570318222045898438 1.1416566371917724609 1.0338636636734008789 1.2908195257186889648
0.7327410578727722168 0.6959807276725769043 0.53571134805679321289 0.47039827704429626465 0.60897558927536010742 0.87066668272018432617 1.1259171962738037109 1.6943700313568115234 1.8727170228958129883 1.552779078483581543 1.5755047798156738281 -9999 -9999 -9999 -9999 -9999 -9999 1.9595147371292114258 -9999 -9999 -9999 -9999 -9999 -9999 1.900178074836730957 1.8569861650466918945 1.8945029973983764648 1.8366597890853881836 1.6498130559921264648 1.7814861536026000977 1.6308741569519042969 1.6166538000106811523 1.6284774541854858398 1.4836795330047607422 1.2227749824523925781 1.5921387672424316406 1.7248264551162719727 1.6966021060943603516 1.4933661222457885742 1.3967456817626953125 1.3392891883850097656 1.4645068645477294922 1.6395088434219360352 1.3711743354797363281 1.6662364006042480469 1.5916101932525634766
0.56506758928298950195 0.59279733896255493164 0.59360408782958984375 0.445461273193359375 0.87835288047790527344 0.77950531244277954102 0.93458479642868041992 1.752875208854675293 2.3810968399047851562 1.8315874338150024414 1.6121485233306884766 1.7034560441970825195 -9999 -9999 -9999 -9999 -9999 -9999 -9999 -9999 -9999 -9999 -9999 -9999 -9999 1.6595184803009033203 1.6099383831024169922 1.8709683418273925781 1.8506368398666381836 1.8535424470901489258 1.6721605062484741211 1.804798126220703125 2.1231610774993896484 1.8996784687042236328 1.1234264373779296875 1.2870360612869262695 1.5344088077545166016 1.7325894832611083984 1.3522861003875732422 1.236033320426940918 1.3315969705581665039 1.5515389442443847656 1.8171151876449584961 1.4666494131088256836 1.662493586540222168 1.5517188310623168945
0.79471355676651000977 0.73520553112030029297 0.55356043577194213867 0.55776751041412353516 0.68424975872039794922 0.6403929591178894043 0.87864696979522705078 1.547495722770690918 1.5053148269653320312 1.4158616065979003906 1.9258292913436889648 1.9769225120544433594 1.7734420299530029297 -9999 -9999 -9999 -9999 -9999 -9999 -9999 -9999 -9999 -9999 -9999 -9999 1.8417651653289794922 1.7822260856628417969 1.7137928009033203125 1.6406587362289428711 1.610482335090637207 1.5418354272842407227 1.4108552932739257812 1.5339413881301879883 2.4416220188140869141 1.5817399024963378906 0.80037331581115722656 1.0442885160446166992 1.7187095880508422852 1.2752139568328857422 1.0164622068405151367 1.4684336185455322266 1.6754454374313354492 1.7634769678115844727 1.536907196044921875 1.6493178606033325195 1.8075464963912963867
0.87203109264373779297 0.7575359344482421875 0.59057831764221191406 0.68746602535247802734 0.54121005535125732422 0.62560385465621948242 0.82081043720245361328 1.310900568962097168 1.5081621408462524414 0.95568424463272094727 1.7549109458923339844 1.9995762109756469727 2.0493249893188476562 -9999 -9999 -9999 -9999 -9999 -9999 -9999 -9999 -9999 -9999 -9999 -9999 -9999 1.8470784425735473633 2.2728707790374755859 2.0046665668487548828 1.5995438098907470703 1.5145500898361206055 1.4994207620620727539 1.633790135383605957 2.0498631000518798828 1.9405494928359985352 1.2474766969680786133 1.1104056835174560547 1.1291744709014892578 1.041637420654296875 1.4274677038192749023 2.0253500938415527344 2.0352151393890380859 1.8368313312530517578 1.9371423721313476562 1.9541250467300415039 1.5519989728927612305
0.84751164913177490234 0.77152502536773681641 0.69666409492492675781 0.76033711433410644531 0.61737412214279174805 0.5922260284423828125 0.70154803991317749023 1.0667830705642700195 1.3056315183639526367 1.0947710275650024414 -9999 1.9891583919525146484 1.8994278907775878906 2.1776773929595947266 -9999 -9999 -9999 -9999 -9999 -9999 -9999 -9999 -9999 -9999 -9999 -9999 -9999 2.0861806869506835938 2.0588424205780029297 1.6887800693511962891 1.8425381183624267578 -9999 -9999 -9999 -9999 1.2254720926284790039 1.1042066812515258789 1.1337575912475585938 1.0717872381210327148 1.808415532112121582 2.0399045944213867188 1.934491276741027832 1.6798603534698486328 1.7001708745956420898 1.7287720441818237305 1.2892005443572998047
0.8153660893440246582 0.77393281459808349609 0.78622108697891235352 0.73348706960678100586 0.65314131975173950195 -9999 0.54268270730972290039 0.76602119207382202148 0.96002119779586791992 -9999 -9999 -9999 -9999 -9999 -9999 -9999 -9999 -9999 -9999 -9999 -9999 -9999 -9999 -9999 -9999 -9999 -9999 -9999 -9999 -9999 -9999 -9999 -9999 -9999 -9999 -9999 1.5199646949768066406 1.6340299844741821289 1.7724868059158325195 2.14014434814453125 1.6829628944396972656 1.5375956296920776367 1.4766063690185546875 1.4239432811737060547 1.1372294425964355469 0.92614644765853881836
0.83731377124786376953 0.74645072221755981445 0.68694484233856201172 0.55480873584747314453 0.49696674942970275879 0.4836693108081817627 -9999 -9999 -9999 -9999 -9999 -9999 -9999 -9999 -9999 -9999 -9999 -9999 -9999 -9999 -9999 -9999 -9999 -9999 -9999 -9999 -9999 -9999 -9999 -9999 -9999 -9999 -9999 -9999 -9999 2.3249552249908447266 2.2025692462921142578 2.2233242988586425781 2.7081327438354492188 1.8784662485122680664 1.2544220685958862305 1.2628540992736816406 1.5548355579376220703 1.6637227535247802734 0.84572416543960571289 0.90639901161193847656
0.72474139928817749023 0.65401601791381835938 0.55686277151107788086 0.70736432075500488281 0.65197634696960449219 0.63360810279846191406 -9999 -9999 -9999 -9999 -9999 -9999 -9999 -9999 -9999 -9999 -9999 -9999 -9999 -9999 -9999 -9999 -9999 -9999 -9999 -9999 -9999 -9999 -9999 -9999 -9999 -9999 -9999 -9999 -9999 1.0087150335311889648 0.81038743257522583008 0.70372867584228515625 0.68482559919357299805 1.4030541181564331055 1.0588754415512084961 1.0106592178344726562 1.4578346014022827148 2.0861537456512451172 1.015316009521484375 0.49495151638984680176
0.87255573272705078125 0.87967169284820556641 0.86658072471618652344 0.97664064168930053711 0.63087224960327148438 0.65742880105972290039 -9999 -9999 -9999 -9999 -9999 -9999 -9999 -9999 -9999 -9999 -9999 -9999 -9999 -9999 -9999 -9999 -9999 -9999 -9999 -9999 -9999 -9999 -9999 -9999 -9999 -9999 -9999 -9999 -9999 -9999 0.8071829676628112793 0.51558804512023925781 0.40736246109008789062 1.5218322277069091797 2.4176244735717773438 2.2717831134796142578 1.6022727489471435547 1.5705132484436035156 0.59724295139312744141 0.17166204750537872314
0.89956384897232055664 -9999 0.84280294179916381836 0.94438493251800537109 -9999 -9999 -9999 -9999 -9999 -9999 -9999 -9999 -9999 -9999 -9999 -9999 -9999 -9999 -9999 -9999 -9999 -9999 -9999 -9999 -9999 -9999 -9999 -9999 -9999 -9999 -9999 -9999 -9999 -9999 -9999 -9999 -9999 0.51740241050720214844 0.44737088680267333984 -9999 2.3709435462951660156 2.3268535137176513672 1.8108878135681152344 1.7871009111404418945 0.68044197559356689453 0.36750391125679016113
-9999 -9999 -9999 -9999 -9999 -9999 -9999 -9999 -9999 -9999 -9999 -9999 -9999 -9999 -9999 -9999 -9999 -9999 -9999 -9999 -9999 -9999 -9999 -9999 -9999 -9999 -9999 -9999 -9999 -9999 -9999 -9999 -9999 -9999 -9999 -9999 -9999 -9999 -9999 -9999 -9999 -9999 -9999 -9999 -9999 -9999
