gis/20m/LAI_spruce.asc
ncols        511
nrows        572
xllcorner    726766.000000000000
yllcorner    7127230.000000000000
cellsize     20.000000000000
NODATA_value -9999
[rows 336 to 356 of 572, columns 184 to 229 of 511]
1.2158973217010498047 1.2535736560821533203 1.2649923563003540039 1.3333277702331542969 1.610455632209777832 1.4432884454727172852 1.5119935274124145508 1.6503379344940185547 1.6610870361328125 1.482232213020324707 1.4115065336227416992 1.2707628011703491211 1.9095158576965332031 1.7901378870010375977 0.15478368103504180908 0.79394012689590454102 0.85372710227966308594 0.78766268491744995117 0.74562692642211914062 0.71413272619247436523 0.62121814489364624023 0.69478625059127807617 0.4269040226936340332 0.32442483305931091309 0.50156396627426147461 0.81923681497573852539 0.67619711160659790039 0.46286258101463317871 0.45442235469818115234 0.75967037677764892578 1.1198700666427612305 1.0460150241851806641 0.63892906904220581055 0.56097263097763061523 0.83209991455078125 0.81770211458206176758 0.67428833246231079102 0.95510613918304443359 1.0715003013610839844 0.91219705343246459961 0.56248438358306884766 0.70950758457183837891 0.73192620277404785156 0.69720917940139770508 0.65801435708999633789 0.78015637397766113281
1.561575770378112793 1.3531206846237182617 1.2827135324478149414 1.3040696382522583008 1.3915125131607055664 1.6031471490859985352 1.944002985954284668 1.8754125833511352539 1.7821172475814819336 1.7336229085922241211 1.3721592426300048828 0.89552778005599975586 1.3295782804489135742 1.4580823183059692383 0.95938104391098022461 1.6209818124771118164 0.89108026027679443359 0.49892821907997131348 0.49854993820190429688 0.7257213592529296875 1.1236999034881591797 1.7062326669692993164 1.0506024360656738281 0.63117641210556030273 0.60254114866256713867 1.0410884618759155273 1.124093174934387207 0.6324990391731262207 0.46909955143928527832 0.92957144975662231445 1.8856341838836669922 1.2943446636199951172 0.7184422612190246582 0.58363252878189086914 0.63539487123489379883 0.81227248907089233398 0.43559437990188598633 0.61488264799118041992 0.72019630670547485352 0.61749100685119628906 0.56579178571701049805 0.49976506829261779785 0.61592501401901245117 0.75523942708969116211 1.0672553777694702148 1.1270761489868164062
1.1640068292617797852 1.3206040859222412109 1.3835309743881225586 1.3568613529205322266 1.3106046915054321289 1.534678339958190918 1.7716233730316162109 1.7689712047576904297 1.6973421573638916016 1.5919595956802368164 1.5325986146926879883 0.97811734676361083984 1.3150470256805419922 1.4763242006301879883 1.1740571260452270508 1.6091701984405517578 0.88860332965850830078 0.58018928766250610352 0.57596504688262939453 0.61777853965759277344 0.89334720373153686523 1.5954107046127319336 1.2645397186279296875 0.9810778498649597168 0.90606975555419921875 0.86284965276718139648 1.0433543920516967773 0.5748291015625 0.37932041287422180176 0.7068513035774230957 1.5172381401062011719 1.0258101224899291992 0.63783413171768188477 0.56231999397277832031 0.61580657958984375 0.80330055952072143555 0.45994260907173156738 0.4676081240177154541 0.51764672994613647461 0.50828731060028076172 0.56240493059158325195 0.41075465083122253418 0.46064648032188415527 0.60211330652236938477 0.96370142698287963867 1.0153386592864990234
0 0.84005373716354370117 1.1507476568222045898 1.1266565322875976562 1.2523289918899536133 1.5393199920654296875 0.97008824348449707031 0.96788823604583740234 0.99487298727035522461 0.82250183820724487305 1.7311795949935913086 1.3467566967010498047 1.6847285032272338867 1.7612818479537963867 1.1542629003524780273 1.2147682905197143555 0.94670528173446655273 0.94476628303527832031 0.88214665651321411133 0.36314418911933898926 0.099775426089763641357 0.6317272186279296875 1.0494735240936279297 1.1795057058334350586 1.1715570688247680664 0.39641353487968444824 0.50236171483993530273 0.32735040783882141113 0.21393980085849761963 0.12956422567367553711 0.1354404836893081665 0.24517357349395751953 0.32450306415557861328 0.39263030886650085449 0.61767214536666870117 0.71181410551071166992 0.58758985996246337891 0.37451982498168945312 0.31267705559730529785 0.36680254340171813965 0.52310442924499511719 0.3483307957649230957 0.26331576704978942871 0.30187627673149108887 0.49316388368606567383 0.61020582914352416992
0 0 0 0.15966017544269561768 1.1046508550643920898 2.1526029109954833984 0.67438483238220214844 0 0 0.31048339605331420898 1.6332060098648071289 1.3666995763778686523 1.7256574630737304688 1.7471654415130615234 1.0137188434600830078 1.2558494806289672852 1.0334519147872924805 0.90866905450820922852 0.81727039813995361328 0.46551826596260070801 0.3367786407470703125 0.42202010750770568848 0.24915049970149993896 0.12776871025562286377 0.097609840333461761475 0.47694665193557739258 0.14016957581043243408 0.33053830265998840332 0.46008715033531188965 0.3619550168514251709 0.097400777041912078857 0.2558263242244720459 0.35282757878303527832 0.42333084344863891602 0.6110172271728515625 0.52453082799911499023 0.49969041347503662109 0.53062146902084350586 0.45728909969329833984 0.20310834050178527832 0.43909546732902526855 0.45096173882484436035 0.46920126676559448242 0.45214185118675231934 0.40923252701759338379 0.52984315156936645508
0.12958808243274688721 0.68944025039672851562 0.30151605606079101562 0.032320432364940643311 0.22361741960048675537 0.43575716018676757812 0.1365175098180770874 0 0.21880267560482025146 0.99977624416351318359 0.33061423897743225098 0.27666464447975158691 1.354700922966003418 1.9010552167892456055 1.8701211214065551758 0.7635936737060546875 0.94154387712478637695 0.84253031015396118164 0.7986939549446105957 0.89008069038391113281 0.72692757844924926758 0.60314923524856567383 0.49667426943778991699 0.4393596351146697998 0.31494346261024475098 0.35598266124725341797 0.33698686957359313965 0.37118005752563476562 0.36338916420936584473 0.2461369633674621582 0.1650489121675491333 0.34464651346206665039 0.42393958568572998047 0.43547704815864562988 0.46445199847221374512 0.44908758997917175293 0.41965341567993164062 0.40631192922592163086 0.39615958929061889648 0.39993205666542053223 0.53456312417984008789 0.42232158780097961426 0.52203643321990966797 0.5565745234489440918 0.47507172822952270508 0.4425945281982421875
0.78644257783889770508 0.52274024486541748047 0.44648638367652893066 0.61963826417922973633 1.5037146806716918945 2.4441387653350830078 1.3957109451293945312 1.4779827594757080078 1.4601788520812988281 0.33273229002952575684 0.5047149658203125 1.205493927001953125 0.72083127498626708984 0.6721661686897277832 1.752717137336730957 0.97687834501266479492 0.72146171331405639648 0.65859138965606689453 0.69626533985137939453 0.73288297653198242188 0.61102986335754394531 0.74067193269729614258 0.83852314949035644531 0.80332893133163452148 0.57788074016571044922 0.51105314493179321289 0.48459953069686889648 0.55841404199600219727 0.64935982227325439453 0.77786427736282348633 0.46356934309005737305 0.4580269157886505127 0.43357434868812561035 0.40124839544296264648 0.35312879085540771484 0.49215835332870483398 0.49128663539886474609 0.47560295462608337402 0.46900635957717895508 0.4784603416919708252 0.51897752285003662109 0.47729951143264770508 0.55293726921081542969 0.59282004833221435547 0.51167517900466918945 0.17669968307018280029
0.76310133934020996094 0.37914028763771057129 0.40803644061088562012 0.66504746675491333008 1.5630359649658203125 2.3903017044067382812 1.6036852598190307617 1.6869646310806274414 1.5761116743087768555 0.33829733729362487793 0.75715839862823486328 1.5407805442810058594 1.1122467517852783203 0.92377382516860961914 1.4224190711975097656 0.78853946924209594727 0.54049628973007202148 0.61618280410766601562 0.69028764963150024414 0.64739000797271728516 0.56692177057266235352 0.68517601490020751953 0.88886225223541259766 0.89867305755615234375 0.66885584592819213867 0.61436611413955688477 0.49803891777992248535 0.55342638492584228516 0.67399257421493530273 0.88625252246856689453 0.57639551162719726562 0.525970458984375 0.46316155791282653809 0.41658744215965270996 0.34433403611183166504 0.47747889161109924316 0.49528294801712036133 0.48422193527221679688 0.47583138942718505859 0.47751969099044799805 0.49919012188911437988 0.46330913901329040527 0.50922960042953491211 0.54667001962661743164 0.50465232133865356445 0.18592472374439239502
0.3545379638671875 0.31632122397422790527 0.32916626334190368652 0.40756252408027648926 0.6860345005989074707 0.66199594736099243164 0.96230554580688476562 1.1733367443084716797 1.1545811891555786133 0.98629015684127807617 1.2259299755096435547 1.5055183172225952148 1.9462192058563232422 1.9228193759918212891 1.0663324594497680664 0.33824697136878967285 0.44559907913208007812 0.60442864894866943359 0.65196108818054199219 0.64550369977951049805 0.63710176944732666016 0.62492567300796508789 0.86713546514511108398 0.91381984949111938477 0.67619138956069946289 0.63726705312728881836 0.47568371891975402832 0.50611644983291625977 0.58969771862030029297 0.70630282163619995117 0.52886551618576049805 0.57849133014678955078 0.59005469083786010742 0.55059397220611572266 0.43514993786811828613 0.49810555577278137207 0.46903052926063537598 0.4456335604190826416 0.44430077075958251953 0.46314498782157897949 0.4875107109546661377 0.31859824061393737793 0.34461948275566101074 0.40124881267547607422 0.45371392369270324707 0.37809050083160400391
0.38703319430351257324 0.48184263706207275391 0.44857442378997802734 0.41193082928657531738 0.38652721047401428223 0.28734186291694641113 0.25479713082313537598 0.87046933174133300781 1.1708822250366210938 1.3082938194274902344 1.6369801759719848633 1.2551863193511962891 1.0184280872344970703 1.1397447586059570312 1.5738238096237182617 0.77841114997863769531 0.93845987319946289062 0.57823020219802856445 0.46120250225067138672 0.7422415614128112793 0.74521911144256591797 0.9120152592658996582 0.92583954334259033203 0.82173103094100952148 0.48387041687965393066 0.38390716910362243652 0.48462647199630737305 0.66591811180114746094 0.68576580286026000977 0.46845173835754394531 0.19108223915100097656 0.45602557063102722168 0.712917327880859375 0.72779965400695800781 0.5925350189208984375 0.71126019954681396484 0.51239800453186035156 0.44737899303436279297 0.45509281754493713379 0.47401952743530273438 0.51325589418411254883 0.14337313175201416016 0.22320996224880218506 0.32712352275848388672 0.4006697237491607666 0.44057247042655944824
0.55747318267822265625 0.49578744173049926758 0.45027449727058410645 0.42741483449935913086 0.37624514102935791016 0.44491285085678100586 0.4408245086669921875 0.45638704299926757812 0.46228808164596557617 0.68878114223480224609 1.6904712915420532227 1.137852787971496582 0.4097340703010559082 0.69914722442626953125 2.4965798854827880859 1.284241795539855957 1.1345705986022949219 1.366942286491394043 1.3383176326751708984 0.732845306396484375 0.85392403602600097656 0.78213632106781005859 0.70143616199493408203 0.64047926664352416992 0.46435445547103881836 0.38314229249954223633 0.4182847440242767334 0.47676485776901245117 0.49300733208656311035 0.50476801395416259766 0.57670301198959350586 0.48890805244445800781 0.58419132232666015625 0.60761839151382446289 0.57113260030746459961 0.83693009614944458008 0.58907544612884521484 0.50049501657485961914 0.45116037130355834961 0.31265854835510253906 0.49833902716636657715 0.49056085944175720215 0.49456560611724853516 0.5053055882453918457 0.51861649751663208008 0.46783941984176635742
0.52266061305999755859 0.54815500974655151367 0.4460989832878112793 0.42548123002052307129 0.54415524005889892578 0.43708577752113342285 0.33870160579681396484 0.33283907175064086914 0.32638639211654663086 0.32112765312194824219 0.74025934934616088867 0.54172635078430175781 1.1910779476165771484 1.522927403450012207 1.6721251010894775391 2.2154777050018310547 1.6421840190887451172 1.2610266208648681641 1.1618027687072753906 0.92898595333099365234 0.67875379323959350586 0.71525442600250244141 0.60637259483337402344 0.54603391885757446289 0.51109778881072998047 0.49042847752571105957 0.40537330508232116699 0.34552058577537536621 0.35628342628479003906 0.44574019312858581543 0.4840850532054901123 0.55220913887023925781 0.59891313314437866211 0.53937697410583496094 0.34124341607093811035 0.52337086200714111328 0.53691613674163818359 0.61627596616744995117 0.57632577419281005859 0.37994733452796936035 0.56320625543594360352 0.67278730869293212891 0.57139313220977783203 0.50544512271881103516 0.45842024683952331543 0.42159891128540039062
0.50614517927169799805 0.50789374113082885742 0.43801009654998779297 0.43067494034767150879 0.51788580417633056641 0.40495774149894714355 0.28426483273506164551 0.33684360980987548828 0.37294426560401916504 0.34661054611206054688 0.4679412543773651123 0.42261424660682678223 1.0888421535491943359 1.3181817531585693359 1.1960506439208984375 1.9858498573303222656 1.6733021736145019531 1.2928566932678222656 1.1770731210708618164 1.037175297737121582 0.63533920049667358398 0.67203825712203979492 0.58725154399871826172 0.53453457355499267578 0.50165569782257080078 0.52786934375762939453 0.43106001615524291992 0.37077617645263671875 0.37504181265830993652 0.43629953265190124512 0.48775312304496765137 0.55619764328002929688 0.54269874095916748047 0.48224866390228271484 0.34068274497985839844 0.41264411807060241699 0.4380792081356048584 0.60744881629943847656 0.62167155742645263672 0.4856529533863067627 0.62268489599227905273 0.67083060741424560547 0.57610535621643066406 0.50611847639083862305 0.42408421635627746582 0.45655176043510437012
0.51096761226654052734 0.36439314484596252441 0.39313530921936035156 0.43829420208930969238 0.42345392704010009766 0.35734546184539794922 0.28450906276702880859 0.36039081215858459473 0.4369716346263885498 0.51144164800643920898 0.33507132530212402344 0.43394714593887329102 0.3791345059871673584 0.37099021673202514648 0.58442294597625732422 0.85203564167022705078 1.1974000930786132812 1.2561895847320556641 1.2043735980987548828 1.064259648323059082 0.6966889500617980957 0.75366133451461791992 0.62813454866409301758 0.55057638883590698242 0.51172041893005371094 0.57401859760284423828 0.51052039861679077148 0.49219676852226257324 0.48129937052726745605 0.44968700408935546875 0.53454571962356567383 0.51250493526458740234 0.42414164543151855469 0.41368836164474487305 0.47013720870018005371 0.38416969776153564453 0.2985992729663848877 0.49350112676620483398 0.5913937687873840332 0.6525980830192565918 0.77544790506362915039 0.58141738176345825195 0.47899615764617919922 0.44869631528854370117 0.42104139924049377441 0.56410908699035644531
0.50954288244247436523 0.31002604961395263672 0.32716035842895507812 0.42118987441062927246 0.5636717677116394043 0.35650286078453063965 0.37926325201988220215 0.36592644453048706055 0.39020201563835144043 0.47917738556861877441 0.21809662878513336182 0.35431563854217529297 0.4887714385986328125 0.47522747516632080078 0.32507023215293884277 0.4988231956958770752 0.53880983591079711914 0.62120109796524047852 0.68310403823852539062 0.81598037481307983398 0.80409163236618041992 1.1205239295959472656 0.77026760578155517578 0.58346843719482421875 0.64998811483383178711 0.62163013219833374023 0.56209647655487060547 0.52889525890350341797 0.511447906494140625 0.4423065185546875 0.38131108880043029785 0.46282437443733215332 0.50675988197326660156 0.50600838661193847656 0.48029839992523193359 0.45524424314498901367 0.40512993931770324707 0.41138857603073120117 0.44749337434768676758 0.61903202533721923828 0.90122395753860473633 0.51144659519195556641 0.24563953280448913574 0.25808346271514892578 0.47873327136039733887 0.55904966592788696289
0.44179800152778625488 0.41526108980178833008 0.47063487768173217773 0.49166193604469299316 0.41503405570983886719 0.28134843707084655762 0.34575623273849487305 0.38289564847946166992 0.36461263895034790039 0.28153201937675476074 0.32584929466247558594 0.43882852792739868164 0.35936322808265686035 0.27542331814765930176 0.2283344268798828125 0.48491424322128295898 0.45242238044738769531 0.50586640834808349609 0.59653645753860473633 0.91990965604782104492 1.2252743244171142578 1.3163266181945800781 0.71125656366348266602 0.46548557281494140625 0.56644326448440551758 0.54482543468475341797 0.65138649940490722656 0.64235031604766845703 0.58505570888519287109 0.46888622641563415527 0.53432345390319824219 0.57260107994079589844 0.3209266960620880127 0.25560879707336425781 0.41609022021293640137 0.42580965161323547363 0.37902569770812988281 0.41946300864219665527 0.47596079111099243164 0.61735963821411132812 0.69763940572738647461 0.52399230003356933594 0.43670931458473205566 0.43891105055809020996 0.47001472115516662598 0.4582468867301940918
0.36383715271949768066 0.41594618558883666992 0.46545958518981933594 0.46594980359077453613 0.43175977468490600586 0.49971801042556762695 0.4417171776294708252 0.30026641488075256348 0.27922239899635314941 0.38700580596923828125 0.2767073214054107666 0.43811514973640441895 0.27008557319641113281 0.18172807991504669189 0.22530256211757659912 0.092883549630641937256 0.16395473480224609375 0.40066903829574584961 0.61273801326751708984 1.1855820417404174805 1.4982502460479736328 1.0305395126342773438 0.53632372617721557617 0.45778101682662963867 0.62265866994857788086 0.55640190839767456055 0.59311342239379882812 0.80586737394332885742 0.79350835084915161133 0.45764717459678649902 0.53888851404190063477 0.57844108343124389648 0.47731354832649230957 0.43344220519065856934 0.42949825525283813477 0.36701685190200805664 0.37236842513084411621 0.38679084181785583496 0.39999338984489440918 0.42578911781311035156 0.4112135767936706543 0.54480344057083129883 0.57636690139770507812 0.46228361129760742188 0.184102669358253479 0.5025946497917175293
0.37454462051391601562 0.41780668497085571289 0.43985137343406677246 0.44265639781951904297 0.48288080096244812012 0.62199586629867553711 0.50235956907272338867 0.31390488147735595703 0.27509766817092895508 0.33318668603897094727 0.1789626777172088623 0.32659703493118286133 0.29019019007682800293 0.2599036097526550293 0.27651309967041015625 0.08583113551139831543 0.16319899260997772217 0.45050257444381713867 0.72515571117401123047 1.4153196811676025391 1.5229585170745849609 0.95512664318084716797 0.46163839101791381836 0.39713844656944274902 0.569492340087890625 0.59840464591979980469 0.61312216520309448242 0.8375809788703918457 0.84079009294509887695 0.52386766672134399414 0.57736945152282714844 0.59620249271392822266 0.57767266035079956055 0.52742010354995727539 0.37438759207725524902 0.34930536150932312012 0.42712029814720153809 0.47035384178161621094 0.46787694096565246582 0.43665510416030883789 0.41926157474517822266 0.48874679207801818848 0.52215331792831420898 0.41287592053413391113 0.13412301242351531982 0.5168526768684387207
0.40717712044715881348 0.41243064403533935547 0.39538261294364929199 0.39703470468521118164 0.50961273908615112305 0.79624903202056884766 0.61314046382904052734 0.42604440450668334961 0.33919885754585266113 0.13647781312465667725 0 0.15830321609973907471 0.40698012709617614746 0.47735002636909484863 0.42102929949760437012 0.33757033944129943848 0.37493741512298583984 0.61806666851043701172 0.92337739467620849609 1.7018783092498779297 1.4813659191131591797 1.0215742588043212891 0.45249316096305847168 0.3068014979362487793 0.41115093231201171875 0.6258335113525390625 0.6777127385139465332 0.86730515956878662109 0.91064918041229248047 0.78934854269027709961 0.70761150121688842773 0.64858782291412353516 0.69732439517974853516 0.63540995121002197266 0.33265095949172973633 0.45715603232383728027 0.61883211135864257812 0.67446023225784301758 0.64831316471099853516 0.55088365077972412109 0.49431490898132324219 0.38334393501281738281 0.37171763181686401367 0.31906336545944213867 0.15181490778923034668 0.3536961674690246582
0.35262843966484069824 0.36166965961456298828 0.37685799598693847656 0.36076146364212036133 0.37608438730239868164 0.85600703954696655273 0.68133568763732910156 0.50442546606063842773 0.40818199515342712402 0.14972332119941711426 0 0.31572663784027099609 0.49750238656997680664 0.51683115959167480469 0.51151698827743530273 0.46996021270751953125 0.53123164176940917969 0.65001821517944335938 0.84740656614303588867 1.4794579744338989258 1.4702914953231811523 1.1493086814880371094 0.61368894577026367188 0.43342566490173339844 0.41505843400955200195 0.51270312070846557617 0.62636137008666992188 0.93792229890823364258 1.058165431022644043 1.0295307636260986328 0.76724165678024291992 0.65205824375152587891 0.70256054401397705078 0.69078344106674194336 0.54990750551223754883 0.72480249404907226562 0.77233475446701049805 0.67041999101638793945 0.61225563287734985352 0.52281671762466430664 0.33743047714233398438 0.44995000958442687988 0.41940590739250183105 0.33293652534484863281 0.10197801142930984497 0
0.066788010299205780029 0.29329797625541687012 0.42460745573043823242 0.43544328212738037109 0.47652107477188110352 0.6779543757438659668 0.72213178873062133789 0.61813640594482421875 0.52889448404312133789 0.36612883210182189941 0.27284130454063415527 0.46441981196403503418 0.57129406929016113281 0.5738131403923034668 0.52158695459365844727 0.42594775557518005371 0.61722743511199951172 0.63049650192260742188 0.78584367036819458008 1.5580005645751953125 1.6526253223419189453 1.0188555717468261719 0.62471050024032592773 0.58027231693267822266 0.6775557398796081543 0.93090689182281494141 0.76869130134582519531 0.81009000539779663086 0.8577511906623840332 0.85710936784744262695 0.81828993558883666992 0.70537579059600830078 0.70301645994186401367 0.71767061948776245117 0.71592110395431518555 0.74958080053329467773 0.78952807188034057617 0.58490610122680664062 0.48339140415191650391 0.38564601540565490723 0.2211713641881942749 0.48965853452682495117 0.97463709115982055664 0.9784552454948425293 0.56586664915084838867 0.86313378810882568359
