gis/20m/LAI_decid.asc
ncols        511
nrows        572
xllcorner    726766.000000000000
yllcorner    7127230.000000000000
cellsize     20.000000000000
NODATA_value -9999
[rows 200 to 224 of 572, columns 336 to 391 of 511]
0.041562199592590332031 0.026744630187749862671 0 0 0 0 0 0.040754061192274093628 0.12143767625093460083 0.227169036865234375 0.040130492299795150757 0 0 0 0 0 0 0.035494592040777206421 0.10279472917318344116 0.055304478853940963745 0.13943883776664733887 0.19494794309139251709 0.26509872078895568848 0.26089572906494140625 0.038716826587915420532 0 0 0 0 0 0.067951247096061706543 0.080116398632526397705 0.052276816219091415405 0 0 0 0 0 0 0 0 0 0 0 0 0 0 0 0 0 0 0 0 0 0 0.067670449614524841309
0.055795133113861083984 0.042914599180221557617 0 0 0 0 0 0.06542517244815826416 0.19495187699794769287 0.16651809215545654297 0.026075793430209159851 0 0 0 0 0 0 0.011502590961754322052 0.033312279731035232544 0.017922302708029747009 0.11633691191673278809 0.20493799448013305664 0.28508305549621582031 0.19021777808666229248 0.1529270559549331665 0.021587949246168136597 0 0 0 0 0.022020692005753517151 0.02596300467848777771 0.016941139474511146545 0 0 0 0 0 0 0 0 0 0 0 0 0 0 0 0 0 0 0 0.010732918977737426758 0.02830086834728717804 0.058868404477834701538 0.029385674744844436646
0.02794143185019493103 0.016375446692109107971 0 0 0 0.19962516427040100098 0.19817881286144256592 0.141474112868309021 0.19225679337978363037 0.20050221681594848633 0.077200219035148620605 0.051355227828025817871 0.031687267124652862549 0 0 0 0 0 0 0 0.034020081162452697754 0.15705950558185577393 0.33241730928421020508 0.2533842921257019043 0.1361729353666305542 0.017064649611711502075 0 0 0 0 0 0 0 0 0 0 0 0 0 0 0 0 0 0 0 0 0 0 0 0 0 0 0.0051319357007741928101 0.013532034121453762054 0.09889933466911315918 0.013071324676275253296
0.009354568086564540863 0 0 0 0 0.24242028594017028809 0.25633862614631652832 0.17260462045669555664 0.14312376081943511963 0.20427091419696807861 0.13236926496028900146 0.1012083590030670166 0.057644762098789215088 0.029648656025528907776 0.0046874210238456726074 0 0 0 0 0 0 0.10841491818428039551 0.29429239034652709961 0.26423352956771850586 0.14662487804889678955 0.018595369532704353333 0 0.0090348571538925170898 0.02545064873993396759 0.0036534394603222608566 0 0 0 0 0 0 0 0 0 0 0 0 0.0043706013821065425873 0.011827007867395877838 0.011416483670473098755 0.0014538797549903392792 0 0 0 0 0 0 0 0 0.085918977856636047363 0.011544180102646350861
0.002933116396889090538 0.0028186403214931488037 0.0057201818563044071198 0 0 0.012440039776265621185 0.10113840550184249878 0.19383405148983001709 0.037987116724252700806 0.097310438752174377441 0.21750532090663909912 0.17906013131141662598 0.092131480574607849121 0.14779962599277496338 0.030958715826272964478 0.0014168937923386693001 0 0.023876164108514785767 0.069146983325481414795 0.010596724227070808411 0 0 0.0288715362548828125 0.08245582878589630127 0.28936278820037841797 0.049930430948734283447 0.0014805907849222421646 0.046461232006549835205 0.13087849318981170654 0.018787601962685585022 0 0 0.0013898407341912388802 0.0038623334839940071106 0.00053570675663650035858 0 0 0 0 0 0 0 0.020147405564785003662 0.054519619792699813843 0.095901697874069213867 0.013063091784715652466 0 0 0 0 0 0 0 0 0 0
0.016388433054089546204 0.015748810023069381714 0.031960822641849517822 0 0 0.069507211446762084961 0.16137287020683288574 0.28142395615577697754 0.21224841475486755371 0.16435754299163818359 0.025112304836511611938 0 0.021164955571293830872 0.062168288975954055786 0.052246730774641036987 0.0079167224466800689697 0 0.13340516388416290283 0.38635036349296569824 0.059207912534475326538 0 0 0 0 0 0.010918369516730308533 0.0082726217806339263916 0.026890620589256286621 0.075749263167381286621 0.010873802937567234039 0 0 0.0077655659988522529602 0.021580319851636886597 0.0029931967146694660187 0 0 0 0 0 0 0 0 0 0.24179095029830932617 0.035541653633117675781 0 0 0 0 0 0 0 0 0 0
0.0052397418767213821411 0.083541698753833770752 0.17600487172603607178 0.019544770941138267517 0.0032795784063637256622 0.070720471441745758057 0.099032439291477203369 0.13426761329174041748 0.14831691980361938477 0.11529647558927536011 0.017634356394410133362 0.018313387408852577209 0.06815624237060546875 0.095686040818691253662 0.076726689934730529785 0.085155621170997619629 0.080003678798675537109 0.10541889071464538574 0.18027889728546142578 0.027627609670162200928 0 0 0.0071553578600287437439 0.020435385406017303467 0.040186546742916107178 0.0099229607731103897095 0.002644938882440328598 0.069110602140426635742 0.19468040764331817627 0.15298837423324584961 0.020816734060645103455 0 0.028252296149730682373 0.07851244509220123291 0.010889699682593345642 0 0 0 0 0 0 0 0 0 0.077305883169174194336 0.011363448575139045715 0 0 0 0 0 0 0 0 0 0
0.0072967670857906341553 0.094592176377773284912 0.19499638676643371582 0.0091608315706253051758 0.0015371715417131781578 0.07642450183629989624 0.072126917541027069092 0.034682970494031906128 0.037710744887590408325 0.11017620563507080078 0.1477686762809753418 0.10918682068586349487 0.078557401895523071289 0.18176312744617462158 0.13908240199089050293 0.11892145872116088867 0.18020015954971313477 0.24090687930583953857 0.12658652663230895996 0.11256733536720275879 0.09849332273006439209 0.062753103673458099365 0.0033537885174155235291 0.0095782717689871788025 0.018835840746760368347 0.003014798508957028389 0 0.03696502000093460083 0.10412824153900146484 0.073556058108806610107 0.0097570130601525306702 0 0.012078412808477878571 0.033565614372491836548 0.0046555604785680770874 0 0 0 0 0 0 0 0 0 0 0 0 0 0 0 0 0 0 0 0 0
0.0087579814717173576355 0.08792416006326675415 0.17843432724475860596 0 0 0.075055927038192749023 0.077295124530792236328 0.034458942711353302002 0 0.096939444541931152344 0.20340640842914581299 0.15167810022830963135 0.079796679317951202393 0.19934925436973571777 0.1369358748197555542 0.09625390172004699707 0.17127835750579833984 0.25383916497230529785 0.1200078129768371582 0.13021653890609741211 0.11821711808443069458 0.078212767839431762695 0.0099224476143717765808 0.012960845604538917542 0.048629373311996459961 0.0080857751891016960144 0 0.010324511677026748657 0.029083527624607086182 0.0041749388910830020905 0 0 0 0 0 0 0 0 0 0 0 0 0 0 0 0 0 0 0 0 0 0 0 0 0 0
0.0066473823972046375275 0.088434033095836639404 0.18469373881816864014 0.048798967152833938599 0.0081883817911148071289 0.061539430171251296997 0.11032135039567947388 0.12704867124557495117 0.016638215631246566772 0.01147462800145149231 0.17804373800754547119 0.18763822317123413086 0.14645986258983612061 0.15261106193065643311 0.024127647280693054199 0 0 0 0 0 0 0.012949790805578231812 0.048673618584871292114 0.070178307592868804932 0.24724064767360687256 0.05900840461254119873 0.013644952327013015747 0 0 0 0.008680581115186214447 0.0064907963387668132782 0 0 0 0 0 0 0 0 0 0 0 0 0 0 0 0 0 0 0 0 0 0 0 0
0.036261312663555145264 0.029340242967009544373 0.088043883442878723145 0.26619720458984375 0.044667426496744155884 0.076618060469627380371 0.17665031552314758301 0.25971153378486633301 0.090761072933673858643 0.062593825161457061768 0.2032928764820098877 0.26836115121841430664 0.3095188438892364502 0.25048846006393432617 0.039601959288120269775 0 0 0 0 0 0 0 0.023231944069266319275 0.066349402070045471191 0.16128350794315338135 0.12445493787527084351 0.074432894587516784668 0 0 0 0.04735236242413520813 0.035407140851020812988 0 0 0 0 0 0 0 0 0 0 0 0 0 0 0 0 0 0 0 0 0 0 0 0
0.047051608562469482422 0.030831793323159217834 0.061376411467790603638 0.18556915223598480225 0.031138179823756217957 0.024163646623492240906 0.076325707137584686279 0.12283671647310256958 0.028624039143323898315 0.17394702136516571045 0.27279102802276611328 0.29332759976387023926 0.26267316937446594238 0.17727860808372497559 0.028027558699250221252 0 0 0 0 0 0 0 0.007326842285692691803 0.020925138145685195923 0.12731842696666717529 0.087724581360816955566 0.050174053758382797241 0.0079131256788969039917 0.022290797904133796692 0.091251261532306671143 0.050379782915115356445 0.042939856648445129395 0.028950454667210578918 0 0 0 0 0 0 0 0 0 0 0 0 0 0 0 0 0 0 0 0 0 0 0.026191273704171180725
0.09929812699556350708 0.06653705984354019165 0.015439811162650585175 0.04668165743350982666 0.0078331008553504943848 0.027765015140175819397 0.060197513550519943237 0.10210651159286499023 0.079288706183433532715 0.11406587064266204834 0.24630479514598846436 0.25123757123947143555 0.18310707807540893555 0.12393788248300552368 0.019594447687268257141 0 0 0 0 0 0 0 0 0 0.085619255900382995605 0.11676085740327835083 0.093369215726852416992 0.033027533441781997681 0.010240188799798488617 0.041919995099306106567 0.016283517703413963318 0.014596329070627689362 0.013299574144184589386 0 0 0 0 0 0 0 0 0 0 0 0 0 0 0 0 0 0 0 0 0 0 0.16561801731586456299
0.10098765045404434204 0.069723784923553466797 0.011042850092053413391 0.017741415649652481079 0.0029769786633551120758 0.032937966287136077881 0.060178734362125396729 0.09882440418004989624 0.094061121344566345215 0.051278203725814819336 0.20231641829013824463 0.21281513571739196777 0.15955345332622528076 0.13290691375732421875 0.033238708972930908203 0.050391066819429397583 0.037424422800540924072 0 0 0 0 0 0 0 0.059905633330345153809 0.13839556276798248291 0.12231307476758956909 0.046115394681692123413 0 0 0 0 0 0 0 0 0 0 0 0 0 0 0 0 0 0 0 0.010981943458318710327 0.029332598671317100525 0.0036416805814951658249 0 0 0 0 0 0.18220086395740509033
0.011302299797534942627 0.015277046710252761841 0.060223288834095001221 0.088345125317573547363 0.014824157580733299255 0 0 0.005430751945823431015 0.016182385385036468506 0.002636896912008523941 0.11464867740869522095 0.13257649540901184082 0.14468547701835632324 0.18409796059131622314 0.082275725901126861572 0.21914254128932952881 0.17696118354797363281 0.043979115784168243408 0.049126084893941879272 0.0075285369530320167542 0.016427613794803619385 0.012612046673893928528 0 0 0.024799084290862083435 0.14684195816516876221 0.13485215604305267334 0.05255438387393951416 0.010262807831168174744 0.019187642261385917664 0.0029490590095520019531 0 0 0 0 0 0 0 0 0 0 0 0 0 0 0 0 0.050959348678588867188 0.13611163198947906494 0.016898438334465026855 0.017669804394245147705 0.012529142200946807861 0.0058102537877857685089 0.015320643782615661621 0.0018277780618518590927 0
0 0.022314779460430145264 0.065008759498596191406 0.059631358832120895386 0.01000603754073381424 0 0 0.028938867151737213135 0.08623113483190536499 0.01405124180018901825 0.058304913341999053955 0.045955609530210494995 0.022831752896308898926 0.067064210772514343262 0.010602780617773532867 0 0.075712665915489196777 0.23435167968273162842 0.26177835464477539062 0.0401173420250415802 0.087537884712219238281 0.067205861210823059082 0 0 0.13214696943759918213 0.17304894328117370605 0.11378186941146850586 0.019413784146308898926 0.054687462747097015381 0.10224525630474090576 0.015714662149548530579 0 0 0 0 0 0 0 0 0 0 0 0 0 0 0 0 0.017055409029126167297 0.045554731041193008423 0.0056556793861091136932 0.094157151877880096436 0.066764086484909057617 0.030961120501160621643 0.081639170646667480469 0.0097396876662969589233 0
0.024519221857190132141 0.036139599978923797607 0.039214454591274261475 0.018547372892498970032 0.0031122167129069566727 0 0.019104564562439918518 0.087194934487342834473 0.14679139852523803711 0.097558483481407165527 0.032384768128395080566 0.07287441939115524292 0.12091531604528427124 0.020859241485595703125 0.0032978239469230175018 0 0.023549204692244529724 0.11106635630130767822 0.19197943806648254395 0.16461271047592163086 0.13339471817016601562 0.11755908280611038208 0.091174356639385223389 0.080664388835430145264 0.10595926642417907715 0.062979839742183685303 0.035390015691518783569 0.06647586822509765625 0.18725851178169250488 0.23969835042953491211 0.035429399460554122925 0.010382210835814476013 0.018519619479775428772 0 0 0 0 0 0 0 0 0 0 0 0 0 0.0066323652863502502441 0.016416175290942192078 0.014169065281748771667 0.0017591079231351613998 0.029286064207553863525 0.020765893161296844482 0.0096299573779106140137 0.025392549112439155579 0.32429859042167663574 0.043166127055883407593
0.18305741250514984131 0.15233148634433746338 0.0085511310026049613953 0 0.054048404097557067871 0.054369624704122543335 0.085311263799667358398 0.17664827406406402588 0.22733320295810699463 0.1011142730712890625 0.012398376129567623138 0.026372380554676055908 0.051237765699625015259 0 0 0 0.0543516501784324646 0.1692012101411819458 0.19072492420673370361 0.2017173469066619873 0.22443103790283203125 0.16371040046215057373 0.067012742161750793457 0.11047493666410446167 0.040203373879194259644 0.0041218204423785209656 0 0.027208317071199417114 0.076644189655780792236 0.09359280019998550415 0.013749499805271625519 0.02089222148060798645 0.037267204374074935913 0 0 0 0 0 0 0.027605781331658363342 0.0042351535521447658539 0 0 0 0 0 0.0029858190100640058517 0.0050022159703075885773 0 0 0.051739834249019622803 0.036687206476926803589 0.020828409120440483093 0.054920941591262817383 0.23004885017871856689 0.081062108278274536133
0.23858191072940826416 0.19496995210647583008 0.0054790806025266647339 0 0.10654680430889129639 0.14556844532489776611 0.17518925666809082031 0.24061526358127593994 0.26736313104629516602 0.079820521175861358643 0.0070155630819499492645 0 0 0 0 0 0.063729703426361083984 0.17824454605579376221 0.16527377068996429443 0.17593756318092346191 0.22737175226211547852 0.153766632080078125 0.03044749237596988678 0.086956687271595001221 0.022192712873220443726 0.02576931193470954895 0.018306514248251914978 0 0 0 0 0.023758642375469207764 0.042380280792713165283 0 0 0 0 0 0 0.032368995249271392822 0.0049659041687846183777 0 0 0 0 0 0 0.0039581465534865856171 0.010572148486971855164 0.013378378003835678101 0.062364205718040466309 0.046777788549661636353 0.034583255648612976074 0.074918389320373535156 0.1098764762282371521 0.073400460183620452881
0.17542600631713867188 0.16703051328659057617 0.057557169348001480103 0 0.24062421917915344238 0.41431280970573425293 0.43139702081680297852 0.38905265927314758301 0.33663120865821838379 0.074220649898052215576 0.0037477412261068820953 0.0032251647207885980606 0.0062660342082381248474 0 0 0 0 0 0 0.083370208740234375 0.085639186203479766846 0.054237313568592071533 0.026153346523642539978 0.074692800641059875488 0.050348874181509017944 0.10893391072750091553 0.077386632561683654785 0 0 0 0 0.020045790821313858032 0.035757359117269515991 0 0 0 0 0 0 0 0 0 0 0 0 0 0 0.016732165589928627014 0.044691354036331176758 0.069665662944316864014 0.036617759615182876587 0.039772596210241317749 0.055775340646505355835 0.059653364121913909912 0.042905569076538085938 0.0048086303286254405975
0.10164304822683334351 0.17051333189010620117 0.17913725972175598145 0 0.30270567536354064941 0.35648325085639953613 0.3700536191463470459 0.38023385405540466309 0.3412469327449798584 0.15647220611572265625 0.019518777728080749512 0.01679712347686290741 0.032634414732456207275 0 0 0 0 0 0 0 0 0 0.13621041178703308105 0.38901090621948242188 0.057729069143533706665 0 0 0 0 0 0 0 0 0 0 0 0 0 0 0 0 0 0 0 0 0 0 0 0 0.068287171423435211182 0.15334975719451904297 0.12435105443000793457 0.06677827984094619751 0.079046815633773803711 0.0094304149970412254333 0
0.097507193684577941895 0.1059680059552192688 0.054939575493335723877 0 0.092836752533912658691 0.20327021181583404541 0.26947939395904541016 0.35811287164688110352 0.34524112939834594727 0.087191291153430938721 0.078727662563323974609 0.062485914677381515503 0.010008642449975013733 0 0.0067337867803871631622 0.0012567666126415133476 0 0 0 0 0 0.024932906031608581543 0.088177256286144256592 0.11930569261312484741 0.11580403149127960205 0.016982991248369216919 0.083891563117504119873 0.15284353494644165039 0 0 0 0 0 0 0 0 0 0.037886235862970352173 0.10388486087322235107 0.013905053958296775818 0.044304430484771728516 0.032261949032545089722 0 0 0 0 0 0 0 0.020942982286214828491 0.11923722177743911743 0.12203399837017059326 0.119290962815284729 0.14330509305000305176 0.057536236941814422607 0.0054335282184183597565
0.029260242357850074768 0.14517836272716522217 0.25657966732978820801 0.030235243961215019226 0.016101397573947906494 0.092977643013000488281 0.1082013249397277832 0.12468776106834411621 0.16024053096771240234 0.071165159344673156738 0.069589495658874511719 0.047978196293115615845 0 0 0.0029702917672693729401 0.00055436324328184127808 0 0 0 0.082888454198837280273 0.065060414373874664307 0.075891785323619842529 0.069581344723701477051 0 0.043271791189908981323 0.0074912440031766891479 0.03700480237603187561 0.067419707775115966797 0 0 0 0 0 0 0 0 0 0.030071396380662918091 0.082456409931182861328 0.011036842130124568939 0.019542805850505828857 0.01423083525151014328 0 0 0 0 0 0 0 0.2504336237907409668 0.17528164386749267578 0.11373540014028549194 0.043585691601037979126 0.052518684417009353638 0.024103628471493721008 0.00239674421027302742
0 0.14081564545631408691 0.2973626554012298584 0.035041097551584243774 0.018660694360733032227 0.0597325153648853302 0.056261975318193435669 0.042106043547391891479 0.062720209360122680664 0.062435667961835861206 0.056326046586036682129 0.039374828338623046875 0.0072920005768537521362 0.0046233637258410453796 0.0056904554367065429688 0.0009256221819669008255 0 0 0 0.10816594213247299194 0.077578186988830566406 0.083002023398876190186 0.071423761546611785889 0 0 0 0 0 0 0 0 0 0 0 0 0 0.013158389367163181305 0.053961746394634246826 0.084943503141403198242 0.011369741521775722504 0 0 0 0 0 0.024214692413806915283 0.052494343370199203491 0.085185505449771881104 0.07049064338207244873 0.31048747897148132324 0.17899823188781738281 0.10551998019218444824 0.014257703907787799835 0 0.014811309985816478729 0.0086589576676487922668
0.064283147454261779785 0.052013646811246871948 0.013375911861658096313 0.040441542863845825195 0.0067860200069844722748 0 0.043600518256425857544 0.086569145321846008301 0 0 0.052876885980367660522 0.053776618093252182007 0.035335954278707504272 0.034744538366794586182 0.02588215656578540802 0.00380533561110496521 0 0.0029107620939612388611 0.0084297629073262214661 0.051046505570411682129 0.0089478585869073867798 0.039641007781028747559 0.079022452235221862793 0.014982722699642181396 0.0058012497611343860626 0.00061939470469951629639 0 0.002496892586350440979 0.007033596280962228775 0.0010096724145114421844 0 0 0 0 0 0 0.05409559980034828186 0.15818966925144195557 0.17467413842678070068 0.023380242288112640381 0 0 0 0 0 0.09954929351806640625 0.21581007540225982666 0.36323457956314086914 0.32459110021591186523 0.10281936824321746826 0.069417491555213928223 0.098004326224327087402 0.09028485417366027832 0 0.070263840258121490479 0.036857292056083679199
