gis/20m/LAI_spruce.asc
ncols        511
nrows        572
xllcorner    726766.000000000000
yllcorner    7127230.000000000000
cellsize     20.000000000000
NODATA_value -9999
[rows 42 to 62 of 572, columns 276 to 321 of 511]
0.88405370712280273438 1.0174239873886108398 1.1998648643493652344 0.91958206892013549805 0.67919158935546875 0.58503592014312744141 0.68250107765197753906 0.98807257413864135742 1.0720461606979370117 1.4183200597763061523 1.482898712158203125 1.6748592853546142578 2.1980082988739013672 2.2191538810729980469 2.1028356552124023438 2.2227475643157958984 2.3922369480133056641 2.6955151557922363281 2.6570069789886474609 1.391804814338684082 1.2330096960067749023 1.3386185169219970703 1.3533533811569213867 1.0492852926254272461 1.0759956836700439453 1.1791268587112426758 1.164420008659362793 1.0322400331497192383 0.94241189956665039062 0.99272042512893676758 1.0630600452423095703 1.1740802526473999023 1.6811760663986206055 2.3353180885314941406 1.7659009695053100586 0.50551253557205200195 0.16140499711036682129 0 0 0 0 0 0 0 0 0
0.97676044702529907227 1.1355229616165161133 1.3271306753158569336 1.2532062530517578125 1.1586844921112060547 0.63416093587875366211 0.54460364580154418945 0.76015907526016235352 0.94847661256790161133 1.0140945911407470703 1.2068648338317871094 1.595868229866027832 2.4535906314849853516 2.4265832901000976562 2.2124989032745361328 2.5127046108245849609 2.7073924541473388672 3.0881824493408203125 3.4384109973907470703 1.6681174039840698242 1.0197632312774658203 1.131847381591796875 1.3663079738616943359 0.9989833831787109375 1.2211427688598632812 1.346243739128112793 1.2521936893463134766 0.91849786043167114258 0.75646775960922241211 0.80265003442764282227 0.9227434992790222168 1.0317777395248413086 1.428731083869934082 1.9072849750518798828 1.7884933948516845703 0.746662139892578125 0.3471654057502746582 0 0 0 0 0 0 0 0 0
1.0622349977493286133 1.2475897073745727539 1.4047751426696777344 1.1931992769241333008 1.1483428478240966797 2.4888153076171875 2.4881145954132080078 1.2258261442184448242 0.62229752540588378906 1.2873365879058837891 1.7576639652252197266 2.0494062900543212891 2.6536328792572021484 2.8109261989593505859 2.4111990928649902344 2.6898882389068603516 2.8667962551116943359 3.3211221694946289062 4.0146183967590332031 3.4703660011291503906 1.4035204648971557617 0.9472039341926574707 1.0193624496459960938 0.86480081081390380859 0.97093349695205688477 1.3600004911422729492 1.3979412317276000977 1.0212581157684326172 0.44244834780693054199 0.72992944717407226562 0.81772279739379882812 0.84635156393051147461 0.97864496707916259766 1.1512427330017089844 0.99590021371841430664 1.9188542366027832031 1.5036236047744750977 0.027250651270151138306 0.026647096499800682068 0.0090368939563632011414 0.00092691939789801836014 0 0 0 0 0
0.84628725051879882812 0.80387765169143676758 1.0902107954025268555 1.7727340459823608398 1.961617588996887207 2.2788395881652832031 2.3859410285949707031 2.1014702320098876953 1.1490446329116821289 0.25410491228103637695 0.6293366551399230957 1.1396470069885253906 2.0783970355987548828 2.3043055534362792969 2.5562405586242675781 2.6641170978546142578 2.7327859401702880859 3.1430859565734863281 3.8016796112060546875 3.7780334949493408203 2.8810620307922363281 2.1106772422790527344 0.76371669769287109375 0.64651906490325927734 1.2743532657623291016 1.5720220804214477539 1.6203107833862304688 1.3561789989471435547 0.6539351344108581543 0.97004783153533935547 0.7434991002082824707 0.80299019813537597656 1.0447591543197631836 0.86964064836502075195 1.1447048187255859375 1.7432198524475097656 1.510851740837097168 0.68185865879058837891 0.66675668954849243164 0.22611878812313079834 0.023193135857582092285 0 0 0 0 0
1.0146031379699707031 1.1150275468826293945 1.5343599319458007812 2.2848558425903320312 2.0624792575836181641 1.8507897853851318359 1.8506433963775634766 1.8420029878616333008 1.5299364328384399414 1.4806655645370483398 1.0526167154312133789 0.98688930273056030273 1.2197822332382202148 1.4794840812683105469 2.140625 2.429546356201171875 2.5341672897338867188 2.9753246307373046875 3.6035969257354736328 3.6249508857727050781 3.3400063514709472656 2.5898859500885009766 0.83101475238800048828 0.54024851322174072266 1.110720515251159668 1.7931461334228515625 1.9954143762588500977 1.7185428142547607422 0.70121020078659057617 0.67606586217880249023 0.52780902385711669922 0.61021131277084350586 0.88222652673721313477 0.87633204460144042969 0.96941673755645751953 1.2849402427673339844 1.2208085060119628906 0.81922650337219238281 0.60722941160202026367 0.16160432994365692139 0.010639422573149204254 0 0.008966274559497833252 0.028798222541809082031 0.35782912373542785645 0.4109624326229095459
0.52986294031143188477 0.63126939535140991211 1.2791171073913574219 2.7280533313751220703 2.2610654830932617188 2.314144134521484375 2.2122697830200195312 1.6602281332015991211 1.2918757200241088867 2.0542666912078857422 2.0879971981048583984 1.8243875503540039062 1.1427444219589233398 0.78696763515472412109 1.210318446159362793 1.3364843130111694336 1.3829778432846069336 1.6185321807861328125 1.9312583208084106445 2.0477273464202880859 2.6596646308898925781 2.3361377716064453125 0.89770740270614624023 0.23588460683822631836 1.0787923336029052734 1.880688786506652832 1.9679261445999145508 1.4729074239730834961 0.6583054661750793457 0.37338569760322570801 0.39814215898513793945 0.47680160403251647949 0.67724436521530151367 0.84864068031311035156 0.83542233705520629883 0.86264026165008544922 0.98913669586181640625 1.1165891885757446289 0.79256242513656616211 0.15220889449119567871 0 0.041511356830596923828 0.20978920161724090576 0.37798798084259033203 0.57644563913345336914 0.69053655862808227539
0 0 0.72380262613296508789 2.6556601524353027344 2.3010587692260742188 2.9435050487518310547 2.8376145362854003906 1.6686764955520629883 0.82263320684432983398 1.6686484813690185547 2.6451976299285888672 2.6253511905670166016 1.7098498344421386719 0.86156785488128662109 0.79588663578033447266 0.65479123592376708984 0.61922115087509155273 0.63603633642196655273 0.68910288810729980469 0.86117261648178100586 1.7161813974380493164 1.7206702232360839844 0.86988669633865356445 0.054281871765851974487 1.136623382568359375 1.747292637825012207 1.6306860446929931641 0.98919683694839477539 0.60699993371963500977 0.34217414259910583496 0.45532187819480895996 0.52204883098602294922 0.64974439144134521484 0.82966721057891845703 0.84952986240386962891 0.82089322805404663086 0.97985506057739257812 1.2581930160522460938 1.0284364223480224609 0.19750767946243286133 0.012446062639355659485 0.094715774059295654297 0.38087376952171325684 0.62394827604293823242 0.48302054405212402344 0.60502171516418457031
0 0 0.23209775984287261963 0.85157573223114013672 1.0801695585250854492 1.4285359382629394531 1.4254912137985229492 1.1305987834930419922 0.94075429439544677734 1.8172254562377929688 2.3214104175567626953 2.2804243564605712891 2.0999119281768798828 2.3755948543548583984 2.4098944664001464844 2.2364702224731445312 2.0473248958587646484 1.593780517578125 1.328442692756652832 1.687647700309753418 0.87210917472839355469 0.48585802316665649414 0.11035053431987762451 0.045682281255722045898 0.40938431024551391602 0.6471850275993347168 0.61773335933685302734 0.62654095888137817383 1.0224032402038574219 0.66438013315200805664 0.75016546249389648438 0.98454564809799194336 1.3094906806945800781 1.0381877422332763672 0.90649825334548950195 0.54577755928039550781 0.52426362037658691406 1.0145289897918701172 1.8228869438171386719 0.37325209379196166992 0.33398079872131347656 0.51900976896286010742 0.53018623590469360352 0 0 0
0 0 0 0 1.1205180883407592773 1.2146261930465698242 0.99176275730133056641 0.80559021234512329102 1.3787909746170043945 1.2800551652908325195 2.1111562252044677734 2.2904453277587890625 2.1543715000152587891 2.2195000648498535156 2.1825661659240722656 1.4165318012237548828 1.3528964519500732422 1.6827898025512695312 1.611230015754699707 2.4538793563842773438 1.8553479909896850586 1.4761333465576171875 0.81484037637710571289 0.15313887596130371094 0.077165193855762481689 0.21853683888912200928 0.39761489629745483398 0.82666218280792236328 1.0685151815414428711 0.96727675199508666992 1.2648479938507080078 1.4926292896270751953 1.6318793296813964844 1.1648921966552734375 1.2769083976745605469 0.84063732624053955078 0.77912229299545288086 1.0834591388702392578 1.5072960853576660156 0.81245201826095581055 1.357895970344543457 1.0521894693374633789 0 0 0 0
0 0 0 0 1.2005840539932250977 1.3293346166610717773 1.1002836227416992188 0.77037698030471801758 1.0336567163467407227 1.285645604133605957 2.0855805873870849609 2.2674183845520019531 2.1869633197784423828 2.1371033191680908203 2.1163892745971679688 1.2719476222991943359 1.1022067070007324219 1.3446985483169555664 1.5725471973419189453 2.2393827438354492188 1.8927930593490600586 1.4709707498550415039 0.59725809097290039062 0.14335089921951293945 0.050302729010581970215 0.14164544641971588135 0.32406389713287353516 0.78175294399261474609 1.0060838460922241211 0.99371492862701416016 1.4945883750915527344 1.7348434925079345703 1.8139885663986206055 1.385303497314453125 1.2406497001647949219 0.92723536491394042969 0.98153626918792724609 1.2324670553207397461 1.1726400852203369141 0.50350683927536010742 0.62662905454635620117 0.4781017303466796875 0 0 0 0
0.061871390789747238159 0 0 0 0.57472753524780273438 1.0785386562347412109 1.0986651182174682617 0.90855807065963745117 0.94134134054183959961 1.4602911472320556641 1.5123717784881591797 1.6665711402893066406 2.198200225830078125 2.3733973503112792969 2.004169464111328125 1.1125303506851196289 0.95518219470977783203 1.3091331720352172852 1.8202539682388305664 1.6522437334060668945 1.1467370986938476562 0.83073538541793823242 0.27269077301025390625 0.061315473169088363647 0.012667503207921981812 0.070220723748207092285 0.46621495485305786133 1.2798573970794677734 1.0768409967422485352 1.4046905040740966797 1.6335189342498779297 1.6413571834564208984 1.4873471260070800781 1.2860380411148071289 1.2439569234848022461 0.98763823509216308594 0.88702601194381713867 0.68441283702850341797 0.43513497710227966309 0.11737095564603805542 0.0079946471378207206726 0 0 0 0 0
0.11572448164224624634 0 0 0 0 0.77974963188171386719 1.0084165334701538086 1.0340894460678100586 1.0855795145034790039 1.5956416130065917969 1.044858098030090332 1.1485396623611450195 2.1042084693908691406 2.5846159458160400391 1.9647210836410522461 1.1207396984100341797 1.0490026473999023438 1.5347220897674560547 2.0412955284118652344 1.2908051013946533203 0.49985626339912414551 0.30309650301933288574 0.14636926352977752686 0 0 0.061025943607091903687 0.63474106788635253906 1.7443643808364868164 1.2269005775451660156 1.7370699644088745117 1.5956513881683349609 1.4022604227066040039 1.090430140495300293 1.0441231727600097656 1.2344105243682861328 0.93483221530914306641 0.63674455881118774414 0.12055478990077972412 0.051781229674816131592 0.011989527381956577301 0.035092454403638839722 0.029504617676138877869 0.0092715909704566001892 0.029778849333524703979 0.03775658831000328064 0.029611749574542045593
0.15845018625259399414 0 0 0 0 0.52612268924713134766 0.70971375703811645508 0.78769898414611816406 0.78066736459732055664 1.4574913978576660156 0.82246381044387817383 0.42326343059539794922 0.4702097773551940918 1.6659321784973144531 2.0899417400360107422 1.9151155948638916016 1.8920812606811523438 1.9465830326080322266 1.7284674644470214844 0.80288791656494140625 0.48170676827430725098 0.33482584357261657715 0.017234807834029197693 0 0.0015254508471116423607 0.0088250236585736274719 0.60608029365539550781 2.0483117103576660156 2.1071195602416992188 1.875165104866027832 1.6783198118209838867 1.48999786376953125 1.055594325065612793 0.87695282697677612305 0.48802700638771057129 0.08301429450511932373 0.0052504278719425201416 0 0 0.040716495364904403687 0.73308604955673217773 0.63227039575576782227 0.22767443954944610596 0.6207218170166015625 0.77195733785629272461 0.60766279697418212891
0.017148744314908981323 0 0 0 0 0 0.28630805015563964844 1.2225347757339477539 1.7091367244720458984 0.98579955101013183594 0.17182834446430206299 0 0 0 1.4429165124893188477 1.6356395483016967773 1.7882781028747558594 1.6466540098190307617 0 0 0.85073822736740112305 0.90956896543502807617 0.35423687100410461426 0 0.031353462487459182739 0.18138575553894042969 0.15358571708202362061 0.16058954596519470215 0.54107129573822021484 0.83958315849304199219 1.1061770915985107422 0.91103500127792358398 0.36629036068916320801 0.41444942355155944824 0.44726544618606567383 0.21415370702743530273 0.10791504383087158203 0 0 0 0.70760232210159301758 0.92203891277313232422 0.88556051254272460938 0.57245749235153198242 0.41637402772903442383 0.37242567539215087891
0.0077176797203719615936 0 0 0 0 0 0.12885105609893798828 0.80110365152359008789 1.6736896038055419922 1.5211553573608398438 0.32538405060768127441 0 0 0 0.64937514066696166992 1.3440775871276855469 1.5149693489074707031 1.1323792934417724609 0 0 0.38286915421485900879 0.40934553742408752441 0.15942198038101196289 0 0.20644201338291168213 0.57856065034866333008 0.46543541550636291504 0.27991622686386108398 0.9431164860725402832 0.83092528581619262695 0.87094676494598388672 0.72702437639236450195 0.3730824589729309082 0.42110756039619445801 0.47841426730155944824 0.37555739283561706543 0.2470861971378326416 0.013744487427175045013 0 0.095032863318920135498 0.66739404201507568359 0.82147210836410522461 0.80204916000366210938 0.6400820612907409668 0.4370352327823638916 0.46156221628189086914
0 0 0 0 0 0 0 0.43666100502014160156 1.5741170644760131836 1.8534417152404785156 0.4255428314208984375 0 0 0 0 0.49655580520629882812 0.58002543449401855469 0.31960356235504150391 0 0 0 0 0.1723604351282119751 0.59037744998931884766 0.63478308916091918945 0.72418826818466186523 0.68969845771789550781 0.93558531999588012695 1.8263084888458251953 1.1295056343078613281 0.86349606513977050781 0.73123782873153686523 0.46658024191856384277 0.44440361857414245605 0.38292968273162841797 0.34613615274429321289 0.31672549247741699219 0.18163186311721801758 0 0.37138536572456359863 0.80936455726623535156 0.80090069770812988281 0.57963365316390991211 0.53777158260345458984 0.3756293952465057373 0.44947534799575805664
0 0 0 0 0 0 0 0.3987681269645690918 1.4375172853469848633 1.7182193994522094727 0.48613747954368591309 0.08320678025484085083 0 0 0 0 0 0 0 0 0.033464457839727401733 0.050085715949535369873 0.36759895086288452148 1.0921434164047241211 0.8377755284309387207 0.54963135719299316406 0.63846123218536376953 1.3541685342788696289 2.2249577045440673828 1.3731658458709716797 0.98828387260437011719 0.82923668622970581055 0.52421146631240844727 0.44501519203186035156 0.28109270334243774414 0.21470847725868225098 0.2799892127513885498 0.31453979015350341797 0.024145208299160003662 0.56499600410461425781 0.94289767742156982422 0.84226596355438232422 0.46056216955184936523 0.40029153227806091309 0.31327623128890991211 0.38336491584777832031
0 0 0 0 0 0 0 0 0 0.85124856233596801758 1.9606037139892578125 1.5946179628372192383 0.024054938927292823792 0 0 0 0 0.018441203981637954712 0.064232707023620605469 0.041981488466262817383 0.64690113067626953125 0.98347955942153930664 1.4182162284851074219 1.4459259510040283203 0.29872184991836547852 0.035140197724103927612 0.16705369949340820312 0.69101715087890625 1.2397849559783935547 1.2458338737487792969 0.50846767425537109375 0.31532728672027587891 0.2683480679988861084 0.20007713139057159424 0.23837931454181671143 0.22841258347034454346 0.27082145214080810547 0.40251922607421875 0.45813670754432678223 1.1183559894561767578 0.77797049283981323242 0.68309617042541503906 0.58360511064529418945 0.25249463319778442383 0.35157367587089538574 0.44342660903930664062
0 0 0 0 0 0 0 0 0 1.260666966438293457 1.8632218837738037109 1.5666459798812866211 0.45388910174369812012 0 0 0 0 0.34796437621116638184 1.2119975090026855469 0.79214251041412353516 0.73519539833068847656 1.3885407447814941406 2.4232552051544189453 1.1593810319900512695 0.23952294886112213135 0.027590766549110412598 0.19585534930229187012 0.68742251396179199219 0.94340544939041137695 0.78908216953277587891 0.4175529181957244873 0.30441689491271972656 0.27111256122589111328 0.35339507460594177246 0.510791778564453125 0.3854637444019317627 0.31947204470634460449 0.29325643181800842285 0.36791896820068359375 0.715137481689453125 0.77763348817825317383 0.7530085444450378418 0.64721220731735229492 0.51096642017364501953 0.54589468240737915039 0.46797198057174682617
0 0 0 0 0 0 0 0 0 0.56187850236892700195 1.2947993278503417969 1.5036834478378295898 1.1654579639434814453 0 0 0 0.14033801853656768799 0.62027156352996826172 0.94258415699005126953 1.0617209672927856445 1.0600630044937133789 1.2991552352905273438 1.517237544059753418 0.58028185367584228516 0.11988364160060882568 0.012297187931835651398 0.29158005118370056152 0.99769282341003417969 1.1135623455047607422 0.96561032533645629883 0.86749547719955444336 0.70016229152679443359 0.34584346413612365723 0.34442508220672607422 0.63178718090057373047 0.40517204999923706055 0.31638962030410766602 0.32212182879447937012 0.4194221198558807373 0.81402909755706787109 0.75276219844818115234 0.66973805427551269531 0.59118998050689697266 0.64546692371368408203 0.69938367605209350586 0.58567607402801513672
0 0 0 0 0 0 0 0 0 0 0.90862435102462768555 1.3019462823867797852 1.1853271722793579102 0 0 0 0.25785133242607116699 1.0883460044860839844 1.5531277656555175781 1.3873571157455444336 1.2802684307098388672 1.0339639186859130859 0.35085183382034301758 0.05099650844931602478 0.010535650886595249176 0 0.26551347970962524414 0.95319503545761108398 1.0850987434387207031 0.98037636280059814453 1.2993994951248168945 1.1359976530075073242 0.48197060823440551758 0.31499281525611877441 0.47972837090492248535 0.38104158639907836914 0.3444506227970123291 0.41515600681304931641 0.58903986215591430664 0.92898285388946533203 0.835216522216796875 0.71126866340637207031 0.65017789602279663086 0.92154073715209960938 0.75201219320297241211 0.79841887950897216797
