gis/20m/processed_dem.asc
ncols        511
nrows        572
xllcorner    726766.000000000000
yllcorner    7127230.000000000000
cellsize     20.000000000000
NODATA_value -9999
[rows 200 to 219 of 572, columns 0 to 44 of 511]
-9999 -9999 -9999 -9999 -9999 -9999 -9999 -9999 -9999 -9999 -9999 -9999 -9999 -9999 -9999 -9999 -9999 -9999 -9999 -9999 -9999 -9999 305.766876220703125 304.84521484375 304.366119384765625 303.912750244140625 303.93658447265625 303.860076904296875 302.48919677734375 301.240264892578125 303.10845947265625 307.97821044921875 313.778411865234375 319.620025634765625 324.66107177734375 329.952178955078125 336.681121826171875 341.178009033203125 344.4095458984375 346.06414794921875 347.022735595703125 348.320465087890625 349.865509033203125 350.5384521484375 350.228515625
-9999 -9999 -9999 -9999 -9999 -9999 -9999 -9999 -9999 -9999 -9999 -9999 -9999 -9999 -9999 -9999 -9999 -9999 -9999 -9999 -9999 -9999 306.284393310546875 305.044342041015625 304.47979736328125 303.638031005859375 303.9896240234375 304.49114990234375 303.466949462890625 301.215179443359375 301.21514892578125 304.3016357421875 309.436065673828125 315.224639892578125 321.283050537109375 325.700103759765625 333.345306396484375 338.4317626953125 342.43463134765625 345.757720947265625 346.35589599609375 346.857666015625 348.664215087890625 349.77569580078125 349.9122314453125
-9999 -9999 -9999 -9999 -9999 -9999 -9999 -9999 -9999 -9999 -9999 -9999 -9999 318.231689453125 316.749114990234375 313.0400390625 312.941192626953125 -9999 -9999 -9999 -9999 -9999 306.673614501953125 305.121307373046875 304.15728759765625 303.332550048828125 303.290924072265625 303.87939453125 303.83270263671875 302.664154052734375 301.215118408203125 301.5640869140625 305.533111572265625 310.6126708984375 316.14483642578125 321.84832763671875 328.0380859375 333.7342529296875 337.072784423828125 340.663909912109375 342.927520751953125 344.394134521484375 345.98138427734375 347.66644287109375 348.880523681640625
-9999 -9999 -9999 -9999 -9999 -9999 -9999 -9999 -9999 -9999 -9999 -9999 -9999 315.62127685546875 315.283447265625 312.57769775390625 312.38934326171875 314.974609375 -9999 -9999 -9999 -9999 307.62060546875 306.3507080078125 304.51373291015625 302.96710205078125 302.311981201171875 302.375579833984375 302.694549560546875 303.09442138671875 302.46453857421875 300.055908203125 301.61590576171875 306.42474365234375 311.440155029296875 316.800994873046875 321.906158447265625 325.9603271484375 331.191009521484375 336.404144287109375 340.66326904296875 342.18011474609375 344.30328369140625 345.7232666015625 346.8531494140625
-9999 -9999 -9999 -9999 -9999 -9999 -9999 -9999 -9999 -9999 -9999 -9999 310.47576904296875 311.897674560546875 311.78155517578125 310.75677490234375 310.671844482421875 313.526763916015625 317.298614501953125 -9999 -9999 -9999 310.40435791015625 309.487060546875 305.466094970703125 303.141571044921875 302.24212646484375 301.777008056640625 301.7769775390625 301.776947021484375 301.693939208984375 299.97015380859375 299.432647705078125 302.650848388671875 307.15728759765625 311.13336181640625 316.289306640625 324.866790771484375 331.036376953125 337.3056640625 339.980255126953125 341.502777099609375 343.51055908203125 345.689544677734375 347.099578857421875
-9999 -9999 -9999 -9999 -9999 -9999 -9999 -9999 -9999 -9999 -9999 -9999 307.496612548828125 307.797271728515625 308.014739990234375 308.046112060546875 307.2999267578125 307.37127685546875 311.389404296875 315.599700927734375 -9999 -9999 315.96295166015625 314.593048095703125 309.0858154296875 304.77374267578125 302.71099853515625 302.01629638671875 301.914306640625 302.207855224609375 301.0784912109375 299.739013671875 297.993011474609375 299.65380859375 302.929931640625 306.81573486328125 312.131866455078125 321.60736083984375 334.3565673828125 338.728668212890625 339.91796875 341.12451171875 342.82171630859375 345.0831298828125 346.61639404296875
-9999 -9999 -9999 -9999 -9999 -9999 -9999 -9999 -9999 -9999 -9999 -9999 306.143798828125 305.451446533203125 305.642974853515625 305.900909423828125 304.099517822265625 302.708770751953125 305.1986083984375 309.406005859375 312.899444580078125 316.25341796875 320.73297119140625 320.718353271484375 316.994140625 308.210235595703125 304.79150390625 303.064300537109375 302.97027587890625 302.711578369140625 301.296875 299.9285888671875 297.99298095703125 298.226226806640625 299.788177490234375 302.759979248046875 307.394287109375 314.437103271484375 330.9117431640625 339.210052490234375 341.478424072265625 342.432861328125 342.88006591796875 344.11572265625 345.290283203125
-9999 -9999 -9999 -9999 -9999 -9999 -9999 -9999 -9999 -9999 305.30645751953125 305.32977294921875 305.07080078125 304.345550537109375 303.43035888671875 303.53851318359375 302.492706298828125 300.378265380859375 300.553955078125 304.1148681640625 308.13031005859375 314.2432861328125 319.259552001953125 321.5107421875 320.574432373046875 313.42352294921875 307.11407470703125 305.416961669921875 303.551239013671875 303.410186767578125 302.464874267578125 300.3399658203125 299.476898193359375 296.710113525390625 297.226348876953125 299.006500244140625 302.06341552734375 307.103668212890625 317.894378662109375 334.331329345703125 341.838714599609375 343.357330322265625 343.65362548828125 343.29608154296875 343.86956787109375
-9999 -9999 -9999 -9999 -9999 -9999 -9999 -9999 -9999 304.32568359375 304.3330078125 304.665557861328125 303.920135498046875 302.9547119140625 301.35101318359375 300.25396728515625 300.204254150390625 298.962188720703125 297.664398193359375 299.327239990234375 303.717864990234375 309.40130615234375 315.074737548828125 319.836334228515625 319.311431884765625 314.327484130859375 307.800201416015625 307.418701171875 305.899993896484375 303.263397216796875 301.295928955078125 299.705810546875 299.1138916015625 297.537994384765625 294.48187255859375 296.666229248046875 298.81634521484375 302.39129638671875 308.11175537109375 321.524322509765625 336.01202392578125 341.744110107421875 343.41815185546875 342.82476806640625 342.56610107421875
-9999 -9999 -9999 -9999 -9999 -9999 -9999 -9999 -9999 -9999 303.3824462890625 302.52520751953125 301.84136962890625 300.464691162109375 298.913543701171875 297.92840576171875 297.943634033203125 297.371734619140625 295.375244140625 294.246429443359375 297.776611328125 303.10516357421875 310.280517578125 316.668212890625 316.93829345703125 314.409423828125 309.383697509765625 309.30413818359375 308.707794189453125 305.687408447265625 302.65655517578125 299.903076171875 297.8450927734375 296.572540283203125 293.46661376953125 294.125762939453125 295.67169189453125 298.03680419921875 302.358978271484375 310.20159912109375 324.324981689453125 336.075714111328125 340.57220458984375 341.55712890625 341.07122802734375
-9999 -9999 -9999 -9999 -9999 -9999 -9999 -9999 -9999 -9999 302.846343994140625 301.839447021484375 300.34954833984375 298.622711181640625 297.319183349609375 296.9368896484375 296.279937744140625 295.416168212890625 293.355377197265625 291.65972900390625 291.978240966796875 295.896881103515625 303.847747802734375 312.5914306640625 316.296661376953125 314.3006591796875 310.999481201171875 309.635498046875 310.176727294921875 308.321746826171875 304.536651611328125 301.333831787109375 297.4703369140625 295.414306640625 292.16156005859375 291.758636474609375 292.446502685546875 294.543609619140625 297.99371337890625 302.47625732421875 311.084564208984375 326.83331298828125 335.226531982421875 338.429901123046875 339.057159423828125
-9999 -9999 -9999 -9999 -9999 -9999 -9999 -9999 -9999 -9999 -9999 301.182281494140625 299.84844970703125 298.049468994140625 295.7135009765625 295.21307373046875 294.47283935546875 293.46917724609375 291.481048583984375 289.77984619140625 288.69921875 290.4403076171875 293.700225830078125 300.04656982421875 307.626495361328125 309.13818359375 309.141876220703125 308.027801513671875 307.664520263671875 305.97601318359375 303.036407470703125 299.788909912109375 296.219085693359375 294.6529541015625 292.041839599609375 289.2935791015625 288.985137939453125 291.944732666015625 294.365966796875 297.7083740234375 302.2349853515625 311.2357177734375 323.202178955078125 332.212646484375 334.907379150390625
-9999 -9999 -9999 -9999 -9999 -9999 -9999 -9999 -9999 -9999 301.005523681640625 300.56414794921875 298.323455810546875 296.53985595703125 294.5111083984375 292.916351318359375 292.169952392578125 291.2271728515625 290.0714111328125 289.079498291015625 287.220001220703125 287.007110595703125 289.433807373046875 292.774505615234375 297.826416015625 303.99273681640625 304.740875244140625 302.057098388671875 300.810546875 300.776092529296875 298.956817626953125 296.8509521484375 294.51470947265625 293.234832763671875 291.409942626953125 289.46875 287.719818115234375 290.14862060546875 292.219207763671875 294.21038818359375 296.820220947265625 301.566131591796875 309.776824951171875 320.913421630859375 327.994384765625
-9999 -9999 -9999 -9999 -9999 -9999 -9999 -9999 -9999 -9999 295.76104736328125 295.959564208984375 295.210174560546875 293.708892822265625 291.85784912109375 290.610015869140625 289.794830322265625 289.216583251953125 288.169952392578125 287.4482421875 285.83038330078125 284.911102294921875 285.2545166015625 287.498992919921875 291.206939697265625 297.462921142578125 300.57745361328125 299.97076416015625 298.16485595703125 298.048583984375 298.1790771484375 295.86212158203125 293.461151123046875 292.0390625 290.778411865234375 288.369354248046875 286.844512939453125 288.281768798828125 290.3575439453125 292.06402587890625 293.374176025390625 295.745025634765625 299.730926513671875 306.307037353515625 313.49688720703125
-9999 -9999 -9999 -9999 -9999 -9999 -9999 -9999 -9999 -9999 288.1888427734375 288.281982421875 287.93865966796875 286.39764404296875 286.249053955078125 286.158966064453125 286.362030029296875 285.9227294921875 285.083465576171875 284.65093994140625 284.731475830078125 283.949798583984375 283.194732666015625 284.12713623046875 286.240936279296875 290.575347900390625 295.4766845703125 297.96112060546875 296.507171630859375 295.453948974609375 296.181854248046875 295.334686279296875 292.528778076171875 290.551055908203125 289.920684814453125 287.401092529296875 285.91552734375 286.07977294921875 288.40838623046875 289.850006103515625 291.1507568359375 292.788177490234375 294.60479736328125 298.375823974609375 303.5872802734375
-9999 -9999 -9999 -9999 -9999 -9999 -9999 -9999 -9999 -9999 283.204498291015625 283.66143798828125 284.228790283203125 283.135498046875 282.783172607421875 281.956268310546875 282.084014892578125 282.91455078125 282.77679443359375 282.29315185546875 282.514678955078125 282.59454345703125 282.526824951171875 282.052703857421875 282.874420166015625 285.062591552734375 289.202178955078125 293.8880615234375 294.770965576171875 292.96990966796875 293.231658935546875 294.260589599609375 292.715850830078125 290.36376953125 289.084228515625 287.00555419921875 285.655609130859375 285.215789794921875 287.09161376953125 287.98712158203125 289.581817626953125 290.70477294921875 291.696533203125 293.965484619140625 297.84344482421875
-9999 -9999 -9999 -9999 -9999 -9999 -9999 -9999 -9999 -9999 280.667694091796875 280.3489990234375 280.9609375 281.707244873046875 280.9661865234375 279.87481689453125 279.16973876953125 279.0880126953125 280.45452880859375 280.416412353515625 279.97259521484375 280.402618408203125 281.131256103515625 279.96063232421875 279.8060302734375 280.036407470703125 283.095550537109375 288.461639404296875 291.998443603515625 291.084259033203125 290.292388916015625 291.254730224609375 291.544677734375 290.310760498046875 288.45294189453125 286.955657958984375 283.85382080078125 283.750335693359375 285.610565185546875 286.0247802734375 287.5589599609375 288.692718505859375 289.69061279296875 290.709381103515625 293.4085693359375
-9999 -9999 -9999 -9999 -9999 -9999 -9999 -9999 -9999 -9999 277.494110107421875 277.98809814453125 278.769744873046875 279.26690673828125 278.758087158203125 277.097991943359375 277.104766845703125 276.194427490234375 275.56201171875 276.37554931640625 275.680938720703125 276.18280029296875 276.944915771484375 277.1546630859375 276.26287841796875 276.16986083984375 277.74163818359375 282.09674072265625 287.051300048828125 288.363128662109375 286.900634765625 287.579254150390625 289.009033203125 289.1744384765625 288.083984375 286.189971923828125 283.5787353515625 283.501129150390625 283.552520751953125 283.87835693359375 285.029205322265625 286.713958740234375 287.706878662109375 288.244049072265625 289.260986328125
-9999 -9999 -9999 -9999 -9999 -9999 -9999 -9999 -9999 -9999 273.972320556640625 275.108917236328125 275.578094482421875 276.539154052734375 276.79791259765625 274.2379150390625 273.152984619140625 272.8074951171875 273.166168212890625 274.06048583984375 273.512481689453125 273.637481689453125 273.9207763671875 274.05224609375 273.648895263671875 274.0888671875 274.621429443359375 275.961181640625 279.840972900390625 283.1751708984375 283.46649169921875 284.448638916015625 286.3106689453125 287.036346435546875 286.453643798828125 285.07489013671875 284.029937744140625 281.9884033203125 281.154632568359375 282.694488525390625 282.8824462890625 284.48187255859375 285.799835205078125 286.142364501953125 286.293060302734375
-9999 -9999 -9999 -9999 -9999 -9999 -9999 -9999 -9999 271.146148681640625 271.107635498046875 271.21435546875 272.56866455078125 273.530059814453125 273.029815673828125 269.6923828125 269.68524169921875 269.685272216796875 270.2435302734375 271.427215576171875 271.724822998046875 272.51422119140625 271.41082763671875 270.693634033203125 270.616851806640625 271.682525634765625 272.3575439453125 271.550872802734375 273.446990966796875 276.87078857421875 279.93890380859375 281.598876953125 283.203338623046875 284.00531005859375 284.265838623046875 283.715972900390625 282.032745361328125 280.360504150390625 278.669464111328125 280.24920654296875 281.104278564453125 281.88690185546875 283.158172607421875 284.21435546875 284.0732421875
