gis/20m/processed_dem.asc
ncols        511
nrows        572
xllcorner    726766.000000000000
yllcorner    7127230.000000000000
cellsize     20.000000000000
NODATA_value -9999
[rows 20 to 39 of 572, columns 225 to 269 of 511]
276.809967041015625 273.802154541015625 271.258209228515625 271.172943115234375 270.842132568359375 270.5169677734375 270.02630615234375 271.0408935546875 270.85198974609375 269.721160888671875 269.444488525390625 270.199310302734375 269.233917236328125 269.2203369140625 269.1478271484375 270.0809326171875 269.8631591796875 268.751953125 268.70037841796875 268.700347900390625 270.4395751953125 274.716339111328125 274.959197998046875 273.383087158203125 271.4171142578125 268.774810791015625 268.2503662109375 267.8905029296875 267.836578369140625 266.91583251953125 267.016082763671875 267.0443115234375 268.112945556640625 268.160888671875 268.236175537109375 268.492279052734375 268.57037353515625 268.8104248046875 269.329345703125 270.354705810546875 271.832977294921875 272.302398681640625 272.613922119140625 273.3221435546875 276.730865478515625
274.990753173828125 271.584808349609375 271.4130859375 272.517181396484375 272.217010498046875 271.932373046875 270.0413818359375 269.923583984375 269.869873046875 270.74749755859375 270.661834716796875 270.485382080078125 270.417999267578125 270.9276123046875 270.560882568359375 270.191802978515625 269.956939697265625 269.76239013671875 269.70477294921875 268.7003173828125 269.88128662109375 273.149505615234375 275.59027099609375 274.487030029296875 272.99029541015625 271.124114990234375 268.57208251953125 268.130401611328125 267.873077392578125 267.9779052734375 266.98052978515625 268.01361083984375 268.0618896484375 268.1363525390625 268.184295654296875 268.380859375 268.4271240234375 269.045196533203125 270.292510986328125 270.065582275390625 270.989044189453125 270.7147216796875 272.320281982421875 273.2056884765625 276.280426025390625
274.6541748046875 273.671478271484375 273.3011474609375 273.00177001953125 272.6015625 272.259796142578125 271.688812255859375 271.2376708984375 271.033905029296875 270.88031005859375 270.79730224609375 270.702178955078125 270.819366455078125 272.91015625 272.980621337890625 270.50146484375 270.05596923828125 269.880096435546875 269.752410888671875 268.700286865234375 268.7950439453125 269.9525146484375 272.1497802734375 273.612396240234375 272.45941162109375 272.057403564453125 269.8533935546875 268.32342529296875 268.05877685546875 268.02777099609375 266.975341796875 266.99481201171875 268.081390380859375 268.109283447265625 268.1473388671875 268.2635498046875 268.32940673828125 268.965606689453125 270.042572021484375 268.86553955078125 269.17388916015625 270.38116455078125 271.51507568359375 272.618408203125 275.464813232421875
275.0750732421875 274.167144775390625 273.790985107421875 273.42803955078125 272.976287841796875 272.5626220703125 272.08978271484375 271.63458251953125 271.267486572265625 270.979400634765625 270.859039306640625 270.804595947265625 271.37139892578125 275.1007080078125 275.69207763671875 272.06756591796875 270.219451904296875 269.889312744140625 269.84771728515625 269.794219970703125 268.70025634765625 268.4095458984375 268.2640380859375 270.531585693359375 270.236328125 270.8031005859375 270.7230224609375 268.8685302734375 268.1829833984375 267.943603515625 266.92919921875 266.88446044921875 267.923126220703125 268.025726318359375 268.045440673828125 268.131378173828125 268.3070068359375 267.666351318359375 268.060333251953125 268.49822998046875 270.108428955078125 271.126861572265625 272.562530517578125 274.0419921875 274.478912353515625
275.7275390625 274.673583984375 274.127227783203125 273.987030029296875 274.266754150390625 273.072174072265625 272.30816650390625 271.8907470703125 271.51739501953125 271.1151123046875 270.93505859375 270.878173828125 272.350311279296875 275.42218017578125 275.795989990234375 273.617950439453125 270.658233642578125 269.823486328125 269.705718994140625 269.66070556640625 271.312896728515625 270.460784912109375 267.9677734375 268.653228759765625 268.489227294921875 268.4990234375 269.16497802734375 268.901885986328125 268.35040283203125 267.9180908203125 267.833251953125 266.90185546875 266.884429931640625 267.89923095703125 267.908538818359375 266.93280029296875 267.087738037109375 267.58502197265625 269.017364501953125 269.39813232421875 270.056488037109375 270.705963134765625 272.02850341796875 273.911834716796875 275.563690185546875
275.6607666015625 274.984893798828125 274.63739013671875 275.84588623046875 277.012603759765625 276.13470458984375 272.897552490234375 272.023345947265625 271.67279052734375 271.254608154296875 270.97802734375 270.884857177734375 272.08544921875 274.58111572265625 274.5009765625 272.222076416015625 270.18597412109375 269.69757080078125 269.5594482421875 269.36883544921875 270.628082275390625 272.0079345703125 268.402313232421875 267.44976806640625 268.171051025390625 267.863922119140625 267.534454345703125 267.426361083984375 267.877685546875 267.879669189453125 268.1416015625 268.071868896484375 266.82373046875 267.758819580078125 266.732666015625 266.80810546875 267.933197021484375 268.40887451171875 268.871490478515625 269.24835205078125 269.895416259765625 270.326446533203125 271.505523681640625 273.269317626953125 275.28948974609375
275.97125244140625 275.246917724609375 275.526214599609375 278.336181640625 278.88653564453125 278.86492919921875 275.767181396484375 272.21417236328125 271.73236083984375 271.29638671875 271.013153076171875 270.8553466796875 270.846710205078125 271.7515869140625 271.048675537109375 269.9349365234375 269.67657470703125 269.538543701171875 269.359161376953125 268.99786376953125 268.843963623046875 269.53546142578125 268.99566650390625 268.2554931640625 266.82904052734375 266.34259033203125 266.12493896484375 267.04290771484375 267.04241943359375 267.143585205078125 267.50799560546875 267.647552490234375 266.571441650390625 266.693511962890625 267.71759033203125 267.773651123046875 267.795074462890625 268.16046142578125 268.606536865234375 268.849700927734375 269.548675537109375 270.28228759765625 271.743682861328125 273.716156005859375 275.5867919921875
276.8836669921875 276.15045166015625 276.406280517578125 279.31573486328125 280.33270263671875 279.6806640625 277.74285888671875 272.746307373046875 271.666778564453125 271.216094970703125 270.872650146484375 270.7864990234375 270.5050048828125 270.154052734375 268.639068603515625 269.64788818359375 269.460540771484375 269.3140869140625 269.131134033203125 268.522064208984375 268.179351806640625 268.17559814453125 268.0654296875 267.937469482421875 267.592071533203125 267.28680419921875 266.052459716796875 266.00311279296875 265.960906982421875 266.88427734375 267.066497802734375 266.121917724609375 267.493896484375 267.68377685546875 267.71331787109375 267.72186279296875 267.69964599609375 268.08551025390625 268.4794921875 268.853485107421875 269.4796142578125 270.1829833984375 271.86932373046875 273.6798095703125 275.375579833984375
278.642486572265625 277.4586181640625 276.99908447265625 278.61041259765625 279.760284423828125 278.76556396484375 276.859375 273.17901611328125 271.518798828125 271.09173583984375 270.7960205078125 270.45208740234375 269.176513671875 269.176483154296875 269.993499755859375 268.6390380859375 268.340362548828125 267.8721923828125 268.766357421875 268.063812255859375 266.27728271484375 266.319549560546875 267.35540771484375 267.38983154296875 266.24859619140625 266.1455078125 266.0909423828125 267.00640869140625 265.871490478515625 266.742034912109375 265.76611328125 265.97247314453125 267.19970703125 267.467926025390625 267.594757080078125 267.65789794921875 267.775604248046875 268.12078857421875 269.068328857421875 269.554443359375 270.06280517578125 270.45892333984375 271.92169189453125 273.77142333984375 275.27947998046875
279.513275146484375 278.480804443359375 277.38739013671875 277.5931396484375 277.877227783203125 276.52764892578125 274.516448974609375 272.410980224609375 271.225982666015625 270.86614990234375 269.422698974609375 269.176544189453125 270.462799072265625 270.555816650390625 270.35992431640625 270.162109375 270.648651123046875 269.05963134765625 267.30615234375 266.817901611328125 266.21502685546875 266.214996337890625 266.177886962890625 267.173675537109375 266.177825927734375 267.351470947265625 267.281890869140625 267.076873779296875 265.913177490234375 265.44940185546875 266.626434326171875 266.644683837890625 266.779937744140625 266.915496826171875 267.92138671875 268.0953369140625 267.87188720703125 268.053619384765625 269.443084716796875 270.048736572265625 270.3748779296875 270.2899169921875 270.80035400390625 271.8658447265625 273.12103271484375
278.506439208984375 277.588287353515625 276.51934814453125 275.8028564453125 274.408935546875 273.137542724609375 272.280181884765625 271.6356201171875 269.78717041015625 269.787139892578125 270.94635009765625 271.0374755859375 271.047515869140625 270.959197998046875 270.890625 271.2091064453125 270.768280029296875 269.375030517578125 268.857147216796875 267.33697509765625 267.693817138671875 267.3912353515625 266.2230224609375 266.1778564453125 267.277496337890625 267.579010009765625 267.5875244140625 267.42364501953125 267.102783203125 265.21478271484375 265.087982177734375 266.10858154296875 266.1805419921875 266.368499755859375 266.78717041015625 266.749237060546875 266.865570068359375 267.23760986328125 268.029144287109375 268.6341552734375 269.061798095703125 268.92718505859375 268.849639892578125 269.496307373046875 269.048492431640625
277.887603759765625 276.7454833984375 275.842010498046875 274.267791748046875 273.22247314453125 272.52880859375 271.861541748046875 271.288909912109375 270.176116943359375 271.729583740234375 272.150238037109375 271.582122802734375 271.4564208984375 272.03564453125 273.18817138671875 272.856201171875 271.219512939453125 271.245330810546875 271.26654052734375 270.6190185546875 269.981353759765625 268.42193603515625 267.985443115234375 267.730987548828125 267.636077880859375 267.68560791015625 267.72674560546875 267.858917236328125 267.856903076171875 265.88201904296875 263.9144287109375 265.393798828125 265.65185546875 266.236236572265625 266.0482177734375 266.106658935546875 266.107147216796875 266.4166259765625 266.86907958984375 267.015899658203125 267.140106201171875 267.226348876953125 267.56439208984375 268.14501953125 267.8052978515625
278.86505126953125 277.40521240234375 276.253936767578125 274.81689453125 273.991546630859375 273.17669677734375 272.0411376953125 270.667816162109375 272.130950927734375 273.770599365234375 274.353240966796875 272.714874267578125 272.5906982421875 274.231964111328125 275.159698486328125 275.067626953125 274.488311767578125 274.620513916015625 274.241180419921875 272.837890625 272.1822509765625 271.089111328125 268.941070556640625 268.063873291015625 267.8402099609375 267.557708740234375 268.41021728515625 269.489501953125 269.703460693359375 268.780792236328125 266.842987060546875 263.914398193359375 265.349639892578125 267.027801513671875 266.038848876953125 265.658050537109375 265.79193115234375 266.035552978515625 266.378448486328125 266.611328125 266.7325439453125 266.89013671875 267.358123779296875 267.877105712890625 267.4840087890625
280.62689208984375 279.0399169921875 277.032073974609375 276.23260498046875 275.52996826171875 274.440704345703125 273.531280517578125 273.360443115234375 273.6514892578125 274.87786865234375 275.228607177734375 274.43804931640625 274.913818359375 275.8961181640625 277.012481689453125 277.074798583984375 276.246429443359375 276.51922607421875 276.0145263671875 274.784332275390625 273.640869140625 272.728759765625 271.172271728515625 269.5338134765625 268.1270751953125 267.486572265625 267.782745361328125 270.919403076171875 271.15423583984375 270.04327392578125 267.68389892578125 263.673675537109375 265.704376220703125 267.4512939453125 267.008544921875 265.510009765625 265.357177734375 265.60272216796875 265.8907470703125 266.1646728515625 266.340240478515625 266.651275634765625 267.182464599609375 267.59222412109375 267.20037841796875
282.54425048828125 281.0328369140625 278.462646484375 277.110382080078125 277.26995849609375 276.79827880859375 275.926239013671875 275.462982177734375 276.15338134765625 276.251800537109375 275.840118408203125 275.634613037109375 276.46234130859375 277.1456298828125 277.389801025390625 277.28924560546875 277.15704345703125 277.150054931640625 276.87957763671875 275.25897216796875 274.09405517578125 272.9239501953125 271.670806884765625 270.765655517578125 269.414642333984375 267.222412109375 266.790863037109375 269.6029052734375 270.86041259765625 269.8465576171875 267.019622802734375 263.2481689453125 265.560333251953125 266.3739013671875 265.882232666015625 265.21856689453125 264.963348388671875 265.082000732421875 265.368682861328125 265.67926025390625 266.045318603515625 266.442291259765625 266.94610595703125 266.34033203125 268.1962890625
284.5321044921875 282.86212158203125 279.20751953125 279.005828857421875 280.140228271484375 280.3499755859375 279.17340087890625 278.128753662109375 279.1356201171875 278.6593017578125 277.796478271484375 276.521087646484375 276.65057373046875 277.738189697265625 277.875518798828125 277.215087890625 276.933074951171875 276.520477294921875 275.895050048828125 274.4669189453125 273.421112060546875 272.526519775390625 271.115997314453125 270.267120361328125 269.4063720703125 267.217193603515625 266.326629638671875 267.708099365234375 269.427032470703125 268.185272216796875 265.95904541015625 263.0113525390625 263.3389892578125 264.697235107421875 264.16864013671875 264.249786376953125 264.535919189453125 264.62615966796875 264.895721435546875 265.2550048828125 265.754058837890625 265.01873779296875 265.6781005859375 267.545166015625 268.683929443359375
284.49969482421875 283.484130859375 282.451141357421875 282.570709228515625 282.255767822265625 282.20587158203125 281.748626708984375 280.623321533203125 280.014556884765625 279.50762939453125 278.3878173828125 276.384735107421875 276.070526123046875 276.865966796875 277.106964111328125 276.266082763671875 275.645111083984375 275.0908203125 274.173187255859375 272.4873046875 271.408660888671875 270.381072998046875 269.55413818359375 268.549072265625 268.405426025390625 266.88470458984375 265.91326904296875 265.91943359375 267.036407470703125 266.31451416015625 265.303863525390625 263.839874267578125 262.30615234375 263.79241943359375 263.870697021484375 263.94427490234375 263.9544677734375 263.99945068359375 264.5281982421875 264.89471435546875 264.223358154296875 264.7166748046875 266.181365966796875 266.729888916015625 267.657440185546875
283.873016357421875 283.65740966796875 283.930267333984375 283.99835205078125 283.807342529296875 283.48583984375 282.894805908203125 281.276458740234375 279.96356201171875 278.714019775390625 277.3831787109375 275.5059814453125 274.7335205078125 274.807342529296875 274.90277099609375 274.13275146484375 273.351715087890625 272.386871337890625 271.069915771484375 269.35955810546875 268.141937255859375 267.27313232421875 266.942718505859375 266.72216796875 266.54541015625 265.91302490234375 265.39495849609375 264.907684326171875 264.8382568359375 264.874053955078125 264.72607421875 263.678314208984375 263.113067626953125 261.92694091796875 263.19091796875 263.44671630859375 263.492523193359375 262.521759033203125 263.00970458984375 263.472869873046875 265.112579345703125 265.418670654296875 265.53143310546875 265.839385986328125 266.334320068359375
283.979827880859375 284.193450927734375 284.857025146484375 284.53948974609375 283.91619873046875 283.09613037109375 282.362274169921875 280.8896484375 278.828155517578125 277.297149658203125 275.709320068359375 274.088897705078125 273.05352783203125 272.594970703125 272.3443603515625 271.227752685546875 270.2110595703125 269.72393798828125 269.099700927734375 268.362335205078125 266.47210693359375 265.71954345703125 265.299652099609375 264.71807861328125 265.55133056640625 265.397705078125 264.92578125 264.192352294921875 263.718292236328125 263.8121337890625 263.714447021484375 263.120361328125 262.696258544921875 261.4447021484375 262.563446044921875 262.6937255859375 262.9365234375 262.313507080078125 263.8145751953125 264.48760986328125 264.7030029296875 265.090789794921875 265.324371337890625 265.60809326171875 266.051177978515625
284.0838623046875 284.448028564453125 285.172027587890625 284.44024658203125 283.73883056640625 282.2930908203125 281.48394775390625 280.141143798828125 277.43536376953125 275.920867919921875 274.428802490234375 273.004730224609375 271.539459228515625 270.711517333984375 270.35687255859375 269.972137451171875 269.6375732421875 269.146697998046875 267.592254638671875 267.218292236328125 267.40753173828125 269.140380859375 269.69317626953125 268.09320068359375 264.701904296875 263.61956787109375 264.404266357421875 263.78369140625 263.33624267578125 263.028564453125 262.82318115234375 262.662689208984375 262.396484375 261.24371337890625 262.20379638671875 262.09765625 261.528106689453125 263.109832763671875 263.9176025390625 264.703155517578125 264.3955078125 264.766265869140625 264.809112548828125 264.952362060546875 265.565399169921875
