gis/20m/processed_dem.asc
ncols        511
nrows        572
xllcorner    726766.000000000000
yllcorner    7127230.000000000000
cellsize     20.000000000000
NODATA_value -9999
[rows 240 to 259 of 572, columns 180 to 224 of 511]
292.394500732421875 289.4483642578125 286.74517822265625 282.669708251953125 278.474853515625 273.289154052734375 268.427337646484375 264.201873779296875 260.7703857421875 256.45806884765625 251.0404510498046875 245.8616790771484375 243.3776397705078125 246.853271484375 248.7340545654296875 249.485107421875 249.8757171630859375 250.9967041015625 252.16827392578125 253.0572967529296875 251.7117462158203125 250.1989288330078125 249.7420196533203125 249.7655487060546875 249.6329803466796875 247.9124603271484375 246.460784912109375 246.2528228759765625 245.6736297607421875 244.6525421142578125 243.30755615234375 242.5845794677734375 241.8737945556640625 241.6266632080078125 240.1253814697265625 241.758209228515625 243.243316650390625 244.373809814453125 245.4486236572265625 246.8181304931640625 246.6750030517578125 246.6670379638671875 247.36224365234375 247.6332244873046875 247.3311920166015625
289.780487060546875 287.540679931640625 285.110321044921875 282.735443115234375 280.99237060546875 274.489349365234375 271.54693603515625 268.45770263671875 264.45635986328125 259.99615478515625 255.1002349853515625 248.2619171142578125 241.666473388671875 240.5568695068359375 243.4234771728515625 246.4027099609375 248.5427703857421875 248.843292236328125 249.699066162109375 251.4206390380859375 250.2899169921875 249.32305908203125 249.42010498046875 249.9002532958984375 249.5932159423828125 247.9278106689453125 246.264404296875 245.9848785400390625 245.445159912109375 243.892242431640625 241.8672027587890625 240.587127685546875 240.8163299560546875 240.4139556884765625 237.9403228759765625 237.72662353515625 240.3203277587890625 241.1201934814453125 242.1448974609375 243.78997802734375 244.58795166015625 245.505401611328125 246.2171173095703125 246.670013427734375 246.6116790771484375
287.6746826171875 285.5611572265625 284.444183349609375 282.5145263671875 280.22650146484375 276.209228515625 273.3382568359375 269.947967529296875 266.696441650390625 263.24853515625 258.941986083984375 252.46484375 244.5072174072265625 240.6192474365234375 238.7676544189453125 244.08050537109375 247.4076080322265625 247.241363525390625 247.5269775390625 248.52532958984375 248.6310577392578125 248.6482696533203125 248.8907012939453125 249.3665618896484375 248.415191650390625 246.669158935546875 245.6102447509765625 244.9315032958984375 244.1746368408203125 242.385772705078125 241.376922607421875 239.79998779296875 239.3538970947265625 238.6949310302734375 237.421112060546875 238.0475921630859375 235.3390350341796875 239.6649169921875 240.482208251953125 241.5402679443359375 242.604156494140625 244.113189697265625 244.679534912109375 244.8149871826171875 244.4972076416015625
287.456634521484375 286.98272705078125 286.072967529296875 284.271270751953125 281.731842041015625 278.546173095703125 275.128082275390625 271.9998779296875 268.74468994140625 265.131378173828125 261.774627685546875 257.1021728515625 248.685791015625 241.884613037109375 238.2480621337890625 241.906494140625 245.876220703125 246.3264617919921875 246.186920166015625 246.2392425537109375 246.7428436279296875 247.3328094482421875 247.9603271484375 248.044708251953125 246.5951995849609375 245.5387725830078125 244.4051361083984375 243.2208251953125 242.24249267578125 241.124267578125 240.2668914794921875 239.0563812255859375 238.0810394287109375 237.206817626953125 236.542877197265625 237.9693603515625 234.42572021484375 237.683135986328125 239.19378662109375 240.2921905517578125 241.2501373291015625 242.225830078125 243.2871551513671875 243.3507080078125 242.9983367919921875
292.2608642578125 291.1923828125 289.855224609375 288.2333984375 284.660186767578125 282.543731689453125 281.17559814453125 280.18450927734375 276.70050048828125 268.43402099609375 262.825347900390625 260.435089111328125 254.7199554443359375 245.77972412109375 239.056121826171875 237.956573486328125 240.9377899169921875 245.154327392578125 245.30267333984375 245.077392578125 244.97698974609375 245.128692626953125 245.86834716796875 246.5587921142578125 245.3302764892578125 244.1170501708984375 242.892578125 241.8367156982421875 240.8491973876953125 240.03253173828125 238.76116943359375 237.6328887939453125 237.0037384033203125 236.68695068359375 236.28179931640625 236.9126434326171875 235.98443603515625 233.886383056640625 237.1492462158203125 238.4646148681640625 239.7858734130859375 240.44146728515625 241.2467803955078125 242.0736846923828125 242.2027587890625
299.52899169921875 297.840972900390625 294.9234619140625 294.353912353515625 294.042999267578125 293.891265869140625 291.204376220703125 288.209442138671875 283.763580322265625 276.326202392578125 264.537872314453125 261.440582275390625 258.7674560546875 251.225494384765625 243.1374359130859375 239.2274322509765625 237.4334259033203125 241.42822265625 244.284423828125 243.8736114501953125 243.491790771484375 243.4755096435546875 244.2224578857421875 245.0684051513671875 243.950042724609375 242.637176513671875 241.4983673095703125 240.7226715087890625 239.95556640625 238.8340301513671875 237.3647613525390625 236.48162841796875 236.4528656005859375 236.234283447265625 235.9047698974609375 235.61224365234375 235.581695556640625 233.3665313720703125 234.839569091796875 236.2282257080078125 237.520263671875 238.5242919921875 239.4366607666015625 240.6517791748046875 241.63092041015625
304.693572998046875 303.196441650390625 303.634307861328125 310.3800048828125 313.272186279296875 306.385650634765625 296.95562744140625 291.787689208984375 285.544097900390625 278.44219970703125 268.463836669921875 261.73773193359375 260.465911865234375 256.363037109375 246.382965087890625 241.1248779296875 237.3717041015625 239.4383697509765625 243.497039794921875 242.9535675048828125 242.67340087890625 242.542266845703125 242.7196197509765625 243.3837890625 242.6587982177734375 241.3276824951171875 240.4812469482421875 239.6868438720703125 238.6166229248046875 237.1852874755859375 236.2908782958984375 236.02392578125 235.8597259521484375 235.6830291748046875 235.4110870361328125 235.1367645263671875 234.900238037109375 233.1780853271484375 233.8173828125 234.9579620361328125 235.9906768798828125 237.06134033203125 237.97344970703125 239.220001220703125 240.328369140625
309.753204345703125 309.71478271484375 312.903350830078125 315.015106201171875 315.334991455078125 309.84228515625 301.317626953125 295.812408447265625 287.806793212890625 278.655426025390625 269.20574951171875 261.903228759765625 259.27734375 256.12982177734375 247.93499755859375 243.8946685791015625 239.14471435546875 237.138031005859375 241.6509552001953125 241.781036376953125 241.8293609619140625 241.946533203125 241.689971923828125 241.8388671875 241.23907470703125 240.441070556640625 239.6107177734375 238.6451263427734375 237.204376220703125 236.3135223388671875 235.973480224609375 235.6096343994140625 235.505645751953125 235.437652587890625 235.215667724609375 234.8797454833984375 234.4635162353515625 233.1780548095703125 233.27313232421875 233.8377685546875 234.8699951171875 236.2236785888671875 236.7032012939453125 237.6276702880859375 238.55035400390625
314.273712158203125 319.63720703125 319.16650390625 317.485809326171875 313.657135009765625 309.3333740234375 302.00433349609375 297.473968505859375 289.7335205078125 280.8404541015625 270.383544921875 262.31353759765625 258.526641845703125 255.1351318359375 249.1487579345703125 244.2175445556640625 239.8436737060546875 236.03314208984375 238.756683349609375 240.57415771484375 240.9653167724609375 240.8947601318359375 240.79791259765625 240.585357666015625 240.0461578369140625 239.5861053466796875 238.8281097412109375 237.74932861328125 236.39874267578125 236.0379486083984375 235.71337890625 235.5558929443359375 235.619171142578125 235.5312347412109375 235.4158935546875 235.60894775390625 234.6627655029296875 234.0440673828125 232.478607177734375 231.89178466796875 233.5948028564453125 234.9611968994140625 235.587921142578125 236.5562591552734375 237.03570556640625
316.647308349609375 319.651123046875 319.941436767578125 317.155731201171875 313.102996826171875 308.734527587890625 302.326873779296875 296.215606689453125 290.19085693359375 281.9539794921875 271.95074462890625 262.973785400390625 258.0504150390625 255.019866943359375 250.579559326171875 244.142303466796875 240.1681060791015625 236.8681640625 235.617767333984375 240.3572845458984375 240.1916351318359375 240.3896331787109375 240.076904296875 239.4630126953125 238.7769775390625 238.3166656494140625 237.6421661376953125 236.6785888671875 236.03558349609375 235.722503662109375 235.60040283203125 235.5356903076171875 235.4770660400390625 235.5189208984375 235.4344635009765625 235.521636962890625 235.587615966796875 234.99432373046875 234.200164794921875 232.84613037109375 231.5114593505859375 233.396636962890625 234.2557830810546875 234.932342529296875 235.5685882568359375
317.33197021484375 318.4896240234375 318.62896728515625 315.672027587890625 311.796630859375 306.616119384765625 303.1512451171875 295.400115966796875 287.64971923828125 278.688720703125 270.01861572265625 262.990509033203125 257.6822509765625 254.6647796630859375 251.6130523681640625 245.6531219482421875 241.8301239013671875 236.9483489990234375 234.5193328857421875 237.3069305419921875 240.0271148681640625 240.0696563720703125 239.2391357421875 238.07940673828125 237.3553924560546875 237.057159423828125 236.5110931396484375 235.95513916015625 235.6448211669921875 235.526824951171875 235.55755615234375 235.5387115478515625 235.40533447265625 235.4165191650390625 235.381134033203125 235.5094757080078125 236.94696044921875 236.7619171142578125 235.622406005859375 233.910888671875 232.793121337890625 231.3911285400390625 230.4007110595703125 233.0448150634765625 233.77764892578125
319.91510009765625 320.6749267578125 318.9168701171875 314.376617431640625 309.131622314453125 304.384429931640625 300.708343505859375 292.9134521484375 283.088897705078125 275.345947265625 267.7401123046875 262.02972412109375 257.12396240234375 254.347930908203125 251.979034423828125 247.4516448974609375 242.62213134765625 238.952239990234375 234.463775634765625 234.26898193359375 238.0751190185546875 239.134246826171875 237.90093994140625 236.84063720703125 236.37664794921875 236.32037353515625 236.040069580078125 235.5327301025390625 235.3687896728515625 235.457672119140625 235.451019287109375 235.333709716796875 235.2717742919921875 235.2757568359375 235.2930450439453125 235.7403411865234375 238.21881103515625 239.6761474609375 237.996978759765625 235.7372589111328125 234.3308563232421875 233.5047149658203125 231.1123809814453125 230.4007110595703125 232.5604705810546875
319.0516357421875 319.182464599609375 317.03814697265625 311.656585693359375 306.00531005859375 301.176513671875 296.7435302734375 289.0526123046875 280.413177490234375 272.680694580078125 265.8394775390625 261.2227783203125 256.95172119140625 254.4087066650390625 251.7246246337890625 249.0232086181640625 243.7312469482421875 241.710662841796875 237.037261962890625 233.8531646728515625 236.3206939697265625 238.017669677734375 236.2586212158203125 235.374908447265625 235.4772186279296875 235.61468505859375 235.5276947021484375 235.4189300537109375 235.3687591552734375 235.3767547607421875 235.3394775390625 235.1708984375 235.1306915283203125 235.1818695068359375 235.221435546875 235.916015625 238.48394775390625 239.1138153076171875 237.790191650390625 235.8743133544921875 234.7637786865234375 233.5423736572265625 232.13250732421875 229.11431884765625 231.049102783203125
315.7857666015625 315.0657958984375 313.377166748046875 308.24371337890625 303.20880126953125 297.99993896484375 292.438934326171875 285.532806396484375 277.351318359375 270.30877685546875 264.67041015625 259.6116943359375 255.8550262451171875 253.54046630859375 250.9461822509765625 248.4111175537109375 244.0402069091796875 241.4898529052734375 238.8145904541015625 235.1081085205078125 233.8531341552734375 236.1432647705078125 235.1951904296875 234.8648223876953125 234.828704833984375 234.99127197265625 235.1456451416015625 235.4412841796875 235.2870330810546875 235.248504638671875 235.254547119140625 235.1623382568359375 235.1105499267578125 235.1169281005859375 235.1420745849609375 235.413482666015625 236.610931396484375 237.1204681396484375 236.3625640869140625 234.9308319091796875 233.8754119873046875 232.9711761474609375 231.84722900390625 228.5804290771484375 229.47540283203125
312.189544677734375 310.781341552734375 309.05126953125 305.02850341796875 299.339813232421875 293.8487548828125 286.762664794921875 279.41326904296875 272.054168701171875 266.80413818359375 262.102508544921875 258.208465576171875 254.7672119140625 252.3129425048828125 250.0062713623046875 247.833587646484375 244.4587554931640625 240.865234375 238.182586669921875 235.000030517578125 233.350494384765625 234.86065673828125 234.712005615234375 234.5818939208984375 233.594512939453125 234.561248779296875 235.005340576171875 235.4570465087890625 235.628387451171875 235.1668853759765625 235.207611083984375 235.1373291015625 235.0890045166015625 235.0544586181640625 235.02435302734375 234.99273681640625 235.2437286376953125 236.0182647705078125 235.7671051025390625 234.28851318359375 233.01556396484375 232.326141357421875 231.6131744384765625 228.659088134765625 228.02435302734375
-9999 306.133209228515625 303.67919921875 300.583709716796875 294.169097900390625 287.2965087890625 280.45849609375 273.429473876953125 268.44720458984375 265.4622802734375 261.486572265625 257.45306396484375 253.99810791015625 251.3298187255859375 249.0755767822265625 247.0620269775390625 244.4289703369140625 241.0851287841796875 238.096710205078125 235.1528778076171875 233.131439208984375 234.33978271484375 234.2765960693359375 233.198516845703125 234.208526611328125 234.27301025390625 234.734649658203125 235.57684326171875 235.9553680419921875 235.2240142822265625 235.0764007568359375 235.0707550048828125 235.04144287109375 235.0312042236328125 234.964508056640625 234.886474609375 234.6624298095703125 234.6162261962890625 234.2624053955078125 233.2147369384765625 232.538909912109375 231.8955230712890625 231.0883331298828125 229.493743896484375 227.5233154296875
303.82684326171875 301.453216552734375 297.8590087890625 293.1571044921875 287.700592041015625 281.096466064453125 274.8426513671875 271.128753662109375 267.494110107421875 263.8699951171875 260.020477294921875 255.882171630859375 253.049102783203125 250.489654541015625 248.3444061279296875 246.4050750732421875 244.310638427734375 241.583282470703125 238.7775115966796875 237.0005645751953125 234.522735595703125 232.8799285888671875 233.911865234375 232.8789520263671875 233.8524017333984375 233.8804931640625 234.18408203125 235.3359222412109375 235.4024505615234375 235.0548858642578125 234.9148712158203125 234.66021728515625 234.8145599365234375 234.9361419677734375 235.1905364990234375 235.5116119384765625 234.68292236328125 234.07012939453125 233.5635833740234375 233.0128021240234375 232.5677032470703125 231.5498199462890625 230.61834716796875 229.4205322265625 226.8766326904296875
298.60968017578125 295.78070068359375 291.083465576171875 286.616302490234375 282.7886962890625 275.657623291015625 271.3087158203125 268.106414794921875 265.5804443359375 262.565032958984375 258.591339111328125 256.53155517578125 253.8372802734375 250.4221954345703125 247.8598480224609375 245.8516387939453125 244.013519287109375 242.0091552734375 239.6279449462890625 237.425567626953125 235.5456390380859375 234.199066162109375 232.6844635009765625 233.7117919921875 232.6876983642578125 233.6860504150390625 233.6746368408203125 234.256805419921875 234.9156951904296875 234.832733154296875 234.505523681640625 234.52923583984375 234.8582763671875 234.8958892822265625 235.20648193359375 235.82025146484375 235.017730712890625 234.1121673583984375 233.7108917236328125 233.38385009765625 232.6503143310546875 231.9158477783203125 231.20794677734375 230.3784332275390625 226.8766021728515625
294.30517578125 291.4437255859375 287.110076904296875 283.913909912109375 280.796539306640625 275.31024169921875 270.476715087890625 266.783843994140625 263.757537841796875 261.626190185546875 259.498504638671875 258.310516357421875 254.99359130859375 251.0344390869140625 247.966705322265625 245.6597137451171875 243.8820953369140625 242.2103424072265625 240.532745361328125 238.6703643798828125 236.8654937744140625 234.65789794921875 232.620819091796875 232.464630126953125 232.51947021484375 233.5518798828125 233.57952880859375 233.686859130859375 234.2079010009765625 234.5054931640625 234.5574798583984375 234.7011260986328125 234.7400970458984375 234.8692779541015625 235.0285797119140625 235.2228240966796875 235.109649658203125 234.38360595703125 233.871612548828125 233.633941650390625 233.631744384765625 233.3064727783203125 231.8150634765625 230.355682373046875 228.233306884765625
291.082550048828125 288.24212646484375 285.622772216796875 285.64312744140625 280.00042724609375 273.528228759765625 268.803558349609375 264.75537109375 262.00311279296875 261.08038330078125 260.684844970703125 259.635894775390625 256.149169921875 252.1671600341796875 248.5468292236328125 245.878997802734375 244.1749114990234375 242.6985015869140625 241.45318603515625 239.8234405517578125 237.8639068603515625 235.8486328125 234.2254486083984375 233.4510650634765625 232.27642822265625 232.3887786865234375 233.469573974609375 233.539306640625 233.75152587890625 234.0292510986328125 234.4486846923828125 234.555450439453125 234.7211151123046875 234.8703155517578125 235.0257720947265625 235.02545166015625 235.111541748046875 234.689453125 234.1568603515625 234.1566314697265625 234.236358642578125 234.1231689453125 233.059906005859375 231.0109100341796875 229.7673187255859375
