gis/20m/processed_dem.asc
ncols        511
nrows        572
xllcorner    726766.000000000000
yllcorner    7127230.000000000000
cellsize     20.000000000000
NODATA_value -9999
[rows 40 to 59 of 572, columns 225 to 269 of 511]
284.18707275390625 284.773284912109375 285.60821533203125 284.537689208984375 283.864837646484375 282.45928955078125 280.73956298828125 278.7103271484375 276.0614013671875 273.4910888671875 272.53533935546875 271.78717041015625 270.814117431640625 270.22845458984375 270.030853271484375 269.7945556640625 269.5289306640625 267.99822998046875 267.69976806640625 269.049957275390625 271.015716552734375 272.347381591796875 272.8505859375 272.028411865234375 269.18621826171875 265.637542724609375 263.2493896484375 262.37213134765625 263.12890625 262.788909912109375 262.538238525390625 262.233306884765625 262.11199951171875 261.059539794921875 261.93853759765625 261.85986328125 261.082489013671875 262.659759521484375 263.42059326171875 263.52789306640625 263.305633544921875 263.691802978515625 264.037628173828125 264.29168701171875 264.754608154296875
284.2713623046875 285.48272705078125 286.113525390625 284.602142333984375 283.6693115234375 282.285430908203125 280.431976318359375 278.33538818359375 275.979736328125 274.41522216796875 273.47705078125 271.47320556640625 270.104339599609375 270.03338623046875 269.731781005859375 269.512939453125 268.3377685546875 268.14556884765625 269.38128662109375 270.686126708984375 272.720428466796875 274.94293212890625 275.72357177734375 274.998931884765625 272.50360107421875 270.29779052734375 267.6949462890625 263.018310546875 261.80096435546875 262.554412841796875 262.110809326171875 261.924652099609375 261.893524169921875 260.91082763671875 261.84344482421875 261.82757568359375 260.895660400390625 262.099090576171875 262.322998046875 262.353240966796875 262.622894287109375 263.083831787109375 263.598724365234375 264.038787841796875 264.52508544921875
284.9244384765625 285.98944091796875 286.237823486328125 284.7474365234375 283.636505126953125 282.433074951171875 279.750640869140625 277.34808349609375 275.39654541015625 274.313446044921875 272.827911376953125 270.87255859375 270.02459716796875 269.775543212890625 269.563720703125 268.385284423828125 269.490081787109375 269.4227294921875 269.710693359375 271.533538818359375 273.6851806640625 275.78961181640625 276.486907958984375 275.833709716796875 274.278472900390625 272.40802001953125 270.866241455078125 267.9031982421875 262.649200439453125 261.36431884765625 260.984832763671875 261.8970947265625 261.899688720703125 260.89178466796875 261.85107421875 261.861236572265625 260.85650634765625 261.885772705078125 261.8721923828125 261.92022705078125 262.03546142578125 262.80548095703125 263.37384033203125 263.812744140625 264.3289794921875
286.236419677734375 286.31549072265625 286.2408447265625 284.929901123046875 283.726104736328125 282.341522216796875 279.010833740234375 274.966705322265625 273.576690673828125 272.77392578125 272.027587890625 271.22332763671875 270.185577392578125 268.443939208984375 268.38531494140625 269.61248779296875 269.727294921875 269.82232666015625 270.824981689453125 272.45501708984375 273.707275390625 274.819000244140625 275.5474853515625 275.055084228515625 274.156829833984375 273.295654296875 272.506378173828125 270.8636474609375 267.49017333984375 263.633636474609375 262.045928955078125 260.878692626953125 261.888671875 260.891754150390625 261.837432861328125 261.831878662109375 260.856475830078125 261.90167236328125 261.883758544921875 261.872161865234375 261.944183349609375 262.599212646484375 263.1170654296875 263.6392822265625 264.1513671875
287.551605224609375 286.60736083984375 285.382598876953125 284.445404052734375 283.23931884765625 281.80706787109375 279.847991943359375 275.38970947265625 273.597076416015625 273.133392333984375 272.390655517578125 271.487396240234375 270.763092041015625 270.3330078125 269.661529541015625 269.89306640625 270.4462890625 270.820556640625 272.032318115234375 272.99163818359375 273.302825927734375 273.382415771484375 273.91009521484375 273.680572509765625 272.8804931640625 272.1181640625 272.55419921875 271.8812255859375 269.78765869140625 267.275634765625 263.487396240234375 261.885772705078125 260.847503662109375 260.8475341796875 261.871002197265625 261.79486083984375 260.8564453125 261.939208984375 261.90313720703125 261.835601806640625 262.062957763671875 262.64239501953125 263.1385498046875 263.6673583984375 264.4267578125
287.634033203125 286.427978515625 284.62255859375 283.82177734375 282.890625 280.73779296875 279.443328857421875 276.841827392578125 275.359832763671875 275.073974609375 274.6351318359375 273.141448974609375 272.4212646484375 272.30615234375 271.064422607421875 270.550994873046875 272.315277099609375 272.75140380859375 273.140228271484375 272.88916015625 272.926544189453125 272.00262451171875 271.548004150390625 271.03582763671875 270.666168212890625 270.107666015625 270.799346923828125 270.896453857421875 269.990478515625 269.12176513671875 266.2998046875 262.549102783203125 261.82098388671875 260.84747314453125 261.87237548828125 261.8094482421875 260.856414794921875 261.924774169921875 261.91937255859375 261.815185546875 261.09686279296875 262.64715576171875 263.13134765625 263.66790771484375 265.7208251953125
287.21893310546875 286.69403076171875 284.94384765625 284.044647216796875 283.65374755859375 282.05157470703125 279.6378173828125 278.689666748046875 277.233245849609375 277.073394775390625 276.46282958984375 275.860198974609375 274.707794189453125 274.116912841796875 273.819549560546875 272.60565185546875 272.638458251953125 273.228668212890625 273.220855712890625 272.5823974609375 272.170135498046875 270.712799072265625 269.30126953125 268.356475830078125 267.288909912109375 266.966461181640625 267.8936767578125 268.255401611328125 268.57952880859375 269.1676025390625 267.810791015625 263.963226318359375 262.147247314453125 262.05938720703125 260.847442626953125 261.8209228515625 260.85638427734375 261.909698486328125 261.915496826171875 261.86376953125 261.096832275390625 262.817962646484375 263.998565673828125 265.0152587890625 266.199432373046875
286.619903564453125 286.016693115234375 284.449432373046875 283.5831298828125 282.369659423828125 281.497283935546875 281.18280029296875 279.341094970703125 278.30853271484375 278.2559814453125 278.586090087890625 278.48382568359375 277.38909912109375 276.36102294921875 275.696624755859375 274.450897216796875 273.16656494140625 272.914825439453125 272.154541015625 271.0921630859375 270.078033447265625 268.766510009765625 266.59808349609375 265.474029541015625 265.062225341796875 264.851470947265625 264.965576171875 265.377197265625 265.839447021484375 267.283111572265625 267.734527587890625 265.005279541015625 262.62127685546875 261.228057861328125 260.994110107421875 260.847412109375 260.9022216796875 261.891876220703125 261.88568115234375 261.90972900390625 261.0968017578125 264.46044921875 265.91619873046875 266.974212646484375 266.430267333984375
284.627288818359375 283.584564208984375 282.646575927734375 281.965911865234375 280.259124755859375 279.9000244140625 280.384796142578125 278.796173095703125 279.2076416015625 280.113525390625 280.14849853515625 279.68670654296875 278.79937744140625 277.216705322265625 275.90460205078125 274.45697021484375 272.5577392578125 271.035186767578125 269.657745361328125 268.184234619140625 267.1171875 265.82232666015625 265.383758544921875 265.14385986328125 263.767181396484375 263.46148681640625 263.432525634765625 263.4324951171875 264.421173095703125 264.62261962890625 265.915863037109375 265.401824951171875 262.311737060546875 261.488922119140625 262.244293212890625 261.953125 260.847381591796875 261.9068603515625 261.894195556640625 261.096771240234375 263.690826416015625 266.1556396484375 267.08642578125 268.0509033203125 267.2838134765625
281.770294189453125 280.880584716796875 280.467132568359375 280.48162841796875 279.3350830078125 279.19915771484375 279.031829833984375 279.69464111328125 280.6029052734375 280.824432373046875 280.1829833984375 279.53961181640625 278.466766357421875 276.90740966796875 274.840911865234375 272.569610595703125 270.850250244140625 269.130401611328125 267.024749755859375 266.109710693359375 265.78912353515625 265.61041259765625 264.362823486328125 263.96954345703125 264.921783447265625 263.779205322265625 264.805450439453125 263.749664306640625 263.432464599609375 263.376861572265625 263.3768310546875 263.376800537109375 262.752838134765625 263.128936767578125 262.7259521484375 262.531494140625 262.39971923828125 260.84735107421875 261.09674072265625 262.87432861328125 264.502716064453125 266.90863037109375 267.756988525390625 268.495147705078125 267.821624755859375
280.331512451171875 280.11651611328125 280.052276611328125 279.61944580078125 279.335662841796875 279.221710205078125 280.108917236328125 281.828704833984375 281.50140380859375 280.67926025390625 279.709930419921875 278.87017822265625 277.62078857421875 275.6376953125 273.326873779296875 271.0191650390625 269.17523193359375 267.55877685546875 266.358184814453125 266.059356689453125 265.7861328125 264.51531982421875 264.36846923828125 265.272186279296875 265.66448974609375 266.226654052734375 265.98089599609375 265.2474365234375 264.90484619140625 264.817840576171875 263.541259765625 263.82147216796875 266.547698974609375 266.59130859375 264.662139892578125 263.1082763671875 263.009368896484375 261.7637939453125 260.847320556640625 262.899658203125 263.90093994140625 266.67193603515625 267.445465087890625 267.59588623046875 267.147064208984375
280.332763671875 279.990753173828125 281.678009033203125 281.4754638671875 280.9349365234375 280.578582763671875 281.63226318359375 283.255767822265625 281.6865234375 279.822265625 278.913238525390625 277.99920654296875 276.448486328125 274.45648193359375 271.918914794921875 269.219818115234375 267.182281494140625 266.548797607421875 266.187744140625 264.888763427734375 264.8873291015625 266.722503662109375 267.921173095703125 267.901580810546875 267.486053466796875 267.59906005859375 267.76043701171875 266.97137451171875 266.837799072265625 266.628570556640625 265.855224609375 265.608673095703125 267.27777099609375 269.079071044921875 267.451019287109375 265.049530029296875 264.10333251953125 263.15576171875 261.62591552734375 260.8472900390625 262.846893310546875 265.019866943359375 266.208465576171875 266.12994384765625 265.890411376953125
279.882568359375 279.943939208984375 282.438568115234375 284.003387451171875 283.78179931640625 283.059539794921875 283.037017822265625 283.43109130859375 281.499542236328125 279.1287841796875 277.974029541015625 276.59027099609375 275.0362548828125 272.55767822265625 270.021331787109375 267.824737548828125 266.769927978515625 265.33599853515625 265.113677978515625 266.806488037109375 269.633575439453125 271.95062255859375 272.630340576171875 271.73431396484375 270.392333984375 269.765655517578125 269.422149658203125 269.702911376953125 269.303466796875 268.22332763671875 267.62298583984375 267.472991943359375 267.7041015625 268.404266357421875 267.844085693359375 267.85418701171875 267.589691162109375 265.484466552734375 263.226226806640625 260.847259521484375 262.37451171875 263.12078857421875 264.046722412109375 264.274627685546875 263.463623046875
279.64776611328125 280.196075439453125 283.02789306640625 284.782470703125 284.425018310546875 284.102508544921875 283.90966796875 283.180999755859375 281.191986083984375 278.52410888671875 276.910736083984375 275.635894775390625 273.88800048828125 271.2470703125 269.352691650390625 267.82421875 265.758209228515625 265.40142822265625 267.422576904296875 270.564727783203125 273.526611328125 273.99688720703125 274.8179931640625 274.48211669921875 273.84881591796875 273.05218505859375 272.47760009765625 272.91668701171875 272.88604736328125 271.91412353515625 271.586944580078125 271.0018310546875 269.8809814453125 269.483551025390625 269.83642578125 269.66204833984375 269.662200927734375 268.475494384765625 266.13189697265625 263.207550048828125 260.84722900390625 261.440704345703125 262.640869140625 262.755279541015625 262.76983642578125
279.6065673828125 282.033477783203125 283.302032470703125 284.382232666015625 283.42510986328125 282.748138427734375 282.34088134765625 281.6824951171875 280.220489501953125 278.29876708984375 276.376739501953125 275.214263916015625 272.785125732421875 270.797637939453125 269.36444091796875 266.887847900390625 267.87841796875 268.96063232421875 271.563385009765625 274.53350830078125 276.542083740234375 277.03802490234375 277.821563720703125 277.38385009765625 276.7845458984375 277.005859375 276.287445068359375 276.91748046875 277.601409912109375 276.93701171875 277.0133056640625 276.520782470703125 274.964202880859375 273.381195068359375 272.99609375 271.959442138671875 270.91156005859375 269.734588623046875 268.480072021484375 266.065826416015625 263.302276611328125 260.84722900390625 263.009033203125 263.187530517578125 263.703857421875
281.048431396484375 282.291259765625 282.636962890625 282.19256591796875 280.678863525390625 279.902313232421875 279.656494140625 279.52252197265625 278.76251220703125 277.538848876953125 275.91650390625 274.62628173828125 272.15478515625 270.70281982421875 268.847259521484375 270.28753662109375 271.78533935546875 273.628265380859375 276.156402587890625 278.54827880859375 280.982147216796875 281.283203125 280.974578857421875 280.185882568359375 278.89599609375 279.260650634765625 279.272552490234375 280.404998779296875 281.432403564453125 281.547454833984375 282.056976318359375 281.894134521484375 281.647857666015625 279.2227783203125 276.7781982421875 275.53173828125 273.950531005859375 272.1229248046875 270.756561279296875 269.393035888671875 267.865386962890625 263.191650390625 260.847198486328125 262.722198486328125 263.456939697265625
280.7889404296875 280.6888427734375 279.9786376953125 279.302001953125 279.092926025390625 279.09295654296875 279.356414794921875 279.117645263671875 278.24981689453125 276.991485595703125 275.26800537109375 274.191314697265625 271.9742431640625 269.942901611328125 271.638153076171875 273.3427734375 276.4356689453125 277.795074462890625 278.518310546875 280.483306884765625 283.075897216796875 282.9412841796875 282.120513916015625 281.662139892578125 281.0863037109375 280.795257568359375 281.02490234375 281.839080810546875 282.695556640625 284.50201416015625 286.1375732421875 286.748321533203125 287.78155517578125 285.633331298828125 282.06109619140625 280.6402587890625 278.822509765625 275.928375244140625 273.493316650390625 270.68927001953125 268.89300537109375 265.96319580078125 262.055328369140625 260.84716796875 260.847137451171875
279.068389892578125 279.09283447265625 279.092864990234375 279.0928955078125 279.47100830078125 279.908294677734375 281.1258544921875 280.188568115234375 278.202117919921875 276.97698974609375 274.95074462890625 273.26953125 271.207061767578125 272.62298583984375 273.704071044921875 275.51556396484375 277.98040771484375 279.6217041015625 280.581268310546875 281.11541748046875 281.829345703125 282.578948974609375 282.408172607421875 282.75677490234375 283.4884033203125 282.693939208984375 281.72430419921875 282.928802490234375 285.185638427734375 287.8983154296875 290.72540283203125 291.68109130859375 292.134765625 290.708343505859375 287.1939697265625 285.68951416015625 284.849822998046875 280.147430419921875 276.304962158203125 272.2548828125 268.641754150390625 266.5162353515625 263.868682861328125 262.829681396484375 261.741058349609375
278.963653564453125 279.389801025390625 279.840362548828125 280.213897705078125 280.6065673828125 280.530731201171875 280.378448486328125 280.213104248046875 278.310455322265625 276.02569580078125 274.306060791015625 272.322113037109375 274.0740966796875 275.691162109375 276.323638916015625 277.43353271484375 279.253875732421875 279.76953125 280.334808349609375 280.412353515625 281.875701904296875 283.40399169921875 283.47674560546875 283.645172119140625 284.8311767578125 284.555267333984375 283.90277099609375 284.578033447265625 287.489227294921875 290.7763671875 294.060699462890625 294.743988037109375 294.879486083984375 293.884033203125 290.977630615234375 288.357666015625 286.7572021484375 283.719146728515625 278.4014892578125 273.646697998046875 270.040985107421875 267.6461181640625 265.499359130859375 263.694610595703125 262.40740966796875
279.436431884765625 281.605377197265625 281.613189697265625 281.65362548828125 281.736968994140625 280.676513671875 279.048370361328125 280.449920654296875 279.62835693359375 275.811737060546875 273.25244140625 274.46307373046875 276.35284423828125 278.67254638671875 278.646209716796875 278.74688720703125 279.37481689453125 279.557769775390625 279.78759765625 280.12261962890625 282.06414794921875 284.588623046875 285.050811767578125 285.533660888671875 287.06451416015625 286.420806884765625 285.93115234375 286.339752197265625 288.005523681640625 290.824188232421875 292.814727783203125 293.6646728515625 294.073699951171875 293.09295654296875 291.96844482421875 289.823516845703125 287.426513671875 284.56475830078125 279.69586181640625 275.216583251953125 271.697113037109375 268.996673583984375 266.973541259765625 265.154815673828125 263.856201171875
