testcase_input/new_parameters/dem.dat
ncols         214
nrows         263
xllcorner     382500
yllcorner     7541702
cellsize      16
NODATA_value  -9999
[rows 160 to 175 of 263, columns 111 to 147 of 214]
3.150774000000000115e+02 3.155484999999999900e+02 3.160717999999999961e+02 3.167903000000000020e+02 3.175317000000000007e+02 3.181791999999999803e+02 3.189705999999999904e+02 3.202876999999999725e+02 3.215572999999999979e+02 3.225722000000000094e+02 3.236789999999999736e+02 3.249692000000000007e+02 3.264139000000000124e+02 3.279601000000000113e+02 3.292035000000000196e+02 3.304734000000000265e+02 3.318519999999999754e+02 3.330985999999999763e+02 3.344427000000000021e+02 3.356052000000000248e+02 3.367515999999999963e+02 3.382758000000000038e+02 3.390919000000000096e+02 3.395396999999999821e+02 3.404778999999999769e+02 3.411449000000000069e+02 3.414743000000000279e+02 3.418523999999999887e+02 3.420799000000000092e+02 3.421956999999999880e+02 3.427189000000000192e+02 3.435599000000000274e+02 -9.999000000000000000e+03 -9.999000000000000000e+03 -9.999000000000000000e+03 -9.999000000000000000e+03 -9.999000000000000000e+03
3.156336999999999762e+02 3.161485000000000127e+02 3.167348999999999819e+02 3.174501000000000204e+02 3.181261000000000081e+02 3.185530999999999722e+02 3.191318999999999733e+02 3.202316999999999894e+02 3.212891000000000190e+02 3.221193999999999846e+02 3.232350000000000136e+02 3.245142000000000166e+02 3.258838000000000079e+02 3.273294999999999959e+02 3.285616999999999734e+02 3.297576999999999998e+02 3.311075000000000159e+02 3.324386000000000081e+02 3.339114999999999895e+02 3.350890999999999735e+02 3.363514999999999873e+02 3.376695000000000277e+02 3.384581999999999766e+02 3.392658999999999878e+02 3.403570000000000277e+02 3.410160000000000196e+02 3.414066000000000258e+02 3.418498000000000161e+02 3.421279000000000110e+02 3.423772999999999911e+02 3.427946999999999775e+02 3.433337000000000216e+02 -9.999000000000000000e+03 -9.999000000000000000e+03 -9.999000000000000000e+03 -9.999000000000000000e+03 -9.999000000000000000e+03
3.159544999999999959e+02 3.166050000000000182e+02 3.172624000000000137e+02 3.179357999999999720e+02 3.186741000000000099e+02 3.191680999999999813e+02 3.196202000000000112e+02 3.203489999999999895e+02 3.213872000000000071e+02 3.221025999999999954e+02 3.229184999999999945e+02 3.240942000000000007e+02 3.252601000000000226e+02 3.266349000000000160e+02 3.279264999999999759e+02 3.290835999999999899e+02 3.305149000000000115e+02 3.319544999999999959e+02 3.333029000000000224e+02 3.343147999999999911e+02 3.357262000000000057e+02 3.369538999999999760e+02 3.377988000000000284e+02 3.388938999999999737e+02 3.400534000000000106e+02 3.407832999999999970e+02 3.412273000000000138e+02 3.417259999999999991e+02 3.419773000000000138e+02 3.422749000000000024e+02 3.427115999999999758e+02 3.430162000000000262e+02 -9.999000000000000000e+03 -9.999000000000000000e+03 -9.999000000000000000e+03 -9.999000000000000000e+03 -9.999000000000000000e+03
3.162110000000000127e+02 3.169236999999999966e+02 3.175124999999999886e+02 3.181055000000000064e+02 3.189024999999999750e+02 3.195955999999999904e+02 3.202221999999999866e+02 3.209277000000000157e+02 3.220126999999999953e+02 3.228956000000000017e+02 3.233947999999999752e+02 3.241875999999999749e+02 3.249076000000000022e+02 3.259932000000000016e+02 3.274477999999999724e+02 3.287056999999999789e+02 3.299148999999999887e+02 3.311132999999999811e+02 3.323057000000000016e+02 3.334712999999999852e+02 3.349658999999999764e+02 3.362106999999999744e+02 3.371132999999999811e+02 3.382787999999999897e+02 3.394234000000000151e+02 3.402020999999999731e+02 3.408018000000000143e+02 3.413625000000000114e+02 3.417162999999999897e+02 3.420298000000000229e+02 3.424107999999999947e+02 3.426105000000000018e+02 3.426453000000000202e+02 -9.999000000000000000e+03 -9.999000000000000000e+03 -9.999000000000000000e+03 -9.999000000000000000e+03
3.167221000000000117e+02 3.174406000000000176e+02 3.180350999999999999e+02 3.185851000000000113e+02 3.193000999999999863e+02 3.199698000000000206e+02 3.204375000000000000e+02 3.210344000000000051e+02 3.220704000000000065e+02 3.228806999999999903e+02 3.237182999999999993e+02 3.246922999999999888e+02 3.253657999999999788e+02 3.261707000000000107e+02 3.271852000000000089e+02 3.284064000000000192e+02 3.294350999999999772e+02 3.304304000000000201e+02 3.314538000000000011e+02 3.326014000000000124e+02 3.341589000000000169e+02 3.352638999999999783e+02 3.362273000000000138e+02 3.375151000000000181e+02 3.386070000000000277e+02 3.394193000000000211e+02 3.400957999999999970e+02 3.406576999999999771e+02 3.411166000000000054e+02 3.415282000000000266e+02 3.419245999999999981e+02 3.421612000000000080e+02 3.421786000000000172e+02 -9.999000000000000000e+03 -9.999000000000000000e+03 -9.999000000000000000e+03 -9.999000000000000000e+03
3.173879000000000019e+02 3.179399999999999977e+02 3.183587999999999738e+02 3.188709999999999809e+02 3.195350000000000250e+02 3.200319000000000074e+02 3.205559000000000083e+02 3.211797000000000253e+02 3.219420000000000073e+02 3.228156999999999925e+02 3.237536999999999807e+02 3.246859000000000037e+02 3.256433000000000106e+02 3.265219999999999914e+02 3.273641000000000076e+02 3.282681999999999789e+02 3.290391999999999939e+02 3.299649000000000001e+02 3.308860999999999990e+02 3.318695999999999913e+02 3.332631000000000085e+02 3.342323000000000093e+02 3.351331000000000131e+02 3.363992999999999824e+02 3.376125999999999863e+02 3.384282999999999788e+02 3.391585999999999785e+02 3.397438999999999965e+02 3.402943999999999960e+02 3.408838999999999828e+02 3.413732999999999720e+02 3.416476999999999862e+02 3.417536999999999807e+02 -9.999000000000000000e+03 -9.999000000000000000e+03 -9.999000000000000000e+03 -9.999000000000000000e+03
3.175720000000000027e+02 3.180258000000000038e+02 3.185815999999999804e+02 3.192178999999999860e+02 3.197597999999999843e+02 3.202287000000000035e+02 3.208002999999999929e+02 3.214626999999999839e+02 3.221078999999999724e+02 3.229705000000000155e+02 3.237354000000000269e+02 3.246143999999999892e+02 3.254700000000000273e+02 3.263548999999999864e+02 3.273238000000000056e+02 3.281240000000000236e+02 3.288023999999999774e+02 3.296517000000000053e+02 3.303826000000000249e+02 3.312456000000000245e+02 3.324427000000000021e+02 3.332214999999999918e+02 3.339395000000000095e+02 3.351607999999999947e+02 3.363609000000000151e+02 3.373054000000000201e+02 3.380502999999999929e+02 3.387314999999999827e+02 3.396041000000000167e+02 3.403376999999999839e+02 3.407878999999999792e+02 3.411911999999999807e+02 3.416114000000000033e+02 3.416521000000000186e+02 -9.999000000000000000e+03 -9.999000000000000000e+03 -9.999000000000000000e+03
3.178734000000000037e+02 3.184365999999999985e+02 3.190611000000000104e+02 3.195566000000000031e+02 3.199891999999999825e+02 3.204730999999999881e+02 3.209284999999999854e+02 3.216057000000000130e+02 3.224778000000000020e+02 3.231700999999999908e+02 3.237943000000000211e+02 3.245319999999999823e+02 3.254682000000000244e+02 3.263066999999999780e+02 3.271446000000000254e+02 3.278260999999999967e+02 3.285029000000000110e+02 3.293355000000000246e+02 3.300323000000000206e+02 3.307765999999999735e+02 3.315255999999999972e+02 3.321050000000000182e+02 3.330233999999999810e+02 3.341659000000000219e+02 3.350246999999999957e+02 3.359768000000000256e+02 3.367765999999999735e+02 3.375821000000000254e+02 3.387040000000000077e+02 3.394836000000000240e+02 3.400754000000000019e+02 3.404914999999999736e+02 3.409574000000000069e+02 3.410808999999999855e+02 3.408609999999999900e+02 -9.999000000000000000e+03 -9.999000000000000000e+03
3.183002999999999929e+02 3.189427999999999770e+02 3.195375999999999976e+02 3.199006999999999721e+02 3.202307999999999879e+02 3.207024000000000115e+02 3.211308000000000220e+02 3.217158999999999764e+02 3.225871999999999957e+02 3.232971000000000004e+02 3.238765000000000214e+02 3.246066000000000145e+02 3.254762999999999806e+02 3.263233999999999924e+02 3.270264999999999986e+02 3.277604999999999791e+02 3.284304999999999950e+02 3.289990999999999985e+02 3.297776000000000067e+02 3.304626000000000090e+02 3.311451999999999884e+02 3.315914000000000215e+02 3.322841000000000236e+02 3.330810999999999922e+02 3.336977999999999724e+02 3.345530999999999722e+02 3.355042000000000257e+02 3.366068000000000211e+02 3.377656999999999812e+02 3.385269000000000119e+02 3.390812999999999988e+02 3.394519000000000233e+02 3.396589999999999918e+02 3.400045999999999822e+02 3.402115999999999758e+02 3.399764000000000124e+02 -9.999000000000000000e+03
3.188290000000000077e+02 3.192552000000000021e+02 3.197880999999999858e+02 3.201587999999999852e+02 3.204216999999999871e+02 3.208582000000000107e+02 3.212375999999999863e+02 3.217821000000000140e+02 3.225554999999999950e+02 3.232477000000000089e+02 3.239517999999999915e+02 3.247812999999999874e+02 3.255495000000000232e+02 3.262001999999999953e+02 3.267294999999999732e+02 3.273177999999999770e+02 3.278036999999999921e+02 3.283340999999999781e+02 3.292219999999999800e+02 3.298104000000000156e+02 3.305579999999999927e+02 3.311555000000000177e+02 3.317148000000000252e+02 3.323066000000000031e+02 3.327672999999999774e+02 3.334393999999999778e+02 3.344322999999999979e+02 3.355695000000000050e+02 3.367796999999999912e+02 3.376671000000000049e+02 3.381229000000000156e+02 3.385355000000000132e+02 3.388274999999999864e+02 3.392124999999999773e+02 3.393944000000000187e+02 3.392909999999999968e+02 -9.999000000000000000e+03
3.192604999999999791e+02 3.196318999999999733e+02 3.200301999999999794e+02 3.203424999999999727e+02 3.206059000000000196e+02 3.209485999999999990e+02 3.212927000000000248e+02 3.217726999999999862e+02 3.225874999999999773e+02 3.233793000000000006e+02 3.240131999999999834e+02 3.248360000000000127e+02 3.255319999999999823e+02 3.260423999999999864e+02 3.263541999999999916e+02 3.266834999999999809e+02 3.270319000000000074e+02 3.276541000000000281e+02 3.283722999999999956e+02 3.289630000000000223e+02 3.297563999999999851e+02 3.305582999999999743e+02 3.312407000000000039e+02 3.318501999999999725e+02 3.323335000000000150e+02 3.328516000000000190e+02 3.336866999999999734e+02 3.346788000000000238e+02 3.357153000000000134e+02 3.366576000000000022e+02 3.372565000000000168e+02 3.378285999999999945e+02 3.382400000000000091e+02 3.385471999999999753e+02 3.387239000000000146e+02 3.386995999999999754e+02 -9.999000000000000000e+03
3.195638000000000147e+02 3.199083999999999719e+02 3.202561999999999784e+02 3.205649999999999977e+02 3.207823000000000206e+02 3.210944000000000074e+02 3.214866999999999848e+02 3.219261999999999944e+02 3.225663000000000125e+02 3.234891000000000076e+02 3.242542000000000257e+02 3.246990999999999872e+02 3.253919000000000210e+02 3.257751999999999839e+02 3.260527000000000157e+02 3.261786999999999921e+02 3.265292999999999779e+02 3.270713999999999828e+02 3.277072999999999752e+02 3.285341000000000236e+02 3.293364000000000260e+02 3.299785999999999717e+02 3.305692000000000235e+02 3.312363000000000284e+02 3.317468000000000075e+02 3.322248999999999910e+02 3.330502000000000180e+02 3.338922999999999774e+02 3.347056000000000040e+02 3.355914000000000215e+02 3.363793000000000006e+02 3.370742000000000189e+02 3.376227000000000089e+02 3.379925999999999817e+02 3.381104000000000269e+02 3.381451000000000136e+02 3.382948000000000093e+02
3.200722999999999843e+02 3.202062000000000239e+02 3.204225000000000136e+02 3.206795999999999935e+02 3.209200000000000159e+02 3.212346000000000004e+02 3.216218999999999824e+02 3.221478999999999928e+02 3.227925999999999931e+02 3.236068000000000211e+02 3.243104999999999905e+02 3.246211000000000126e+02 3.250933999999999742e+02 3.253688000000000216e+02 3.256678999999999746e+02 3.258827999999999747e+02 3.262907999999999902e+02 3.266782999999999788e+02 3.272475999999999772e+02 3.280477999999999952e+02 3.289125000000000227e+02 3.295049000000000206e+02 3.299626999999999839e+02 3.304726999999999748e+02 3.309438000000000102e+02 3.315701000000000249e+02 3.323591999999999871e+02 3.331999999999999886e+02 3.338865999999999872e+02 3.346687999999999761e+02 3.355776000000000181e+02 3.363827999999999747e+02 3.369888000000000261e+02 3.374268000000000143e+02 3.374554999999999723e+02 3.375806000000000040e+02 3.381365999999999872e+02
3.207008000000000152e+02 3.206795000000000186e+02 3.207003000000000270e+02 3.209057000000000244e+02 3.211893000000000029e+02 3.215548000000000002e+02 3.220387999999999806e+02 3.226028000000000020e+02 3.231258000000000266e+02 3.237391999999999825e+02 3.244316000000000031e+02 3.246664000000000101e+02 3.249725999999999999e+02 3.251884999999999764e+02 3.253921000000000276e+02 3.256671000000000049e+02 3.263484000000000265e+02 3.267973999999999819e+02 3.270880000000000223e+02 3.275167000000000144e+02 3.282341999999999871e+02 3.289361000000000104e+02 3.294177999999999997e+02 3.298288999999999760e+02 3.302846000000000117e+02 3.310158000000000129e+02 3.317712999999999965e+02 3.324531000000000063e+02 3.330684999999999718e+02 3.337832000000000221e+02 3.347699999999999818e+02 3.355871999999999957e+02 3.361331000000000131e+02 3.364529999999999745e+02 3.366857999999999720e+02 3.371358000000000175e+02 3.377900999999999954e+02
3.214205000000000041e+02 3.213081000000000245e+02 3.212167000000000030e+02 3.212708999999999833e+02 3.215801000000000158e+02 3.219085999999999785e+02 3.225099999999999909e+02 3.231379000000000019e+02 3.234848999999999819e+02 3.239393999999999778e+02 3.245308999999999742e+02 3.247871999999999844e+02 3.250235999999999876e+02 3.251442000000000121e+02 3.252932000000000130e+02 3.257952999999999975e+02 3.264508999999999901e+02 3.268134999999999764e+02 3.271048000000000116e+02 3.273940999999999804e+02 3.277305999999999813e+02 3.281840000000000259e+02 3.286949000000000183e+02 3.292497999999999934e+02 3.299012000000000171e+02 3.305486999999999966e+02 3.312364000000000033e+02 3.318838999999999828e+02 3.324751999999999725e+02 3.329046000000000163e+02 3.336329999999999814e+02 3.344193000000000211e+02 3.349728000000000065e+02 3.354929999999999950e+02 3.361732000000000085e+02 3.367296000000000049e+02 3.374381999999999948e+02
3.220337999999999852e+02 3.218659000000000106e+02 3.217278000000000020e+02 3.217067999999999870e+02 3.220328999999999837e+02 3.223725000000000023e+02 3.227103999999999928e+02 3.231838000000000193e+02 3.235625999999999749e+02 3.240681999999999903e+02 3.245962000000000103e+02 3.248460999999999785e+02 3.249999000000000251e+02 3.250446000000000026e+02 3.253136000000000081e+02 3.259984000000000037e+02 3.264732999999999947e+02 3.268509000000000242e+02 3.272447999999999979e+02 3.275502999999999929e+02 3.278652999999999906e+02 3.279827000000000226e+02 3.283813000000000102e+02 3.289130999999999858e+02 3.295339000000000169e+02 3.300835999999999899e+02 3.306161999999999921e+02 3.311573999999999955e+02 3.314325999999999794e+02 3.318878000000000270e+02 3.325326999999999771e+02 3.332531000000000176e+02 3.340914000000000215e+02 3.349685999999999808e+02 3.357893000000000256e+02 3.364196999999999775e+02 3.371304000000000087e+02
