testcase_input/new_parameters/dem.dat
ncols         214
nrows         263
xllcorner     382500
yllcorner     7541702
cellsize      16
NODATA_value  -9999
[rows 160 to 175 of 263, columns 74 to 110 of 214]
3.164241999999999848e+02 3.154295999999999935e+02 3.142810999999999808e+02 3.122065999999999804e+02 3.099700000000000273e+02 3.074753000000000043e+02 3.051521999999999935e+02 3.029615000000000009e+02 3.008346000000000231e+02 2.989171999999999798e+02 2.976730000000000018e+02 2.968043999999999869e+02 2.964698999999999955e+02 2.963664999999999736e+02 2.963636999999999944e+02 2.962251999999999725e+02 2.959988000000000170e+02 2.960070000000000050e+02 2.959266000000000076e+02 2.958528000000000020e+02 2.958376000000000090e+02 2.961628000000000043e+02 2.971163000000000238e+02 2.976272999999999911e+02 2.981684999999999945e+02 2.992296000000000049e+02 3.003129999999999882e+02 3.016621000000000095e+02 3.031395999999999731e+02 3.048827999999999747e+02 3.066206000000000245e+02 3.086451999999999884e+02 3.105624000000000251e+02 3.119719000000000051e+02 3.129601999999999862e+02 3.138104000000000156e+02 3.144884999999999877e+02
3.173609999999999900e+02 3.165615999999999985e+02 3.156750000000000114e+02 3.138937999999999988e+02 3.116306000000000154e+02 3.090169999999999959e+02 3.065790000000000077e+02 3.040475000000000136e+02 3.016465999999999781e+02 2.996671000000000049e+02 2.982377000000000180e+02 2.972348999999999819e+02 2.968347999999999729e+02 2.967792000000000030e+02 2.969100000000000250e+02 2.969501000000000204e+02 2.967581000000000131e+02 2.967257999999999925e+02 2.967679999999999723e+02 2.964696000000000140e+02 2.964402000000000044e+02 2.968571000000000026e+02 2.976370999999999754e+02 2.982681999999999789e+02 2.986738000000000284e+02 2.995561000000000149e+02 3.005799000000000092e+02 3.020432999999999879e+02 3.035020000000000095e+02 3.051474000000000046e+02 3.070043999999999755e+02 3.088312000000000239e+02 3.106172000000000253e+02 3.121469000000000165e+02 3.132180000000000177e+02 3.140634000000000015e+02 3.148870000000000005e+02
3.184836000000000240e+02 3.175529000000000224e+02 3.165606999999999971e+02 3.153331999999999766e+02 3.131220999999999890e+02 3.105989000000000146e+02 3.078856999999999857e+02 3.050753000000000270e+02 3.024694000000000074e+02 3.005106999999999857e+02 2.988625999999999863e+02 2.977678999999999974e+02 2.973503999999999792e+02 2.972323999999999842e+02 2.973127000000000066e+02 2.976426000000000158e+02 2.975948000000000206e+02 2.975710000000000264e+02 2.975183000000000106e+02 2.970126000000000204e+02 2.968910999999999945e+02 2.971983000000000175e+02 2.977943999999999960e+02 2.983670999999999935e+02 2.992346000000000004e+02 2.999010000000000105e+02 3.006961999999999762e+02 3.024400999999999726e+02 3.040496999999999730e+02 3.055636999999999830e+02 3.075928999999999860e+02 3.093374000000000024e+02 3.108403000000000134e+02 3.123740000000000236e+02 3.135781999999999812e+02 3.143978999999999928e+02 3.151827999999999861e+02
3.196206999999999994e+02 3.186378000000000270e+02 3.177382000000000062e+02 3.166370999999999754e+02 3.144660000000000082e+02 3.119202999999999975e+02 3.092783000000000015e+02 3.063756000000000199e+02 3.034551999999999907e+02 3.014150000000000205e+02 2.996277999999999793e+02 2.983595000000000255e+02 2.978045999999999935e+02 2.975715999999999894e+02 2.977921999999999798e+02 2.983990999999999758e+02 2.984062000000000126e+02 2.983627999999999929e+02 2.980796000000000276e+02 2.975183999999999855e+02 2.973573000000000093e+02 2.975249000000000024e+02 2.978016999999999825e+02 2.981494000000000142e+02 2.991279000000000110e+02 3.007635000000000218e+02 3.014014000000000237e+02 3.029014999999999986e+02 3.046394000000000233e+02 3.062567000000000235e+02 3.081213999999999942e+02 3.098466000000000236e+02 3.112074999999999818e+02 3.127217999999999734e+02 3.140412000000000035e+02 3.147977000000000203e+02 3.155473999999999819e+02
3.205584999999999809e+02 3.198636999999999944e+02 3.190745000000000005e+02 3.180523999999999774e+02 3.159153999999999769e+02 3.131650000000000205e+02 3.106827000000000112e+02 3.076863999999999919e+02 3.046005000000000109e+02 3.024556999999999789e+02 3.007748000000000275e+02 2.994433000000000220e+02 2.986820999999999913e+02 2.984168000000000234e+02 2.986567999999999756e+02 2.990568000000000097e+02 2.992090999999999781e+02 2.990751000000000204e+02 2.986204000000000178e+02 2.981657000000000153e+02 2.979974000000000274e+02 2.981875000000000000e+02 2.985387999999999806e+02 2.987601999999999975e+02 2.992801999999999794e+02 3.007472000000000207e+02 3.022429999999999950e+02 3.042844000000000051e+02 3.054214000000000055e+02 3.067230999999999881e+02 3.084544000000000210e+02 3.101503000000000156e+02 3.116854000000000156e+02 3.132663999999999760e+02 3.144477999999999724e+02 3.152534999999999741e+02 3.161139000000000010e+02
3.215085000000000264e+02 3.208041999999999803e+02 3.198956999999999766e+02 3.189180000000000064e+02 3.172013999999999783e+02 3.145799999999999841e+02 3.120020000000000095e+02 3.087697000000000003e+02 3.057382999999999811e+02 3.036786999999999921e+02 3.020115999999999872e+02 3.007101999999999862e+02 3.001585000000000036e+02 3.000210000000000150e+02 2.998279999999999745e+02 2.999386000000000081e+02 3.002008999999999901e+02 2.997543999999999755e+02 2.991619000000000028e+02 2.987900000000000205e+02 2.986259999999999764e+02 2.989223999999999819e+02 2.993987000000000194e+02 2.997998000000000047e+02 3.001335000000000264e+02 3.009241000000000099e+02 3.023245000000000005e+02 3.051664000000000101e+02 3.066816000000000031e+02 3.078709999999999809e+02 3.092092999999999847e+02 3.106376000000000204e+02 3.122232000000000198e+02 3.136664000000000101e+02 3.149110999999999763e+02 3.159168000000000234e+02 3.167952999999999975e+02
3.222440000000000282e+02 3.215593000000000075e+02 3.206283000000000243e+02 3.199254999999999995e+02 3.184734000000000265e+02 3.158086000000000126e+02 3.129950999999999794e+02 3.096951999999999998e+02 3.069119000000000028e+02 3.049893999999999892e+02 3.032966000000000122e+02 3.018091000000000008e+02 3.014791999999999916e+02 3.014422000000000139e+02 3.011139999999999759e+02 3.010077999999999747e+02 3.011317000000000235e+02 3.005817000000000121e+02 2.998149000000000228e+02 2.993655999999999722e+02 2.991494000000000142e+02 2.994793000000000234e+02 3.001764999999999759e+02 3.006220999999999890e+02 3.010181999999999789e+02 3.015448000000000093e+02 3.026179999999999950e+02 3.047620000000000005e+02 3.069456000000000131e+02 3.089567000000000121e+02 3.104252000000000180e+02 3.116354999999999791e+02 3.130233999999999810e+02 3.144508000000000152e+02 3.156073000000000093e+02 3.165162000000000262e+02 3.171091999999999871e+02
3.230776999999999930e+02 3.224743000000000279e+02 3.216184000000000083e+02 3.208484000000000265e+02 3.192998000000000047e+02 3.167812000000000126e+02 3.139388000000000147e+02 3.106908999999999992e+02 3.084008999999999787e+02 3.067946000000000026e+02 3.051021999999999821e+02 3.028706000000000245e+02 3.024243999999999915e+02 3.024907000000000039e+02 3.021915999999999940e+02 3.019322999999999979e+02 3.016757000000000062e+02 3.011949000000000183e+02 3.004612999999999943e+02 3.000045000000000073e+02 2.997601000000000226e+02 3.000059999999999718e+02 3.007812999999999874e+02 3.011549999999999727e+02 3.015496999999999730e+02 3.022610000000000241e+02 3.034438000000000102e+02 3.048960999999999899e+02 3.067078000000000202e+02 3.085265999999999735e+02 3.105525999999999840e+02 3.124338000000000193e+02 3.138351000000000113e+02 3.151207999999999743e+02 3.162013999999999783e+02 3.170147000000000048e+02 3.174268000000000143e+02
3.238697999999999979e+02 3.235215999999999781e+02 3.227923999999999864e+02 3.216813000000000216e+02 3.198947000000000003e+02 3.175742999999999938e+02 3.147280000000000086e+02 3.118412000000000148e+02 3.100301000000000045e+02 3.085076999999999998e+02 3.068351999999999862e+02 3.044252000000000180e+02 3.035901999999999816e+02 3.035280999999999949e+02 3.032961000000000240e+02 3.029216999999999871e+02 3.022044999999999959e+02 3.017176000000000045e+02 3.012678999999999974e+02 3.008505999999999858e+02 3.006027000000000271e+02 3.007174999999999727e+02 3.015450000000000159e+02 3.018453000000000088e+02 3.021338999999999828e+02 3.031052000000000248e+02 3.045375999999999976e+02 3.058931999999999789e+02 3.073804999999999836e+02 3.093279999999999745e+02 3.114379999999999882e+02 3.131523000000000252e+02 3.146118000000000166e+02 3.157850999999999999e+02 3.167393999999999892e+02 3.174918999999999869e+02 3.179132999999999925e+02
3.244315000000000282e+02 3.240090999999999894e+02 3.236403999999999996e+02 3.225239000000000260e+02 3.206963999999999828e+02 3.183219000000000278e+02 3.153833999999999946e+02 3.128822999999999865e+02 3.113394999999999868e+02 3.096650999999999954e+02 3.082687000000000239e+02 3.062459000000000060e+02 3.049517999999999915e+02 3.045987000000000080e+02 3.042436999999999898e+02 3.041037999999999784e+02 3.034112999999999829e+02 3.024515000000000100e+02 3.022568999999999733e+02 3.020529000000000224e+02 3.016487000000000194e+02 3.015851000000000113e+02 3.022665999999999826e+02 3.026274999999999977e+02 3.028113999999999919e+02 3.040923000000000229e+02 3.055643999999999778e+02 3.069110000000000014e+02 3.086322999999999865e+02 3.107622999999999820e+02 3.125224000000000046e+02 3.141499000000000024e+02 3.155484999999999900e+02 3.164954999999999927e+02 3.173154999999999859e+02 3.180511999999999944e+02 3.185154999999999745e+02
3.253106000000000222e+02 3.245837999999999965e+02 3.241739999999999782e+02 3.231154999999999973e+02 3.215516000000000076e+02 3.195489000000000033e+02 3.165627000000000066e+02 3.139261000000000195e+02 3.124164999999999850e+02 3.108978999999999928e+02 3.097259999999999991e+02 3.081231999999999971e+02 3.065923000000000229e+02 3.062783000000000015e+02 3.060070999999999799e+02 3.057003000000000270e+02 3.051068000000000211e+02 3.039350999999999772e+02 3.035203999999999951e+02 3.035312999999999874e+02 3.029205999999999790e+02 3.024008000000000038e+02 3.027395999999999958e+02 3.036148000000000025e+02 3.036503999999999905e+02 3.044732999999999947e+02 3.061886999999999830e+02 3.076879999999999882e+02 3.096379000000000019e+02 3.116917000000000257e+02 3.133537000000000035e+02 3.149624999999999773e+02 3.164370000000000118e+02 3.173872999999999820e+02 3.180441000000000145e+02 3.185539999999999736e+02 3.189123999999999910e+02
3.261582000000000221e+02 3.256478999999999928e+02 3.250160999999999945e+02 3.238691999999999780e+02 3.223254999999999768e+02 3.204397000000000162e+02 3.177217999999999734e+02 3.151845000000000141e+02 3.136619999999999777e+02 3.121738000000000284e+02 3.109825000000000159e+02 3.096016999999999939e+02 3.081197000000000230e+02 3.077726000000000113e+02 3.075987999999999829e+02 3.072223000000000184e+02 3.064673000000000229e+02 3.055169000000000210e+02 3.049791999999999916e+02 3.046630999999999858e+02 3.041234999999999786e+02 3.033387999999999920e+02 3.031528000000000134e+02 3.040620000000000118e+02 3.044941000000000031e+02 3.050325000000000273e+02 3.070855000000000246e+02 3.089590000000000032e+02 3.106469999999999914e+02 3.124180999999999813e+02 3.141739000000000033e+02 3.159014000000000237e+02 3.173627999999999929e+02 3.182853000000000065e+02 3.188697000000000230e+02 3.191684000000000196e+02 3.193403999999999883e+02
3.269017000000000053e+02 3.265745000000000005e+02 3.259456000000000131e+02 3.247792999999999779e+02 3.232074000000000069e+02 3.213734999999999786e+02 3.189381999999999948e+02 3.165538000000000238e+02 3.149744000000000028e+02 3.132429999999999950e+02 3.120043000000000006e+02 3.107418999999999869e+02 3.096780999999999722e+02 3.091535999999999831e+02 3.087398999999999774e+02 3.083018000000000143e+02 3.074746999999999844e+02 3.065034999999999741e+02 3.060493999999999915e+02 3.057586000000000013e+02 3.053152000000000044e+02 3.045652000000000044e+02 3.038086999999999875e+02 3.041773999999999774e+02 3.049293000000000120e+02 3.060373999999999910e+02 3.080837999999999965e+02 3.101548000000000229e+02 3.117094000000000165e+02 3.132470999999999890e+02 3.150543999999999869e+02 3.167979000000000269e+02 3.181976000000000226e+02 3.190921999999999912e+02 3.195647000000000162e+02 3.197615999999999872e+02 3.198949000000000069e+02
3.273829999999999814e+02 3.272475000000000023e+02 3.265151000000000181e+02 3.255393000000000256e+02 3.241625999999999976e+02 3.224705000000000155e+02 3.203048999999999751e+02 3.178217000000000212e+02 3.160611999999999853e+02 3.141009999999999991e+02 3.130097999999999843e+02 3.118380000000000223e+02 3.110905999999999949e+02 3.103351999999999862e+02 3.096093000000000188e+02 3.090541000000000054e+02 3.084135999999999740e+02 3.075720000000000027e+02 3.069580000000000268e+02 3.068591000000000122e+02 3.064255999999999744e+02 3.056773999999999774e+02 3.045810999999999922e+02 3.046499000000000024e+02 3.057832999999999970e+02 3.068661999999999921e+02 3.087384999999999877e+02 3.110051000000000272e+02 3.125258000000000038e+02 3.139741999999999962e+02 3.159562999999999988e+02 3.175754999999999768e+02 3.188935999999999922e+02 3.198570000000000277e+02 3.203550000000000182e+02 3.205514000000000010e+02 3.206503000000000156e+02
3.278627000000000180e+02 3.278928000000000225e+02 3.270353999999999814e+02 3.262149999999999750e+02 3.250092000000000212e+02 3.232638000000000034e+02 3.210976999999999748e+02 3.186524000000000001e+02 3.169055000000000177e+02 3.148154999999999859e+02 3.138711000000000126e+02 3.129300000000000068e+02 3.120846999999999980e+02 3.111838000000000193e+02 3.102968000000000188e+02 3.098299999999999841e+02 3.095070000000000050e+02 3.089399000000000228e+02 3.082135999999999854e+02 3.079554999999999723e+02 3.074569000000000187e+02 3.066252000000000066e+02 3.053908999999999878e+02 3.051922000000000139e+02 3.064732000000000198e+02 3.078335999999999899e+02 3.093507999999999925e+02 3.115570999999999913e+02 3.130389000000000124e+02 3.145713999999999828e+02 3.168510999999999740e+02 3.185643999999999778e+02 3.195860999999999876e+02 3.205504999999999995e+02 3.212705000000000268e+02 3.214809999999999945e+02 3.215027000000000044e+02
3.281714000000000055e+02 3.283537000000000035e+02 3.275690000000000168e+02 3.268962000000000216e+02 3.259066000000000258e+02 3.240998000000000161e+02 3.218976000000000113e+02 3.195550999999999817e+02 3.177706000000000017e+02 3.155280999999999949e+02 3.144662999999999897e+02 3.137465000000000259e+02 3.129762999999999806e+02 3.120443999999999960e+02 3.110781000000000063e+02 3.106865000000000236e+02 3.104483999999999924e+02 3.098792000000000257e+02 3.091270000000000095e+02 3.087491999999999734e+02 3.084211000000000240e+02 3.075523999999999774e+02 3.062667999999999893e+02 3.057681999999999789e+02 3.069268999999999892e+02 3.085903000000000134e+02 3.100713999999999828e+02 3.120514000000000010e+02 3.137148000000000252e+02 3.153829999999999814e+02 3.176105999999999767e+02 3.194879000000000246e+02 3.203888999999999783e+02 3.212760000000000105e+02 3.219900999999999840e+02 3.221243000000000052e+02 3.221252000000000066e+02
