testcase_input/new_parameters/dem.dat
ncols         214
nrows         263
xllcorner     382500
yllcorner     7541702
cellsize      16
NODATA_value  -9999
[rows 176 to 191 of 263, columns 74 to 110 of 214]
3.284873000000000047e+02 3.286576999999999771e+02 3.283025000000000091e+02 3.277305000000000064e+02 3.266992000000000189e+02 3.249970000000000141e+02 3.227728000000000179e+02 3.204168999999999983e+02 3.184737999999999829e+02 3.162171000000000163e+02 3.151883000000000266e+02 3.145826000000000136e+02 3.137934999999999945e+02 3.128895999999999731e+02 3.120731000000000108e+02 3.117022000000000048e+02 3.112314000000000078e+02 3.105588000000000193e+02 3.098937000000000239e+02 3.094640999999999735e+02 3.092475000000000023e+02 3.084302999999999884e+02 3.072674000000000092e+02 3.065366000000000213e+02 3.075059999999999718e+02 3.092130000000000223e+02 3.104443999999999733e+02 3.123444000000000074e+02 3.141546999999999912e+02 3.161564999999999941e+02 3.180575000000000045e+02 3.198788999999999874e+02 3.210382000000000176e+02 3.218924000000000092e+02 3.223550000000000182e+02 3.224109000000000265e+02 3.224202999999999975e+02
3.286797000000000253e+02 3.288587999999999738e+02 3.290480000000000018e+02 3.284827000000000226e+02 3.274091999999999985e+02 3.258353000000000179e+02 3.236059999999999945e+02 3.212726999999999862e+02 3.191585000000000036e+02 3.168716000000000008e+02 3.157663999999999760e+02 3.153235999999999990e+02 3.145701999999999998e+02 3.136317000000000235e+02 3.130172000000000025e+02 3.127065000000000055e+02 3.120040999999999940e+02 3.112610999999999990e+02 3.107606999999999857e+02 3.103054000000000201e+02 3.100932000000000244e+02 3.094979000000000156e+02 3.082031999999999812e+02 3.073792000000000257e+02 3.079880999999999744e+02 3.098647000000000276e+02 3.110312000000000126e+02 3.125812000000000239e+02 3.143670999999999935e+02 3.165335999999999785e+02 3.186148000000000025e+02 3.202590000000000146e+02 3.215720999999999776e+02 3.223994999999999891e+02 3.227226999999999748e+02 3.227538999999999874e+02 3.228145999999999844e+02
3.289042999999999779e+02 3.291211000000000126e+02 3.294538000000000011e+02 3.290391000000000190e+02 3.279827000000000226e+02 3.266297999999999888e+02 3.244239000000000033e+02 3.221007000000000176e+02 3.198602000000000203e+02 3.176437999999999988e+02 3.162448999999999728e+02 3.158808999999999969e+02 3.152615999999999872e+02 3.143874999999999886e+02 3.138408000000000015e+02 3.134735999999999763e+02 3.127995999999999981e+02 3.121673000000000116e+02 3.116295000000000073e+02 3.111456999999999766e+02 3.109254000000000246e+02 3.105378000000000043e+02 3.090160999999999945e+02 3.080280000000000200e+02 3.085652000000000044e+02 3.104940000000000282e+02 3.120262000000000171e+02 3.131232999999999720e+02 3.148346000000000231e+02 3.170511000000000195e+02 3.190303000000000111e+02 3.204748000000000161e+02 3.219350999999999772e+02 3.228500999999999976e+02 3.231822999999999979e+02 3.232078999999999951e+02 3.231609000000000265e+02
3.292554000000000087e+02 3.296311999999999784e+02 3.296992000000000189e+02 3.292787000000000148e+02 3.284008000000000038e+02 3.272377999999999929e+02 3.250876000000000090e+02 3.227586000000000013e+02 3.204633000000000038e+02 3.181433999999999855e+02 3.166274999999999977e+02 3.161324000000000183e+02 3.158296000000000276e+02 3.150640999999999963e+02 3.145185000000000173e+02 3.141499000000000024e+02 3.136666999999999916e+02 3.130430000000000064e+02 3.124033000000000015e+02 3.119205000000000041e+02 3.117896999999999821e+02 3.111177000000000135e+02 3.095985999999999763e+02 3.086236999999999853e+02 3.092395999999999958e+02 3.116865999999999985e+02 3.133179999999999836e+02 3.138655999999999722e+02 3.154551999999999907e+02 3.174753000000000043e+02 3.195910000000000082e+02 3.209080999999999904e+02 3.222251999999999725e+02 3.230903999999999883e+02 3.233310000000000173e+02 3.234032000000000266e+02 3.234639999999999986e+02
-9.999000000000000000e+03 3.300953000000000088e+02 3.300821000000000254e+02 3.295756999999999834e+02 3.288600000000000136e+02 3.277740000000000009e+02 3.257217999999999734e+02 3.234882000000000062e+02 3.210688000000000102e+02 3.186739000000000033e+02 3.171007999999999925e+02 3.163607999999999834e+02 3.161295000000000073e+02 3.155527000000000157e+02 3.151118999999999915e+02 3.148258999999999901e+02 3.144814999999999827e+02 3.139153999999999769e+02 3.130899000000000001e+02 3.124753000000000043e+02 3.122137999999999920e+02 3.112567999999999984e+02 3.099716999999999985e+02 3.092108999999999810e+02 3.099182000000000130e+02 3.126023999999999887e+02 3.138387999999999920e+02 3.144743000000000279e+02 3.160916000000000281e+02 3.178378999999999905e+02 3.200335999999999785e+02 3.213722000000000207e+02 3.221367999999999938e+02 3.229182000000000130e+02 3.231904999999999859e+02 3.233496000000000095e+02 3.235162000000000262e+02
-9.999000000000000000e+03 -9.999000000000000000e+03 3.305527000000000157e+02 3.301209999999999809e+02 3.294230999999999767e+02 3.283100000000000023e+02 3.262062999999999988e+02 3.239519000000000233e+02 3.217755000000000223e+02 3.193799000000000206e+02 3.172841000000000236e+02 3.162993000000000166e+02 3.161888000000000147e+02 3.160002999999999815e+02 3.157146000000000186e+02 3.154651999999999816e+02 3.151365999999999872e+02 3.145298999999999978e+02 3.136191000000000031e+02 3.129168000000000234e+02 3.127026999999999930e+02 3.118236999999999739e+02 3.104762000000000057e+02 3.097819999999999823e+02 3.104298000000000002e+02 3.127925000000000182e+02 3.142017999999999915e+02 3.149227999999999952e+02 3.165074999999999932e+02 3.181940000000000168e+02 3.198942999999999870e+02 3.211820000000000164e+02 3.221668000000000234e+02 3.231960000000000264e+02 3.235341999999999985e+02 3.236125000000000114e+02 3.236680999999999813e+02
-9.999000000000000000e+03 -9.999000000000000000e+03 3.309651000000000067e+02 3.307554999999999836e+02 3.301232999999999720e+02 3.288998000000000275e+02 3.268222999999999843e+02 3.245778999999999996e+02 3.224771000000000072e+02 3.201471999999999980e+02 3.177083000000000084e+02 3.162459000000000060e+02 3.160002999999999815e+02 3.161566000000000258e+02 3.161433999999999855e+02 3.159923000000000002e+02 3.155572999999999979e+02 3.148213999999999828e+02 3.140479000000000269e+02 3.135088000000000079e+02 3.134064000000000192e+02 3.125627000000000066e+02 3.110740000000000123e+02 3.105115000000000123e+02 3.111392999999999915e+02 3.129662000000000148e+02 3.149415999999999940e+02 3.155629000000000133e+02 3.165817000000000121e+02 3.181668000000000234e+02 3.196730000000000018e+02 3.208792000000000257e+02 3.222461999999999875e+02 3.234723999999999933e+02 3.238965999999999781e+02 3.239275999999999840e+02 3.239905999999999722e+02
-9.999000000000000000e+03 -9.999000000000000000e+03 3.314490000000000123e+02 3.313381999999999721e+02 3.307239000000000146e+02 3.293564000000000078e+02 3.272250999999999976e+02 3.252796999999999912e+02 3.233290999999999826e+02 3.211832999999999743e+02 3.185910999999999831e+02 3.166945999999999799e+02 3.160554999999999950e+02 3.163878000000000270e+02 3.166374999999999886e+02 3.165380999999999858e+02 3.160110000000000241e+02 3.151496000000000208e+02 3.144302999999999884e+02 3.139626000000000090e+02 3.136234000000000037e+02 3.130509000000000128e+02 3.116956999999999880e+02 3.112937000000000012e+02 3.119805000000000064e+02 3.133822999999999865e+02 3.154157000000000153e+02 3.161517999999999802e+02 3.167001999999999953e+02 3.179725999999999999e+02 3.193620999999999981e+02 3.206759999999999877e+02 3.221190000000000282e+02 3.233256999999999834e+02 3.238786000000000058e+02 3.240475000000000136e+02 3.240756000000000085e+02
-9.999000000000000000e+03 -9.999000000000000000e+03 -9.999000000000000000e+03 3.317740000000000009e+02 3.312228999999999814e+02 3.297139999999999986e+02 3.276908999999999992e+02 3.259517999999999915e+02 3.241460000000000150e+02 3.218466999999999985e+02 3.192327999999999975e+02 3.172302000000000248e+02 3.164503000000000270e+02 3.167475000000000023e+02 3.170278999999999883e+02 3.168933000000000106e+02 3.164350999999999772e+02 3.156290999999999940e+02 3.149359999999999786e+02 3.144010000000000105e+02 3.140004999999999882e+02 3.135151000000000181e+02 3.123940000000000055e+02 3.119386999999999830e+02 3.125072999999999865e+02 3.136671999999999798e+02 3.153496000000000095e+02 3.166175999999999817e+02 3.170509000000000128e+02 3.180751000000000204e+02 3.190831000000000017e+02 3.203758000000000266e+02 3.219126999999999725e+02 3.230883000000000038e+02 3.236621999999999844e+02 3.239234999999999900e+02 3.239712999999999852e+02
-9.999000000000000000e+03 -9.999000000000000000e+03 -9.999000000000000000e+03 3.321485999999999876e+02 3.316659000000000219e+02 3.302359000000000151e+02 3.281437000000000239e+02 3.264811000000000263e+02 3.249239000000000033e+02 3.227373999999999796e+02 3.200846999999999980e+02 3.180283999999999764e+02 3.170258000000000038e+02 3.171668999999999983e+02 3.173718000000000075e+02 3.172105999999999995e+02 3.169146000000000072e+02 3.161818999999999846e+02 3.154889999999999759e+02 3.148847000000000094e+02 3.143750999999999749e+02 3.137536999999999807e+02 3.128697999999999979e+02 3.124332999999999743e+02 3.129001999999999839e+02 3.140584000000000060e+02 3.154780000000000086e+02 3.169538999999999760e+02 3.175201000000000136e+02 3.182511000000000081e+02 3.190966999999999985e+02 3.202382000000000062e+02 3.213980000000000246e+02 3.224678999999999860e+02 3.233041000000000054e+02 3.237049999999999841e+02 3.238851999999999975e+02
-9.999000000000000000e+03 -9.999000000000000000e+03 -9.999000000000000000e+03 3.324827999999999975e+02 3.320511999999999944e+02 3.306743999999999915e+02 3.284975999999999772e+02 3.268596000000000004e+02 3.253082999999999743e+02 3.234719000000000051e+02 3.210996999999999844e+02 3.188260000000000218e+02 3.177060000000000173e+02 3.176820000000000164e+02 3.178109999999999786e+02 3.176213000000000193e+02 3.173143000000000029e+02 3.166578000000000088e+02 3.159474999999999909e+02 3.152275999999999954e+02 3.144270000000000209e+02 3.139089000000000169e+02 3.133500999999999976e+02 3.129542999999999893e+02 3.135124999999999886e+02 3.146358999999999924e+02 3.156363999999999805e+02 3.166963000000000079e+02 3.176483000000000061e+02 3.186050999999999931e+02 3.193036999999999921e+02 3.201648999999999887e+02 3.209982999999999720e+02 3.217932000000000130e+02 3.226424000000000092e+02 3.234116000000000213e+02 3.238416000000000281e+02
-9.999000000000000000e+03 -9.999000000000000000e+03 -9.999000000000000000e+03 -9.999000000000000000e+03 3.320704999999999814e+02 3.309100000000000250e+02 3.289719000000000051e+02 3.271580999999999904e+02 3.255344999999999800e+02 3.239812999999999761e+02 3.218032000000000039e+02 3.195835999999999899e+02 3.184030000000000200e+02 3.183027000000000157e+02 3.183949000000000069e+02 3.181729000000000269e+02 3.176447999999999752e+02 3.169993000000000052e+02 3.162635000000000218e+02 3.153618000000000166e+02 3.146256000000000199e+02 3.142679999999999723e+02 3.139368000000000052e+02 3.135996000000000095e+02 3.140326000000000022e+02 3.148985000000000127e+02 3.158229000000000042e+02 3.166972999999999843e+02 3.174073999999999955e+02 3.184114000000000146e+02 3.194653999999999883e+02 3.200423000000000116e+02 3.207495000000000118e+02 3.216055999999999813e+02 3.221541000000000281e+02 3.230855999999999995e+02 3.236811999999999898e+02
-9.999000000000000000e+03 -9.999000000000000000e+03 -9.999000000000000000e+03 -9.999000000000000000e+03 3.315222999999999729e+02 3.306784999999999854e+02 3.290921999999999912e+02 3.273566999999999894e+02 3.259773000000000138e+02 3.245679999999999836e+02 3.226215000000000259e+02 3.205475999999999885e+02 3.191659999999999968e+02 3.189239000000000033e+02 3.189076999999999771e+02 3.186422000000000025e+02 3.180701000000000249e+02 3.174214000000000055e+02 3.166693000000000211e+02 3.156684999999999945e+02 3.150855000000000246e+02 3.148734000000000037e+02 3.145251000000000090e+02 3.141986999999999739e+02 3.143014999999999759e+02 3.148965999999999781e+02 3.157201000000000022e+02 3.168845999999999776e+02 3.174279000000000224e+02 3.182151000000000067e+02 3.195625999999999749e+02 3.200063000000000102e+02 3.204035000000000082e+02 3.213955000000000268e+02 3.220763000000000034e+02 3.228156999999999925e+02 3.231533999999999764e+02
-9.999000000000000000e+03 -9.999000000000000000e+03 -9.999000000000000000e+03 -9.999000000000000000e+03 3.309257999999999811e+02 3.302024999999999864e+02 3.289694999999999823e+02 3.275222999999999729e+02 3.261682000000000130e+02 3.245545000000000186e+02 3.227475000000000023e+02 3.210228999999999928e+02 3.198910999999999945e+02 3.194644999999999868e+02 3.192780999999999949e+02 3.189456999999999880e+02 3.184100999999999999e+02 3.177463999999999942e+02 3.168793999999999755e+02 3.159329999999999927e+02 3.155475000000000136e+02 3.154913000000000238e+02 3.149635999999999854e+02 3.145869999999999891e+02 3.145883000000000038e+02 3.151886999999999830e+02 3.158944000000000187e+02 3.168201999999999998e+02 3.175332999999999970e+02 3.182089000000000283e+02 3.193183999999999969e+02 3.199497000000000071e+02 3.201746999999999730e+02 3.208999000000000024e+02 3.218795000000000073e+02 3.223514000000000124e+02 3.226191000000000031e+02
-9.999000000000000000e+03 -9.999000000000000000e+03 -9.999000000000000000e+03 3.307173000000000229e+02 3.305104000000000042e+02 3.299359999999999786e+02 3.288283000000000129e+02 3.275706999999999880e+02 3.263066000000000031e+02 3.247318000000000211e+02 3.231702999999999975e+02 3.216306000000000154e+02 3.205065000000000168e+02 3.198104000000000156e+02 3.195307000000000244e+02 3.192400999999999840e+02 3.187463000000000193e+02 3.181281999999999925e+02 3.169537000000000262e+02 3.162479000000000156e+02 3.160239000000000260e+02 3.159184000000000196e+02 3.154200999999999908e+02 3.151435999999999922e+02 3.151351999999999975e+02 3.155450000000000159e+02 3.161012999999999806e+02 3.167864999999999895e+02 3.175371000000000095e+02 3.182898999999999887e+02 3.188344000000000165e+02 3.194137999999999806e+02 3.198655999999999722e+02 3.203589999999999804e+02 3.210507999999999811e+02 3.214982999999999720e+02 3.222681999999999789e+02
-9.999000000000000000e+03 -9.999000000000000000e+03 -9.999000000000000000e+03 3.304596999999999980e+02 3.301118000000000166e+02 3.296419999999999959e+02 3.286585999999999785e+02 3.276539999999999964e+02 3.263779999999999859e+02 3.248745000000000118e+02 3.235792999999999893e+02 3.222327999999999975e+02 3.208054000000000201e+02 3.199461000000000013e+02 3.196186000000000149e+02 3.193598999999999819e+02 3.190407999999999902e+02 3.183491999999999962e+02 3.169950000000000045e+02 3.168337999999999965e+02 3.167760999999999854e+02 3.165151999999999930e+02 3.161168000000000120e+02 3.160525000000000091e+02 3.159818999999999960e+02 3.162386999999999944e+02 3.165394999999999754e+02 3.169617999999999824e+02 3.176057000000000130e+02 3.181302000000000021e+02 3.184365999999999985e+02 3.190136999999999716e+02 3.197445000000000164e+02 3.199590999999999781e+02 3.202289000000000101e+02 3.209560999999999922e+02 3.221130999999999744e+02
