testcase_input/new_parameters/dem.dat
ncols         214
nrows         263
xllcorner     382500
yllcorner     7541702
cellsize      16
NODATA_value  -9999
[rows 128 to 143 of 263, columns 37 to 73 of 214]
-9.999000000000000000e+03 -9.999000000000000000e+03 -9.999000000000000000e+03 -9.999000000000000000e+03 -9.999000000000000000e+03 -9.999000000000000000e+03 -9.999000000000000000e+03 -9.999000000000000000e+03 -9.999000000000000000e+03 -9.999000000000000000e+03 -9.999000000000000000e+03 -9.999000000000000000e+03 -9.999000000000000000e+03 2.877841000000000236e+02 2.876816999999999780e+02 2.875317000000000007e+02 2.875122999999999820e+02 2.872271000000000072e+02 2.869968000000000075e+02 2.869200000000000159e+02 2.871510999999999854e+02 2.876322999999999865e+02 2.883521999999999821e+02 2.885092000000000212e+02 2.883999999999999773e+02 2.884646999999999935e+02 2.889465000000000146e+02 2.897332000000000107e+02 2.899766000000000190e+02 2.899492999999999938e+02 2.904750999999999976e+02 2.917341999999999871e+02 2.916333000000000197e+02 2.908056000000000267e+02 2.915015000000000214e+02 2.916999999999999886e+02 2.899707000000000221e+02
-9.999000000000000000e+03 -9.999000000000000000e+03 -9.999000000000000000e+03 -9.999000000000000000e+03 -9.999000000000000000e+03 -9.999000000000000000e+03 -9.999000000000000000e+03 -9.999000000000000000e+03 -9.999000000000000000e+03 -9.999000000000000000e+03 -9.999000000000000000e+03 -9.999000000000000000e+03 -9.999000000000000000e+03 2.878698999999999728e+02 2.877114000000000260e+02 2.876915000000000191e+02 2.877155999999999949e+02 2.875720000000000027e+02 2.873602999999999952e+02 2.873048000000000002e+02 2.876057000000000130e+02 2.882504999999999882e+02 2.888428999999999860e+02 2.887167000000000030e+02 2.887748000000000275e+02 2.889680999999999926e+02 2.893416000000000281e+02 2.900231999999999744e+02 2.905269000000000119e+02 2.910378000000000043e+02 2.920398999999999887e+02 2.924836000000000240e+02 2.918752000000000066e+02 2.913129999999999882e+02 2.907819000000000074e+02 2.897579000000000065e+02 2.891023999999999887e+02
-9.999000000000000000e+03 -9.999000000000000000e+03 -9.999000000000000000e+03 -9.999000000000000000e+03 -9.999000000000000000e+03 -9.999000000000000000e+03 -9.999000000000000000e+03 -9.999000000000000000e+03 -9.999000000000000000e+03 -9.999000000000000000e+03 -9.999000000000000000e+03 -9.999000000000000000e+03 -9.999000000000000000e+03 2.880040000000000191e+02 2.877712000000000216e+02 2.877533999999999992e+02 2.878147999999999911e+02 2.878799000000000206e+02 2.878414000000000215e+02 2.878190000000000168e+02 2.881711000000000240e+02 2.889026999999999816e+02 2.891818999999999846e+02 2.889904000000000224e+02 2.891657999999999902e+02 2.894658999999999764e+02 2.897807000000000244e+02 2.904338000000000193e+02 2.912115999999999758e+02 2.922576000000000249e+02 2.925733999999999924e+02 2.924413999999999874e+02 2.916804000000000201e+02 2.911143999999999892e+02 2.902090000000000032e+02 2.896831999999999994e+02 2.899639000000000237e+02
-9.999000000000000000e+03 -9.999000000000000000e+03 -9.999000000000000000e+03 -9.999000000000000000e+03 -9.999000000000000000e+03 -9.999000000000000000e+03 -9.999000000000000000e+03 -9.999000000000000000e+03 -9.999000000000000000e+03 -9.999000000000000000e+03 -9.999000000000000000e+03 -9.999000000000000000e+03 -9.999000000000000000e+03 2.881524000000000001e+02 2.879506999999999834e+02 2.879809999999999945e+02 2.881404999999999745e+02 2.883457000000000221e+02 2.883802999999999770e+02 2.883786999999999807e+02 2.887968000000000188e+02 2.895120999999999754e+02 2.894873000000000047e+02 2.893358999999999810e+02 2.895876999999999839e+02 2.899270000000000209e+02 2.902320000000000277e+02 2.911447999999999752e+02 2.921485000000000127e+02 2.926908999999999992e+02 2.925711000000000013e+02 2.920933999999999742e+02 2.913827999999999747e+02 2.909239999999999782e+02 2.904562000000000239e+02 2.906610999999999763e+02 2.912133000000000038e+02
-9.999000000000000000e+03 -9.999000000000000000e+03 -9.999000000000000000e+03 -9.999000000000000000e+03 -9.999000000000000000e+03 -9.999000000000000000e+03 -9.999000000000000000e+03 -9.999000000000000000e+03 -9.999000000000000000e+03 -9.999000000000000000e+03 -9.999000000000000000e+03 -9.999000000000000000e+03 -9.999000000000000000e+03 2.884121000000000095e+02 2.882807999999999993e+02 2.884100999999999999e+02 2.887117999999999824e+02 2.889041000000000281e+02 2.889178999999999746e+02 2.889155000000000086e+02 2.894152000000000271e+02 2.900242999999999824e+02 2.899100999999999999e+02 2.897848999999999933e+02 2.900998000000000161e+02 2.904474000000000160e+02 2.908616999999999848e+02 2.923256999999999834e+02 2.926147000000000276e+02 2.924456000000000131e+02 2.923480999999999881e+02 2.918204999999999814e+02 2.913213999999999828e+02 2.908346999999999980e+02 2.906811000000000149e+02 2.913570000000000277e+02 2.909599000000000046e+02
-9.999000000000000000e+03 -9.999000000000000000e+03 -9.999000000000000000e+03 -9.999000000000000000e+03 -9.999000000000000000e+03 -9.999000000000000000e+03 -9.999000000000000000e+03 -9.999000000000000000e+03 -9.999000000000000000e+03 -9.999000000000000000e+03 -9.999000000000000000e+03 -9.999000000000000000e+03 -9.999000000000000000e+03 2.887359999999999900e+02 2.886831999999999994e+02 2.889434999999999718e+02 2.893308999999999855e+02 2.894420999999999822e+02 2.894546000000000276e+02 2.895038999999999874e+02 2.900203999999999951e+02 2.905210000000000150e+02 2.903847000000000094e+02 2.903575999999999908e+02 2.906798999999999751e+02 2.909246999999999730e+02 2.919060999999999808e+02 2.931659999999999968e+02 2.925654999999999859e+02 2.923509999999999991e+02 2.921607999999999947e+02 2.918004000000000246e+02 2.913104000000000156e+02 2.908720000000000141e+02 2.908163000000000125e+02 2.913156000000000176e+02 2.900869000000000142e+02
-9.999000000000000000e+03 -9.999000000000000000e+03 -9.999000000000000000e+03 -9.999000000000000000e+03 -9.999000000000000000e+03 -9.999000000000000000e+03 -9.999000000000000000e+03 -9.999000000000000000e+03 -9.999000000000000000e+03 -9.999000000000000000e+03 -9.999000000000000000e+03 -9.999000000000000000e+03 -9.999000000000000000e+03 2.890457000000000107e+02 2.890822000000000003e+02 2.895212999999999965e+02 2.899010999999999854e+02 2.899719999999999800e+02 2.900149999999999864e+02 2.901417000000000144e+02 2.906490000000000009e+02 2.910561999999999898e+02 2.908088000000000193e+02 2.908831999999999880e+02 2.912003000000000270e+02 2.915323999999999955e+02 2.930357999999999947e+02 2.930672999999999888e+02 2.924760999999999740e+02 2.923691999999999780e+02 2.921940999999999917e+02 2.918509000000000242e+02 2.912429000000000201e+02 2.909214000000000055e+02 2.908163000000000125e+02 2.909796000000000049e+02 2.900074000000000183e+02
-9.999000000000000000e+03 -9.999000000000000000e+03 -9.999000000000000000e+03 -9.999000000000000000e+03 -9.999000000000000000e+03 -9.999000000000000000e+03 -9.999000000000000000e+03 -9.999000000000000000e+03 -9.999000000000000000e+03 -9.999000000000000000e+03 -9.999000000000000000e+03 -9.999000000000000000e+03 -9.999000000000000000e+03 2.893765999999999963e+02 2.894821999999999775e+02 2.901001999999999725e+02 2.905203999999999951e+02 2.905326000000000022e+02 2.906537000000000148e+02 2.908057000000000016e+02 2.912887000000000057e+02 2.915645000000000095e+02 2.912493000000000052e+02 2.913630999999999744e+02 2.915942000000000007e+02 2.919787000000000035e+02 2.930061999999999784e+02 2.926249000000000251e+02 2.924911000000000172e+02 2.925729000000000042e+02 2.923731999999999971e+02 2.919375999999999749e+02 2.913985000000000127e+02 2.910507999999999811e+02 2.910826999999999884e+02 2.914182999999999879e+02 2.911521000000000186e+02
-9.999000000000000000e+03 -9.999000000000000000e+03 -9.999000000000000000e+03 -9.999000000000000000e+03 -9.999000000000000000e+03 -9.999000000000000000e+03 -9.999000000000000000e+03 -9.999000000000000000e+03 -9.999000000000000000e+03 -9.999000000000000000e+03 -9.999000000000000000e+03 -9.999000000000000000e+03 -9.999000000000000000e+03 2.897884000000000242e+02 2.899834000000000174e+02 2.906324999999999932e+02 2.910790999999999826e+02 2.910760999999999967e+02 2.912058999999999855e+02 2.914334999999999809e+02 2.918777000000000044e+02 2.920079000000000065e+02 2.917785000000000082e+02 2.922250000000000227e+02 2.924492000000000189e+02 2.922837999999999852e+02 2.927509000000000015e+02 2.927397000000000276e+02 2.925921000000000163e+02 2.926569999999999823e+02 2.928650999999999840e+02 2.927816000000000258e+02 2.918802999999999770e+02 2.912586000000000013e+02 2.914617000000000075e+02 2.923356999999999744e+02 2.930566000000000031e+02
-9.999000000000000000e+03 -9.999000000000000000e+03 -9.999000000000000000e+03 -9.999000000000000000e+03 -9.999000000000000000e+03 -9.999000000000000000e+03 -9.999000000000000000e+03 -9.999000000000000000e+03 -9.999000000000000000e+03 -9.999000000000000000e+03 -9.999000000000000000e+03 -9.999000000000000000e+03 -9.999000000000000000e+03 2.902509000000000015e+02 2.904750000000000227e+02 2.910491999999999848e+02 2.914832999999999856e+02 2.915656000000000176e+02 2.916947000000000116e+02 2.919440000000000168e+02 2.922330999999999790e+02 2.924137999999999806e+02 2.927502000000000066e+02 2.939073000000000206e+02 2.933772999999999911e+02 2.928535999999999717e+02 2.933217000000000212e+02 2.932126999999999839e+02 2.928605999999999767e+02 2.930332000000000221e+02 2.936845000000000141e+02 2.935473999999999819e+02 2.926016000000000190e+02 2.916741999999999848e+02 2.916843999999999824e+02 2.928546999999999798e+02 2.943686000000000149e+02
-9.999000000000000000e+03 -9.999000000000000000e+03 -9.999000000000000000e+03 -9.999000000000000000e+03 -9.999000000000000000e+03 -9.999000000000000000e+03 -9.999000000000000000e+03 -9.999000000000000000e+03 -9.999000000000000000e+03 -9.999000000000000000e+03 -9.999000000000000000e+03 -9.999000000000000000e+03 -9.999000000000000000e+03 2.907185999999999808e+02 2.909547999999999774e+02 2.914146000000000072e+02 2.918127000000000066e+02 2.920273000000000252e+02 2.922570999999999799e+02 2.924413000000000125e+02 2.926528000000000134e+02 2.929062999999999874e+02 2.939884999999999877e+02 2.945221000000000231e+02 2.935212000000000216e+02 2.936206000000000245e+02 2.942332000000000107e+02 2.936977999999999724e+02 2.929791999999999916e+02 2.935735999999999990e+02 2.942307999999999879e+02 2.938507999999999925e+02 2.931940999999999917e+02 2.921859999999999786e+02 2.919932999999999765e+02 2.934397999999999911e+02 2.954583000000000084e+02
-9.999000000000000000e+03 -9.999000000000000000e+03 -9.999000000000000000e+03 -9.999000000000000000e+03 -9.999000000000000000e+03 -9.999000000000000000e+03 -9.999000000000000000e+03 -9.999000000000000000e+03 -9.999000000000000000e+03 -9.999000000000000000e+03 -9.999000000000000000e+03 -9.999000000000000000e+03 -9.999000000000000000e+03 -9.999000000000000000e+03 2.913992000000000075e+02 2.918376000000000090e+02 2.921838999999999942e+02 2.923428000000000111e+02 2.925860000000000127e+02 2.927864000000000146e+02 2.930898000000000252e+02 2.934803999999999746e+02 2.948643999999999892e+02 2.945702999999999747e+02 2.940520999999999958e+02 2.945110999999999990e+02 2.950593000000000075e+02 2.942423000000000002e+02 2.932176999999999794e+02 2.939021999999999935e+02 2.945871999999999957e+02 2.944490999999999872e+02 2.936530999999999949e+02 2.927309999999999945e+02 2.927071000000000254e+02 2.943272999999999797e+02 2.959397999999999911e+02
-9.999000000000000000e+03 -9.999000000000000000e+03 -9.999000000000000000e+03 -9.999000000000000000e+03 -9.999000000000000000e+03 -9.999000000000000000e+03 -9.999000000000000000e+03 -9.999000000000000000e+03 -9.999000000000000000e+03 -9.999000000000000000e+03 -9.999000000000000000e+03 -9.999000000000000000e+03 -9.999000000000000000e+03 -9.999000000000000000e+03 -9.999000000000000000e+03 2.922595999999999776e+02 2.926462000000000216e+02 2.927932000000000130e+02 2.929825000000000159e+02 2.931541000000000281e+02 2.934918999999999869e+02 2.942142000000000053e+02 2.953727000000000089e+02 2.946809999999999832e+02 2.946655999999999835e+02 2.952280000000000086e+02 2.956207999999999743e+02 2.950539999999999736e+02 2.939205000000000041e+02 2.942038000000000011e+02 2.950776000000000181e+02 2.952927999999999997e+02 2.942488999999999919e+02 2.934621999999999957e+02 2.938471000000000117e+02 2.950000000000000000e+02 2.953419000000000096e+02
-9.999000000000000000e+03 -9.999000000000000000e+03 -9.999000000000000000e+03 -9.999000000000000000e+03 -9.999000000000000000e+03 -9.999000000000000000e+03 -9.999000000000000000e+03 -9.999000000000000000e+03 -9.999000000000000000e+03 -9.999000000000000000e+03 -9.999000000000000000e+03 -9.999000000000000000e+03 -9.999000000000000000e+03 -9.999000000000000000e+03 -9.999000000000000000e+03 -9.999000000000000000e+03 2.931130999999999744e+02 2.933858000000000175e+02 2.935966000000000236e+02 2.937106999999999744e+02 2.939139999999999873e+02 2.950265999999999735e+02 2.953322000000000003e+02 2.948885999999999967e+02 2.951825999999999794e+02 2.957074999999999818e+02 2.961492000000000075e+02 2.961304999999999836e+02 2.956000000000000227e+02 2.957004999999999768e+02 2.962653999999999996e+02 2.964913000000000238e+02 2.954796999999999798e+02 2.949995000000000118e+02 2.950575999999999794e+02 2.950267000000000053e+02 2.949393999999999778e+02
-9.999000000000000000e+03 -9.999000000000000000e+03 -9.999000000000000000e+03 -9.999000000000000000e+03 -9.999000000000000000e+03 -9.999000000000000000e+03 -9.999000000000000000e+03 -9.999000000000000000e+03 -9.999000000000000000e+03 -9.999000000000000000e+03 -9.999000000000000000e+03 -9.999000000000000000e+03 -9.999000000000000000e+03 -9.999000000000000000e+03 -9.999000000000000000e+03 -9.999000000000000000e+03 -9.999000000000000000e+03 2.940253999999999905e+02 2.942957000000000107e+02 2.944191999999999894e+02 2.944972000000000207e+02 2.955674999999999955e+02 2.955045000000000073e+02 2.953523999999999887e+02 2.955844000000000165e+02 2.961147000000000276e+02 2.966866999999999734e+02 2.968607000000000085e+02 2.974379999999999882e+02 2.973795000000000073e+02 2.977957000000000107e+02 2.986102999999999952e+02 2.979048999999999978e+02 2.965654999999999859e+02 2.957810000000000059e+02 2.953990000000000009e+02 2.955013999999999896e+02
-9.999000000000000000e+03 -9.999000000000000000e+03 -9.999000000000000000e+03 -9.999000000000000000e+03 -9.999000000000000000e+03 -9.999000000000000000e+03 -9.999000000000000000e+03 -9.999000000000000000e+03 -9.999000000000000000e+03 -9.999000000000000000e+03 -9.999000000000000000e+03 -9.999000000000000000e+03 -9.999000000000000000e+03 -9.999000000000000000e+03 -9.999000000000000000e+03 -9.999000000000000000e+03 -9.999000000000000000e+03 -9.999000000000000000e+03 2.949893999999999892e+02 2.951548000000000229e+02 2.952178000000000111e+02 2.959950000000000045e+02 2.959791000000000167e+02 2.960661999999999807e+02 2.962330000000000041e+02 2.966397999999999797e+02 2.970355999999999881e+02 2.975865999999999758e+02 2.982991999999999848e+02 2.984782999999999902e+02 3.001301000000000272e+02 3.013722999999999956e+02 2.998804999999999836e+02 2.975557000000000016e+02 2.965742000000000189e+02 2.963426999999999794e+02 2.962848999999999933e+02
