testcase_input/new_parameters/flowacc.dat
ncols         214
nrows         263
xllcorner     382500
yllcorner     7541702
cellsize      16
NODATA_value  -9999
[rows 64 to 79 of 263, columns 111 to 147 of 214]
2.900000000000000000e+01 2.800000000000000000e+01 2.700000000000000000e+01 2.600000000000000000e+01 2.500000000000000000e+01 2.400000000000000000e+01 2.300000000000000000e+01 2.200000000000000000e+01 2.100000000000000000e+01 2.000000000000000000e+01 1.900000000000000000e+01 1.800000000000000000e+01 1.700000000000000000e+01 1.600000000000000000e+01 1.500000000000000000e+01 1.400000000000000000e+01 1.300000000000000000e+01 1.200000000000000000e+01 1.100000000000000000e+01 1.000000000000000000e+01 9.000000000000000000e+00 8.000000000000000000e+00 7.000000000000000000e+00 6.000000000000000000e+00 5.000000000000000000e+00 4.000000000000000000e+00 3.000000000000000000e+00 2.000000000000000000e+00 2.000000000000000000e+00 1.000000000000000000e+00 3.300000000000000000e+01 4.000000000000000000e+00 3.000000000000000000e+00 2.000000000000000000e+00 1.000000000000000000e+00 2.300000000000000000e+01 2.200000000000000000e+01
2.000000000000000000e+00 1.000000000000000000e+00 1.000000000000000000e+00 2.200000000000000000e+01 2.100000000000000000e+01 2.000000000000000000e+01 1.900000000000000000e+01 1.800000000000000000e+01 1.700000000000000000e+01 1.600000000000000000e+01 1.500000000000000000e+01 1.400000000000000000e+01 1.300000000000000000e+01 1.200000000000000000e+01 1.100000000000000000e+01 1.000000000000000000e+01 9.000000000000000000e+00 8.000000000000000000e+00 7.000000000000000000e+00 6.000000000000000000e+00 5.000000000000000000e+00 4.000000000000000000e+00 3.000000000000000000e+00 2.000000000000000000e+00 1.000000000000000000e+00 4.000000000000000000e+00 3.000000000000000000e+00 3.000000000000000000e+00 2.000000000000000000e+00 1.000000000000000000e+00 3.800000000000000000e+01 9.000000000000000000e+00 8.000000000000000000e+00 7.000000000000000000e+00 6.000000000000000000e+00 5.000000000000000000e+00 4.000000000000000000e+00
2.700000000000000000e+01 2.600000000000000000e+01 2.400000000000000000e+01 1.000000000000000000e+00 1.000000000000000000e+00 1.700000000000000000e+01 1.600000000000000000e+01 1.500000000000000000e+01 1.400000000000000000e+01 1.300000000000000000e+01 1.200000000000000000e+01 1.100000000000000000e+01 1.000000000000000000e+01 9.000000000000000000e+00 8.000000000000000000e+00 7.000000000000000000e+00 6.000000000000000000e+00 5.000000000000000000e+00 4.000000000000000000e+00 3.000000000000000000e+00 2.000000000000000000e+00 1.000000000000000000e+00 7.000000000000000000e+00 6.000000000000000000e+00 5.000000000000000000e+00 4.000000000000000000e+00 4.000000000000000000e+00 5.000000000000000000e+00 2.000000000000000000e+00 1.000000000000000000e+00 6.100000000000000000e+01 1.300000000000000000e+01 1.200000000000000000e+01 1.100000000000000000e+01 1.000000000000000000e+01 9.000000000000000000e+00 8.000000000000000000e+00
3.900000000000000000e+01 3.800000000000000000e+01 3.700000000000000000e+01 3.600000000000000000e+01 3.400000000000000000e+01 1.600000000000000000e+01 1.500000000000000000e+01 1.400000000000000000e+01 1.300000000000000000e+01 1.200000000000000000e+01 1.100000000000000000e+01 1.000000000000000000e+01 9.000000000000000000e+00 8.000000000000000000e+00 7.000000000000000000e+00 6.000000000000000000e+00 5.000000000000000000e+00 4.000000000000000000e+00 3.000000000000000000e+00 2.000000000000000000e+00 1.000000000000000000e+00 8.000000000000000000e+00 2.000000000000000000e+00 1.000000000000000000e+00 5.000000000000000000e+00 5.000000000000000000e+00 6.000000000000000000e+00 1.000000000000000000e+00 2.000000000000000000e+00 6.200000000000000000e+01 1.200000000000000000e+01 1.100000000000000000e+01 1.000000000000000000e+01 9.000000000000000000e+00 8.000000000000000000e+00 7.000000000000000000e+00 6.000000000000000000e+00
2.000000000000000000e+01 1.900000000000000000e+01 1.800000000000000000e+01 1.700000000000000000e+01 1.600000000000000000e+01 1.500000000000000000e+01 1.400000000000000000e+01 1.300000000000000000e+01 1.200000000000000000e+01 1.100000000000000000e+01 1.000000000000000000e+01 9.000000000000000000e+00 8.000000000000000000e+00 7.000000000000000000e+00 6.000000000000000000e+00 5.000000000000000000e+00 4.000000000000000000e+00 3.000000000000000000e+00 2.000000000000000000e+00 1.000000000000000000e+00 9.000000000000000000e+00 1.000000000000000000e+01 7.000000000000000000e+00 6.000000000000000000e+00 6.000000000000000000e+00 1.200000000000000000e+01 5.000000000000000000e+00 3.000000000000000000e+00 6.300000000000000000e+01 1.300000000000000000e+01 1.900000000000000000e+01 1.800000000000000000e+01 1.700000000000000000e+01 1.600000000000000000e+01 1.500000000000000000e+01 1.400000000000000000e+01 1.300000000000000000e+01
1.900000000000000000e+01 1.800000000000000000e+01 1.700000000000000000e+01 1.600000000000000000e+01 1.500000000000000000e+01 1.400000000000000000e+01 1.300000000000000000e+01 1.200000000000000000e+01 1.100000000000000000e+01 1.000000000000000000e+01 9.000000000000000000e+00 8.000000000000000000e+00 7.000000000000000000e+00 6.000000000000000000e+00 5.000000000000000000e+00 4.000000000000000000e+00 3.000000000000000000e+00 2.000000000000000000e+00 1.000000000000000000e+00 1.000000000000000000e+01 3.500000000000000000e+01 2.400000000000000000e+01 2.300000000000000000e+01 2.200000000000000000e+01 1.500000000000000000e+01 2.000000000000000000e+00 1.000000000000000000e+00 6.400000000000000000e+01 1.400000000000000000e+01 2.000000000000000000e+01 1.000000000000000000e+00 1.000000000000000000e+00 6.000000000000000000e+00 5.000000000000000000e+00 4.000000000000000000e+00 3.000000000000000000e+00 2.000000000000000000e+00
1.800000000000000000e+01 1.700000000000000000e+01 1.600000000000000000e+01 1.500000000000000000e+01 1.400000000000000000e+01 1.300000000000000000e+01 1.200000000000000000e+01 1.100000000000000000e+01 1.000000000000000000e+01 9.000000000000000000e+00 8.000000000000000000e+00 7.000000000000000000e+00 6.000000000000000000e+00 5.000000000000000000e+00 4.000000000000000000e+00 3.000000000000000000e+00 2.000000000000000000e+00 1.000000000000000000e+00 1.100000000000000000e+01 1.070000000000000000e+02 7.100000000000000000e+01 7.000000000000000000e+01 6.900000000000000000e+01 6.800000000000000000e+01 6.700000000000000000e+01 6.600000000000000000e+01 6.500000000000000000e+01 1.500000000000000000e+01 2.100000000000000000e+01 2.000000000000000000e+00 2.900000000000000000e+01 2.700000000000000000e+01 2.000000000000000000e+01 1.900000000000000000e+01 1.800000000000000000e+01 1.700000000000000000e+01 1.600000000000000000e+01
1.840000000000000000e+02 1.680000000000000000e+02 1.670000000000000000e+02 1.660000000000000000e+02 1.650000000000000000e+02 1.640000000000000000e+02 1.630000000000000000e+02 1.620000000000000000e+02 1.610000000000000000e+02 1.600000000000000000e+02 1.590000000000000000e+02 1.550000000000000000e+02 1.530000000000000000e+02 1.500000000000000000e+02 1.500000000000000000e+01 1.400000000000000000e+01 1.300000000000000000e+01 1.200000000000000000e+01 1.150000000000000000e+02 7.000000000000000000e+00 6.000000000000000000e+00 5.000000000000000000e+00 4.000000000000000000e+00 3.000000000000000000e+00 2.000000000000000000e+00 1.000000000000000000e+00 1.600000000000000000e+01 2.200000000000000000e+01 3.000000000000000000e+00 3.000000000000000000e+01 1.000000000000000000e+00 4.000000000000000000e+00 3.000000000000000000e+00 2.000000000000000000e+00 1.000000000000000000e+00 1.000000000000000000e+00 1.000000000000000000e+00
7.000000000000000000e+00 1.500000000000000000e+01 1.400000000000000000e+01 1.300000000000000000e+01 1.200000000000000000e+01 1.100000000000000000e+01 1.000000000000000000e+01 4.000000000000000000e+00 3.000000000000000000e+00 2.000000000000000000e+00 1.000000000000000000e+00 3.000000000000000000e+00 1.000000000000000000e+00 2.000000000000000000e+00 1.340000000000000000e+02 2.000000000000000000e+00 1.000000000000000000e+00 1.200000000000000000e+02 4.000000000000000000e+00 3.000000000000000000e+00 2.000000000000000000e+00 1.000000000000000000e+00 1.000000000000000000e+00 2.000000000000000000e+00 1.000000000000000000e+00 1.700000000000000000e+01 2.300000000000000000e+01 4.000000000000000000e+00 3.100000000000000000e+01 2.000000000000000000e+00 1.000000000000000000e+01 5.000000000000000000e+00 4.000000000000000000e+00 3.000000000000000000e+00 2.000000000000000000e+00 2.000000000000000000e+00 1.900000000000000000e+01
6.800000000000000000e+01 6.000000000000000000e+00 5.000000000000000000e+00 4.000000000000000000e+00 3.000000000000000000e+00 2.000000000000000000e+00 1.000000000000000000e+00 5.000000000000000000e+00 4.000000000000000000e+00 3.000000000000000000e+00 2.000000000000000000e+00 1.000000000000000000e+00 2.000000000000000000e+00 1.000000000000000000e+00 1.000000000000000000e+00 1.310000000000000000e+02 1.300000000000000000e+02 9.000000000000000000e+00 8.000000000000000000e+00 7.000000000000000000e+00 6.000000000000000000e+00 5.000000000000000000e+00 3.000000000000000000e+00 1.000000000000000000e+00 1.800000000000000000e+01 2.400000000000000000e+01 5.000000000000000000e+00 3.200000000000000000e+01 3.000000000000000000e+00 1.100000000000000000e+01 2.000000000000000000e+00 1.000000000000000000e+00 1.000000000000000000e+00 1.000000000000000000e+00 3.000000000000000000e+00 2.200000000000000000e+01 2.000000000000000000e+00
3.100000000000000000e+01 6.700000000000000000e+01 6.600000000000000000e+01 6.500000000000000000e+01 6.400000000000000000e+01 6.300000000000000000e+01 6.200000000000000000e+01 6.100000000000000000e+01 6.000000000000000000e+01 5.900000000000000000e+01 5.800000000000000000e+01 5.700000000000000000e+01 5.600000000000000000e+01 5.500000000000000000e+01 5.400000000000000000e+01 5.300000000000000000e+01 5.200000000000000000e+01 5.100000000000000000e+01 5.000000000000000000e+01 4.900000000000000000e+01 4.800000000000000000e+01 4.700000000000000000e+01 4.600000000000000000e+01 4.400000000000000000e+01 2.500000000000000000e+01 6.000000000000000000e+00 3.300000000000000000e+01 1.600000000000000000e+01 1.200000000000000000e+01 3.000000000000000000e+00 3.000000000000000000e+00 2.000000000000000000e+00 3.000000000000000000e+01 2.800000000000000000e+01 2.400000000000000000e+01 1.000000000000000000e+00 3.000000000000000000e+00
1.000000000000000000e+00 3.000000000000000000e+01 2.900000000000000000e+01 2.800000000000000000e+01 2.700000000000000000e+01 2.600000000000000000e+01 2.500000000000000000e+01 2.400000000000000000e+01 2.300000000000000000e+01 2.200000000000000000e+01 2.100000000000000000e+01 2.000000000000000000e+01 1.900000000000000000e+01 1.800000000000000000e+01 1.700000000000000000e+01 1.600000000000000000e+01 1.500000000000000000e+01 1.400000000000000000e+01 1.300000000000000000e+01 1.200000000000000000e+01 1.100000000000000000e+01 1.000000000000000000e+01 9.000000000000000000e+00 8.000000000000000000e+00 7.000000000000000000e+00 3.400000000000000000e+01 2.200000000000000000e+01 5.000000000000000000e+00 4.000000000000000000e+00 4.000000000000000000e+00 1.000000000000000000e+00 3.400000000000000000e+01 3.000000000000000000e+00 2.000000000000000000e+00 1.000000000000000000e+00 4.000000000000000000e+00 7.000000000000000000e+00
5.520000000000000000e+02 5.510000000000000000e+02 5.500000000000000000e+02 5.490000000000000000e+02 5.480000000000000000e+02 5.300000000000000000e+02 5.290000000000000000e+02 5.280000000000000000e+02 5.270000000000000000e+02 5.260000000000000000e+02 5.250000000000000000e+02 5.240000000000000000e+02 5.230000000000000000e+02 5.220000000000000000e+02 5.210000000000000000e+02 5.200000000000000000e+02 5.190000000000000000e+02 5.180000000000000000e+02 5.170000000000000000e+02 5.160000000000000000e+02 5.150000000000000000e+02 5.140000000000000000e+02 2.000000000000000000e+00 1.000000000000000000e+00 3.500000000000000000e+01 2.500000000000000000e+01 2.000000000000000000e+00 1.000000000000000000e+00 5.000000000000000000e+00 2.000000000000000000e+00 3.500000000000000000e+01 1.000000000000000000e+00 1.000000000000000000e+00 1.000000000000000000e+00 5.000000000000000000e+00 8.000000000000000000e+00 4.000000000000000000e+00
5.000000000000000000e+00 4.000000000000000000e+00 3.000000000000000000e+00 2.000000000000000000e+00 1.000000000000000000e+00 1.700000000000000000e+01 1.600000000000000000e+01 1.500000000000000000e+01 1.400000000000000000e+01 1.300000000000000000e+01 1.200000000000000000e+01 1.100000000000000000e+01 1.000000000000000000e+01 9.000000000000000000e+00 8.000000000000000000e+00 7.000000000000000000e+00 6.000000000000000000e+00 5.000000000000000000e+00 4.000000000000000000e+00 3.000000000000000000e+00 2.000000000000000000e+00 1.000000000000000000e+00 5.110000000000000000e+02 6.300000000000000000e+01 2.700000000000000000e+01 1.000000000000000000e+00 1.000000000000000000e+00 6.000000000000000000e+00 3.000000000000000000e+00 3.600000000000000000e+01 2.000000000000000000e+00 2.000000000000000000e+00 2.000000000000000000e+00 6.000000000000000000e+00 1.400000000000000000e+01 5.000000000000000000e+00 5.000000000000000000e+00
1.120000000000000000e+02 1.110000000000000000e+02 1.100000000000000000e+02 1.090000000000000000e+02 1.080000000000000000e+02 1.070000000000000000e+02 1.060000000000000000e+02 5.900000000000000000e+01 1.500000000000000000e+01 1.400000000000000000e+01 1.300000000000000000e+01 1.200000000000000000e+01 1.100000000000000000e+01 1.000000000000000000e+01 9.000000000000000000e+00 8.000000000000000000e+00 7.000000000000000000e+00 6.000000000000000000e+00 5.000000000000000000e+00 4.000000000000000000e+00 3.000000000000000000e+00 2.000000000000000000e+00 1.000000000000000000e+00 4.470000000000000000e+02 1.400000000000000000e+01 1.300000000000000000e+01 1.100000000000000000e+01 4.000000000000000000e+00 3.700000000000000000e+01 3.000000000000000000e+00 3.000000000000000000e+00 3.000000000000000000e+00 2.900000000000000000e+01 2.200000000000000000e+01 7.000000000000000000e+00 6.000000000000000000e+00 6.000000000000000000e+00
2.200000000000000000e+01 2.100000000000000000e+01 2.000000000000000000e+01 1.900000000000000000e+01 1.800000000000000000e+01 1.700000000000000000e+01 1.600000000000000000e+01 4.600000000000000000e+01 4.300000000000000000e+01 1.400000000000000000e+01 1.300000000000000000e+01 1.200000000000000000e+01 1.100000000000000000e+01 1.000000000000000000e+01 9.000000000000000000e+00 8.000000000000000000e+00 7.000000000000000000e+00 6.000000000000000000e+00 5.000000000000000000e+00 4.000000000000000000e+00 3.000000000000000000e+00 2.000000000000000000e+00 1.000000000000000000e+00 4.600000000000000000e+01 3.860000000000000000e+02 3.770000000000000000e+02 3.590000000000000000e+02 3.550000000000000000e+02 5.200000000000000000e+01 4.800000000000000000e+01 4.400000000000000000e+01 4.000000000000000000e+01 1.000000000000000000e+01 9.000000000000000000e+00 8.000000000000000000e+00 7.000000000000000000e+00 8.000000000000000000e+00
