testcase_input/new_parameters/flowacc.dat
ncols         214
nrows         263
xllcorner     382500
yllcorner     7541702
cellsize      16
NODATA_value  -9999
[rows 176 to 191 of 263, columns 74 to 110 of 214]
1.000000000000000000e+00 1.000000000000000000e+00 2.000000000000000000e+00 2.000000000000000000e+00 3.000000000000000000e+00 4.000000000000000000e+00 5.000000000000000000e+00 6.000000000000000000e+00 7.000000000000000000e+00 8.000000000000000000e+00 9.000000000000000000e+00 2.000000000000000000e+00 1.100000000000000000e+01 1.200000000000000000e+01 2.000000000000000000e+01 1.000000000000000000e+00 2.000000000000000000e+00 6.000000000000000000e+00 1.150000000000000000e+02 2.700000000000000000e+01 1.000000000000000000e+00 2.000000000000000000e+00 3.000000000000000000e+00 2.299000000000000000e+03 8.900000000000000000e+01 8.800000000000000000e+01 9.000000000000000000e+00 8.000000000000000000e+00 7.000000000000000000e+00 6.000000000000000000e+00 5.000000000000000000e+00 4.000000000000000000e+00 3.000000000000000000e+00 2.000000000000000000e+00 1.000000000000000000e+00 4.000000000000000000e+00 6.000000000000000000e+00
6.000000000000000000e+00 1.000000000000000000e+00 1.000000000000000000e+00 2.000000000000000000e+00 3.000000000000000000e+00 4.000000000000000000e+00 5.000000000000000000e+00 6.000000000000000000e+00 7.000000000000000000e+00 8.000000000000000000e+00 1.000000000000000000e+00 1.000000000000000000e+01 1.100000000000000000e+01 3.000000000000000000e+00 1.600000000000000000e+01 1.000000000000000000e+00 5.000000000000000000e+00 1.140000000000000000e+02 6.000000000000000000e+00 2.000000000000000000e+01 1.000000000000000000e+00 2.000000000000000000e+00 3.000000000000000000e+00 2.293000000000000000e+03 2.000000000000000000e+00 1.000000000000000000e+00 8.700000000000000000e+01 6.000000000000000000e+00 5.000000000000000000e+00 4.000000000000000000e+00 3.000000000000000000e+00 2.000000000000000000e+00 1.000000000000000000e+00 2.000000000000000000e+00 1.000000000000000000e+00 3.000000000000000000e+00 5.000000000000000000e+00
4.000000000000000000e+00 1.000000000000000000e+00 1.000000000000000000e+00 2.000000000000000000e+00 3.000000000000000000e+00 4.000000000000000000e+00 5.000000000000000000e+00 6.000000000000000000e+00 7.000000000000000000e+00 8.000000000000000000e+00 9.000000000000000000e+00 1.000000000000000000e+01 2.000000000000000000e+00 1.200000000000000000e+01 3.000000000000000000e+00 4.000000000000000000e+00 1.130000000000000000e+02 5.000000000000000000e+00 6.000000000000000000e+00 1.300000000000000000e+01 1.000000000000000000e+00 2.000000000000000000e+00 1.000000000000000000e+00 2.281000000000000000e+03 1.000000000000000000e+01 9.000000000000000000e+00 2.000000000000000000e+00 8.000000000000000000e+01 7.600000000000000000e+01 7.500000000000000000e+01 7.400000000000000000e+01 4.000000000000000000e+00 3.000000000000000000e+00 2.000000000000000000e+00 1.000000000000000000e+00 2.000000000000000000e+00 4.000000000000000000e+00
2.000000000000000000e+00 1.000000000000000000e+00 1.000000000000000000e+00 2.000000000000000000e+00 3.000000000000000000e+00 4.000000000000000000e+00 5.000000000000000000e+00 6.000000000000000000e+00 7.000000000000000000e+00 8.000000000000000000e+00 9.000000000000000000e+00 1.000000000000000000e+00 1.100000000000000000e+01 2.000000000000000000e+00 3.000000000000000000e+00 1.120000000000000000e+02 4.000000000000000000e+00 5.000000000000000000e+00 4.000000000000000000e+00 8.000000000000000000e+00 1.000000000000000000e+00 1.000000000000000000e+00 2.000000000000000000e+00 2.261000000000000000e+03 1.700000000000000000e+01 1.600000000000000000e+01 6.000000000000000000e+00 1.000000000000000000e+00 3.000000000000000000e+00 2.000000000000000000e+00 1.000000000000000000e+00 6.900000000000000000e+01 2.000000000000000000e+00 1.000000000000000000e+00 1.000000000000000000e+00 1.000000000000000000e+00 3.000000000000000000e+00
-9.999000000000000000e+03 1.000000000000000000e+00 1.000000000000000000e+00 2.000000000000000000e+00 3.000000000000000000e+00 4.000000000000000000e+00 5.000000000000000000e+00 6.000000000000000000e+00 7.000000000000000000e+00 8.000000000000000000e+00 9.000000000000000000e+00 1.000000000000000000e+01 1.000000000000000000e+00 2.000000000000000000e+00 1.110000000000000000e+02 3.000000000000000000e+00 4.000000000000000000e+00 3.000000000000000000e+00 2.000000000000000000e+00 5.000000000000000000e+00 1.900000000000000000e+01 2.100000000000000000e+01 2.200000000000000000e+01 2.236000000000000000e+03 2.000000000000000000e+00 1.000000000000000000e+00 1.500000000000000000e+01 5.000000000000000000e+00 4.000000000000000000e+00 3.000000000000000000e+00 2.000000000000000000e+00 1.000000000000000000e+00 6.600000000000000000e+01 6.500000000000000000e+01 6.300000000000000000e+01 6.000000000000000000e+01 5.700000000000000000e+01
-9.999000000000000000e+03 -9.999000000000000000e+03 1.000000000000000000e+00 2.000000000000000000e+00 3.000000000000000000e+00 3.000000000000000000e+00 4.000000000000000000e+00 5.000000000000000000e+00 6.000000000000000000e+00 7.000000000000000000e+00 8.000000000000000000e+00 9.000000000000000000e+00 1.000000000000000000e+00 1.100000000000000000e+02 2.000000000000000000e+00 3.000000000000000000e+00 2.000000000000000000e+00 1.000000000000000000e+00 4.000000000000000000e+00 1.800000000000000000e+01 1.000000000000000000e+00 2.000000000000000000e+00 3.000000000000000000e+00 2.222000000000000000e+03 1.000000000000000000e+01 9.000000000000000000e+00 8.000000000000000000e+00 1.400000000000000000e+01 7.000000000000000000e+00 6.000000000000000000e+00 5.000000000000000000e+00 4.000000000000000000e+00 3.000000000000000000e+00 2.000000000000000000e+00 1.000000000000000000e+00 2.000000000000000000e+00 2.000000000000000000e+00
-9.999000000000000000e+03 -9.999000000000000000e+03 1.000000000000000000e+00 2.000000000000000000e+00 2.000000000000000000e+00 1.000000000000000000e+00 2.000000000000000000e+00 3.000000000000000000e+00 9.000000000000000000e+00 1.600000000000000000e+01 1.700000000000000000e+01 1.800000000000000000e+01 1.090000000000000000e+02 1.000000000000000000e+00 2.000000000000000000e+00 1.000000000000000000e+00 2.000000000000000000e+00 3.000000000000000000e+00 6.000000000000000000e+00 1.100000000000000000e+01 1.000000000000000000e+00 9.000000000000000000e+00 1.800000000000000000e+01 2.174000000000000000e+03 2.900000000000000000e+01 2.600000000000000000e+01 2.500000000000000000e+01 7.000000000000000000e+00 6.000000000000000000e+00 5.000000000000000000e+00 4.000000000000000000e+00 3.000000000000000000e+00 2.000000000000000000e+00 1.000000000000000000e+00 1.000000000000000000e+00 1.000000000000000000e+00 1.000000000000000000e+00
-9.999000000000000000e+03 -9.999000000000000000e+03 1.000000000000000000e+00 1.000000000000000000e+00 2.000000000000000000e+00 3.000000000000000000e+00 4.000000000000000000e+00 5.000000000000000000e+00 6.000000000000000000e+00 1.000000000000000000e+00 2.000000000000000000e+00 3.000000000000000000e+00 8.100000000000000000e+01 2.000000000000000000e+00 1.000000000000000000e+00 1.000000000000000000e+00 2.000000000000000000e+00 5.000000000000000000e+00 4.000000000000000000e+00 6.000000000000000000e+00 8.000000000000000000e+00 8.000000000000000000e+00 2.000000000000000000e+00 2.166000000000000000e+03 5.000000000000000000e+00 2.000000000000000000e+00 1.000000000000000000e+00 2.400000000000000000e+01 6.000000000000000000e+00 5.000000000000000000e+00 4.000000000000000000e+00 3.000000000000000000e+00 2.000000000000000000e+00 1.000000000000000000e+00 1.000000000000000000e+00 1.000000000000000000e+00 1.000000000000000000e+00
-9.999000000000000000e+03 -9.999000000000000000e+03 -9.999000000000000000e+03 1.000000000000000000e+00 2.000000000000000000e+00 3.000000000000000000e+00 4.000000000000000000e+00 5.000000000000000000e+00 6.000000000000000000e+00 7.000000000000000000e+00 8.000000000000000000e+00 9.000000000000000000e+00 6.400000000000000000e+01 2.000000000000000000e+00 1.000000000000000000e+00 1.000000000000000000e+00 2.000000000000000000e+00 3.000000000000000000e+00 5.000000000000000000e+00 7.000000000000000000e+00 7.000000000000000000e+00 1.000000000000000000e+00 3.000000000000000000e+00 2.161000000000000000e+03 1.000000000000000000e+00 4.000000000000000000e+00 3.000000000000000000e+00 2.000000000000000000e+00 2.300000000000000000e+01 4.000000000000000000e+00 3.000000000000000000e+00 2.000000000000000000e+00 1.000000000000000000e+00 2.000000000000000000e+00 2.000000000000000000e+00 1.000000000000000000e+00 1.000000000000000000e+00
-9.999000000000000000e+03 -9.999000000000000000e+03 -9.999000000000000000e+03 1.000000000000000000e+00 2.000000000000000000e+00 3.000000000000000000e+00 4.000000000000000000e+00 5.000000000000000000e+00 1.000000000000000000e+00 2.000000000000000000e+00 9.000000000000000000e+00 1.000000000000000000e+01 4.500000000000000000e+01 8.000000000000000000e+00 1.000000000000000000e+00 1.000000000000000000e+00 2.000000000000000000e+00 4.000000000000000000e+00 6.000000000000000000e+00 6.000000000000000000e+00 1.000000000000000000e+00 2.000000000000000000e+00 3.800000000000000000e+01 2.113000000000000000e+03 9.000000000000000000e+00 7.000000000000000000e+00 2.000000000000000000e+00 1.000000000000000000e+00 1.000000000000000000e+00 1.800000000000000000e+01 8.000000000000000000e+00 7.000000000000000000e+00 6.000000000000000000e+00 3.000000000000000000e+00 2.000000000000000000e+00 2.000000000000000000e+00 2.000000000000000000e+00
-9.999000000000000000e+03 -9.999000000000000000e+03 -9.999000000000000000e+03 1.000000000000000000e+00 1.000000000000000000e+00 2.000000000000000000e+00 3.000000000000000000e+00 4.000000000000000000e+00 5.000000000000000000e+00 6.000000000000000000e+00 1.000000000000000000e+00 2.000000000000000000e+00 4.200000000000000000e+01 5.000000000000000000e+00 2.000000000000000000e+00 1.000000000000000000e+00 3.000000000000000000e+00 5.000000000000000000e+00 5.000000000000000000e+00 1.000000000000000000e+00 2.000000000000000000e+00 3.700000000000000000e+01 5.200000000000000000e+01 2.044000000000000000e+03 1.600000000000000000e+01 1.000000000000000000e+00 4.000000000000000000e+00 3.000000000000000000e+00 2.000000000000000000e+00 1.000000000000000000e+00 9.000000000000000000e+00 8.000000000000000000e+00 7.000000000000000000e+00 6.000000000000000000e+00 3.000000000000000000e+00 3.000000000000000000e+00 1.000000000000000000e+00
-9.999000000000000000e+03 -9.999000000000000000e+03 -9.999000000000000000e+03 -9.999000000000000000e+03 1.000000000000000000e+00 2.000000000000000000e+00 3.000000000000000000e+00 4.000000000000000000e+00 5.000000000000000000e+00 1.000000000000000000e+01 1.200000000000000000e+01 1.400000000000000000e+01 2.700000000000000000e+01 4.000000000000000000e+00 1.000000000000000000e+00 2.000000000000000000e+00 4.000000000000000000e+00 4.000000000000000000e+00 3.000000000000000000e+01 3.100000000000000000e+01 3.400000000000000000e+01 5.100000000000000000e+01 1.091000000000000000e+03 9.450000000000000000e+02 7.000000000000000000e+00 1.500000000000000000e+01 1.400000000000000000e+01 1.300000000000000000e+01 1.200000000000000000e+01 1.100000000000000000e+01 1.000000000000000000e+01 9.000000000000000000e+00 8.000000000000000000e+00 7.000000000000000000e+00 6.000000000000000000e+00 2.000000000000000000e+00 1.000000000000000000e+00
-9.999000000000000000e+03 -9.999000000000000000e+03 -9.999000000000000000e+03 -9.999000000000000000e+03 1.000000000000000000e+00 1.000000000000000000e+00 2.000000000000000000e+00 3.000000000000000000e+00 4.000000000000000000e+00 1.000000000000000000e+00 1.000000000000000000e+00 1.000000000000000000e+00 2.500000000000000000e+01 3.000000000000000000e+00 1.000000000000000000e+00 3.000000000000000000e+00 3.000000000000000000e+00 2.900000000000000000e+01 1.000000000000000000e+00 2.000000000000000000e+00 5.000000000000000000e+01 1.090000000000000000e+03 2.000000000000000000e+00 3.010000000000000000e+02 6.410000000000000000e+02 6.000000000000000000e+00 5.000000000000000000e+00 4.000000000000000000e+00 3.000000000000000000e+00 2.000000000000000000e+00 1.000000000000000000e+00 3.000000000000000000e+00 2.000000000000000000e+00 1.000000000000000000e+00 3.000000000000000000e+00 2.000000000000000000e+00 1.000000000000000000e+00
-9.999000000000000000e+03 -9.999000000000000000e+03 -9.999000000000000000e+03 -9.999000000000000000e+03 1.000000000000000000e+00 3.000000000000000000e+00 4.000000000000000000e+00 5.000000000000000000e+00 6.000000000000000000e+00 7.000000000000000000e+00 8.000000000000000000e+00 9.000000000000000000e+00 1.500000000000000000e+01 2.000000000000000000e+00 2.000000000000000000e+00 2.000000000000000000e+00 2.800000000000000000e+01 4.500000000000000000e+01 4.600000000000000000e+01 4.900000000000000000e+01 1.089000000000000000e+03 1.000000000000000000e+00 2.000000000000000000e+00 2.980000000000000000e+02 2.260000000000000000e+02 4.140000000000000000e+02 8.000000000000000000e+00 7.000000000000000000e+00 6.000000000000000000e+00 5.000000000000000000e+00 4.000000000000000000e+00 1.000000000000000000e+00 1.000000000000000000e+00 4.000000000000000000e+00 1.000000000000000000e+00 2.000000000000000000e+00 4.000000000000000000e+00
-9.999000000000000000e+03 -9.999000000000000000e+03 -9.999000000000000000e+03 1.000000000000000000e+00 1.000000000000000000e+00 1.000000000000000000e+00 2.000000000000000000e+00 3.000000000000000000e+00 4.000000000000000000e+00 5.000000000000000000e+00 6.000000000000000000e+00 1.400000000000000000e+01 1.000000000000000000e+00 1.000000000000000000e+00 1.000000000000000000e+00 2.700000000000000000e+01 4.400000000000000000e+01 1.000000000000000000e+00 2.000000000000000000e+00 1.085000000000000000e+03 3.000000000000000000e+00 1.000000000000000000e+00 2.930000000000000000e+02 4.000000000000000000e+00 2.190000000000000000e+02 6.000000000000000000e+00 4.050000000000000000e+02 5.000000000000000000e+00 4.000000000000000000e+00 3.000000000000000000e+00 2.000000000000000000e+00 2.000000000000000000e+00 7.000000000000000000e+00 2.000000000000000000e+00 3.000000000000000000e+00 5.000000000000000000e+00 1.510000000000000000e+02
-9.999000000000000000e+03 -9.999000000000000000e+03 -9.999000000000000000e+03 1.000000000000000000e+00 2.000000000000000000e+00 2.000000000000000000e+00 3.000000000000000000e+00 4.000000000000000000e+00 5.000000000000000000e+00 6.000000000000000000e+00 7.000000000000000000e+00 1.000000000000000000e+00 2.000000000000000000e+00 3.000000000000000000e+00 2.600000000000000000e+01 4.300000000000000000e+01 4.000000000000000000e+00 1.066000000000000000e+03 1.078000000000000000e+03 6.000000000000000000e+00 2.000000000000000000e+00 1.000000000000000000e+00 2.910000000000000000e+02 3.000000000000000000e+00 2.120000000000000000e+02 6.000000000000000000e+00 5.000000000000000000e+00 3.990000000000000000e+02 2.000000000000000000e+00 1.000000000000000000e+00 1.200000000000000000e+01 9.000000000000000000e+00 1.000000000000000000e+00 1.000000000000000000e+00 1.630000000000000000e+02 1.540000000000000000e+02 2.000000000000000000e+00
