testcase_input/new_parameters/flowacc.dat
ncols         214
nrows         263
xllcorner     382500
yllcorner     7541702
cellsize      16
NODATA_value  -9999
[rows 160 to 175 of 263, columns 111 to 147 of 214]
6.000000000000000000e+01 3.000000000000000000e+00 7.000000000000000000e+00 4.000000000000000000e+00 9.100000000000000000e+01 8.700000000000000000e+01 8.000000000000000000e+00 7.000000000000000000e+00 6.000000000000000000e+00 5.000000000000000000e+00 4.000000000000000000e+00 3.000000000000000000e+00 2.000000000000000000e+00 1.000000000000000000e+00 1.000000000000000000e+00 1.000000000000000000e+00 2.000000000000000000e+00 2.000000000000000000e+00 5.000000000000000000e+00 1.000000000000000000e+00 2.000000000000000000e+00 1.000000000000000000e+00 1.000000000000000000e+00 5.000000000000000000e+00 4.000000000000000000e+00 3.000000000000000000e+00 2.000000000000000000e+00 1.000000000000000000e+00 1.000000000000000000e+00 5.000000000000000000e+00 2.000000000000000000e+00 1.000000000000000000e+00 -9.999000000000000000e+03 -9.999000000000000000e+03 -9.999000000000000000e+03 -9.999000000000000000e+03 -9.999000000000000000e+03
1.100000000000000000e+01 5.900000000000000000e+01 2.000000000000000000e+00 2.000000000000000000e+00 3.000000000000000000e+00 3.000000000000000000e+00 7.800000000000000000e+01 6.000000000000000000e+00 5.000000000000000000e+00 4.000000000000000000e+00 3.000000000000000000e+00 2.000000000000000000e+00 1.000000000000000000e+00 2.000000000000000000e+00 2.000000000000000000e+00 3.000000000000000000e+00 3.000000000000000000e+00 8.000000000000000000e+00 2.000000000000000000e+00 3.000000000000000000e+00 1.000000000000000000e+00 2.000000000000000000e+00 6.000000000000000000e+00 2.000000000000000000e+00 1.000000000000000000e+00 1.000000000000000000e+00 2.000000000000000000e+00 1.000000000000000000e+00 1.000000000000000000e+00 1.000000000000000000e+00 2.000000000000000000e+00 1.000000000000000000e+00 -9.999000000000000000e+03 -9.999000000000000000e+03 -9.999000000000000000e+03 -9.999000000000000000e+03 -9.999000000000000000e+03
1.000000000000000000e+00 1.000000000000000000e+01 5.800000000000000000e+01 1.000000000000000000e+00 1.000000000000000000e+00 2.000000000000000000e+00 2.000000000000000000e+00 7.100000000000000000e+01 6.900000000000000000e+01 6.700000000000000000e+01 6.500000000000000000e+01 7.000000000000000000e+00 6.000000000000000000e+00 3.000000000000000000e+00 1.700000000000000000e+01 1.300000000000000000e+01 9.000000000000000000e+00 1.000000000000000000e+00 4.000000000000000000e+00 2.000000000000000000e+00 3.000000000000000000e+00 7.000000000000000000e+00 3.000000000000000000e+00 1.000000000000000000e+00 2.000000000000000000e+00 3.000000000000000000e+00 1.000000000000000000e+00 2.000000000000000000e+00 2.000000000000000000e+00 1.000000000000000000e+00 1.000000000000000000e+00 1.000000000000000000e+00 -9.999000000000000000e+03 -9.999000000000000000e+03 -9.999000000000000000e+03 -9.999000000000000000e+03 -9.999000000000000000e+03
1.800000000000000000e+01 1.500000000000000000e+01 9.000000000000000000e+00 5.700000000000000000e+01 9.000000000000000000e+00 7.000000000000000000e+00 1.000000000000000000e+00 1.000000000000000000e+00 1.000000000000000000e+00 1.000000000000000000e+00 1.000000000000000000e+00 5.700000000000000000e+01 5.500000000000000000e+01 2.700000000000000000e+01 9.000000000000000000e+00 8.000000000000000000e+00 7.000000000000000000e+00 5.000000000000000000e+00 3.000000000000000000e+00 4.000000000000000000e+00 8.000000000000000000e+00 4.000000000000000000e+00 2.000000000000000000e+00 3.000000000000000000e+00 4.000000000000000000e+00 2.000000000000000000e+00 3.000000000000000000e+00 3.000000000000000000e+00 2.000000000000000000e+00 2.000000000000000000e+00 2.000000000000000000e+00 1.000000000000000000e+00 1.000000000000000000e+00 -9.999000000000000000e+03 -9.999000000000000000e+03 -9.999000000000000000e+03 -9.999000000000000000e+03
2.000000000000000000e+00 2.000000000000000000e+00 1.400000000000000000e+01 8.000000000000000000e+00 4.700000000000000000e+01 1.000000000000000000e+00 6.000000000000000000e+00 5.000000000000000000e+00 4.000000000000000000e+00 3.000000000000000000e+00 2.000000000000000000e+00 1.000000000000000000e+00 1.000000000000000000e+00 2.700000000000000000e+01 7.000000000000000000e+00 6.000000000000000000e+00 5.000000000000000000e+00 4.000000000000000000e+00 5.000000000000000000e+00 9.000000000000000000e+00 5.000000000000000000e+00 3.000000000000000000e+00 4.000000000000000000e+00 5.000000000000000000e+00 3.000000000000000000e+00 4.000000000000000000e+00 4.000000000000000000e+00 3.000000000000000000e+00 3.000000000000000000e+00 3.000000000000000000e+00 2.000000000000000000e+00 1.000000000000000000e+00 2.000000000000000000e+00 -9.999000000000000000e+03 -9.999000000000000000e+03 -9.999000000000000000e+03 -9.999000000000000000e+03
1.000000000000000000e+00 1.000000000000000000e+00 1.000000000000000000e+00 1.300000000000000000e+01 7.000000000000000000e+00 4.600000000000000000e+01 4.500000000000000000e+01 4.400000000000000000e+01 6.000000000000000000e+00 5.000000000000000000e+00 4.000000000000000000e+00 3.000000000000000000e+00 2.000000000000000000e+00 1.000000000000000000e+00 1.900000000000000000e+01 1.800000000000000000e+01 1.700000000000000000e+01 1.600000000000000000e+01 1.000000000000000000e+01 6.000000000000000000e+00 4.000000000000000000e+00 5.000000000000000000e+00 6.000000000000000000e+00 4.000000000000000000e+00 5.000000000000000000e+00 5.000000000000000000e+00 4.000000000000000000e+00 4.000000000000000000e+00 4.000000000000000000e+00 3.000000000000000000e+00 2.000000000000000000e+00 1.000000000000000000e+00 3.000000000000000000e+00 -9.999000000000000000e+03 -9.999000000000000000e+03 -9.999000000000000000e+03 -9.999000000000000000e+03
4.200000000000000000e+01 3.500000000000000000e+01 1.600000000000000000e+01 3.000000000000000000e+00 1.200000000000000000e+01 6.000000000000000000e+00 2.000000000000000000e+00 1.000000000000000000e+00 3.700000000000000000e+01 7.000000000000000000e+00 6.000000000000000000e+00 5.000000000000000000e+00 4.000000000000000000e+00 3.000000000000000000e+00 2.000000000000000000e+00 1.000000000000000000e+00 2.000000000000000000e+00 1.000000000000000000e+00 1.800000000000000000e+01 1.100000000000000000e+01 6.000000000000000000e+00 7.000000000000000000e+00 5.000000000000000000e+00 6.000000000000000000e+00 6.000000000000000000e+00 5.000000000000000000e+00 5.000000000000000000e+00 5.000000000000000000e+00 4.000000000000000000e+00 3.000000000000000000e+00 2.000000000000000000e+00 4.000000000000000000e+00 1.000000000000000000e+00 1.000000000000000000e+00 -9.999000000000000000e+03 -9.999000000000000000e+03 -9.999000000000000000e+03
1.320000000000000000e+02 6.000000000000000000e+00 1.800000000000000000e+01 1.200000000000000000e+01 2.000000000000000000e+00 1.100000000000000000e+01 3.000000000000000000e+00 2.000000000000000000e+00 1.000000000000000000e+00 2.900000000000000000e+01 2.800000000000000000e+01 2.700000000000000000e+01 2.600000000000000000e+01 2.500000000000000000e+01 2.400000000000000000e+01 2.300000000000000000e+01 2.000000000000000000e+01 1.900000000000000000e+01 2.000000000000000000e+00 1.000000000000000000e+00 8.000000000000000000e+00 6.000000000000000000e+00 7.000000000000000000e+00 7.000000000000000000e+00 6.000000000000000000e+00 6.000000000000000000e+00 6.000000000000000000e+00 5.000000000000000000e+00 4.000000000000000000e+00 3.000000000000000000e+00 5.000000000000000000e+00 2.000000000000000000e+00 1.000000000000000000e+00 2.000000000000000000e+00 1.000000000000000000e+00 -9.999000000000000000e+03 -9.999000000000000000e+03
2.950000000000000000e+02 1.310000000000000000e+02 5.000000000000000000e+00 1.700000000000000000e+01 1.100000000000000000e+01 1.000000000000000000e+00 1.000000000000000000e+01 9.000000000000000000e+00 8.000000000000000000e+00 7.000000000000000000e+00 6.000000000000000000e+00 5.000000000000000000e+00 4.000000000000000000e+00 3.000000000000000000e+00 2.000000000000000000e+00 1.000000000000000000e+00 1.000000000000000000e+00 3.000000000000000000e+00 1.000000000000000000e+00 9.000000000000000000e+00 7.000000000000000000e+00 8.000000000000000000e+00 8.000000000000000000e+00 7.000000000000000000e+00 7.000000000000000000e+00 7.000000000000000000e+00 6.000000000000000000e+00 5.000000000000000000e+00 4.000000000000000000e+00 6.000000000000000000e+00 1.000000000000000000e+00 3.000000000000000000e+00 2.000000000000000000e+00 3.000000000000000000e+00 2.000000000000000000e+00 1.000000000000000000e+00 -9.999000000000000000e+03
1.000000000000000000e+01 2.940000000000000000e+02 1.300000000000000000e+02 4.000000000000000000e+00 1.600000000000000000e+01 1.000000000000000000e+01 9.000000000000000000e+00 8.000000000000000000e+00 7.000000000000000000e+00 6.000000000000000000e+00 5.000000000000000000e+00 4.000000000000000000e+00 3.000000000000000000e+00 2.000000000000000000e+00 1.000000000000000000e+00 2.000000000000000000e+00 4.000000000000000000e+00 2.000000000000000000e+00 1.000000000000000000e+01 8.000000000000000000e+00 9.000000000000000000e+00 9.000000000000000000e+00 8.000000000000000000e+00 8.000000000000000000e+00 8.000000000000000000e+00 7.000000000000000000e+00 6.000000000000000000e+00 5.000000000000000000e+00 7.000000000000000000e+00 2.000000000000000000e+00 4.000000000000000000e+00 1.000000000000000000e+00 6.000000000000000000e+00 1.000000000000000000e+00 3.000000000000000000e+00 2.000000000000000000e+00 -9.999000000000000000e+03
4.700000000000000000e+02 9.000000000000000000e+00 2.930000000000000000e+02 1.290000000000000000e+02 3.000000000000000000e+00 1.500000000000000000e+01 1.400000000000000000e+01 9.000000000000000000e+00 8.000000000000000000e+00 7.000000000000000000e+00 6.000000000000000000e+00 3.000000000000000000e+00 2.000000000000000000e+00 1.000000000000000000e+00 3.000000000000000000e+00 5.000000000000000000e+00 3.000000000000000000e+00 1.100000000000000000e+01 9.000000000000000000e+00 1.000000000000000000e+01 1.000000000000000000e+01 9.000000000000000000e+00 9.000000000000000000e+00 9.000000000000000000e+00 8.000000000000000000e+00 7.000000000000000000e+00 6.000000000000000000e+00 8.000000000000000000e+00 3.000000000000000000e+00 5.000000000000000000e+00 2.000000000000000000e+00 7.000000000000000000e+00 2.000000000000000000e+00 1.000000000000000000e+00 4.000000000000000000e+00 3.000000000000000000e+00 -9.999000000000000000e+03
3.700000000000000000e+01 4.690000000000000000e+02 8.000000000000000000e+00 2.920000000000000000e+02 1.280000000000000000e+02 2.000000000000000000e+00 1.000000000000000000e+00 4.000000000000000000e+00 3.000000000000000000e+00 2.000000000000000000e+00 1.000000000000000000e+00 2.000000000000000000e+00 1.000000000000000000e+00 4.000000000000000000e+00 1.000000000000000000e+00 9.000000000000000000e+00 1.200000000000000000e+01 1.000000000000000000e+01 1.100000000000000000e+01 1.100000000000000000e+01 1.000000000000000000e+01 1.000000000000000000e+01 1.000000000000000000e+01 9.000000000000000000e+00 8.000000000000000000e+00 7.000000000000000000e+00 9.000000000000000000e+00 4.000000000000000000e+00 6.000000000000000000e+00 3.000000000000000000e+00 8.000000000000000000e+00 3.000000000000000000e+00 2.000000000000000000e+00 1.000000000000000000e+00 5.000000000000000000e+00 4.000000000000000000e+00 1.000000000000000000e+00
9.000000000000000000e+00 3.600000000000000000e+01 4.680000000000000000e+02 7.000000000000000000e+00 2.910000000000000000e+02 1.270000000000000000e+02 1.240000000000000000e+02 1.210000000000000000e+02 1.160000000000000000e+02 1.130000000000000000e+02 1.120000000000000000e+02 6.000000000000000000e+00 5.000000000000000000e+00 2.000000000000000000e+00 1.000000000000000000e+01 1.300000000000000000e+01 4.600000000000000000e+01 3.500000000000000000e+01 2.300000000000000000e+01 1.100000000000000000e+01 1.100000000000000000e+01 1.100000000000000000e+01 1.000000000000000000e+01 9.000000000000000000e+00 8.000000000000000000e+00 1.000000000000000000e+01 5.000000000000000000e+00 7.000000000000000000e+00 4.000000000000000000e+00 9.000000000000000000e+00 4.000000000000000000e+00 3.000000000000000000e+00 2.000000000000000000e+00 1.000000000000000000e+00 6.000000000000000000e+00 6.000000000000000000e+00 1.000000000000000000e+00
8.000000000000000000e+00 6.000000000000000000e+00 2.900000000000000000e+01 4.670000000000000000e+02 6.000000000000000000e+00 2.900000000000000000e+02 2.000000000000000000e+00 2.000000000000000000e+00 4.000000000000000000e+00 2.000000000000000000e+00 1.000000000000000000e+00 1.050000000000000000e+02 1.030000000000000000e+02 9.900000000000000000e+01 8.800000000000000000e+01 7.400000000000000000e+01 2.700000000000000000e+01 2.600000000000000000e+01 2.500000000000000000e+01 2.400000000000000000e+01 1.200000000000000000e+01 1.100000000000000000e+01 1.000000000000000000e+01 9.000000000000000000e+00 1.100000000000000000e+01 6.000000000000000000e+00 8.000000000000000000e+00 5.000000000000000000e+00 1.000000000000000000e+01 5.000000000000000000e+00 4.000000000000000000e+00 3.000000000000000000e+00 1.000000000000000000e+00 2.000000000000000000e+00 1.300000000000000000e+01 2.000000000000000000e+00 1.000000000000000000e+00
7.000000000000000000e+00 5.000000000000000000e+00 5.000000000000000000e+00 2.300000000000000000e+01 4.660000000000000000e+02 5.000000000000000000e+00 2.890000000000000000e+02 1.000000000000000000e+00 1.000000000000000000e+00 3.000000000000000000e+00 2.000000000000000000e+00 1.000000000000000000e+00 1.000000000000000000e+00 1.000000000000000000e+00 2.610000000000000000e+02 2.600000000000000000e+02 2.520000000000000000e+02 2.510000000000000000e+02 2.500000000000000000e+02 2.470000000000000000e+02 2.450000000000000000e+02 2.100000000000000000e+01 1.000000000000000000e+01 1.200000000000000000e+01 7.000000000000000000e+00 9.000000000000000000e+00 6.000000000000000000e+00 1.100000000000000000e+01 6.000000000000000000e+00 5.000000000000000000e+00 4.000000000000000000e+00 2.000000000000000000e+00 3.000000000000000000e+00 1.400000000000000000e+01 3.000000000000000000e+00 2.000000000000000000e+00 1.000000000000000000e+00
6.000000000000000000e+00 4.000000000000000000e+00 4.000000000000000000e+00 2.000000000000000000e+01 2.000000000000000000e+00 4.650000000000000000e+02 4.000000000000000000e+00 2.880000000000000000e+02 2.870000000000000000e+02 2.760000000000000000e+02 2.670000000000000000e+02 2.660000000000000000e+02 2.650000000000000000e+02 2.640000000000000000e+02 2.000000000000000000e+00 1.000000000000000000e+00 7.000000000000000000e+00 6.000000000000000000e+00 3.000000000000000000e+00 2.000000000000000000e+00 1.000000000000000000e+00 2.120000000000000000e+02 3.100000000000000000e+01 1.800000000000000000e+01 1.000000000000000000e+01 7.000000000000000000e+00 1.200000000000000000e+01 1.000000000000000000e+00 1.200000000000000000e+01 5.000000000000000000e+00 3.000000000000000000e+00 4.000000000000000000e+00 1.500000000000000000e+01 4.000000000000000000e+00 5.000000000000000000e+00 2.000000000000000000e+00 2.000000000000000000e+00
