testcase_input/new_parameters/LAI_shrub.dat
ncols         214
nrows         263
xllcorner     382500
yllcorner     7541702
cellsize      16
NODATA_value  -9999
[rows 187 to 203 of 263, columns 0 to 36 of 214]
5.877820000000000267e-01 4.981897000000000131e-01 5.703924000000000216e-01 6.058732000000000006e-01 6.054583000000000048e-01 6.144916000000000267e-01 6.566585999999999812e-01 6.213631000000000570e-01 5.473624000000000267e-01 5.952473999999999821e-01 6.801070000000000171e-01 5.037654999999999772e-01 5.087620999999999949e-01 6.036156999999999773e-01 0.000000000000000000e+00 0.000000000000000000e+00 4.423352000000000395e-01 5.672371000000000496e-01 5.482310999999999712e-01 5.769488999999999868e-01 5.355784999999999574e-01 6.382379000000000246e-01 5.843987999999999960e-01 5.103219999999999423e-01 5.479224999999999790e-01 4.196476000000000095e-01 4.007583000000000117e-01 0.000000000000000000e+00 3.833956000000000031e-01 3.835732000000000030e-01 4.913102999999999776e-01 5.838638999999999912e-01 4.386407999999999974e-01 5.588762000000000452e-01 6.229700000000000237e-01 5.596569999999999601e-01 5.571139000000000507e-01
5.771302000000000376e-01 6.268827999999999623e-01 6.044469999999999565e-01 5.463379999999999903e-01 6.351831999999999478e-01 5.366916000000000464e-01 4.493267000000000233e-01 4.371786000000000283e-01 4.727675000000000072e-01 5.129449000000000369e-01 5.912102000000000190e-01 5.977282000000000428e-01 5.590547999999999629e-01 6.116546999999999956e-01 4.153313000000000144e-01 4.893186999999999953e-01 4.624918999999999558e-01 5.748112999999999140e-01 4.820660999999999974e-01 6.375420000000000531e-01 5.825299999999999923e-01 4.868715000000000126e-01 5.580361000000000349e-01 5.905839999999999979e-01 4.799891000000000019e-01 4.102225999999999928e-01 3.724611999999999923e-01 0.000000000000000000e+00 0.000000000000000000e+00 0.000000000000000000e+00 3.826224999999999765e-01 4.811381999999999604e-01 5.081649999999999778e-01 5.772580000000000489e-01 5.480163999999999591e-01 5.445615999999999790e-01 6.546182999999999863e-01
5.713926999999999756e-01 5.770013999999999976e-01 5.623289000000000204e-01 6.644752000000000436e-01 6.127249000000000168e-01 4.366371000000000002e-01 5.166914000000000229e-01 4.371786000000000283e-01 6.715404999999999847e-01 6.493641999999999470e-01 6.042912999999999757e-01 6.422917000000000209e-01 6.004146999999999679e-01 6.385043999999999720e-01 5.271713000000000093e-01 5.648978999999999528e-01 4.654207000000000205e-01 6.041868000000000238e-01 5.147200000000000664e-01 6.594697999999999949e-01 5.344902000000000264e-01 5.634947000000000150e-01 6.123672000000000004e-01 5.935388999999999804e-01 5.223238000000000048e-01 4.716198000000000334e-01 4.889338999999999769e-01 0.000000000000000000e+00 0.000000000000000000e+00 0.000000000000000000e+00 0.000000000000000000e+00 4.703833000000000042e-01 5.446594000000000158e-01 5.528927999999999621e-01 5.850355999999999890e-01 4.834901000000000337e-01 5.570878000000000219e-01
5.118253999999999859e-01 5.016078999999999954e-01 5.329907000000000394e-01 6.330877000000000310e-01 5.775193000000000687e-01 6.097006999999999843e-01 6.223604999999999832e-01 5.204936999999999481e-01 5.877835999999999617e-01 5.378313999999999595e-01 5.251893000000000811e-01 5.337068000000000367e-01 6.221191000000000360e-01 6.655775999999999915e-01 6.638994999999999758e-01 7.244994000000000156e-01 6.835424999999999418e-01 6.446517999999999970e-01 5.575611999999999790e-01 5.214942999999999662e-01 5.608959000000000028e-01 5.613330000000000819e-01 5.578358999999999401e-01 5.790743000000000418e-01 5.142378000000000782e-01 4.606045000000000278e-01 4.462871999999999950e-01 3.694311999999999596e-01 0.000000000000000000e+00 3.807129999999999681e-01 0.000000000000000000e+00 4.052603999999999651e-01 5.962743999999999822e-01 4.397609000000000101e-01 5.351339999999999986e-01 5.942636000000000029e-01 5.998219000000000189e-01
5.774938000000000571e-01 5.084851999999999705e-01 4.764661000000000035e-01 6.631422999999999623e-01 5.587784000000000084e-01 5.767313000000000578e-01 6.148255999999999721e-01 5.093522000000000327e-01 5.730944000000000038e-01 6.461359999999999326e-01 6.249729000000000534e-01 6.101541000000000325e-01 5.462110000000000021e-01 6.058124999999999760e-01 5.810946000000000167e-01 6.594584000000000001e-01 5.656459000000000348e-01 6.175095999999999918e-01 6.156700999999999979e-01 5.184334999999999916e-01 6.583668000000000298e-01 6.149464000000000041e-01 5.176363999999999965e-01 6.331664000000000181e-01 6.449068000000000023e-01 5.064763999999999378e-01 5.903180000000000094e-01 5.263706999999999692e-01 3.921278000000000263e-01 3.529577999999999882e-01 4.420270000000000032e-01 3.221798999999999635e-01 4.733628999999999754e-01 6.063222000000000333e-01 6.558796000000000070e-01 5.864249999999999741e-01 6.654664000000000135e-01
6.183271999999999657e-01 5.947739000000000775e-01 5.592175000000000340e-01 6.316612000000000338e-01 6.440671999999999509e-01 6.654771999999999910e-01 5.329395000000000104e-01 5.814454000000000011e-01 6.515793999999999198e-01 6.145106000000000179e-01 5.977900000000000436e-01 6.249729000000000534e-01 6.029259000000000146e-01 5.353535000000000377e-01 5.598232999999999127e-01 6.618458000000000396e-01 6.145658999999999983e-01 6.686841999999999508e-01 5.604036999999999491e-01 5.304777000000000520e-01 5.587751999999999164e-01 5.223010999999999626e-01 5.561859000000000108e-01 5.640190000000000481e-01 6.846525999999999446e-01 0.000000000000000000e+00 6.012471000000000343e-01 5.256061999999999124e-01 5.098205000000000098e-01 3.879444000000000226e-01 4.420270000000000032e-01 5.010120000000000129e-01 6.415987999999999136e-01 6.809136000000000077e-01 5.325925000000000242e-01 5.371947999999999723e-01 4.907308999999999699e-01
6.614096000000000419e-01 6.780102000000000073e-01 6.095654999999999824e-01 6.340211000000000041e-01 5.674820999999999893e-01 6.097200000000000397e-01 6.065433000000000074e-01 5.854795000000000416e-01 6.053808000000000522e-01 6.323725999999999514e-01 5.904811999999999284e-01 5.649348000000000702e-01 5.697708000000000217e-01 4.798582000000000125e-01 5.416229999999999656e-01 6.074931999999999555e-01 5.691794000000000020e-01 5.272698999999999581e-01 4.431943999999999884e-01 6.476424000000000625e-01 6.127793999999999741e-01 5.454118999999999495e-01 5.511279000000000039e-01 5.572528999999999400e-01 6.574010000000000131e-01 0.000000000000000000e+00 5.373677000000000037e-01 6.024192000000000435e-01 5.821644999999999737e-01 5.770186999999999955e-01 6.271362999999999799e-01 6.058810999999999503e-01 5.417313000000000267e-01 6.366055999999999937e-01 6.191777000000000530e-01 6.613187000000000371e-01 5.982252000000000125e-01
5.908626000000000156e-01 6.003140000000000143e-01 6.129738999999999605e-01 5.753565000000000484e-01 5.157389999999999475e-01 5.577518000000000198e-01 5.840956999999999955e-01 5.062864000000000253e-01 5.760568999999999829e-01 5.909465999999999886e-01 5.804415000000000546e-01 6.128830000000000666e-01 5.822407000000000554e-01 5.027428999999999926e-01 5.338355000000000183e-01 5.743331999999999882e-01 6.098835999999999702e-01 5.334476999999999691e-01 5.138139999999999930e-01 5.389992000000000116e-01 6.601951999999999821e-01 5.337263999999999342e-01 5.916548999999999836e-01 5.410920999999999648e-01 5.823471999999999538e-01 0.000000000000000000e+00 0.000000000000000000e+00 6.314051000000000524e-01 5.547531999999999464e-01 4.877291000000000265e-01 4.929316000000000253e-01 5.299348999999999865e-01 5.867293999999999565e-01 5.546537000000000273e-01 5.216678999999999622e-01 6.703486000000000722e-01 7.002824000000000826e-01
6.830623000000000111e-01 5.605179999999999607e-01 5.737463000000000424e-01 5.491350999999999871e-01 5.545124999999999638e-01 5.200050999999999979e-01 5.801429000000000169e-01 6.299310000000000187e-01 6.278645999999999949e-01 4.974144000000000343e-01 5.161940000000000417e-01 5.536638999999999866e-01 6.332048999999999594e-01 6.256171000000000371e-01 4.842578000000000160e-01 5.704166999999999987e-01 5.450194000000000427e-01 5.627259000000000011e-01 6.185456000000000287e-01 6.069183999999999690e-01 4.715760999999999981e-01 5.204838999999999993e-01 6.001779000000000419e-01 5.499621000000000093e-01 5.237251000000000545e-01 0.000000000000000000e+00 0.000000000000000000e+00 4.961408999999999958e-01 5.455529999999999546e-01 6.416760000000000241e-01 6.385427999999999660e-01 5.000206999999999846e-01 6.031410000000000382e-01 5.959252999999999911e-01 6.024521000000000459e-01 6.428513999999999617e-01 6.401325999999999405e-01
5.810802000000000467e-01 5.622172000000000835e-01 5.546096999999999833e-01 4.728824999999999834e-01 5.564234000000000124e-01 4.848225999999999924e-01 5.511049999999999560e-01 4.095812999999999815e-01 5.543795000000000250e-01 4.738517999999999897e-01 5.965907000000000293e-01 5.757654999999999301e-01 5.581224000000000185e-01 5.249615999999999172e-01 4.071110000000000007e-01 4.447301000000000171e-01 4.761053000000000091e-01 4.974740000000000273e-01 5.082244999999999679e-01 5.829699999999999882e-01 5.227239999999999664e-01 4.682559000000000027e-01 4.107889999999999597e-01 5.167543999999999471e-01 5.825219999999999843e-01 7.090788000000000091e-01 4.580967999999999707e-01 5.853563999999999989e-01 5.206363999999999992e-01 6.464007999999999976e-01 5.740404000000000062e-01 5.408417999999999282e-01 5.448779000000000261e-01 4.733409000000000089e-01 6.344448999999999783e-01 5.784791999999999712e-01 6.206888999999999879e-01
5.975622999999999907e-01 5.071122000000000130e-01 5.861174000000000106e-01 5.077076000000000366e-01 5.914148000000000183e-01 5.621301000000000769e-01 4.837628000000000483e-01 4.363672000000000106e-01 4.124345999999999846e-01 5.881566000000000294e-01 5.115475999999999912e-01 6.590038000000000284e-01 4.908803999999999945e-01 5.052406999999999870e-01 4.716825000000000045e-01 4.370403000000000482e-01 4.342984999999999762e-01 5.390513000000000110e-01 6.424847999999999670e-01 5.567731999999999681e-01 5.478444000000000091e-01 5.190226000000000006e-01 5.224790999999999741e-01 5.793080999999999925e-01 5.768216000000000454e-01 6.591405000000000181e-01 4.580967999999999707e-01 5.638308999999999127e-01 4.325605000000000144e-01 5.064902000000000015e-01 6.041598999999999720e-01 4.374392999999999754e-01 5.858543999999999974e-01 5.317370999999999626e-01 5.428929000000000116e-01 6.062731999999999566e-01 6.118250000000000632e-01
5.139837000000000433e-01 5.348728000000000371e-01 5.341068999999999400e-01 4.370201999999999698e-01 4.773882999999999877e-01 5.602234999999999854e-01 4.720353999999999939e-01 4.919634999999999980e-01 4.707274000000000180e-01 4.550795000000000257e-01 6.222502999999999229e-01 4.527326000000000406e-01 5.231149999999999967e-01 5.825955000000000439e-01 5.226750000000000007e-01 4.544651000000000107e-01 5.085931000000000202e-01 4.985484000000000027e-01 5.458049000000000373e-01 5.294588000000000072e-01 4.868281999999999887e-01 6.042330000000000201e-01 5.703449999999999909e-01 5.331856999999999847e-01 6.196137999999999924e-01 6.205218999999999596e-01 0.000000000000000000e+00 5.277983000000000535e-01 5.832994000000000234e-01 5.594707999999999348e-01 6.000507999999999953e-01 5.690353999999999690e-01 5.280011000000000010e-01 5.325862999999999570e-01 4.444732000000000127e-01 6.318247999999999642e-01 5.151140000000000718e-01
5.805291000000000201e-01 4.846361000000000141e-01 4.856865999999999683e-01 4.917409999999999837e-01 4.521257000000000192e-01 4.375550999999999746e-01 5.107481999999999855e-01 5.747225000000000250e-01 5.505993000000000137e-01 4.695348000000000299e-01 5.998774999999999524e-01 5.777016999999999847e-01 4.797506999999999744e-01 5.356117999999999713e-01 5.320966999999999780e-01 5.605681000000000136e-01 5.492340000000000000e-01 4.667858000000000285e-01 4.930266000000000370e-01 5.891139000000000792e-01 5.234914999999999985e-01 5.887295999999999641e-01 5.458144999999999802e-01 5.146152000000000504e-01 6.261731000000000380e-01 6.739642999999999606e-01 5.919514000000000165e-01 5.973323999999999856e-01 5.675780999999999743e-01 6.176452000000000053e-01 5.858707999999999139e-01 4.637719000000000147e-01 4.495148999999999950e-01 4.218992999999999771e-01 4.836818000000000506e-01 6.070302000000000753e-01 5.151140000000000718e-01
5.772401999999999811e-01 5.894749999999999712e-01 5.985348999999999808e-01 6.369582999999999773e-01 5.025699000000000138e-01 5.719602000000000297e-01 5.995597999999999761e-01 6.082368000000000219e-01 5.444759000000000126e-01 3.947414999999999674e-01 5.378096999999999461e-01 4.819272000000000000e-01 4.421926000000000467e-01 4.813760000000000261e-01 5.163379000000000163e-01 4.240430000000000033e-01 4.276568000000000036e-01 4.801745000000000041e-01 4.726407999999999721e-01 5.771579999999999488e-01 6.115431999999999535e-01 5.277726000000000361e-01 4.961359999999999659e-01 5.621947000000000472e-01 4.702722999999999764e-01 5.722749000000000308e-01 5.549340999999999857e-01 5.764624999999999888e-01 5.901427999999999674e-01 5.537524000000000335e-01 5.770836000000000299e-01 4.497634000000000354e-01 3.639432000000000222e-01 4.182719000000000298e-01 5.953526000000000096e-01 5.845763999999999960e-01 5.671019999999999950e-01
6.619962000000000346e-01 5.398418000000000383e-01 5.858959000000000250e-01 5.785382999999999498e-01 4.701745000000000507e-01 4.536443000000000003e-01 5.939847999999999795e-01 6.667209000000000607e-01 5.878406999999999938e-01 4.411802000000000223e-01 4.797451000000000354e-01 4.774399999999999755e-01 5.688191999999999693e-01 5.498110999999999970e-01 4.543688999999999645e-01 3.901302999999999854e-01 3.854952999999999852e-01 4.608697999999999961e-01 4.975992999999999666e-01 4.529045999999999905e-01 6.115431999999999535e-01 5.765740999999999783e-01 5.403078999999999521e-01 5.973397999999999763e-01 5.758263999999999605e-01 5.821429000000000187e-01 5.312240000000000295e-01 5.576270999999999312e-01 5.723308000000000284e-01 6.207849000000000839e-01 4.712638000000000105e-01 4.099163000000000112e-01 3.686259000000000063e-01 4.452200000000000046e-01 5.616919000000000217e-01 6.573164000000000229e-01 5.805156999999999679e-01
6.568981000000000403e-01 4.973273999999999750e-01 5.368646000000000251e-01 5.038704999999999989e-01 5.151923000000000474e-01 4.739900999999999698e-01 6.616313999999999806e-01 4.911404000000000325e-01 4.939175000000000093e-01 4.346823000000000214e-01 3.920115000000000127e-01 4.425936000000000314e-01 4.721917999999999949e-01 5.809628000000000014e-01 5.558461999999999570e-01 4.345351000000000075e-01 4.446916999999999676e-01 4.674397000000000135e-01 5.196169999999999956e-01 4.253363000000000005e-01 5.040650999999999327e-01 5.809745000000000603e-01 5.830844000000000582e-01 5.014267000000000030e-01 4.840713999999999850e-01 5.721921999999999287e-01 4.941190999999999778e-01 5.524419000000000413e-01 5.999655999999999878e-01 4.743657000000000012e-01 5.299358000000000679e-01 5.283284999999999787e-01 3.971814000000000178e-01 5.828769000000000311e-01 5.692424000000000373e-01 6.033169000000000448e-01 5.405752000000000335e-01
5.937894999999999701e-01 5.432011999999999396e-01 6.177728000000000108e-01 5.233744999999999647e-01 5.279013000000000178e-01 4.977280000000000593e-01 4.692523000000000666e-01 4.678179000000000087e-01 5.653190999999999633e-01 4.985330000000000039e-01 3.591046999999999989e-01 4.566554000000000446e-01 4.054683000000000037e-01 6.053018000000000010e-01 5.592213999999999796e-01 4.877148000000000039e-01 4.845760000000000067e-01 3.535133999999999777e-01 5.791636000000000006e-01 4.899740999999999680e-01 4.533639999999999892e-01 5.939259999999999540e-01 5.908938999999999719e-01 5.670741999999999727e-01 5.020476999999999856e-01 6.197778000000000453e-01 6.412006000000000094e-01 5.719075000000000131e-01 5.534666000000000308e-01 5.814109000000000638e-01 5.729400999999999522e-01 5.766862999999999850e-01 5.407547000000000326e-01 5.584544000000000175e-01 5.585153999999999952e-01 5.852119000000000071e-01 6.057356999999999880e-01
