testcase_input/new_parameters/LAI_conif.dat
ncols         214
nrows         263
xllcorner     382500
yllcorner     7541702
cellsize      16
NODATA_value  -9999
[rows 153 to 169 of 263, columns 111 to 147 of 214]
3.187400000000000233e+00 3.172400000000000109e+00 3.177599999999999980e+00 3.182199999999999918e+00 3.185300000000000242e+00 2.814000000000000057e+00 3.151499999999999968e+00 2.919200000000000461e+00 2.612400000000000055e+00 2.603000000000000203e+00 2.851500000000000146e+00 2.970899999999999874e+00 2.126100000000000101e+00 2.999700000000000699e+00 2.360400000000000276e+00 2.413400000000000212e+00 2.417099999999999582e+00 2.295300000000000118e+00 2.150399999999999867e+00 1.970500000000000140e+00 1.817000000000000171e+00 1.698900000000000077e+00 1.701000000000000068e+00 1.783200000000000118e+00 1.764899999999999913e+00 1.690300000000000136e+00 2.021600000000000286e+00 2.160000000000000142e+00 2.204000000000000181e+00 2.004300000000000193e+00 2.006400000000000183e+00 1.798000000000000043e+00 1.995900000000000230e+00 1.835600000000000120e+00 1.672100000000000142e+00 1.425100000000000033e+00 9.972000000000000863e-01
2.689200000000000035e+00 2.560000000000000053e+00 2.934400000000000119e+00 2.904199999999999893e+00 2.916199999999999903e+00 2.655899999999999928e+00 2.931099999999999817e+00 3.019000000000000128e+00 2.987700000000000244e+00 2.710999999999999854e+00 2.802300000000000235e+00 2.961300000000000043e+00 2.837800000000000100e+00 2.755900000000000460e+00 2.526800000000000157e+00 2.398000000000000131e+00 1.609399999999999942e+00 1.794700000000000184e+00 1.758100000000000218e+00 1.801300000000000123e+00 1.748800000000000132e+00 1.748299999999999965e+00 1.759300000000000086e+00 1.730299999999999949e+00 1.753300000000000081e+00 1.698100000000000165e+00 2.007900000000000240e+00 1.773900000000000032e+00 1.771300000000000097e+00 1.777600000000000069e+00 1.774999999999999911e+00 1.770299999999999985e+00 2.049099999999999699e+00 1.681899999999999951e+00 1.434500000000000108e+00 1.424600000000000088e+00 1.001400000000000068e+00
2.518799999999999706e+00 2.523200000000000109e+00 1.906600000000000072e+00 2.133100000000000218e+00 2.643400000000000194e+00 2.638900000000000468e+00 2.933899999999999952e+00 2.953000000000000291e+00 3.074300000000000033e+00 2.989400000000000279e+00 2.635600000000000165e+00 2.623600000000000154e+00 2.455800000000000427e+00 2.506000000000000227e+00 2.362000000000000099e+00 2.384400000000000297e+00 1.298799999999999955e+00 1.689699999999999980e+00 2.077399999999999913e+00 1.803700000000000081e+00 2.628600000000000048e+00 2.623899999999999899e+00 2.613300000000000178e+00 2.164200000000000124e+00 2.000599999999999934e+00 1.986499999999999932e+00 1.991200000000000081e+00 1.995900000000000230e+00 2.044399999999999551e+00 1.820500000000000007e+00 1.815300000000000136e+00 1.819500000000000117e+00 1.821099999999999941e+00 1.830500000000000016e+00 1.778999999999999915e+00 1.218499999999999917e+00 1.153599999999999959e+00
1.222800000000000109e+00 9.597999999999999865e-01 8.486000000000000210e-01 1.212099999999999955e+00 1.562200000000000255e+00 1.881899999999999906e+00 2.650199999999999889e+00 2.658700000000000063e+00 2.453599999999999781e+00 2.782499999999999751e+00 2.866700000000000248e+00 2.864400000000000279e+00 2.509100000000000108e+00 2.446500000000000341e+00 2.607400000000000162e+00 1.997700000000000031e+00 1.744899999999999896e+00 1.900200000000000111e+00 2.596799999999999997e+00 2.629599999999999937e+00 2.760400000000000187e+00 2.763700000000000045e+00 2.731200000000000294e+00 2.708899999999999864e+00 2.626199999999999868e+00 2.559699999999999864e+00 1.937100000000000044e+00 1.881099999999999994e+00 1.866999999999999993e+00 1.986299999999999955e+00 1.402700000000000058e+00 1.718300000000000161e+00 1.475600000000000023e+00 1.691699999999999982e+00 1.769500000000000295e+00 1.157799999999999940e+00 1.149399999999999977e+00
1.106999999999999984e+00 1.222900000000000098e+00 8.522999999999999465e-01 5.987999999999999989e-01 5.513000000000000123e-01 1.155000000000000027e+00 1.876199999999999868e+00 2.525800000000000267e+00 2.454600000000000115e+00 2.507800000000000029e+00 2.537500000000000089e+00 2.449100000000000055e+00 2.674700000000000077e+00 2.330900000000000194e+00 2.335100000000000176e+00 2.035200000000000120e+00 2.084700000000000220e+00 2.022899999999999920e+00 2.393499999999999961e+00 2.396600000000000286e+00 2.743100000000000094e+00 2.774000000000000465e+00 2.791300000000000114e+00 2.815800000000000303e+00 2.963700000000000223e+00 2.648800000000000043e+00 2.125399999999999956e+00 1.876900000000000013e+00 1.520199999999999996e+00 1.711700000000000221e+00 1.709099999999999842e+00 1.431400000000000006e+00 1.411999999999999922e+00 1.126400000000000068e+00 1.492500000000000160e+00 1.501400000000000290e+00 1.142599999999999838e+00
1.842400000000000038e+00 1.862000000000000099e+00 1.645100000000000229e+00 1.640400000000000080e+00 1.329800000000000093e+00 1.672400000000000109e+00 2.245099999999999874e+00 2.631400000000000183e+00 2.212200000000000166e+00 2.226799999999999891e+00 1.963100000000000067e+00 2.380700000000000038e+00 2.424100000000000144e+00 2.348700000000000010e+00 1.997600000000000264e+00 1.944599999999999884e+00 2.048099999999999810e+00 2.012399999999999967e+00 2.661699999999999733e+00 2.393499999999999961e+00 2.754700000000000149e+00 2.786999999999999922e+00 2.779199999999999893e+00 2.590500000000000025e+00 2.449399999999999800e+00 2.608100000000000307e+00 2.017500000000000071e+00 2.059400000000000119e+00 1.992800000000000127e+00 1.420900000000000052e+00 1.409899999999999931e+00 1.189700000000000202e+00 1.579000000000000181e+00 1.114900000000000002e+00 1.746599999999999930e+00 2.429300000000000015e+00 1.981899999999999995e+00
2.930099999999999927e+00 3.035700000000000287e+00 3.094700000000000006e+00 3.030000000000000249e+00 2.747499999999999609e+00 2.176899999999999835e+00 2.070899999999999963e+00 1.995500000000000052e+00 1.961500000000000021e+00 2.135800000000000143e+00 2.015899999999999803e+00 1.662700000000000067e+00 1.898200000000000109e+00 2.137900000000000134e+00 1.969000000000000306e+00 2.057500000000000107e+00 2.039200000000000124e+00 2.096700000000000230e+00 2.024999999999999911e+00 2.024999999999999911e+00 2.615000000000000213e+00 2.676400000000000112e+00 2.384500000000000064e+00 2.198199999999999932e+00 2.115000000000000213e+00 2.074600000000000222e+00 1.949200000000000044e+00 2.040799999999999947e+00 2.038699999999999957e+00 1.678099999999999925e+00 1.384800000000000031e+00 1.189700000000000202e+00 1.131099999999999994e+00 1.943200000000000260e+00 2.420399999999999885e+00 2.267700000000000049e+00 2.411000000000000476e+00
2.997599999999999820e+00 3.117100000000000204e+00 3.116000000000000547e+00 3.049700000000000522e+00 3.095200000000000173e+00 2.850200000000000067e+00 2.629400000000000404e+00 1.847700000000000120e+00 2.376199999999999868e+00 2.037900000000000045e+00 1.545200000000000129e+00 1.257600000000000051e+00 1.517699999999999827e+00 1.858099999999999863e+00 2.114500000000000046e+00 2.102999999999999758e+00 1.990800000000000125e+00 2.055400000000000116e+00 2.068999999999999950e+00 2.089400000000000368e+00 2.016099999999999781e+00 2.434199999999999697e+00 2.372699999999999587e+00 2.121300000000000185e+00 2.017300000000000093e+00 2.048599999999999977e+00 2.038200000000000234e+00 2.035600000000000076e+00 1.824200000000000044e+00 1.806599999999999984e+00 1.255099999999999882e+00 1.250399999999999956e+00 2.033100000000000129e+00 2.016899999999999693e+00 1.891900000000000137e+00 1.969999999999999751e+00 2.429800000000000182e+00
2.880400000000000293e+00 3.028900000000000148e+00 3.049800000000000288e+00 2.966800000000000104e+00 3.010099999999999998e+00 3.005399999999999849e+00 2.919200000000000017e+00 2.577200000000000379e+00 1.978000000000000203e+00 2.396500000000000075e+00 1.886100000000000110e+00 1.620800000000000018e+00 1.519899999999999807e+00 2.024899999999999700e+00 2.012699999999999712e+00 1.999100000000000099e+00 2.140500000000000291e+00 1.928500000000000103e+00 1.950000000000000178e+00 1.977200000000000069e+00 2.001900000000000013e+00 2.563900000000000290e+00 2.561300000000000132e+00 2.001900000000000013e+00 1.801500000000000323e+00 1.811299999999999910e+00 1.826799999999999979e+00 1.835200000000000164e+00 1.510800000000000143e+00 2.000199999999999978e+00 2.021100000000000119e+00 2.256000000000000227e+00 2.243999999999999773e+00 2.219999999999999751e+00 2.434500000000000330e+00 2.461100000000000065e+00 2.451700000000000212e+00
2.705900000000000194e+00 2.680300000000000349e+00 2.478699999999999903e+00 2.672100000000000364e+00 2.894600000000000062e+00 3.140100000000000335e+00 3.030000000000000249e+00 3.010699999999999932e+00 2.293600000000000083e+00 1.996100000000000207e+00 1.989900000000000002e+00 2.123899999999999899e+00 2.354600000000000026e+00 2.363500000000000156e+00 2.398600000000000065e+00 2.010600000000000165e+00 2.027000000000000135e+00 2.155100000000000016e+00 2.428799999999999848e+00 2.408400000000000318e+00 2.401600000000000179e+00 2.645999999999999908e+00 2.422499999999999876e+00 2.633999999999999897e+00 2.428799999999999848e+00 1.779599999999999849e+00 1.389600000000000168e+00 2.020599999999999952e+00 2.004900000000000126e+00 1.989199999999999857e+00 1.796599999999999975e+00 1.895900000000000141e+00 2.258099999999999774e+00 2.210100000000000176e+00 2.629300000000000193e+00 2.441800000000000193e+00 2.271800000000000264e+00
1.703200000000000269e+00 1.677100000000000035e+00 1.485400000000000054e+00 1.567500000000000115e+00 2.663199999999999790e+00 2.859700000000000131e+00 2.968399999999999928e+00 3.102500000000000036e+00 2.733600000000000030e+00 2.826500000000000234e+00 2.743000000000000327e+00 2.378700000000000259e+00 2.374400000000000066e+00 2.363399999999999945e+00 2.504399999999999959e+00 2.143800000000000150e+00 2.042699999999999960e+00 2.020199999999999996e+00 2.153000000000000025e+00 2.222599999999999909e+00 2.246100000000000207e+00 2.481199999999999850e+00 2.479099999999999859e+00 2.564100000000000268e+00 2.461899999999999977e+00 2.413899999999999935e+00 2.406600000000000072e+00 2.433200000000000252e+00 2.258099999999999774e+00 2.013300000000000090e+00 2.070699999999999985e+00 2.272199999999999775e+00 2.238799999999999901e+00 2.612600000000000033e+00 2.645999999999999908e+00 2.251999999999999780e+00 2.283300000000000107e+00
1.362400000000000055e+00 1.374400000000000066e+00 1.369699999999999918e+00 1.589100000000000179e+00 1.929699999999999971e+00 2.626400000000000290e+00 2.657900000000000151e+00 2.741000000000000547e+00 2.786800000000000388e+00 2.610300000000000509e+00 2.817600000000000549e+00 2.672000000000000153e+00 2.667399999999999771e+00 2.432099999999999707e+00 2.508599999999999941e+00 2.111200000000000188e+00 2.405400000000000205e+00 1.965799999999999992e+00 2.386000000000000121e+00 2.403700000000000170e+00 2.416500000000000092e+00 2.491600000000000037e+00 2.505700000000000038e+00 2.458000000000000185e+00 2.501799999999999802e+00 2.562800000000000189e+00 2.584200000000000053e+00 2.496599999999999930e+00 2.549500000000000099e+00 2.551600000000000090e+00 2.481199999999999850e+00 2.454299999999999926e+00 2.624099999999999877e+00 2.655400000000000205e+00 2.251999999999999780e+00 2.280199999999999783e+00 2.295300000000000118e+00
1.449600000000000000e+00 1.353000000000000203e+00 1.369699999999999918e+00 1.587000000000000188e+00 2.087299999999999933e+00 2.573799999999999866e+00 2.504300000000000193e+00 2.689899999999999736e+00 2.819200000000000372e+00 2.617100000000000204e+00 2.595699999999999896e+00 2.688200000000000145e+00 2.671000000000000263e+00 2.660099999999999909e+00 2.370200000000000085e+00 2.506499999999999950e+00 2.368500000000000050e+00 2.167100000000000026e+00 2.412600000000000300e+00 2.452200000000000379e+00 2.550000000000000266e+00 2.541999999999999815e+00 2.699100000000000055e+00 2.908900000000000041e+00 2.674299999999999677e+00 3.004100000000000215e+00 3.255600000000000271e+00 3.275300000000000100e+00 2.887100000000000222e+00 2.693900000000000183e+00 2.478900000000000325e+00 2.553399999999999892e+00 2.613199999999999967e+00 2.941600000000000215e+00 2.640899999999999803e+00 2.418099999999999916e+00 2.326100000000000279e+00
1.229000000000000092e+00 1.353000000000000203e+00 1.391100000000000225e+00 1.640000000000000124e+00 2.095600000000000129e+00 2.184800000000000075e+00 2.500599999999999934e+00 2.524700000000000166e+00 2.743100000000000094e+00 2.838000000000000522e+00 2.660700000000000287e+00 2.675200000000000244e+00 2.676200000000000134e+00 2.573700000000000099e+00 2.400199999999999889e+00 2.353299999999999947e+00 2.354000000000000092e+00 2.307300000000000129e+00 2.622100000000000097e+00 2.534100000000000019e+00 2.604600000000000470e+00 2.914500000000000313e+00 2.564700000000000202e+00 2.518799999999999706e+00 2.977000000000000313e+00 3.256099999999999994e+00 3.294700000000000184e+00 3.307700000000000085e+00 3.267999999999999794e+00 3.030600000000000183e+00 2.774700000000000166e+00 2.531800000000000050e+00 2.691699999999999982e+00 2.612400000000000055e+00 2.350500000000000256e+00 2.371900000000000119e+00 2.389100000000000001e+00
6.368000000000000327e-01 9.479000000000000759e-01 9.526000000000001133e-01 1.238700000000000134e+00 1.314500000000000224e+00 1.692200000000000149e+00 1.912800000000000278e+00 2.045800000000000285e+00 2.574300000000000033e+00 2.664899999999999824e+00 2.664899999999999824e+00 2.661599999999999966e+00 2.681900000000000173e+00 2.722500000000000142e+00 2.134400000000000297e+00 2.008500000000000174e+00 1.952199999999999935e+00 2.157700000000000173e+00 2.262400000000000411e+00 2.632500000000000284e+00 2.649199999999999999e+00 2.663300000000000001e+00 2.710999999999999854e+00 2.784299999999999997e+00 2.620000000000000107e+00 3.325099999999999945e+00 2.935500000000000220e+00 2.900599999999999845e+00 2.415000000000000480e+00 2.543300000000000338e+00 2.622600000000000264e+00 2.592299999999999827e+00 2.380199999999999871e+00 2.494000000000000217e+00 2.389600000000000168e+00 2.387000000000000011e+00 2.389100000000000001e+00
5.534000000000000030e-01 5.465999999999999748e-01 5.534000000000000030e-01 6.711000000000000298e-01 6.779000000000000581e-01 8.579999999999999849e-01 1.042699999999999960e+00 1.722500000000000142e+00 2.117599999999999927e+00 2.583700000000000330e+00 2.607700000000000351e+00 2.023899999999999810e+00 2.561799999999999855e+00 2.146399999999999864e+00 1.990800000000000125e+00 2.157700000000000173e+00 2.362999999999999989e+00 2.341099999999999959e+00 2.378700000000000259e+00 2.253499999999999837e+00 2.298399999999999999e+00 2.432700000000000085e+00 2.352100000000000080e+00 2.359900000000000109e+00 2.362499999999999822e+00 2.569999999999999840e+00 2.746999999999999886e+00 2.546700000000000408e+00 2.481000000000000316e+00 2.517000000000000348e+00 2.536699999999999733e+00 2.792400000000000215e+00 2.532600000000000406e+00 2.520100000000000229e+00 2.556599999999999984e+00 2.402099999999999902e+00 2.391700000000000159e+00
5.712000000000000410e-01 7.417000000000000259e-01 5.780000000000000693e-01 6.323999999999999622e-01 6.339000000000000190e-01 8.558999999999998831e-01 9.343999999999998973e-01 1.691200000000000259e+00 2.212099999999999955e+00 2.171499999999999986e+00 2.142000000000000348e+00 2.001599999999999824e+00 1.732900000000000107e+00 1.473200000000000287e+00 1.266500000000000181e+00 9.683999999999999275e-01 9.945999999999999286e-01 1.367399999999999949e+00 2.015899999999999803e+00 2.375499999999999723e+00 2.570700000000000429e+00 2.455100000000000282e+00 2.374500000000000277e+00 2.447300000000000253e+00 2.384400000000000297e+00 2.461400000000000254e+00 2.445200000000000262e+00 2.546600000000000197e+00 2.522100000000000009e+00 2.570600000000000218e+00 2.501300000000000523e+00 2.671100000000000030e+00 2.515399999999999636e+00 2.507600000000000051e+00 2.443799999999999972e+00 2.435999999999999943e+00 2.401600000000000179e+00
