testcase_input/new_parameters/LAI_grass.dat
ncols         214
nrows         263
xllcorner     382500
yllcorner     7541702
cellsize      16
NODATA_value  -9999
[rows 102 to 118 of 263, columns 74 to 110 of 214]
1.299656999999999896e-01 1.365566000000000002e-01 5.153761999999999510e-01 5.413594999999999935e-01 4.770807000000000242e-01 4.584188000000000152e-01 3.053971999999999798e-01 2.616160000000000152e-01 2.924093999999999860e-01 2.726978999999999931e-01 2.309344999999999870e-01 2.076030000000000098e-01 1.501125000000000098e-01 1.558760999999999897e-01 1.968513000000000068e-01 2.482737999999999889e-01 4.223374999999999768e-01 4.779684000000000155e-01 2.231561999999999990e-01 2.909799000000000135e-01 2.144671999999999967e-01 2.220485000000000098e-01 2.334500999999999937e-01 1.767776000000000070e-01 1.858882000000000034e-01 2.054025999999999907e-01 1.883276000000000117e-01 1.951762999999999970e-01 2.104134000000000004e-01 1.710260999999999865e-01 1.959826000000000068e-01 1.738888000000000100e-01 2.270116000000000078e-01 2.166841999999999935e-01 2.036145000000000038e-01 1.747162999999999911e-01 1.477227999999999875e-01
1.498502999999999918e-01 3.424408999999999925e-01 4.656339999999999923e-01 5.492048999999999959e-01 6.400426999999999644e-01 6.628344999999999931e-01 6.260715000000000030e-01 5.566419000000000228e-01 3.761564000000000019e-01 4.735121999999999942e-01 3.078591999999999995e-01 3.496705999999999981e-01 2.349766000000000077e-01 2.129546999999999968e-01 2.244582999999999995e-01 2.246466000000000018e-01 2.363227999999999995e-01 5.060847000000000540e-01 2.715806000000000053e-01 2.945682000000000023e-01 2.507473000000000063e-01 2.497561000000000087e-01 2.334500999999999937e-01 2.162892999999999899e-01 2.021944999999999992e-01 1.858490999999999893e-01 2.001670999999999867e-01 1.956776000000000071e-01 2.075296000000000085e-01 1.979914999999999869e-01 2.053360999999999936e-01 1.971013000000000071e-01 2.297055000000000069e-01 2.185886999999999969e-01 1.771899999999999864e-01 1.716031000000000084e-01 1.512434000000000001e-01
1.723288000000000042e-01 2.679941000000000129e-01 4.843798000000000270e-01 6.561776000000000275e-01 6.193758000000000319e-01 6.789889000000000063e-01 5.958630000000000315e-01 6.119812000000000030e-01 6.462668000000000301e-01 6.060113000000000305e-01 4.792736000000000218e-01 5.202425000000000521e-01 3.218251999999999780e-01 2.987058000000000213e-01 2.487794000000000116e-01 2.347596000000000127e-01 2.402102999999999877e-01 4.877106999999999970e-01 3.143534000000000050e-01 2.799613000000000240e-01 2.774717999999999907e-01 2.564738999999999769e-01 2.334500999999999937e-01 2.375710000000000044e-01 2.162892999999999899e-01 1.907685000000000075e-01 1.866326000000000096e-01 1.899175999999999920e-01 1.913279999999999981e-01 2.000216999999999967e-01 2.111561000000000132e-01 2.455851000000000006e-01 2.375633000000000050e-01 2.195969999999999867e-01 1.979122000000000103e-01 1.830110000000000070e-01 1.498751999999999862e-01
3.061067000000000093e-01 1.064549000000000051e-01 3.588673000000000002e-01 7.282123999999999819e-01 6.257920000000000149e-01 6.663225999999999871e-01 7.191273000000000248e-01 6.458129000000000230e-01 5.876902000000000514e-01 6.027124999999999844e-01 6.206057999999999852e-01 6.385298000000000362e-01 6.385298000000000362e-01 4.064138999999999946e-01 2.353991000000000000e-01 2.135865999999999876e-01 2.239105999999999874e-01 4.613858000000000126e-01 2.593134000000000272e-01 2.850586999999999982e-01 2.399254000000000109e-01 2.458821999999999952e-01 1.983255999999999908e-01 1.876333000000000029e-01 1.937302999999999942e-01 1.816781000000000090e-01 1.709456000000000031e-01 2.020032999999999967e-01 1.899175999999999920e-01 2.017111000000000043e-01 2.091976999999999864e-01 2.271006999999999887e-01 2.442710999999999910e-01 2.124722000000000000e-01 1.945230000000000015e-01 1.851316000000000073e-01 1.773274999999999990e-01
5.732161999999999535e-01 1.035940999999999945e-01 1.851295000000000024e-01 7.088474999999999637e-01 6.653139999999999610e-01 7.326369000000000353e-01 7.146873000000000253e-01 6.299884000000000039e-01 5.822108999999999757e-01 6.070294000000000523e-01 6.629460000000000353e-01 6.460555999999999521e-01 6.915550999999999782e-01 7.417310000000000292e-01 2.298221000000000014e-01 2.125653000000000126e-01 2.022712999999999872e-01 2.748442999999999858e-01 2.528051000000000048e-01 2.525342999999999893e-01 2.097265000000000101e-01 1.993185000000000096e-01 1.710762999999999867e-01 1.989001999999999992e-01 1.742818999999999896e-01 1.977509000000000072e-01 1.915723000000000009e-01 1.967056000000000082e-01 1.925653999999999977e-01 1.967446999999999946e-01 2.017745999999999984e-01 2.348368000000000122e-01 2.271006999999999887e-01 2.404876999999999987e-01 1.956324000000000118e-01 1.961488999999999872e-01 1.792728000000000099e-01
5.728377000000000052e-01 1.003741999999999968e-01 9.662833999999999313e-02 4.600104999999999889e-01 7.219303999999999721e-01 7.849770000000000358e-01 7.067725000000000257e-01 6.606165000000000509e-01 6.164216000000000140e-01 5.716145999999999727e-01 6.217958000000000096e-01 7.078489000000000031e-01 6.868400999999999534e-01 7.246890000000000276e-01 5.289232000000000378e-01 2.032377999999999962e-01 1.525073000000000123e-01 2.312091000000000007e-01 0.000000000000000000e+00 1.949981000000000075e-01 1.987836000000000047e-01 1.637078999999999895e-01 1.856394000000000100e-01 1.777717000000000047e-01 1.700884000000000007e-01 1.977509000000000072e-01 1.915723000000000009e-01 1.934995999999999938e-01 1.877352999999999938e-01 2.170294999999999863e-01 2.151788000000000034e-01 2.151488000000000012e-01 2.271006999999999887e-01 2.023995000000000100e-01 1.973580000000000056e-01 1.871015000000000039e-01 1.832738999999999896e-01
4.405592999999999870e-01 1.137636999999999954e-01 6.168835999999999764e-02 1.783069999999999933e-01 6.647741000000000344e-01 7.685408999999999713e-01 7.448192000000000146e-01 6.156133000000000299e-01 6.504672999999999705e-01 6.067074999999999552e-01 6.265686999999999784e-01 6.124032000000000364e-01 6.528996999999999717e-01 6.638694000000000539e-01 6.330198000000000214e-01 2.366746000000000127e-01 2.138433999999999890e-01 2.123437999999999992e-01 3.572519000000000111e-01 2.082874000000000114e-01 1.749614999999999920e-01 1.784628000000000048e-01 1.601531999999999956e-01 1.777717000000000047e-01 1.960770000000000013e-01 1.700884000000000007e-01 1.959114999999999884e-01 1.807192999999999994e-01 1.953317999999999999e-01 2.193315000000000126e-01 2.151325000000000043e-01 2.264432000000000111e-01 1.896549999999999903e-01 1.818542999999999965e-01 2.006313999999999875e-01 1.833260999999999918e-01 1.617265999999999981e-01
2.944991000000000136e-01 7.147841000000000611e-02 5.107980000000000159e-02 1.616335999999999884e-01 5.957770000000000010e-01 7.501537999999999817e-01 7.288419999999999899e-01 5.772024000000000044e-01 5.790929000000000215e-01 5.804181000000000479e-01 5.795844999999999470e-01 5.912427999999999573e-01 6.353045000000000497e-01 6.072994999999999921e-01 4.701844000000000023e-01 3.079049999999999843e-01 2.412957000000000019e-01 1.850685999999999998e-01 3.390002999999999767e-01 1.905109000000000108e-01 1.861685999999999896e-01 1.784628000000000048e-01 1.558135999999999965e-01 1.634902000000000022e-01 1.720542999999999934e-01 1.939894000000000063e-01 1.893488999999999867e-01 1.951913999999999871e-01 1.788251999999999897e-01 2.146486999999999978e-01 1.920640999999999876e-01 1.956465000000000010e-01 1.910011000000000070e-01 1.910011000000000070e-01 1.878595000000000126e-01 1.804570000000000063e-01 1.952819000000000083e-01
1.816079999999999917e-01 1.128913000000000000e-01 5.505428999999999878e-02 8.712023000000000683e-02 4.098387000000000002e-01 6.945561000000000096e-01 7.183671999999999835e-01 7.162929000000000102e-01 6.263427999999999773e-01 5.945491000000000525e-01 6.299331999999999709e-01 5.562236000000000402e-01 5.948293999999999526e-01 5.308608000000000215e-01 5.224047000000000551e-01 3.261560000000000015e-01 2.734822000000000086e-01 2.156100999999999990e-01 3.510636999999999786e-01 1.516714000000000118e-01 1.628459999999999908e-01 1.900697000000000081e-01 1.581643000000000077e-01 2.192466999999999888e-01 1.873267000000000126e-01 1.890640000000000098e-01 2.114375000000000004e-01 2.270872999999999919e-01 2.065893000000000035e-01 2.146486999999999978e-01 2.073196999999999957e-01 2.012281999999999960e-01 1.923544000000000087e-01 1.792439999999999867e-01 1.962891999999999970e-01 1.898302000000000045e-01 1.967081999999999997e-01
1.816079999999999917e-01 5.222046999999999800e-02 9.771325999999999623e-02 1.460153999999999896e-01 2.571571999999999747e-01 7.274315000000000087e-01 7.192266999999999966e-01 7.564028999999999892e-01 7.581527000000000127e-01 6.242710000000000203e-01 6.231579999999999897e-01 4.540729000000000015e-01 5.722587999999999564e-01 5.953022999999999509e-01 4.878372999999999737e-01 4.199837000000000153e-01 4.206137999999999821e-01 1.826004999999999989e-01 3.242510000000000114e-01 2.077255000000000074e-01 1.812516999999999878e-01 2.135959000000000052e-01 2.055881999999999987e-01 1.781984000000000068e-01 1.826042999999999972e-01 1.851930999999999994e-01 2.114375000000000004e-01 1.965809000000000029e-01 1.693311999999999873e-01 2.014566000000000134e-01 1.753891999999999951e-01 1.779746000000000106e-01 2.052322000000000035e-01 1.874634000000000023e-01 2.071892999999999929e-01 2.077739999999999865e-01 1.833069999999999977e-01
1.625416000000000083e-01 1.426236999999999921e-01 1.127506000000000064e-01 1.998389000000000137e-01 1.607223999999999875e-01 5.803585999999999467e-01 7.666342000000000434e-01 7.564937000000000467e-01 7.183800999999999659e-01 7.591200999999999643e-01 5.834943000000000213e-01 4.902977000000000030e-01 5.766518000000000477e-01 6.311660000000000048e-01 5.943378000000000272e-01 7.146400000000000530e-01 3.791945999999999928e-01 2.508844000000000074e-01 3.116775999999999991e-01 1.905109000000000108e-01 2.150058999999999998e-01 2.102655999999999969e-01 1.956313000000000080e-01 2.041117000000000070e-01 2.006071000000000104e-01 2.056717000000000128e-01 1.745488000000000040e-01 1.951759000000000133e-01 1.933978000000000086e-01 2.045894000000000046e-01 2.214286000000000032e-01 1.951556999999999875e-01 1.714302000000000048e-01 2.522080999999999906e-01 1.920459999999999945e-01 2.095453999999999928e-01 2.057161999999999880e-01
3.447764999999999858e-01 7.374960999999999323e-02 8.494914000000000631e-02 2.002514999999999989e-01 1.903489999999999904e-01 4.007430000000000159e-01 5.812355000000000160e-01 6.168753999999999627e-01 7.321142000000000483e-01 6.752983000000000180e-01 5.552818000000000476e-01 4.768741000000000230e-01 5.031942000000000359e-01 7.078235999999999972e-01 7.104466999999999866e-01 6.910697000000000090e-01 5.090116000000000085e-01 2.502155999999999825e-01 2.035772999999999888e-01 2.811018000000000128e-01 2.121425999999999867e-01 2.065747000000000000e-01 1.823214999999999975e-01 1.850070000000000048e-01 1.850127000000000022e-01 2.056717000000000128e-01 1.579193999999999876e-01 1.745488000000000040e-01 2.042673000000000127e-01 2.256939000000000028e-01 2.327695999999999932e-01 2.232547000000000004e-01 1.838848999999999900e-01 1.696514000000000078e-01 1.828806000000000043e-01 1.920459999999999945e-01 2.120433999999999930e-01
4.542558999999999902e-01 1.615441999999999989e-01 9.826793999999999807e-02 1.877331000000000139e-01 2.719080999999999859e-01 5.105191000000000034e-01 5.936765999999999988e-01 4.942155999999999771e-01 5.590431999999999624e-01 6.366709999999999869e-01 5.299403999999999781e-01 4.464659000000000266e-01 5.526353000000000515e-01 7.588462999999999736e-01 7.619004000000000332e-01 7.561225999999999781e-01 3.997052999999999856e-01 2.737634999999999930e-01 3.289521999999999724e-01 2.213284000000000085e-01 1.937409999999999966e-01 2.057290999999999981e-01 1.878522999999999998e-01 1.931078999999999990e-01 1.776195000000000135e-01 1.511427999999999938e-01 1.757229999999999903e-01 1.885039000000000020e-01 2.348477999999999954e-01 2.094869000000000037e-01 2.185506999999999866e-01 1.916342000000000045e-01 2.058059999999999889e-01 1.873924999999999896e-01 2.178902000000000061e-01 2.016235999999999862e-01 2.016235999999999862e-01
2.391450999999999993e-01 1.769399999999999862e-01 1.140700999999999937e-01 1.714258999999999922e-01 2.597670000000000257e-01 2.034981999999999902e-01 2.422129000000000087e-01 3.759705999999999881e-01 5.325948999999999822e-01 6.065232000000000401e-01 4.643613999999999797e-01 4.578080999999999956e-01 5.690269000000000021e-01 7.520025000000000182e-01 8.070734999999999992e-01 6.213412999999999853e-01 3.166363999999999845e-01 2.350271999999999917e-01 2.776257999999999782e-01 3.013705999999999885e-01 1.828761999999999888e-01 1.944462000000000135e-01 1.740609999999999935e-01 1.794655000000000000e-01 1.883174999999999988e-01 1.709544000000000064e-01 1.687834000000000001e-01 1.844568000000000041e-01 1.865025999999999906e-01 2.003704000000000041e-01 1.810326999999999908e-01 1.672442000000000095e-01 1.914518000000000053e-01 1.806190000000000018e-01 1.972990000000000022e-01 2.164609999999999868e-01 1.804237999999999953e-01
1.512844000000000133e-01 2.104063999999999934e-01 1.148118999999999945e-01 1.616008999999999918e-01 1.989921000000000051e-01 2.872038000000000091e-01 2.043437999999999921e-01 2.438518000000000074e-01 4.519214999999999760e-01 6.546224000000000487e-01 6.290721999999999703e-01 5.432926999999999618e-01 5.777539000000000424e-01 6.665193000000000367e-01 7.515730000000000466e-01 5.870672000000000113e-01 4.395305999999999935e-01 2.496357999999999910e-01 2.677228999999999859e-01 3.478503000000000012e-01 1.923611000000000071e-01 2.177327000000000012e-01 2.122346999999999984e-01 1.831898999999999889e-01 1.883441999999999894e-01 1.646711999999999898e-01 2.057570999999999983e-01 2.128462000000000132e-01 1.958554999999999879e-01 2.003704000000000041e-01 1.668861000000000094e-01 1.930680999999999925e-01 2.162202000000000013e-01 2.162202000000000013e-01 2.007083000000000061e-01 1.766003999999999907e-01 1.901831999999999967e-01
1.377395999999999898e-01 2.097024000000000110e-01 1.328217999999999899e-01 5.806680000000000175e-02 1.864206999999999947e-01 2.828608000000000233e-01 1.865963999999999956e-01 1.802981999999999918e-01 4.719896000000000091e-01 7.147681999999999647e-01 7.126651000000000513e-01 3.916911000000000143e-01 3.470657999999999799e-01 5.317180999999999713e-01 6.064981999999999873e-01 5.665921999999999903e-01 3.977767999999999859e-01 1.879248000000000030e-01 2.003806999999999949e-01 3.078914999999999846e-01 2.046038000000000023e-01 1.968127000000000071e-01 2.145871000000000028e-01 2.189187999999999967e-01 2.113363000000000047e-01 1.736244000000000121e-01 1.887286999999999992e-01 2.058738999999999986e-01 1.996236000000000121e-01 1.910671999999999926e-01 1.886355999999999866e-01 1.980484000000000133e-01 1.792217999999999867e-01 1.869672000000000001e-01 1.819929999999999881e-01 1.921229000000000131e-01 1.814050000000000107e-01
1.471542000000000128e-01 1.424734000000000000e-01 1.456309000000000076e-01 7.608386000000000315e-02 2.133616000000000124e-01 4.296085000000000043e-01 2.339316999999999924e-01 1.753637999999999864e-01 3.733363000000000098e-01 7.088214999999999932e-01 6.803753000000000162e-01 4.044560999999999851e-01 5.174666999999999462e-01 4.993390999999999802e-01 5.654673999999999534e-01 4.238464000000000120e-01 3.468631999999999826e-01 2.873022000000000076e-01 2.265766999999999920e-01 3.189309000000000172e-01 1.905101999999999907e-01 2.372169000000000083e-01 1.978197999999999901e-01 1.740706999999999949e-01 1.923304000000000125e-01 1.863823000000000008e-01 1.926427000000000000e-01 2.105864000000000069e-01 1.928523000000000043e-01 1.850982999999999934e-01 1.703877000000000030e-01 2.184466999999999937e-01 1.930281000000000080e-01 1.747324000000000099e-01 1.677195999999999965e-01 1.890212000000000003e-01 1.642590999999999912e-01
