testcase_input/new_parameters/LAI_spruce.dat
ncols         214
nrows         263
xllcorner     382500
yllcorner     7541702
cellsize      16
NODATA_value  -9999
[rows 0 to 16 of 263, columns 37 to 73 of 214]
1.000000000000000021e-02 1.000000000000000021e-02 1.000000000000000021e-02 1.000000000000000021e-02 1.000000000000000021e-02 1.000000000000000021e-02 1.000000000000000021e-02 1.000000000000000021e-02 2.002200000000000202e+00 1.668499999999999872e+00 2.288899999999999935e+00 2.270100000000000229e+00 2.086800000000000210e+00 2.086800000000000210e+00 1.898800000000000265e+00 1.362999999999999989e+00 1.569800000000000084e+00 1.743700000000000028e+00 1.377099999999999991e+00 1.362999999999999989e+00 1.579200000000000159e+00 1.485200000000000076e+00 1.381799999999999917e+00 1.950500000000000345e+00 1.691999999999999948e+00 1.151499999999999968e+00 7.990000000000000435e-01 1.184400000000000119e+00 1.193799999999999972e+00 1.198500000000000121e+00 1.659100000000000019e+00 1.151499999999999968e+00 1.635600000000000165e+00 1.645000000000000240e+00 1.710800000000000098e+00 2.209000000000000075e+00 2.298300000000000232e+00
1.000000000000000021e-02 1.000000000000000021e-02 1.000000000000000021e-02 1.000000000000000021e-02 1.000000000000000021e-02 1.000000000000000021e-02 1.000000000000000021e-02 1.000000000000000021e-02 1.142100000000000115e+00 1.212600000000000122e+00 1.682600000000000096e+00 6.627000000000000668e-01 1.015200000000000102e+00 1.372400000000000064e+00 1.095100000000000184e+00 1.743700000000000028e+00 1.513400000000000079e+00 1.344200000000000284e+00 9.071000000000000174e-01 1.316000000000000281e+00 1.457000000000000073e+00 1.428800000000000070e+00 1.837700000000000111e+00 1.851800000000000113e+00 1.762500000000000178e+00 1.475800000000000001e+00 1.842400000000000038e+00 1.184400000000000119e+00 1.207899999999999974e+00 1.212600000000000122e+00 1.706099999999999950e+00 1.800100000000000033e+00 1.950500000000000345e+00 1.978699999999999903e+00 2.077399999999999913e+00 2.209000000000000075e+00 2.364100000000000090e+00
1.000000000000000021e-02 1.000000000000000021e-02 1.000000000000000021e-02 1.000000000000000021e-02 1.000000000000000021e-02 1.000000000000000021e-02 1.000000000000000021e-02 1.000000000000000021e-02 1.137399999999999967e+00 1.847100000000000186e+00 1.090400000000000036e+00 1.607400000000000162e+00 1.889400000000000190e+00 9.635000000000001341e-01 1.043400000000000105e+00 1.903500000000000192e+00 1.362999999999999989e+00 1.645000000000000240e+00 1.767200000000000104e+00 1.945800000000000196e+00 2.241900000000000226e+00 1.875300000000000189e+00 1.880000000000000115e+00 1.922300000000000120e+00 1.640300000000000313e+00 1.099800000000000111e+00 1.786000000000000032e+00 1.175000000000000044e+00 1.217300000000000049e+00 1.222000000000000197e+00 1.912900000000000267e+00 1.842400000000000038e+00 2.020999999999999908e+00 2.204300000000000370e+00 2.298300000000000232e+00 2.326500000000000234e+00 2.397000000000000242e+00
1.000000000000000021e-02 1.000000000000000021e-02 1.000000000000000021e-02 1.000000000000000021e-02 1.000000000000000021e-02 1.000000000000000021e-02 1.000000000000000021e-02 2.110300000000000065e+00 1.179699999999999971e+00 1.076300000000000034e+00 7.003000000000000336e-01 9.917000000000000259e-01 1.743700000000000028e+00 1.071600000000000108e+00 1.240800000000000125e+00 1.062200000000000033e+00 1.334800000000000209e+00 1.931700000000000195e+00 2.321800000000000086e+00 2.270100000000000229e+00 2.251300000000000079e+00 1.973999999999999977e+00 1.767200000000000104e+00 1.743700000000000028e+00 1.259600000000000053e+00 1.095100000000000184e+00 8.695000000000000506e-01 8.084000000000001185e-01 1.222000000000000197e+00 1.226700000000000124e+00 2.364100000000000090e+00 1.865900000000000114e+00 2.077399999999999913e+00 2.688400000000000567e+00 2.758900000000000130e+00 2.401699999999999946e+00 2.411100000000000243e+00
1.000000000000000021e-02 1.000000000000000021e-02 1.000000000000000021e-02 1.000000000000000021e-02 1.000000000000000021e-02 1.000000000000000021e-02 1.000000000000000021e-02 2.279500000000000082e+00 1.522800000000000153e+00 1.456999999999999962e-01 8.600999999999999757e-01 5.405000000000000915e-01 9.869999999999999885e-01 5.217000000000000526e-01 1.193799999999999972e+00 9.212000000000000188e-01 1.551000000000000156e+00 1.973999999999999977e+00 2.260699999999999932e+00 2.326500000000000234e+00 2.129100000000000215e+00 2.058600000000000207e+00 1.804800000000000182e+00 1.790700000000000180e+00 1.109200000000000186e+00 1.264300000000000201e+00 8.178000000000000824e-01 8.084000000000001185e-01 8.271999999999999353e-01 1.151499999999999968e+00 2.147900000000000365e+00 2.368800000000000239e+00 2.246600000000000374e+00 2.679000000000000270e+00 2.758900000000000130e+00 2.744800000000000129e+00 2.406400000000000095e+00
1.000000000000000021e-02 1.000000000000000021e-02 1.000000000000000021e-02 1.000000000000000021e-02 1.000000000000000021e-02 1.000000000000000021e-02 1.978699999999999903e+00 1.522800000000000153e+00 1.010499999999999954e+00 9.870000000000000995e-02 1.692000000000000171e-01 2.679000000000000270e-01 4.700000000000000289e-01 1.001100000000000101e+00 1.250200000000000200e+00 1.071600000000000108e+00 1.043400000000000105e+00 2.049199999999999910e+00 2.068000000000000060e+00 2.312400000000000233e+00 2.350000000000000089e+00 2.302999999999999936e+00 2.255999999999999783e+00 1.814200000000000035e+00 1.109200000000000186e+00 8.271999999999999353e-01 9.964000000000000634e-01 9.541000000000000592e-01 1.612100000000000088e+00 1.682600000000000096e+00 2.265400000000000080e+00 2.260699999999999932e+00 2.274799999999999933e+00 2.646100000000000563e+00 2.740099999999999980e+00 2.406400000000000095e+00 2.387599999999999945e+00
1.000000000000000021e-02 1.000000000000000021e-02 1.000000000000000021e-02 1.000000000000000021e-02 1.000000000000000021e-02 1.945800000000000196e+00 8.459999999999999742e-01 1.518100000000000005e+00 0.000000000000000000e+00 4.465000000000000080e-01 2.820000000000000284e-02 5.169999999999999596e-02 9.212000000000000188e-01 9.541000000000000592e-01 1.367699999999999916e+00 1.179699999999999971e+00 1.706099999999999950e+00 1.743700000000000028e+00 1.753100000000000103e+00 2.260699999999999932e+00 2.335900000000000087e+00 2.392300000000000093e+00 2.519200000000000106e+00 1.875300000000000189e+00 8.413000000000000478e-01 8.225000000000001199e-01 1.287800000000000056e+00 1.339500000000000135e+00 1.889400000000000190e+00 2.331199999999999939e+00 2.279500000000000082e+00 2.255999999999999783e+00 2.302999999999999936e+00 2.185500000000000220e+00 2.237200000000000077e+00 2.298300000000000232e+00 2.345299999999999940e+00
1.000000000000000021e-02 1.000000000000000021e-02 1.000000000000000021e-02 1.000000000000000021e-02 2.608500000000000263e+00 1.301900000000000057e+00 1.240800000000000125e+00 1.574500000000000233e+00 0.000000000000000000e+00 2.350000000000000006e-02 2.209000000000000130e-01 1.456999999999999962e-01 5.452000000000000179e-01 9.682000000000000606e-01 1.790700000000000180e+00 1.959899999999999975e+00 1.621500000000000163e+00 1.715500000000000025e+00 1.992800000000000127e+00 2.119699999999999918e+00 2.204300000000000370e+00 2.354700000000000237e+00 2.693100000000000271e+00 1.706099999999999950e+00 8.037000000000000810e-01 9.071000000000000174e-01 1.076300000000000034e+00 2.241900000000000226e+00 2.227800000000000225e+00 2.312400000000000233e+00 2.298300000000000232e+00 2.284200000000000230e+00 2.124400000000000066e+00 2.063299999999999912e+00 2.039800000000000058e+00 2.199600000000000222e+00 2.298300000000000232e+00
1.000000000000000021e-02 1.000000000000000021e-02 1.000000000000000021e-02 1.000000000000000021e-02 2.223100000000000076e+00 1.541600000000000081e+00 1.306600000000000206e+00 1.170300000000000118e+00 2.256000000000000227e-01 2.820000000000000284e-02 1.833000000000000185e-01 7.049999999999999600e-01 5.875000000000000222e-01 7.332000000000000739e-01 1.922300000000000120e+00 1.720199999999999951e+00 1.668499999999999872e+00 1.790700000000000180e+00 1.959899999999999975e+00 1.691999999999999948e+00 2.359399999999999942e+00 2.378200000000000092e+00 2.312400000000000233e+00 1.212600000000000122e+00 7.802000000000001156e-01 6.110000000000000986e-01 1.292500000000000204e+00 2.486300000000000399e+00 2.472200000000000397e+00 2.650800000000000267e+00 2.702500000000000568e+00 2.373499999999999943e+00 2.434600000000000097e+00 2.350000000000000089e+00 2.270100000000000229e+00 2.354700000000000237e+00 2.317099999999999937e+00
1.000000000000000021e-02 1.000000000000000021e-02 1.000000000000000021e-02 1.000000000000000021e-02 1.880000000000000004e-01 2.162000000000000033e-01 9.165000000000000924e-01 1.273700000000000054e+00 1.109200000000000186e+00 0.000000000000000000e+00 1.927000000000000102e-01 1.081000000000000016e-01 5.922000000000000597e-01 7.049999999999999600e-01 1.898800000000000265e+00 1.706099999999999950e+00 1.800100000000000033e+00 1.837700000000000111e+00 1.536900000000000155e+00 1.724900000000000100e+00 1.668499999999999872e+00 2.143200000000000216e+00 1.767200000000000104e+00 6.955999999999999961e-01 6.157000000000000250e-01 4.841000000000000303e-01 1.367699999999999916e+00 1.837700000000000111e+00 1.743700000000000028e+00 1.348900000000000210e+00 2.481600000000000250e+00 2.702500000000000568e+00 2.683700000000000419e+00 2.345299999999999940e+00 2.552100000000000257e+00 2.632000000000000561e+00 2.707200000000000273e+00
3.760000000000000009e-01 4.324000000000000066e-01 3.901000000000000578e-01 1.504000000000000059e-01 1.363000000000000045e-01 5.358000000000000540e-01 1.414700000000000069e+00 1.419399999999999995e+00 3.008000000000000118e-01 1.363000000000000045e-01 9.400000000000000022e-02 1.222000000000000169e-01 6.204000000000000625e-01 1.137399999999999967e+00 1.038699999999999957e+00 8.554000000000000492e-01 1.269000000000000128e+00 1.880000000000000115e+00 2.152600000000000069e+00 2.255999999999999783e+00 1.000000000000000021e-02 1.000000000000000021e-02 1.109200000000000186e+00 8.131000000000001560e-01 7.802000000000001156e-01 4.982000000000000317e-01 1.292500000000000204e+00 1.198500000000000121e+00 2.819999999999999729e-01 7.567000000000000393e-01 1.212600000000000122e+00 2.707200000000000273e+00 2.688400000000000567e+00 2.688400000000000567e+00 2.255999999999999783e+00 2.669600000000000417e+00 2.679000000000000270e+00
7.049999999999999600e-01 6.063000000000000611e-01 2.538000000000000256e-01 2.303000000000000047e-01 4.512000000000000455e-01 3.102000000000000313e-01 1.363000000000000045e-01 3.713000000000000189e-01 2.444000000000000339e-01 4.934999999999999942e-01 1.222000000000000169e-01 3.337000000000000521e-01 6.110000000000000986e-01 1.165599999999999969e+00 8.600999999999999757e-01 8.648000000000000131e-01 1.118600000000000039e+00 1.146800000000000042e+00 1.212600000000000122e+00 1.000000000000000021e-02 1.000000000000000021e-02 1.000000000000000021e-02 1.000000000000000021e-02 7.708000000000000407e-01 8.413000000000000478e-01 5.076000000000000512e-01 8.413000000000000478e-01 7.990000000000000435e-01 3.102000000000000313e-01 3.008000000000000118e-01 1.212600000000000122e+00 1.269000000000000128e+00 2.702500000000000568e+00 2.697800000000000420e+00 2.213700000000000223e+00 2.246600000000000374e+00 2.664900000000000269e+00
6.814999999999999947e-01 6.768000000000000682e-01 6.862000000000000322e-01 3.290000000000000702e-01 3.854000000000000203e-01 6.392000000000001014e-01 1.315999999999999948e-01 1.645000000000000351e-01 1.081000000000000016e-01 6.627000000000000668e-01 5.968999999999999861e-01 9.212000000000000188e-01 4.747000000000000663e-01 9.071000000000000174e-01 1.231400000000000050e+00 9.259000000000000563e-01 8.131000000000001560e-01 6.580000000000001403e-01 5.968999999999999861e-01 8.225000000000001199e-01 6.204000000000000625e-01 1.000000000000000021e-02 1.000000000000000021e-02 1.226700000000000124e+00 6.814999999999999947e-01 8.084000000000001185e-01 2.961000000000000298e-01 2.913999999999999924e-01 4.559000000000000274e-01 3.807000000000000384e-01 5.968999999999999861e-01 1.739000000000000101e+00 1.790700000000000180e+00 2.660200000000000564e+00 2.397000000000000242e+00 2.251300000000000079e+00 2.246600000000000374e+00
4.512000000000000455e-01 6.345000000000000639e-01 9.494000000000001327e-01 6.392000000000001014e-01 8.318999999999999728e-01 7.285000000000000364e-01 6.251000000000001000e-01 1.551000000000000156e-01 1.504000000000000059e-01 3.807000000000000384e-01 4.888000000000000678e-01 1.645000000000000351e-01 7.567000000000000393e-01 9.541000000000000592e-01 9.917000000000000259e-01 9.259000000000000563e-01 1.052799999999999958e+00 6.768000000000000682e-01 4.888000000000000678e-01 1.339500000000000135e+00 1.193799999999999972e+00 1.038699999999999957e+00 1.066900000000000182e+00 1.151499999999999968e+00 1.000000000000000021e-02 1.673200000000000021e+00 6.251000000000001000e-01 4.888000000000000678e-01 4.653000000000000469e-01 4.465000000000000080e-01 1.109200000000000186e+00 1.771900000000000031e+00 1.851800000000000113e+00 2.641400000000000414e+00 2.664900000000000269e+00 2.255999999999999783e+00 2.096200000000000063e+00
4.277000000000000246e-01 9.118000000000000549e-01 1.217300000000000049e+00 1.348900000000000210e+00 7.332000000000000739e-01 7.802000000000001156e-01 0.000000000000000000e+00 0.000000000000000000e+00 0.000000000000000000e+00 3.477999999999999980e-01 7.614000000000000767e-01 0.000000000000000000e+00 6.204000000000000625e-01 8.037000000000000810e-01 1.118600000000000039e+00 1.231400000000000050e+00 1.076300000000000034e+00 7.567000000000000393e-01 9.682000000000000606e-01 1.419399999999999995e+00 1.203200000000000047e+00 1.771900000000000031e+00 1.602700000000000236e+00 1.179699999999999971e+00 1.677899999999999947e+00 9.541000000000000592e-01 1.118600000000000039e+00 7.802000000000001156e-01 5.263999999999999790e-01 7.708000000000000407e-01 1.489900000000000002e+00 1.776600000000000179e+00 1.865900000000000114e+00 2.514500000000000401e+00 2.505100000000000104e+00 1.955200000000000271e+00 1.908200000000000118e+00
4.934999999999999942e-01 9.353000000000001313e-01 1.198500000000000121e+00 1.104500000000000037e+00 6.016000000000000236e-01 7.049999999999999323e-02 0.000000000000000000e+00 0.000000000000000000e+00 0.000000000000000000e+00 4.888000000000000678e-01 6.486000000000000654e-01 1.645000000000000351e-01 7.190999999999999615e-01 1.052799999999999958e+00 1.306600000000000206e+00 1.076300000000000034e+00 1.071600000000000108e+00 1.001100000000000101e+00 1.339500000000000135e+00 8.271999999999999353e-01 1.193799999999999972e+00 1.179699999999999971e+00 1.739000000000000101e+00 1.729600000000000026e+00 1.207899999999999974e+00 1.489900000000000002e+00 9.165000000000000924e-01 6.814999999999999947e-01 5.875000000000000222e-01 7.661000000000000032e-01 1.048100000000000032e+00 2.697800000000000420e+00 1.969300000000000050e+00 2.063299999999999912e+00 2.063299999999999912e+00 1.931700000000000195e+00 2.063299999999999912e+00
9.353000000000001313e-01 7.426000000000000378e-01 4.888000000000000678e-01 2.867000000000000104e-01 0.000000000000000000e+00 7.003000000000000336e-01 0.000000000000000000e+00 0.000000000000000000e+00 0.000000000000000000e+00 5.170000000000000151e-01 6.533000000000001029e-01 6.908999999999999586e-01 1.179699999999999971e+00 1.151499999999999968e+00 1.132700000000000040e+00 7.190999999999999615e-01 6.204000000000000625e-01 9.212000000000000188e-01 1.551000000000000156e+00 1.043400000000000105e+00 1.066900000000000182e+00 1.818900000000000183e+00 1.861200000000000188e+00 1.875300000000000189e+00 1.842400000000000038e+00 1.259600000000000053e+00 8.789000000000000146e-01 1.118600000000000039e+00 3.477999999999999980e-01 5.122999999999999776e-01 1.217300000000000049e+00 2.392300000000000093e+00 1.884700000000000264e+00 2.091499999999999915e+00 2.129100000000000215e+00 2.053900000000000059e+00 1.851800000000000113e+00
