testcase_input/new_parameters/LAI_conif.dat
ncols         214
nrows         263
xllcorner     382500
yllcorner     7541702
cellsize      16
NODATA_value  -9999
[rows 51 to 67 of 263, columns 37 to 73 of 214]
6.067000000000000171e-01 1.712400000000000144e+00 1.526699999999999946e+00 1.676700000000000079e+00 1.596900000000000208e+00 1.598500000000000032e+00 1.590700000000000225e+00 1.645499999999999963e+00 1.848599999999999799e+00 2.213099999999999845e+00 2.213099999999999845e+00 1.636599999999999833e+00 1.693599999999999994e+00 0.000000000000000000e+00 0.000000000000000000e+00 0.000000000000000000e+00 0.000000000000000000e+00 0.000000000000000000e+00 0.000000000000000000e+00 0.000000000000000000e+00 0.000000000000000000e+00 0.000000000000000000e+00 0.000000000000000000e+00 0.000000000000000000e+00 0.000000000000000000e+00 0.000000000000000000e+00 3.289999999999999869e-02 2.820000000000000284e-02 2.450000000000000233e-01 3.789000000000000146e-01 7.689000000000000279e-01 1.423599999999999977e+00 1.829300000000000148e+00 4.433000000000000274e-01 1.360899999999999999e+00 1.613700000000000134e+00 1.840899999999999981e+00
3.830000000000000071e-01 1.251400000000000068e+00 1.391399999999999970e+00 2.107000000000000206e+00 1.762800000000000145e+00 1.591700000000000115e+00 1.594899999999999984e+00 1.828199999999999825e+00 1.848599999999999799e+00 2.180900000000000283e+00 1.945599999999999996e+00 2.082400000000000251e+00 1.800200000000000244e+00 1.224400000000000155e+00 0.000000000000000000e+00 0.000000000000000000e+00 0.000000000000000000e+00 0.000000000000000000e+00 0.000000000000000000e+00 0.000000000000000000e+00 0.000000000000000000e+00 0.000000000000000000e+00 0.000000000000000000e+00 0.000000000000000000e+00 0.000000000000000000e+00 0.000000000000000000e+00 0.000000000000000000e+00 3.289999999999999869e-02 1.875999999999999890e-01 5.567999999999999616e-01 6.149000000000000021e-01 1.647499999999999964e+00 2.695299999999999585e+00 7.853000000000001091e-01 1.961100000000000065e+00 1.935499999999999998e+00 1.650600000000000067e+00
5.097000000000000419e-01 6.286000000000000476e-01 1.705600000000000005e+00 1.972599999999999909e+00 1.573099999999999943e+00 1.609500000000000153e+00 1.929899999999999949e+00 1.940399999999999903e+00 2.374299999999999855e+00 1.942499999999999893e+00 1.940399999999999903e+00 1.947699999999999987e+00 2.717699999999999783e+00 2.543400000000000105e+00 1.582399999999999807e+00 0.000000000000000000e+00 0.000000000000000000e+00 0.000000000000000000e+00 0.000000000000000000e+00 0.000000000000000000e+00 0.000000000000000000e+00 0.000000000000000000e+00 0.000000000000000000e+00 0.000000000000000000e+00 0.000000000000000000e+00 0.000000000000000000e+00 0.000000000000000000e+00 1.301999999999999824e-01 1.829000000000000070e-01 5.302000000000000046e-01 4.709999999999999742e-01 2.278500000000000192e+00 2.236499999999999932e+00 1.178199999999999914e+00 9.148000000000000576e-01 1.558899999999999952e+00 1.513599999999999834e+00
3.084999999999999964e-01 4.940999999999999837e-01 1.732800000000000118e+00 2.183200000000000252e+00 1.582500000000000018e+00 1.992100000000000204e+00 2.506300000000000416e+00 2.584100000000000286e+00 2.605500000000000149e+00 2.681599999999999984e+00 2.645599999999999952e+00 1.940399999999999903e+00 2.746400000000000396e+00 2.825200000000000156e+00 2.547300000000000342e+00 1.363800000000000123e+00 0.000000000000000000e+00 0.000000000000000000e+00 0.000000000000000000e+00 0.000000000000000000e+00 0.000000000000000000e+00 0.000000000000000000e+00 0.000000000000000000e+00 0.000000000000000000e+00 0.000000000000000000e+00 0.000000000000000000e+00 0.000000000000000000e+00 0.000000000000000000e+00 8.680000000000000215e-02 5.964000000000000412e-01 6.702999999999998959e-01 2.215700000000000003e+00 2.585999999999999854e+00 1.835399999999999920e+00 9.800999999999999712e-01 1.504600000000000160e+00 1.259800000000000031e+00
3.153000000000000247e-01 7.216000000000000192e-01 1.732299999999999951e+00 1.393899999999999917e+00 1.703300000000000036e+00 2.094700000000000006e+00 2.602300000000000058e+00 2.635200000000000209e+00 2.632600000000000051e+00 2.815300000000000580e+00 2.624400000000000066e+00 2.128400000000000070e+00 2.139900000000000357e+00 2.693500000000000227e+00 1.677900000000000169e+00 1.377800000000000136e+00 0.000000000000000000e+00 0.000000000000000000e+00 0.000000000000000000e+00 0.000000000000000000e+00 0.000000000000000000e+00 0.000000000000000000e+00 0.000000000000000000e+00 0.000000000000000000e+00 0.000000000000000000e+00 0.000000000000000000e+00 0.000000000000000000e+00 0.000000000000000000e+00 1.118999999999999995e-01 2.091999999999999971e-01 1.011900000000000022e+00 1.096999999999999975e+00 2.283199999999999896e+00 1.954200000000000159e+00 1.477500000000000036e+00 1.055800000000000072e+00 1.218100000000000183e+00
3.583000000000000074e-01 9.963999999999999524e-01 1.185300000000000020e+00 1.385299999999999976e+00 1.649599999999999955e+00 2.090500000000000025e+00 2.583000000000000185e+00 2.604400000000000048e+00 2.792899999999999938e+00 2.747999999999999776e+00 2.495299999999999851e+00 2.472300000000000164e+00 2.465500000000000025e+00 1.913599999999999968e+00 1.663800000000000168e+00 1.389800000000000146e+00 6.308000000000000274e-01 0.000000000000000000e+00 0.000000000000000000e+00 0.000000000000000000e+00 0.000000000000000000e+00 0.000000000000000000e+00 0.000000000000000000e+00 0.000000000000000000e+00 0.000000000000000000e+00 0.000000000000000000e+00 0.000000000000000000e+00 0.000000000000000000e+00 1.118999999999999995e-01 2.526000000000000467e-01 6.718999999999999417e-01 7.915999999999999703e-01 2.222500000000000142e+00 2.345699999999999896e+00 2.013600000000000279e+00 7.305000000000000382e-01 7.320999999999999730e-01
4.685000000000000275e-01 8.318999999999999728e-01 1.274700000000000166e+00 1.554200000000000026e+00 1.862299999999999844e+00 2.047400000000000109e+00 2.075899999999999856e+00 1.940399999999999903e+00 1.759900000000000020e+00 1.501500000000000057e+00 1.834900000000000198e+00 1.693300000000000027e+00 1.691200000000000259e+00 1.618400000000000283e+00 1.405200000000000005e+00 1.248099999999999987e+00 7.145000000000000240e-01 0.000000000000000000e+00 0.000000000000000000e+00 0.000000000000000000e+00 0.000000000000000000e+00 0.000000000000000000e+00 0.000000000000000000e+00 0.000000000000000000e+00 0.000000000000000000e+00 0.000000000000000000e+00 0.000000000000000000e+00 0.000000000000000000e+00 0.000000000000000000e+00 2.615000000000000102e-01 5.230000000000000204e-01 1.253700000000000037e+00 1.220399999999999929e+00 2.387999999999999901e+00 2.523500000000000298e+00 2.764499999999999957e+00 7.614000000000000767e-01
7.425999999999999268e-01 9.457000000000000961e-01 1.510900000000000132e+00 1.712700000000000111e+00 1.850299999999999834e+00 1.852399999999999824e+00 1.796499999999999986e+00 1.899299999999999988e+00 1.917499999999999982e+00 1.487900000000000000e+00 1.578300000000000036e+00 1.647100000000000231e+00 1.438099999999999934e+00 1.654500000000000082e+00 1.367100000000000204e+00 1.252800000000000136e+00 6.124999999999999334e-01 0.000000000000000000e+00 0.000000000000000000e+00 0.000000000000000000e+00 0.000000000000000000e+00 0.000000000000000000e+00 0.000000000000000000e+00 0.000000000000000000e+00 0.000000000000000000e+00 0.000000000000000000e+00 0.000000000000000000e+00 0.000000000000000000e+00 0.000000000000000000e+00 0.000000000000000000e+00 2.427000000000000268e-01 1.001100000000000101e+00 1.092899999999999983e+00 1.775799999999999823e+00 2.357200000000000184e+00 1.771199999999999886e+00 1.584899999999999975e+00
8.627000000000000224e-01 1.369599999999999929e+00 1.538799999999999946e+00 1.361000000000000210e+00 1.714599999999999902e+00 1.779300000000000104e+00 1.790800000000000169e+00 2.135200000000000209e+00 1.932900000000000063e+00 1.632100000000000106e+00 1.604400000000000048e+00 1.636400000000000077e+00 1.582600000000000229e+00 1.357000000000000206e+00 1.641599999999999948e+00 1.358999999999999986e+00 9.721000000000000751e-01 0.000000000000000000e+00 0.000000000000000000e+00 0.000000000000000000e+00 0.000000000000000000e+00 0.000000000000000000e+00 0.000000000000000000e+00 0.000000000000000000e+00 0.000000000000000000e+00 0.000000000000000000e+00 0.000000000000000000e+00 0.000000000000000000e+00 0.000000000000000000e+00 0.000000000000000000e+00 3.946000000000000618e-01 6.040999999999999703e-01 1.339999999999999858e+00 2.126700000000000035e+00 2.045500000000000096e+00 2.157900000000000151e+00 2.037900000000000045e+00
6.762000000000001343e-01 1.356400000000000050e+00 1.317799999999999860e+00 1.391100000000000003e+00 1.446199999999999930e+00 1.749000000000000110e+00 1.858000000000000096e+00 1.926899999999999835e+00 1.914899999999999824e+00 1.896599999999999842e+00 1.715300000000000047e+00 1.352899999999999991e+00 9.813999999999999391e-01 9.698999999999999844e-01 1.170700000000000074e+00 1.057900000000000063e+00 7.982000000000000206e-01 5.988999999999999879e-01 7.619000000000000217e-01 0.000000000000000000e+00 0.000000000000000000e+00 1.162699999999999845e+00 0.000000000000000000e+00 0.000000000000000000e+00 0.000000000000000000e+00 0.000000000000000000e+00 0.000000000000000000e+00 0.000000000000000000e+00 0.000000000000000000e+00 0.000000000000000000e+00 3.528000000000000025e-01 6.847999999999999643e-01 1.239500000000000046e+00 1.955999999999999961e+00 2.841800000000000104e+00 2.638200000000000323e+00 1.954100000000000170e+00
3.727000000000000313e-01 1.352700000000000014e+00 1.798200000000000021e+00 1.409399999999999986e+00 1.428399999999999892e+00 1.707600000000000007e+00 1.908300000000000107e+00 1.890300000000000313e+00 1.883000000000000007e+00 1.458600000000000119e+00 1.350600000000000023e+00 8.839000000000000190e-01 7.641999999999999904e-01 5.988999999999999879e-01 5.988999999999999879e-01 5.921000000000000707e-01 9.529999999999999583e-01 7.589000000000000190e-01 7.316000000000000281e-01 6.762000000000001343e-01 0.000000000000000000e+00 0.000000000000000000e+00 1.459800000000000209e+00 0.000000000000000000e+00 0.000000000000000000e+00 0.000000000000000000e+00 0.000000000000000000e+00 0.000000000000000000e+00 0.000000000000000000e+00 1.922999999999999987e-01 4.651000000000000689e-01 8.337999999999999856e-01 8.545000000000000373e-01 2.014499999999999957e+00 3.278999999999999915e+00 2.814599999999999991e+00 2.310200000000000031e+00
3.131000000000000449e-01 8.817999999999999172e-01 1.402400000000000091e+00 1.683800000000000185e+00 1.379600000000000160e+00 1.898500000000000076e+00 1.931999999999999940e+00 2.064100000000000268e+00 1.930500000000000105e+00 1.471400000000000041e+00 8.363999999999999213e-01 8.437000000000000055e-01 9.602999999999999314e-01 1.018899999999999917e+00 1.084699999999999998e+00 1.204600000000000115e+00 6.286000000000000476e-01 5.936000000000000165e-01 5.768999999999999684e-01 5.487000000000000766e-01 0.000000000000000000e+00 0.000000000000000000e+00 0.000000000000000000e+00 0.000000000000000000e+00 0.000000000000000000e+00 0.000000000000000000e+00 0.000000000000000000e+00 0.000000000000000000e+00 2.747999999999999887e-01 2.478000000000000203e-01 6.784000000000001140e-01 9.469999999999999529e-01 1.154500000000000082e+00 1.385800000000000143e+00 2.387300000000000200e+00 1.935200000000000031e+00 1.809500000000000108e+00
6.800000000000000488e-02 5.711000000000000520e-01 1.127900000000000125e+00 1.104400000000000048e+00 1.390600000000000058e+00 1.917300000000000004e+00 2.509400000000000297e+00 2.683300000000000018e+00 1.903399999999999981e+00 9.057999999999999385e-01 5.921000000000000707e-01 9.472000000000000419e-01 8.798000000000001375e-01 5.861000000000000654e-01 5.814000000000000279e-01 6.832000000000000295e-01 4.362000000000000322e-01 4.032999999999999918e-01 4.221000000000000307e-01 4.662000000000000588e-01 5.957000000000000073e-01 0.000000000000000000e+00 0.000000000000000000e+00 0.000000000000000000e+00 0.000000000000000000e+00 0.000000000000000000e+00 0.000000000000000000e+00 3.516000000000000236e-01 1.359999999999999924e-02 2.404999999999999916e-01 8.882000000000001005e-01 7.609000000000000208e-01 7.604999999999999538e-01 1.014699999999999935e+00 1.215400000000000036e+00 1.322500000000000231e+00 1.157100000000000017e+00
6.120000000000000440e-02 5.020000000000000018e-01 8.638000000000000123e-01 9.491999999999999327e-01 1.360199999999999854e+00 1.931299999999999795e+00 2.664500000000000313e+00 1.941200000000000037e+00 9.288999999999999480e-01 8.351999999999999424e-01 8.281000000000000583e-01 8.542000000000000703e-01 6.706000000000000849e-01 6.565000000000000835e-01 4.576000000000000068e-01 4.529000000000000248e-01 4.080000000000000293e-01 1.595000000000000029e-01 1.777999999999999858e-01 1.526999999999999746e-01 1.479999999999999927e-01 4.232000000000000206e-01 1.495999999999999830e-01 0.000000000000000000e+00 0.000000000000000000e+00 0.000000000000000000e+00 9.519999999999999296e-02 5.402000000000000135e-01 1.359999999999999924e-02 3.179000000000000159e-01 8.155000000000001137e-01 7.336999999999999078e-01 6.403000000000000913e-01 7.473000000000000753e-01 1.135000000000000009e+00 6.460000000000000187e-01 1.054400000000000004e+00
5.439999999999999697e-02 3.818000000000000282e-01 4.553000000000000380e-01 7.024000000000000243e-01 7.882000000000000117e-01 1.668000000000000149e+00 1.700399999999999912e+00 1.403499999999999970e+00 8.166999999999999815e-01 4.556000000000000050e-01 3.195999999999999952e-01 4.811000000000000276e-01 6.403000000000000913e-01 6.330000000000000071e-01 5.795000000000000151e-01 4.195000000000000395e-01 3.119000000000000106e-01 1.595000000000000029e-01 1.710000000000000131e-01 1.526999999999999746e-01 1.663000000000000034e-01 4.127000000000000668e-01 1.880000000000000004e-01 0.000000000000000000e+00 0.000000000000000000e+00 0.000000000000000000e+00 0.000000000000000000e+00 2.330000000000000127e-01 2.658999999999999697e-01 2.199000000000000121e-01 3.449000000000000399e-01 1.228800000000000114e+00 7.139999999999999680e-01 1.108400000000000052e+00 9.173999999999999932e-01 1.044000000000000039e+00 7.617000000000000437e-01
1.632000000000000117e-01 4.556000000000000050e-01 5.578000000000000735e-01 8.559000000000001052e-01 4.727999999999999980e-01 9.717999999999999972e-01 7.759000000000000341e-01 9.743999999999999329e-01 8.699999999999998845e-01 3.467999999999999972e-01 1.692000000000000171e-01 3.057000000000000273e-01 4.526000000000000023e-01 4.247000000000000219e-01 4.242000000000000770e-01 3.072000000000000286e-01 3.165999999999999925e-01 2.868000000000000549e-01 2.747999999999999887e-01 2.611999999999999877e-01 1.526999999999999746e-01 2.815999999999999615e-01 2.472000000000000031e-01 0.000000000000000000e+00 0.000000000000000000e+00 0.000000000000000000e+00 0.000000000000000000e+00 0.000000000000000000e+00 1.693999999999999950e-01 1.557999999999999940e-01 0.000000000000000000e+00 5.092000000000000970e-01 8.993999999999999773e-01 7.457000000000000295e-01 7.359999999999999876e-01 4.055999999999999606e-01 5.217000000000000526e-01
1.835999999999999854e-01 6.290000000000000036e-01 5.930999999999999606e-01 6.176999999999999158e-01 6.224000000000000643e-01 8.538000000000001144e-01 8.490999999999999659e-01 6.139999999999999902e-01 2.646000000000000019e-01 3.059999999999999942e-01 1.974000000000000199e-01 6.800000000000000488e-02 5.709999999999999520e-01 2.680000000000000160e-01 2.957000000000000184e-01 5.057000000000000384e-01 3.165999999999999925e-01 2.820000000000000284e-02 2.820000000000000284e-02 2.820000000000000284e-02 2.403000000000000136e-01 2.909999999999999809e-01 2.660000000000000142e-01 0.000000000000000000e+00 0.000000000000000000e+00 0.000000000000000000e+00 0.000000000000000000e+00 0.000000000000000000e+00 0.000000000000000000e+00 0.000000000000000000e+00 0.000000000000000000e+00 1.835999999999999854e-01 7.764999999999999680e-01 5.731000000000000538e-01 4.705000000000000293e-01 4.963999999999999524e-01 4.665000000000000258e-01
