testcase_input/new_parameters/LAI_shrub.dat
ncols         214
nrows         263
xllcorner     382500
yllcorner     7541702
cellsize      16
NODATA_value  -9999
[rows 119 to 135 of 263, columns 0 to 36 of 214]
4.473724999999999508e-01 4.230203000000000157e-01 5.133257999999999432e-01 4.231163000000000007e-01 4.593302999999999692e-01 4.631722000000000339e-01 4.904058000000000028e-01 5.314311999999999925e-01 5.233463000000000420e-01 4.235785000000000244e-01 5.200549999999999340e-01 4.743412999999999657e-01 4.645273999999999792e-01 4.654171000000000280e-01 5.017245000000000177e-01 5.131449000000000149e-01 5.022166999999999604e-01 5.639575000000000005e-01 6.583303999999999823e-01 5.969842000000000759e-01 5.932764000000000371e-01 5.666695999999999955e-01 6.322185000000000166e-01 4.718731000000000453e-01 5.381249999999999645e-01 7.225565000000000460e-01 4.089733999999999869e-01 3.544294000000000056e-01 2.909037999999999902e-01 4.385784999999999823e-01 4.197467000000000281e-01 5.192658999999999470e-01 5.954816000000000553e-01 5.626982000000000372e-01 5.404316999999999593e-01 4.611714000000000091e-01 4.913956999999999908e-01
5.016789999999999861e-01 6.370627000000000928e-01 5.895145999999999997e-01 6.282836000000000531e-01 6.114874999999999616e-01 5.159061999999999815e-01 4.764557000000000375e-01 5.312999999999999945e-01 4.714239000000000068e-01 4.622049999999999770e-01 4.223337999999999814e-01 4.228665999999999814e-01 3.649836000000000191e-01 4.388206999999999525e-01 4.923081999999999736e-01 4.256117000000000372e-01 5.151163999999999188e-01 5.714032999999999474e-01 6.357410999999999479e-01 5.946145999999999932e-01 5.622213999999999823e-01 5.835783999999999416e-01 7.270346999999999227e-01 5.149926000000000226e-01 5.820784999999999432e-01 7.042589999999999684e-01 4.756145999999999985e-01 4.620343000000000089e-01 4.186617999999999729e-01 4.664472000000000063e-01 5.015825000000000422e-01 5.811737000000000153e-01 5.545625999999999056e-01 4.554601000000000344e-01 5.072075999999999807e-01 4.773938999999999822e-01 5.037405999999999828e-01
5.606029000000000151e-01 7.146759999999999780e-01 6.156516999999999129e-01 5.757913000000000059e-01 4.676004999999999745e-01 5.116179000000000698e-01 5.127893000000000034e-01 4.545033000000000545e-01 3.593538000000000010e-01 3.904429999999999845e-01 4.959151000000000531e-01 5.164651999999999576e-01 4.475687000000000415e-01 4.263287000000000049e-01 3.931746999999999881e-01 5.269844000000000195e-01 5.143184000000000644e-01 4.927114000000000216e-01 5.097736999999999963e-01 5.989240999999999593e-01 5.498323000000000516e-01 6.136819000000000024e-01 6.925383000000000511e-01 5.014454000000000411e-01 6.485653999999999586e-01 6.809587000000000279e-01 5.727325999999999251e-01 5.987905000000000033e-01 4.566765999999999881e-01 4.630835999999999841e-01 6.039870999999999990e-01 5.992644000000000304e-01 4.951631000000000227e-01 4.154325999999999852e-01 4.694234999999999935e-01 5.249264000000000152e-01 5.421947999999999768e-01
6.840622000000000646e-01 5.536293999999999382e-01 5.832238000000000699e-01 5.954021999999999926e-01 6.384005999999999847e-01 5.764451000000000436e-01 4.811227000000000142e-01 5.016636999999999347e-01 4.106231000000000186e-01 4.524048000000000513e-01 4.287151000000000156e-01 5.647442000000000295e-01 4.199192999999999953e-01 3.521774999999999767e-01 4.025174000000000252e-01 5.773317000000000032e-01 5.477776000000000867e-01 5.846234999999999626e-01 5.851302000000000447e-01 6.148374999999999257e-01 6.384701999999999877e-01 6.212294000000000427e-01 6.105975999999999626e-01 5.228570000000000162e-01 5.465309999999999890e-01 6.187154000000000265e-01 6.766407999999999312e-01 6.907516999999999685e-01 6.276102999999999543e-01 4.718555999999999861e-01 4.554696000000000300e-01 5.389479999999999826e-01 4.951631000000000227e-01 4.829677999999999471e-01 4.694234999999999935e-01 4.357347000000000303e-01 4.812594000000000038e-01
4.622439999999999882e-01 5.820718000000000281e-01 4.775745000000000129e-01 5.427275000000000293e-01 5.296913999999999234e-01 4.958770000000000122e-01 5.153655999999999793e-01 4.967283999999999589e-01 4.212367000000000195e-01 4.100971999999999951e-01 4.091451000000000393e-01 5.045302000000000398e-01 4.614135000000000320e-01 4.079703999999999553e-01 5.906861999999999391e-01 5.848493000000000164e-01 6.249135999999999580e-01 5.228211000000000386e-01 5.638259999999999383e-01 4.612129000000000367e-01 5.952490999999999755e-01 6.547201000000000271e-01 6.075287000000000326e-01 5.398190000000000488e-01 6.109864000000000406e-01 6.229759999999999742e-01 5.101533999999999791e-01 5.207047000000000203e-01 5.340129999999999599e-01 5.092995000000000161e-01 5.396273999999999793e-01 6.568509000000000153e-01 5.267365999999999993e-01 5.047900000000000720e-01 4.661212000000000133e-01 4.276736999999999900e-01 4.524742999999999959e-01
5.762882000000000282e-01 5.512437000000000031e-01 5.141442999999999985e-01 5.352807000000000537e-01 6.603236999999999579e-01 5.891201999999999828e-01 4.476520999999999972e-01 3.843387999999999805e-01 4.331957000000000169e-01 3.751385999999999887e-01 4.022811000000000026e-01 4.224909000000000026e-01 3.924596999999999669e-01 3.997464000000000017e-01 6.312605000000000022e-01 5.039774999999999672e-01 5.951940000000000008e-01 5.064659000000000244e-01 5.254537000000000235e-01 5.138126000000000637e-01 6.647068000000000421e-01 6.703856000000000259e-01 6.098179000000000238e-01 6.455178000000000305e-01 3.844564000000000314e-01 4.621127000000000429e-01 4.484719999999999818e-01 4.016499000000000041e-01 4.625868999999999676e-01 5.093364000000000225e-01 4.965719000000000105e-01 5.163189999999999724e-01 5.049529999999999852e-01 4.597603999999999580e-01 4.135478999999999683e-01 4.448623000000000438e-01 4.474232000000000209e-01
5.384769999999999834e-01 6.219010999999999845e-01 6.487427000000000055e-01 6.532382999999999384e-01 6.281010000000000204e-01 4.975448000000000093e-01 4.300872000000000028e-01 5.065216999999999636e-01 4.101258999999999877e-01 3.696081999999999979e-01 3.801781000000000188e-01 3.430758000000000418e-01 4.166105999999999976e-01 4.426868999999999943e-01 4.354399999999999937e-01 4.541779000000000233e-01 4.602839000000000236e-01 5.113872999999999891e-01 5.270060000000000855e-01 4.384817999999999771e-01 5.466893999999999920e-01 5.992746999999999380e-01 6.554853999999999958e-01 6.328485000000000360e-01 4.666840999999999906e-01 4.621226999999999974e-01 4.601157999999999637e-01 4.586192000000000046e-01 4.832499999999999574e-01 5.093364000000000225e-01 4.888929000000000191e-01 4.763130999999999893e-01 4.670519000000000198e-01 5.092455000000000176e-01 5.068143999999999982e-01 4.841229999999999700e-01 4.342470999999999970e-01
4.296003999999999934e-01 6.375910999999999662e-01 6.227639000000000369e-01 6.370812000000000141e-01 5.752985999999999933e-01 5.366334999999999855e-01 4.639570000000000638e-01 3.862258000000000080e-01 3.619655999999999985e-01 3.968028999999999584e-01 4.208418999999999910e-01 4.268211000000000088e-01 4.518442000000000291e-01 4.766224000000000016e-01 4.250075999999999854e-01 5.390502999999999822e-01 4.102795000000000192e-01 4.529386999999999719e-01 4.837905000000000122e-01 3.517862999999999962e-01 5.667699999999999960e-01 6.027341999999999977e-01 4.477435000000000165e-01 6.442695999999999978e-01 6.408285000000000231e-01 5.779661000000000382e-01 4.805713000000000346e-01 4.914120000000000155e-01 5.086364999999999359e-01 4.791965999999999726e-01 4.751903000000000099e-01 4.657592999999999872e-01 5.615677999999999503e-01 4.909397999999999818e-01 4.476936000000000249e-01 4.517204000000000219e-01 4.468840000000000034e-01
5.052600999999999898e-01 7.266887000000000763e-01 6.222199999999999953e-01 5.172364999999999879e-01 5.791159999999999641e-01 6.906582000000001109e-01 5.090651999999999955e-01 3.462636000000000047e-01 4.130367000000000344e-01 4.368178000000000338e-01 4.357214000000000365e-01 5.010052000000000394e-01 4.383871999999999769e-01 4.749704000000000148e-01 4.657335000000000225e-01 4.902049000000000545e-01 5.182864000000000360e-01 4.424117000000000188e-01 3.858341000000000132e-01 4.433338999999999475e-01 5.791507000000000183e-01 5.872429000000000121e-01 3.988259000000000110e-01 4.206484000000000334e-01 5.950846000000000746e-01 6.799505000000000132e-01 6.311951000000000089e-01 5.676744999999999708e-01 6.728608999999999840e-01 4.254974000000000256e-01 5.635548999999999698e-01 4.886949000000000431e-01 5.417007999999999823e-01 6.063536999999999955e-01 5.659963000000000077e-01 4.407183999999999546e-01 4.541865999999999959e-01
5.618477000000000610e-01 6.405016000000000043e-01 5.997198000000000251e-01 2.930289000000000366e-01 5.125058000000000114e-01 5.772161000000000097e-01 5.063140999999999892e-01 3.972321999999999798e-01 4.368256999999999834e-01 4.115372999999999948e-01 4.695958000000000077e-01 4.610329000000000232e-01 4.847846999999999573e-01 5.511443999999999788e-01 4.759451000000000098e-01 6.369135000000000213e-01 5.053303000000000100e-01 5.648815000000000364e-01 4.494823000000000013e-01 5.507134999999999669e-01 5.021603000000000039e-01 6.010440000000000227e-01 5.300918000000000019e-01 5.413306999999999425e-01 4.902547000000000432e-01 5.026509000000000116e-01 4.786495000000000055e-01 4.291407999999999889e-01 7.124402999999999153e-01 5.911291999999999103e-01 4.858326000000000033e-01 4.889693999999999985e-01 5.776145000000000307e-01 4.491978999999999833e-01 4.873651999999999984e-01 4.664771999999999808e-01 4.815848000000000351e-01
5.296807000000000043e-01 5.788656999999999275e-01 5.868147999999999698e-01 4.586696000000000106e-01 6.092290000000000205e-01 6.639941999999999789e-01 5.902893999999999641e-01 4.100597000000000270e-01 3.713081999999999772e-01 4.725053000000000170e-01 5.394221000000000155e-01 4.094227999999999756e-01 4.652324999999999933e-01 5.308524999999999494e-01 4.671866000000000074e-01 5.291715000000000169e-01 3.915227000000000013e-01 4.352450999999999959e-01 4.456613999999999853e-01 4.051525999999999739e-01 5.390420000000000211e-01 5.937908000000000630e-01 5.054126999999999370e-01 4.420336999999999739e-01 5.206659000000000148e-01 5.281438999999999995e-01 5.066030000000000255e-01 4.765903000000000223e-01 5.372542000000000151e-01 5.131719000000000142e-01 5.924502000000000379e-01 7.553461999999999676e-01 5.492810999999999666e-01 5.713409999999999878e-01 5.104343999999999548e-01 4.585576999999999570e-01 4.457014000000000253e-01
6.171238000000000001e-01 6.699515000000000331e-01 5.926922000000000024e-01 5.460924999999999807e-01 5.223413000000000084e-01 6.408886000000000305e-01 7.071627999999999803e-01 3.769025000000000292e-01 3.647771000000000208e-01 4.763167000000000373e-01 4.669868999999999826e-01 5.198270999999999864e-01 5.255233999999999739e-01 5.618106999999999962e-01 5.505994000000000721e-01 5.597565999999999375e-01 5.002157000000000409e-01 4.961739000000000011e-01 3.951620999999999606e-01 4.631682999999999772e-01 4.944135000000000058e-01 5.622746000000000688e-01 6.114370000000000083e-01 5.008273999999999226e-01 5.925126000000000559e-01 5.510802999999999674e-01 5.401826000000000683e-01 5.923072000000000337e-01 5.779904999999999626e-01 6.756257999999999431e-01 6.149261000000000310e-01 7.222801000000000915e-01 6.166673000000000293e-01 6.334813000000000249e-01 5.436255999999999311e-01 4.280867000000000422e-01 4.823363999999999985e-01
7.389981999999999385e-01 6.564875000000000016e-01 5.135005999999999737e-01 5.112840000000000718e-01 5.747347000000000428e-01 5.947965000000000613e-01 6.519947999999999855e-01 4.196786999999999601e-01 5.025802000000000325e-01 4.556668999999999858e-01 5.187994000000000216e-01 5.975722999999999452e-01 4.905072000000000321e-01 5.156688999999999856e-01 6.162260999999999989e-01 5.782129000000000296e-01 5.942106999999999806e-01 4.760219999999999452e-01 4.343145999999999951e-01 4.431916000000000189e-01 5.257062999999999597e-01 7.036371999999999627e-01 6.384261999999999437e-01 5.831446000000000129e-01 5.626763999999999655e-01 5.744595999999999592e-01 5.050301000000000373e-01 5.576050999999999647e-01 5.483252000000000681e-01 6.843144999999999367e-01 6.370865000000000000e-01 4.451137000000000010e-01 4.875087000000000170e-01 4.762238000000000304e-01 4.409119000000000232e-01 4.746645999999999921e-01 4.746989000000000347e-01
7.343692000000000553e-01 6.205262000000000278e-01 5.725862999999999925e-01 5.284828999999999777e-01 5.260347000000000772e-01 5.439403000000000432e-01 4.904697000000000084e-01 4.176950999999999858e-01 4.228129999999999944e-01 4.553652000000000255e-01 4.837161999999999851e-01 4.543335000000000012e-01 4.702416000000000373e-01 5.548397000000000467e-01 6.200948000000000571e-01 5.950267999999999669e-01 6.171522999999999870e-01 5.170797000000000310e-01 4.718554999999999833e-01 5.119766999999999513e-01 5.639494999999999925e-01 6.181250000000000355e-01 4.121238000000000401e-01 5.817419000000000340e-01 5.715898999999999841e-01 5.778453000000000062e-01 4.998245000000000049e-01 5.150080999999999687e-01 6.394113999999999631e-01 5.525751999999999331e-01 6.725193999999999894e-01 4.333378999999999981e-01 4.736021000000000258e-01 4.643522999999999956e-01 4.829651999999999834e-01 5.019168000000000518e-01 4.943970000000000309e-01
5.708655000000000257e-01 6.606958000000000553e-01 6.437115999999999394e-01 4.160924000000000289e-01 5.600635999999999948e-01 5.939883999999999720e-01 5.765348000000000139e-01 4.639434000000000058e-01 4.302355999999999958e-01 4.217969000000000301e-01 4.443177999999999850e-01 5.139055000000000151e-01 5.229996000000000089e-01 5.398104999999999709e-01 5.333902999999999839e-01 5.728674000000000266e-01 5.907588999999999757e-01 5.943979000000000346e-01 4.643627000000000171e-01 4.747234999999999649e-01 5.923161000000000120e-01 6.175686000000000231e-01 4.436651999999999818e-01 4.783844999999999903e-01 6.117676000000000780e-01 6.151453000000000060e-01 5.875616000000000172e-01 5.023014999999999564e-01 4.103786000000000378e-01 4.993878999999999957e-01 5.845346000000000153e-01 4.760280000000000067e-01 5.038764000000000021e-01 4.351716999999999946e-01 4.835984999999999867e-01 5.144012000000000029e-01 5.360112999999999683e-01
5.927999999999999936e-01 6.656864000000000114e-01 4.409412000000000331e-01 4.485832000000000153e-01 5.109466000000000285e-01 5.371291000000000260e-01 5.323710999999999860e-01 4.870162999999999576e-01 4.778000000000000025e-01 4.364315000000000278e-01 4.251526999999999945e-01 3.847375000000000100e-01 5.573634000000000643e-01 4.792394999999999849e-01 4.305046000000000150e-01 5.197627000000000219e-01 5.664715000000000167e-01 5.019683999999999813e-01 5.510253999999999985e-01 4.443063000000000429e-01 6.413645999999999514e-01 3.970137000000000249e-01 4.205463000000000395e-01 5.139439999999999564e-01 6.577313000000000187e-01 4.884137000000000062e-01 6.366747000000000378e-01 6.679041000000000006e-01 5.335710999999999649e-01 5.702473000000000125e-01 5.109669999999999490e-01 6.108331000000000177e-01 5.444877000000000189e-01 4.723344999999999905e-01 4.603471000000000091e-01 4.685173999999999728e-01 5.018983000000000194e-01
4.706837000000000382e-01 6.485350999999999200e-01 6.271099999999999453e-01 4.298271000000000175e-01 4.240989000000000009e-01 4.472660000000000524e-01 5.405557999999999197e-01 5.033182000000000489e-01 4.990841999999999778e-01 4.094103000000000048e-01 5.009328000000000669e-01 4.763346999999999998e-01 5.202748999999999846e-01 4.960554999999999826e-01 4.004058000000000339e-01 4.091373000000000371e-01 5.675542000000000087e-01 5.609235000000000193e-01 5.143231000000000330e-01 6.028381000000000434e-01 6.452801999999999705e-01 4.678923999999999861e-01 4.832604999999999817e-01 5.702152999999999805e-01 5.012653999999999721e-01 6.538803000000000809e-01 6.237814999999999888e-01 5.104028999999999927e-01 4.818365000000000009e-01 4.932035999999999643e-01 5.168918999999999597e-01 5.764036000000000159e-01 5.104155999999999693e-01 5.016555000000000319e-01 5.028147000000000588e-01 5.691687000000000829e-01 5.369629000000000207e-01
