testcase_input/new_parameters/LAI_spruce.dat
ncols         214
nrows         263
xllcorner     382500
yllcorner     7541702
cellsize      16
NODATA_value  -9999
[rows 0 to 16 of 263, columns 74 to 110 of 214]
2.284200000000000230e+00 2.368800000000000239e+00 2.444000000000000394e+00 2.364100000000000090e+00 2.359399999999999942e+00 2.133800000000000363e+00 2.147900000000000365e+00 2.129100000000000215e+00 2.307700000000000085e+00 2.317099999999999937e+00 2.387599999999999945e+00 2.162000000000000366e+00 1.950500000000000345e+00 1.884700000000000264e+00 1.720199999999999951e+00 1.588600000000000234e+00 1.250200000000000200e+00 1.715500000000000025e+00 1.729600000000000026e+00 4.418000000000000260e-01 4.982000000000000317e-01 5.686999999999999833e-01 7.426000000000000378e-01 1.160900000000000043e+00 1.757800000000000029e+00 1.142100000000000115e+00 6.110000000000000847e-02 1.000000000000000021e-02 1.000000000000000021e-02 2.961000000000000298e-01 1.978699999999999903e+00 2.326500000000000234e+00 2.091499999999999915e+00 2.133800000000000363e+00 2.241900000000000226e+00 2.613200000000000411e+00 2.462800000000000100e+00
2.317099999999999937e+00 2.293600000000000083e+00 2.335900000000000087e+00 2.110300000000000065e+00 2.096200000000000063e+00 2.086800000000000210e+00 2.030400000000000205e+00 2.016300000000000203e+00 2.345299999999999940e+00 2.241900000000000226e+00 2.312400000000000233e+00 2.270100000000000229e+00 2.218400000000000372e+00 2.331199999999999939e+00 2.209000000000000075e+00 1.894100000000000117e+00 1.880000000000000115e+00 1.767200000000000104e+00 1.762500000000000178e+00 5.405000000000000915e-01 6.580000000000001403e-01 6.392000000000001014e-01 6.814999999999999947e-01 8.930000000000000160e-01 8.366000000000000103e-01 2.209000000000000130e-01 1.000000000000000021e-02 1.000000000000000021e-02 1.880000000000000074e-02 3.666000000000000369e-01 2.021000000000000296e-01 1.593300000000000161e+00 1.640300000000000313e+00 1.790700000000000180e+00 1.804800000000000182e+00 2.194900000000000073e+00 2.321800000000000086e+00
2.397000000000000242e+00 2.406400000000000095e+00 2.345299999999999940e+00 2.340600000000000236e+00 2.110300000000000065e+00 2.119699999999999918e+00 2.147900000000000365e+00 2.350000000000000089e+00 2.298300000000000232e+00 2.345299999999999940e+00 2.307700000000000085e+00 2.288899999999999935e+00 2.317099999999999937e+00 2.284200000000000230e+00 2.298300000000000232e+00 2.392300000000000093e+00 1.786000000000000032e+00 1.560400000000000231e+00 1.240800000000000125e+00 9.822999999999999510e-01 5.546000000000000929e-01 6.345000000000000639e-01 6.486000000000000654e-01 9.400000000000000369e-03 1.409999999999999865e-01 1.000000000000000021e-02 1.000000000000000021e-02 1.880000000000000074e-02 1.000000000000000021e-02 1.000000000000000021e-02 5.076000000000000512e-01 8.271999999999999353e-01 1.217300000000000049e+00 1.739000000000000101e+00 1.715500000000000025e+00 2.147900000000000365e+00 2.359399999999999942e+00
2.791799999999999837e+00 2.777699999999999836e+00 2.354700000000000237e+00 2.340600000000000236e+00 2.321800000000000086e+00 2.335900000000000087e+00 2.025700000000000056e+00 2.439300000000000246e+00 2.439300000000000246e+00 2.359399999999999942e+00 2.725999999999999979e+00 2.711899999999999977e+00 2.232500000000000373e+00 2.317099999999999937e+00 2.373499999999999943e+00 2.429899999999999949e+00 1.964599999999999902e+00 1.565100000000000158e+00 1.461699999999999999e+00 1.273700000000000054e+00 6.157000000000000250e-01 6.674000000000001043e-01 4.700000000000000289e-01 7.049999999999999323e-02 1.000000000000000021e-02 9.870000000000000995e-02 7.520000000000000295e-02 2.350000000000000006e-02 1.880000000000000074e-02 1.880000000000000074e-02 1.000000000000000021e-02 4.512000000000000455e-01 8.366000000000000103e-01 1.146800000000000042e+00 1.729600000000000026e+00 2.213700000000000223e+00 2.317099999999999937e+00
2.787100000000000133e+00 2.782399999999999984e+00 2.787100000000000133e+00 2.251300000000000079e+00 2.312400000000000233e+00 2.364100000000000090e+00 2.378200000000000092e+00 2.735399999999999832e+00 2.373499999999999943e+00 2.641400000000000414e+00 2.655500000000000416e+00 2.434600000000000097e+00 2.373499999999999943e+00 1.922300000000000120e+00 2.378200000000000092e+00 2.218400000000000372e+00 2.218400000000000372e+00 1.842400000000000038e+00 1.287800000000000056e+00 1.127999999999999892e+00 9.306000000000000938e-01 4.982000000000000317e-01 0.000000000000000000e+00 1.000000000000000021e-02 6.579999999999999738e-02 8.554000000000000492e-01 9.400000000000000369e-03 3.384000000000000341e-01 2.867000000000000104e-01 6.579999999999999738e-02 2.867000000000000104e-01 3.713000000000000189e-01 8.507000000000000117e-01 1.682600000000000096e+00 2.096200000000000063e+00 2.364100000000000090e+00 2.345299999999999940e+00
2.791799999999999837e+00 2.787100000000000133e+00 2.791799999999999837e+00 2.791799999999999837e+00 2.744800000000000129e+00 2.735399999999999832e+00 2.237200000000000077e+00 2.190200000000000369e+00 2.702500000000000568e+00 2.674300000000000566e+00 2.655500000000000416e+00 1.696700000000000097e+00 1.828300000000000036e+00 1.301900000000000057e+00 1.189100000000000046e+00 1.969300000000000050e+00 2.237200000000000077e+00 2.270100000000000229e+00 1.715500000000000025e+00 1.137399999999999967e+00 4.370999999999999885e-01 5.169999999999999596e-02 1.000000000000000021e-02 0.000000000000000000e+00 4.888000000000000678e-01 1.814200000000000035e+00 9.400000000000000577e-01 3.901000000000000578e-01 1.687300000000000022e+00 1.800100000000000033e+00 1.113900000000000112e+00 1.000000000000000021e-02 1.189100000000000046e+00 1.466400000000000148e+00 2.317099999999999937e+00 2.382900000000000240e+00 2.016300000000000203e+00
2.373499999999999943e+00 2.401699999999999946e+00 2.787100000000000133e+00 2.754199999999999982e+00 2.749499999999999833e+00 2.688400000000000567e+00 2.711899999999999977e+00 1.682600000000000096e+00 1.809500000000000108e+00 1.833000000000000185e+00 2.397000000000000242e+00 2.209000000000000075e+00 2.387599999999999945e+00 1.837700000000000111e+00 1.833000000000000185e+00 1.861200000000000188e+00 1.964599999999999902e+00 2.674300000000000566e+00 1.804800000000000182e+00 7.708000000000000407e-01 2.913999999999999924e-01 1.000000000000000021e-02 7.990000000000000435e-01 4.324000000000000066e-01 5.029000000000000137e-01 1.640300000000000313e+00 7.614000000000000767e-01 7.708000000000000407e-01 2.495700000000000252e+00 2.025700000000000056e+00 2.053900000000000059e+00 8.178000000000000824e-01 1.000000000000000021e-02 1.738999999999999990e-01 2.180800000000000072e+00 2.241900000000000226e+00 1.541600000000000081e+00
2.274799999999999933e+00 2.274799999999999933e+00 2.735399999999999832e+00 2.730700000000000127e+00 2.655500000000000416e+00 2.599100000000000410e+00 2.688400000000000567e+00 2.378200000000000092e+00 7.567000000000000393e-01 7.943000000000001171e-01 1.748399999999999954e+00 1.691999999999999948e+00 2.397000000000000242e+00 2.382900000000000240e+00 1.696700000000000097e+00 1.959899999999999975e+00 2.068000000000000060e+00 2.166700000000000070e+00 1.123300000000000187e+00 5.593000000000000194e-01 1.000000000000000021e-02 1.269000000000000128e-01 7.849000000000000421e-01 8.600999999999999757e-01 8.084000000000001185e-01 8.271999999999999353e-01 7.802000000000001156e-01 1.851800000000000113e+00 1.781300000000000106e+00 2.589700000000000113e+00 2.359399999999999942e+00 6.204000000000000625e-01 1.000000000000000021e-02 1.410000000000000142e-02 1.978699999999999903e+00 1.837700000000000111e+00 1.489900000000000002e+00
2.679000000000000270e+00 2.392300000000000093e+00 2.669600000000000417e+00 2.627300000000000413e+00 2.585000000000000409e+00 2.505100000000000104e+00 2.495700000000000252e+00 2.481600000000000250e+00 2.716600000000000126e+00 2.068000000000000060e+00 2.086800000000000210e+00 1.461699999999999999e+00 2.406400000000000095e+00 2.425200000000000244e+00 2.411100000000000243e+00 2.058600000000000207e+00 1.635600000000000165e+00 1.118600000000000039e+00 1.000000000000000021e-02 1.000000000000000021e-02 7.661000000000000032e-01 8.037000000000000810e-01 7.661000000000000032e-01 8.225000000000001199e-01 1.109200000000000186e+00 7.003000000000000336e-01 8.178000000000000824e-01 1.062200000000000033e+00 1.442900000000000071e+00 2.002200000000000202e+00 1.786000000000000032e+00 1.132700000000000040e+00 8.930000000000000437e-02 1.081000000000000016e-01 1.052799999999999958e+00 1.287800000000000056e+00 1.283100000000000129e+00
2.180800000000000072e+00 2.199600000000000222e+00 2.613200000000000411e+00 2.570900000000000407e+00 2.533300000000000107e+00 2.505100000000000104e+00 2.509800000000000253e+00 2.002200000000000202e+00 1.950500000000000345e+00 1.950500000000000345e+00 1.936400000000000121e+00 1.513400000000000079e+00 1.132700000000000040e+00 2.152600000000000069e+00 1.889400000000000190e+00 1.160900000000000043e+00 1.127999999999999892e+00 1.000000000000000021e-02 1.000000000000000021e-02 1.151499999999999968e+00 1.532200000000000006e+00 1.189100000000000046e+00 4.841000000000000303e-01 1.085700000000000109e+00 1.071600000000000108e+00 7.520000000000000018e-01 7.049999999999999600e-01 8.695000000000000506e-01 1.207899999999999974e+00 1.687300000000000022e+00 1.645000000000000240e+00 1.156200000000000117e+00 5.639999999999999458e-01 1.000000000000000021e-02 5.076000000000000512e-01 8.741999999999999771e-01 1.320700000000000207e+00
2.688400000000000567e+00 2.697800000000000420e+00 2.707200000000000273e+00 2.716600000000000126e+00 2.688400000000000567e+00 1.997500000000000053e+00 1.959899999999999975e+00 1.955200000000000271e+00 1.950500000000000345e+00 1.959899999999999975e+00 1.386500000000000066e+00 1.743700000000000028e+00 1.071600000000000108e+00 1.113900000000000112e+00 1.062200000000000033e+00 1.015200000000000102e+00 1.000000000000000021e-02 1.000000000000000021e-02 1.640300000000000313e+00 2.679000000000000270e+00 2.411100000000000243e+00 1.884700000000000264e+00 7.520000000000000018e-01 5.029000000000000137e-01 6.768000000000000682e-01 7.144000000000000350e-01 6.768000000000000682e-01 1.278400000000000203e+00 1.494600000000000151e+00 1.654399999999999871e+00 1.875300000000000189e+00 1.734299999999999953e+00 1.198500000000000121e+00 4.277000000000000246e-01 9.400000000000000369e-03 6.298000000000000265e-01 1.959899999999999975e+00
2.664900000000000269e+00 2.669600000000000417e+00 2.664900000000000269e+00 2.660200000000000564e+00 2.660200000000000564e+00 2.664900000000000269e+00 1.898800000000000265e+00 2.115000000000000213e+00 2.110300000000000065e+00 1.908200000000000118e+00 1.325400000000000134e+00 1.461699999999999999e+00 9.118000000000000549e-01 8.318999999999999728e-01 5.922000000000000597e-01 1.000000000000000021e-02 1.000000000000000021e-02 1.626200000000000312e+00 2.105599999999999916e+00 2.476900000000000102e+00 2.472200000000000397e+00 1.931700000000000195e+00 8.695000000000000506e-01 6.110000000000000986e-01 6.298000000000000265e-01 5.311000000000000165e-01 3.572000000000000175e-01 6.955999999999999961e-01 1.170300000000000118e+00 1.973999999999999977e+00 1.856500000000000261e+00 1.880000000000000115e+00 1.231400000000000050e+00 4.324000000000000066e-01 1.000000000000000021e-02 6.908999999999999586e-01 2.387599999999999945e+00
2.608500000000000263e+00 2.566200000000000259e+00 2.298300000000000232e+00 2.646100000000000563e+00 2.660200000000000564e+00 2.679000000000000270e+00 2.688400000000000567e+00 2.162000000000000366e+00 2.378200000000000092e+00 1.424099999999999921e+00 1.414700000000000069e+00 9.118000000000000549e-01 8.789000000000000146e-01 8.930000000000000437e-02 1.000000000000000021e-02 1.000000000000000021e-02 1.964599999999999902e+00 2.091499999999999915e+00 2.660200000000000564e+00 2.542700000000000404e+00 2.519200000000000106e+00 2.166700000000000070e+00 7.567000000000000393e-01 8.459999999999999742e-01 5.968999999999999861e-01 4.747000000000000663e-01 6.908999999999999586e-01 4.794000000000000483e-01 1.184400000000000119e+00 1.673200000000000021e+00 2.152600000000000069e+00 1.856500000000000261e+00 8.318999999999999728e-01 2.256000000000000227e-01 1.000000000000000021e-02 6.862000000000000322e-01 2.368800000000000239e+00
2.650800000000000267e+00 2.636700000000000266e+00 2.270100000000000229e+00 2.274799999999999933e+00 2.439300000000000246e+00 2.481600000000000250e+00 2.491000000000000103e+00 2.707200000000000273e+00 2.378200000000000092e+00 1.654399999999999871e+00 1.137399999999999967e+00 1.024599999999999955e+00 2.491000000000000159e-01 1.000000000000000021e-02 1.000000000000000021e-02 1.132700000000000040e+00 2.110300000000000065e+00 2.679000000000000270e+00 2.679000000000000270e+00 2.711899999999999977e+00 1.908200000000000118e+00 1.833000000000000185e+00 8.271999999999999353e-01 9.917000000000000259e-01 5.029000000000000137e-01 1.315999999999999948e-01 7.755000000000000782e-01 7.096999999999999975e-01 7.049999999999999600e-01 1.682600000000000096e+00 2.255999999999999783e+00 2.133800000000000363e+00 1.052799999999999958e+00 5.546000000000000929e-01 1.000000000000000021e-02 7.332000000000000739e-01 2.429899999999999949e+00
1.856500000000000261e+00 2.725999999999999979e+00 2.725999999999999979e+00 2.702500000000000568e+00 2.636700000000000266e+00 2.650800000000000267e+00 2.664900000000000269e+00 2.049199999999999910e+00 1.936400000000000121e+00 1.212600000000000122e+00 1.071600000000000108e+00 6.157000000000000250e-01 1.000000000000000021e-02 1.048100000000000032e+00 1.118600000000000039e+00 1.217300000000000049e+00 2.302999999999999936e+00 2.364100000000000090e+00 1.894100000000000117e+00 1.795400000000000107e+00 1.137399999999999967e+00 1.226700000000000124e+00 1.109200000000000186e+00 6.862000000000000322e-01 7.614000000000000767e-01 6.110000000000000986e-01 7.285000000000000364e-01 6.721000000000001418e-01 6.157000000000000250e-01 5.639999999999999458e-01 5.781000000000000583e-01 2.218400000000000372e+00 1.945800000000000196e+00 8.413000000000000478e-01 1.000000000000000021e-02 1.123300000000000187e+00 2.401699999999999946e+00
2.702500000000000568e+00 2.721299999999999830e+00 2.725999999999999979e+00 2.735399999999999832e+00 2.735399999999999832e+00 2.725999999999999979e+00 2.650800000000000267e+00 2.679000000000000270e+00 2.072700000000000209e+00 1.156200000000000117e+00 7.896000000000000796e-01 1.000000000000000021e-02 7.096999999999999975e-01 1.691999999999999948e+00 2.166700000000000070e+00 2.166700000000000070e+00 2.185500000000000220e+00 2.368800000000000239e+00 2.147900000000000365e+00 1.118600000000000039e+00 1.311300000000000132e+00 6.486000000000000654e-01 9.118000000000000549e-01 9.822999999999999510e-01 1.015200000000000102e+00 5.405000000000000915e-01 8.084000000000001185e-01 5.781000000000000583e-01 4.465000000000000080e-01 4.418000000000000260e-01 5.827999999999999847e-01 4.982000000000000317e-01 1.137399999999999967e+00 7.990000000000000435e-01 6.486000000000000654e-01 1.880000000000000115e+00 2.350000000000000089e+00
2.171400000000000219e+00 2.702500000000000568e+00 2.382900000000000240e+00 2.392300000000000093e+00 2.777699999999999836e+00 2.288899999999999935e+00 2.166700000000000070e+00 1.973999999999999977e+00 1.659100000000000019e+00 1.104500000000000037e+00 1.000000000000000021e-02 1.851800000000000113e+00 2.364100000000000090e+00 2.632000000000000561e+00 2.735399999999999832e+00 2.251300000000000079e+00 2.223100000000000076e+00 2.664900000000000269e+00 2.194900000000000073e+00 1.687300000000000022e+00 1.029300000000000104e+00 4.653000000000000469e-01 8.741999999999999771e-01 9.494000000000001327e-01 1.085700000000000109e+00 1.137399999999999967e+00 7.426000000000000378e-01 5.358000000000000540e-01 4.794000000000000483e-01 4.135999999999999677e-01 3.995000000000000218e-01 4.418000000000000260e-01 1.297200000000000131e+00 1.127999999999999892e+00 1.000000000000000021e-02 1.123300000000000187e+00 2.265400000000000080e+00
