testcase_input/new_parameters/LAI_grass.dat
ncols         214
nrows         263
xllcorner     382500
yllcorner     7541702
cellsize      16
NODATA_value  -9999
[rows 51 to 67 of 263, columns 148 to 184 of 214]
1.961906999999999957e-01 2.347962000000000105e-01 2.061429999999999929e-01 2.131987999999999939e-01 2.429084999999999994e-01 2.659117999999999760e-01 2.234687999999999952e-01 1.955019000000000062e-01 1.817341000000000095e-01 1.919880999999999949e-01 1.742595999999999867e-01 2.712771999999999961e-01 1.784378000000000075e-01 1.312688999999999939e-01 1.200563000000000047e-01 1.215180000000000010e-01 1.335977000000000137e-01 1.643885999999999958e-01 1.554354000000000013e-01 1.620582999999999885e-01 1.702882000000000007e-01 1.488491999999999871e-01 1.313042000000000098e-01 1.242078999999999961e-01 1.239566000000000001e-01 1.264385000000000092e-01 1.527711999999999959e-01 1.620437999999999878e-01 2.663810999999999818e-01 1.976610000000000034e-01 1.943645999999999985e-01 2.144879000000000091e-01 2.702917000000000236e-01 2.509039000000000130e-01 1.860304000000000124e-01 1.642708999999999975e-01 1.472218999999999889e-01
1.935966000000000076e-01 2.033929999999999905e-01 2.192602999999999913e-01 2.110480999999999885e-01 2.705009999999999915e-01 2.369243000000000043e-01 2.074885999999999953e-01 1.863285000000000080e-01 2.625666999999999862e-01 2.677230999999999916e-01 2.382218999999999864e-01 3.174778999999999796e-01 2.302271999999999930e-01 1.382637999999999923e-01 1.536657999999999913e-01 1.499776999999999916e-01 1.499556999999999973e-01 1.782928000000000013e-01 1.454609000000000041e-01 1.348830000000000029e-01 1.538008999999999904e-01 1.505406999999999995e-01 1.587601999999999902e-01 1.653380000000000127e-01 1.810620000000000007e-01 1.447682000000000135e-01 1.626263000000000014e-01 1.640052999999999928e-01 1.699702999999999908e-01 1.543218000000000090e-01 1.407432999999999879e-01 1.867153000000000007e-01 1.573133999999999921e-01 2.333073999999999981e-01 1.952983000000000080e-01 2.011106000000000005e-01 1.331144999999999967e-01
1.929876000000000091e-01 2.501650000000000262e-01 2.291066999999999965e-01 2.114748999999999934e-01 2.849635999999999836e-01 2.133102000000000054e-01 2.075750000000000095e-01 2.087302000000000046e-01 2.442601000000000078e-01 2.225715000000000054e-01 2.324728000000000072e-01 2.119640999999999886e-01 2.747120000000000117e-01 1.745472000000000135e-01 1.609225999999999990e-01 1.451003999999999905e-01 1.930061999999999889e-01 1.781607000000000052e-01 1.618480999999999947e-01 1.549967999999999901e-01 1.479966000000000059e-01 1.377983000000000124e-01 1.604176999999999964e-01 1.474145000000000039e-01 2.016583999999999877e-01 1.471448999999999951e-01 1.366428000000000087e-01 1.197948000000000068e-01 1.282893999999999979e-01 1.568711999999999884e-01 1.481562999999999908e-01 1.298249999999999960e-01 1.741405000000000036e-01 1.718509000000000009e-01 1.981693999999999956e-01 1.580166000000000071e-01 1.589219000000000048e-01
1.727518000000000109e-01 2.914323999999999804e-01 2.375828000000000106e-01 2.517683000000000004e-01 2.478893000000000069e-01 2.391809000000000018e-01 2.037883000000000056e-01 2.417101999999999862e-01 2.376346000000000014e-01 2.245711999999999986e-01 2.362403999999999893e-01 1.764547999999999950e-01 1.830884999999999874e-01 1.576681000000000055e-01 1.966171999999999920e-01 2.827348000000000083e-01 2.411671999999999982e-01 2.334681999999999868e-01 1.518654999999999866e-01 1.524471000000000021e-01 1.852477999999999903e-01 1.823815000000000019e-01 1.807881000000000071e-01 1.711523000000000072e-01 1.425105000000000122e-01 1.473027000000000086e-01 1.288795000000000079e-01 1.204614999999999991e-01 1.471737999999999935e-01 1.223638999999999977e-01 1.356574999999999864e-01 1.782312000000000063e-01 1.865536999999999890e-01 1.819207999999999936e-01 1.713243999999999878e-01 1.748439999999999994e-01 2.237026000000000014e-01
2.030068999999999901e-01 2.602480999999999822e-01 2.559941000000000022e-01 2.626800000000000246e-01 2.318220000000000003e-01 2.253495000000000081e-01 1.956971999999999878e-01 2.041508999999999963e-01 1.780648999999999982e-01 1.834558000000000022e-01 1.715301999999999938e-01 1.689688000000000023e-01 1.729920000000000069e-01 1.868863000000000052e-01 1.962655000000000094e-01 2.639644999999999908e-01 1.806260000000000088e-01 2.045850999999999920e-01 2.052082000000000073e-01 1.772302000000000044e-01 1.720585000000000031e-01 1.836630999999999958e-01 2.077936999999999979e-01 1.536586000000000063e-01 1.639463999999999921e-01 1.500101000000000073e-01 1.291870999999999992e-01 1.449579000000000006e-01 1.460857000000000128e-01 1.502942999999999918e-01 1.505025000000000113e-01 1.613909000000000038e-01 1.581114000000000130e-01 1.607372999999999996e-01 1.692412000000000083e-01 1.714064999999999894e-01 1.620667000000000080e-01
2.677676999999999974e-01 2.231886999999999899e-01 2.827644999999999742e-01 1.981980000000000131e-01 1.910038000000000014e-01 2.097036999999999929e-01 2.020476999999999967e-01 2.031841000000000064e-01 1.941323000000000076e-01 1.871865000000000057e-01 1.757005000000000094e-01 1.645094000000000001e-01 1.613873000000000113e-01 1.718454000000000093e-01 2.034405999999999992e-01 1.784889000000000059e-01 2.025386999999999882e-01 1.757279999999999953e-01 1.745608999999999911e-01 1.778647999999999896e-01 2.588366999999999751e-01 1.949479000000000073e-01 1.503974999999999895e-01 1.445723999999999898e-01 1.586323000000000039e-01 1.422757000000000049e-01 1.510114999999999930e-01 1.536060999999999954e-01 1.562914999999999999e-01 1.384480999999999906e-01 1.281113999999999864e-01 1.355086000000000068e-01 1.526837000000000055e-01 1.479988999999999888e-01 1.579315000000000024e-01 1.519556999999999991e-01 1.814197999999999922e-01
2.210711999999999955e-01 2.391086000000000045e-01 2.089437000000000100e-01 2.325221000000000093e-01 2.627419999999999756e-01 2.611456999999999806e-01 2.081366000000000049e-01 2.059443999999999997e-01 2.024369000000000030e-01 1.867018000000000011e-01 1.975249000000000033e-01 1.897887000000000046e-01 2.370252999999999943e-01 2.142815000000000136e-01 2.044080000000000064e-01 2.050717999999999985e-01 1.732846000000000108e-01 1.686601000000000072e-01 2.334989000000000092e-01 2.195332000000000117e-01 2.063462000000000074e-01 1.545752999999999988e-01 1.642094000000000054e-01 1.691209999999999936e-01 1.728948999999999903e-01 1.658592000000000122e-01 1.571977999999999986e-01 1.456375000000000031e-01 1.503462999999999883e-01 1.422731999999999886e-01 1.341810999999999976e-01 1.637822999999999918e-01 1.483546000000000031e-01 1.679288999999999921e-01 1.635558000000000012e-01 1.781048000000000076e-01 2.142796999999999896e-01
2.417837999999999932e-01 2.145253000000000021e-01 1.713204000000000116e-01 1.888952000000000131e-01 2.093416999999999917e-01 2.258181999999999967e-01 2.052268999999999899e-01 2.459888000000000075e-01 2.522136999999999851e-01 2.559822999999999960e-01 2.320173000000000096e-01 2.439541000000000071e-01 2.251290999999999987e-01 1.646498999999999879e-01 2.144647000000000081e-01 2.050974999999999882e-01 1.803632000000000013e-01 1.781528000000000000e-01 2.115588999999999942e-01 1.908716000000000024e-01 2.090187000000000017e-01 1.666825000000000112e-01 1.834513000000000116e-01 1.766517999999999977e-01 1.699939000000000033e-01 1.721507999999999927e-01 1.631304000000000087e-01 1.750435999999999936e-01 1.449272000000000060e-01 1.663750999999999980e-01 1.450773999999999953e-01 1.912167999999999923e-01 1.710118999999999945e-01 1.614645000000000108e-01 1.933526000000000133e-01 1.991536999999999891e-01 1.830807000000000129e-01
2.111875000000000002e-01 1.828671000000000046e-01 2.116346000000000060e-01 2.073473000000000122e-01 1.864729999999999999e-01 2.883615999999999957e-01 2.039880000000000027e-01 3.010300000000000198e-01 3.050252999999999992e-01 3.098493999999999970e-01 2.831232000000000193e-01 2.348211000000000048e-01 2.837079000000000129e-01 2.188149000000000066e-01 1.714497000000000104e-01 1.613172999999999968e-01 1.477507999999999877e-01 1.718454000000000093e-01 1.919453000000000131e-01 1.646334999999999882e-01 1.786847000000000019e-01 1.836465999999999932e-01 1.896183999999999925e-01 1.671040000000000025e-01 2.030864000000000003e-01 1.670059999999999878e-01 2.103228000000000042e-01 1.361979000000000106e-01 1.462596999999999925e-01 1.843855000000000077e-01 1.411959999999999882e-01 1.517522000000000038e-01 1.428153000000000061e-01 1.821158999999999972e-01 1.676879000000000008e-01 2.061969999999999914e-01 2.648787000000000225e-01
1.979200000000000126e-01 1.567282000000000119e-01 1.649143999999999888e-01 2.091085000000000027e-01 2.372054000000000107e-01 2.416823999999999917e-01 2.303878000000000037e-01 3.413919999999999733e-01 3.404799000000000020e-01 3.343517999999999768e-01 2.911579000000000250e-01 2.889862999999999738e-01 2.828707999999999778e-01 2.214726999999999946e-01 2.235042999999999891e-01 2.310602999999999962e-01 1.479885999999999979e-01 1.540591000000000044e-01 1.833170000000000077e-01 1.618419000000000108e-01 1.692729000000000039e-01 1.565842000000000067e-01 1.814311999999999869e-01 1.704598999999999975e-01 1.787397000000000014e-01 1.424372999999999889e-01 1.593806000000000112e-01 1.533044000000000073e-01 1.812420999999999893e-01 1.577513000000000110e-01 1.858912000000000064e-01 1.452771999999999952e-01 1.390987999999999947e-01 1.334567999999999866e-01 1.673488999999999949e-01 1.959008000000000138e-01 2.356541000000000052e-01
1.846885000000000054e-01 1.925484000000000084e-01 1.640506999999999938e-01 2.105489999999999862e-01 2.418133000000000088e-01 2.358697999999999906e-01 3.303593000000000224e-01 3.464290999999999898e-01 4.021082999999999741e-01 3.371583000000000219e-01 2.805321000000000065e-01 3.098670000000000035e-01 3.092923000000000200e-01 3.156965999999999939e-01 2.992295999999999845e-01 2.351978000000000124e-01 1.465261999999999953e-01 1.656383999999999912e-01 1.640589000000000075e-01 1.486562999999999912e-01 1.464843000000000117e-01 1.612499000000000016e-01 1.360870999999999886e-01 1.730704999999999882e-01 1.692372000000000043e-01 1.447023000000000059e-01 1.481588000000000072e-01 1.431294999999999928e-01 2.789129000000000191e-01 1.455372000000000055e-01 2.400458000000000036e-01 1.432212999999999958e-01 1.810221999999999942e-01 1.361158000000000090e-01 1.588255000000000083e-01 1.512100999999999862e-01 1.966386999999999996e-01
1.645957000000000114e-01 1.423963000000000034e-01 1.819773000000000085e-01 1.815303000000000055e-01 2.577188000000000256e-01 2.301583000000000101e-01 2.759665000000000035e-01 3.611782000000000048e-01 3.959192000000000267e-01 3.985714000000000201e-01 3.959244000000000097e-01 4.463880000000000070e-01 4.855176999999999965e-01 4.297416000000000014e-01 3.520162000000000013e-01 2.493893000000000082e-01 2.166086000000000122e-01 2.314133999999999913e-01 1.802046999999999954e-01 1.673458999999999919e-01 1.592456999999999900e-01 1.607591999999999910e-01 1.810665999999999942e-01 2.010299000000000114e-01 1.498667999999999945e-01 1.860519999999999952e-01 1.435749000000000053e-01 1.575624999999999942e-01 1.591481999999999897e-01 1.796213999999999866e-01 1.626758000000000093e-01 1.441534999999999900e-01 1.909988999999999992e-01 1.629924000000000095e-01 1.756950999999999929e-01 2.774469999999999992e-01 1.615586999999999995e-01
1.616283000000000025e-01 1.295310000000000072e-01 2.109007999999999994e-01 1.913383999999999918e-01 2.183952000000000115e-01 2.317270999999999914e-01 3.111195999999999962e-01 3.591432999999999987e-01 2.937949999999999728e-01 3.933902000000000232e-01 5.017557999999999740e-01 4.928267000000000064e-01 5.368216000000000099e-01 4.900635999999999881e-01 3.520403999999999756e-01 2.825724000000000014e-01 2.263393999999999961e-01 1.994364000000000137e-01 1.845758999999999872e-01 1.737631000000000037e-01 1.209580999999999990e-01 1.600059000000000065e-01 1.679260999999999948e-01 1.715295000000000014e-01 1.564454000000000122e-01 1.302423000000000053e-01 1.426750999999999991e-01 1.410534999999999983e-01 2.105780999999999903e-01 1.563593000000000066e-01 1.445879999999999943e-01 1.274525999999999992e-01 1.512230999999999992e-01 1.706461999999999979e-01 1.908030000000000004e-01 2.974752999999999981e-01 1.737162999999999902e-01
1.562056000000000000e-01 1.735677999999999943e-01 3.199582999999999733e-01 1.748660999999999965e-01 2.141714999999999869e-01 1.814221000000000028e-01 2.523024999999999851e-01 3.202408999999999950e-01 2.659322000000000075e-01 4.140595000000000248e-01 5.039304000000000006e-01 5.564634000000000524e-01 5.408796999999999633e-01 4.714621999999999979e-01 4.741088999999999998e-01 4.484400000000000053e-01 4.228210000000000024e-01 2.449433000000000027e-01 2.688195999999999919e-01 1.576145999999999936e-01 1.626959000000000044e-01 1.417717000000000005e-01 2.322998000000000007e-01 1.502767999999999882e-01 1.870134999999999992e-01 1.439941999999999889e-01 1.693608000000000058e-01 1.877759999999999985e-01 1.552005999999999941e-01 1.199838000000000016e-01 1.890831000000000039e-01 2.518759999999999888e-01 1.347657999999999912e-01 1.689472999999999947e-01 2.233838999999999964e-01 2.553485999999999811e-01 2.734003999999999879e-01
1.820685999999999971e-01 2.191404000000000130e-01 2.336544000000000121e-01 1.867051999999999878e-01 1.874846000000000013e-01 2.110535000000000050e-01 2.614358999999999988e-01 2.769983999999999780e-01 3.498095999999999983e-01 3.922841000000000244e-01 4.281059999999999865e-01 5.500178999999999485e-01 5.408796999999999633e-01 4.373375999999999930e-01 5.443419000000000452e-01 5.333489999999999620e-01 4.522473000000000187e-01 2.738651999999999753e-01 2.028298000000000045e-01 1.696162999999999976e-01 1.832419999999999882e-01 1.860360000000000069e-01 1.808306000000000080e-01 1.536230000000000095e-01 1.755194999999999950e-01 1.669293000000000027e-01 1.987355000000000094e-01 1.542622999999999911e-01 1.949132000000000087e-01 1.812429999999999874e-01 1.404677000000000009e-01 1.619227000000000027e-01 1.390284999999999993e-01 2.161956999999999907e-01 4.418573000000000084e-01 3.106513000000000191e-01 3.985311000000000270e-01
1.752935999999999939e-01 1.873004000000000058e-01 2.191404000000000130e-01 1.898890000000000022e-01 1.691658000000000051e-01 2.046036999999999995e-01 2.327744999999999953e-01 2.877890000000000170e-01 2.434012000000000120e-01 3.695876000000000161e-01 4.216548999999999991e-01 5.500178999999999485e-01 4.952129000000000114e-01 4.527720000000000078e-01 5.072984000000000382e-01 5.323837000000000153e-01 4.439735000000000209e-01 2.228844000000000103e-01 2.603111000000000175e-01 1.803929999999999978e-01 1.711714000000000013e-01 2.125138000000000027e-01 2.291824000000000083e-01 1.529860000000000109e-01 2.001390000000000113e-01 1.513092000000000048e-01 1.574123000000000050e-01 1.678524000000000127e-01 1.619867999999999864e-01 1.344474999999999976e-01 1.426171999999999995e-01 1.342663000000000051e-01 1.450298999999999894e-01 3.071788999999999770e-01 3.709844999999999948e-01 3.679857999999999740e-01 3.821138000000000035e-01
1.801708999999999949e-01 2.097766000000000075e-01 2.114746000000000126e-01 1.893352000000000090e-01 1.942686999999999886e-01 2.144871000000000139e-01 2.127864999999999895e-01 2.223788999999999905e-01 2.311079000000000050e-01 2.773509000000000113e-01 3.927783000000000246e-01 4.136368000000000267e-01 3.923589000000000104e-01 3.885481000000000074e-01 4.760823000000000138e-01 4.975975999999999733e-01 4.041931999999999747e-01 3.125680000000000125e-01 2.218346999999999958e-01 1.736409999999999898e-01 2.100017000000000134e-01 2.164947999999999873e-01 1.805136999999999992e-01 1.584727999999999970e-01 1.751560000000000061e-01 1.991175000000000028e-01 1.896737000000000006e-01 1.716402999999999957e-01 1.559667000000000137e-01 1.661333000000000115e-01 1.477136000000000005e-01 1.437377999999999989e-01 1.296893000000000074e-01 1.528457000000000010e-01 2.256684999999999941e-01 4.286056999999999784e-01 3.867547000000000068e-01
