testcase_input/new_parameters/LAI_conif.dat
ncols         214
nrows         263
xllcorner     382500
yllcorner     7541702
cellsize      16
NODATA_value  -9999
[rows 119 to 135 of 263, columns 0 to 36 of 214]
2.662799999999999834e+00 2.761700000000000710e+00 2.848399999999999821e+00 2.844199999999999839e+00 2.833800000000000541e+00 1.933300000000000018e+00 2.024899999999999700e+00 2.217799999999999994e+00 2.587299999999999933e+00 2.888600000000000279e+00 2.738600000000000367e+00 2.381500000000000394e+00 2.281600000000000072e+00 2.744900000000000340e+00 2.800700000000000411e+00 2.807500000000000107e+00 2.850200000000000067e+00 2.505800000000000249e+00 2.039200000000000124e+00 1.757100000000000328e+00 9.179000000000000492e-01 6.209999999999999964e-01 1.462000000000000188e+00 1.030299999999999994e+00 1.311099999999999932e+00 0.000000000000000000e+00 0.000000000000000000e+00 0.000000000000000000e+00 0.000000000000000000e+00 0.000000000000000000e+00 2.671000000000000041e-01 5.195000000000000728e-01 3.920000000000000151e-01 2.290700000000000180e+00 2.827700000000000102e+00 2.808000000000000274e+00 2.714599999999999902e+00
2.604499999999999815e+00 2.635299999999999976e+00 2.345400000000000151e+00 2.685599999999999987e+00 1.987600000000000033e+00 2.372600000000000264e+00 2.566699999999999982e+00 2.241999999999999993e+00 2.791100000000000136e+00 2.729200000000000070e+00 1.782000000000000028e+00 1.784599999999999964e+00 2.055699999999999861e+00 2.591900000000000315e+00 2.796000000000000263e+00 2.796499999999999986e+00 2.854900000000000215e+00 2.957300000000000040e+00 2.501100000000000101e+00 1.799700000000000077e+00 6.793000000000000149e-01 4.673000000000000487e-01 1.058599999999999985e+00 1.344399999999999817e+00 1.072500000000000009e+00 1.164900000000000047e+00 0.000000000000000000e+00 0.000000000000000000e+00 0.000000000000000000e+00 1.761999999999999678e-01 2.764999999999999680e-01 6.652000000000000135e-01 1.895000000000000018e+00 2.715100000000000069e+00 2.790300000000000225e+00 2.820000000000000284e+00 2.720299999999999940e+00
2.777899999999999814e+00 2.603900000000000325e+00 2.275500000000000078e+00 2.162100000000000133e+00 2.121400000000000396e+00 1.706800000000000095e+00 1.609399999999999942e+00 2.683600000000000207e+00 2.849200000000000177e+00 1.767900000000000027e+00 1.467999999999999972e+00 1.482100000000000195e+00 2.591900000000000315e+00 2.790899999999999714e+00 2.776600000000000179e+00 2.790200000000000458e+00 2.864200000000000301e+00 2.977500000000000036e+00 2.922800000000000065e+00 1.638400000000000079e+00 6.719999999999999307e-01 5.832000000000000517e-01 1.007400000000000073e+00 1.622700000000000031e+00 1.153999999999999915e+00 7.457000000000000295e-01 1.673000000000000043e-01 1.829999999999999960e-01 1.898000000000000242e-01 2.722999999999999865e-01 4.228000000000000647e-01 6.652000000000000135e-01 1.880900000000000238e+00 1.943700000000000205e+00 2.823100000000000165e+00 2.810599999999999987e+00 2.715599999999999792e+00
2.831500000000000128e+00 2.911599999999999966e+00 2.388700000000000045e+00 1.929899999999999949e+00 1.463700000000000001e+00 1.266199999999999992e+00 2.056300000000000239e+00 2.897299999999999986e+00 2.682900000000000063e+00 2.377299999999999969e+00 2.279999999999999805e+00 2.742300000000000182e+00 2.944500000000000117e+00 2.903200000000000003e+00 2.875500000000000167e+00 2.870800000000000018e+00 2.827999999999999847e+00 2.816500000000000004e+00 2.905299999999999994e+00 2.977000000000000313e+00 1.958800000000000097e+00 9.016999999999999460e-01 1.154399999999999871e+00 3.621000000000000330e-01 2.928000000000000047e-01 2.878000000000000558e-01 2.868000000000000549e-01 2.395000000000000184e-01 4.542000000000000481e-01 5.054000000000000714e-01 3.632999999999999563e-01 6.593999999999999861e-01 1.796999999999999931e+00 2.815300000000000580e+00 2.788100000000000467e+00 2.709299999999999820e+00 2.300600000000000200e+00
2.852199999999999847e+00 2.860400000000000276e+00 2.584999999999999964e+00 9.179000000000000492e-01 2.138700000000000045e+00 1.474500000000000144e+00 2.374099999999999877e+00 2.278700000000000170e+00 1.831800000000000095e+00 2.379400000000000404e+00 2.789200000000000124e+00 2.900599999999999845e+00 2.910500000000000309e+00 2.901100000000000012e+00 2.826400000000000023e+00 2.825900000000000301e+00 2.818599999999999994e+00 2.842099999999999849e+00 2.896400000000000308e+00 2.840500000000000025e+00 2.666000000000000369e+00 1.092500000000000027e+00 7.098999999999999755e-01 2.138999999999999790e-01 1.150000000000000050e-01 2.106000000000000094e-01 3.840999999999999970e-01 4.393000000000000238e-01 6.029999999999999805e-01 1.035899999999999821e+00 8.731999999999999762e-01 2.417300000000000004e+00 2.826900000000000190e+00 2.836800000000000210e+00 2.701000000000000068e+00 2.118700000000000028e+00 1.843600000000000128e+00
2.877699999999999925e+00 2.892100000000000115e+00 2.519499999999999851e+00 8.645000000000000462e-01 6.766999999999999682e-01 9.792000000000000703e-01 1.694599999999999884e+00 1.890300000000000091e+00 1.836500000000000021e+00 2.791800000000000281e+00 2.939799999999999969e+00 2.901100000000000012e+00 3.038300000000000001e+00 3.000700000000000589e+00 2.821699999999999875e+00 2.816999999999999726e+00 2.851499999999999702e+00 2.910400000000000098e+00 2.911800000000000388e+00 2.917300000000000448e+00 2.229899999999999771e+00 1.318899999999999961e+00 9.240999999999999215e-01 0.000000000000000000e+00 8.680000000000000215e-02 5.000000000000000000e-01 8.629000000000001114e-01 5.425999999999999712e-01 5.420000000000000373e-01 9.082000000000000073e-01 2.845000000000000195e+00 2.891600000000000392e+00 2.829500000000000348e+00 2.756400000000000183e+00 2.634200000000000319e+00 2.118700000000000028e+00 1.841499999999999915e+00
2.882399999999999629e+00 2.899500000000000188e+00 1.901299999999999990e+00 6.212999999999999634e-01 8.126000000000001000e-01 8.822999999999999732e-01 1.641699999999999937e+00 1.885599999999999943e+00 2.715100000000000069e+00 2.928299999999999681e+00 2.919900000000000162e+00 3.057599999999999874e+00 2.987100000000000755e+00 2.860899999999999999e+00 2.844700000000000006e+00 2.863500000000000156e+00 2.877099999999999991e+00 2.824100000000000499e+00 3.006299999999999972e+00 2.858800000000000008e+00 2.215799999999999770e+00 7.639000000000000234e-01 8.126999999999999780e-01 3.879999999999999560e-01 0.000000000000000000e+00 5.582000000000000295e-01 7.581999999999999851e-01 9.892000000000000792e-01 1.647699999999999942e+00 2.754199999999999982e+00 2.890400000000000524e+00 2.874400000000000066e+00 2.702600000000000335e+00 2.579400000000000137e+00 2.111900000000000333e+00 2.123399999999999732e+00 1.844100000000000072e+00
2.950099999999999945e+00 2.601799999999999891e+00 1.033400000000000096e+00 7.331999999999999629e-01 1.404399999999999871e+00 8.484000000000001540e-01 1.556700000000000195e+00 1.790699999999999958e+00 2.932500000000000107e+00 2.992499999999999716e+00 2.919900000000000162e+00 2.842600000000000016e+00 2.854100000000000303e+00 2.854100000000000303e+00 2.860899999999999999e+00 2.813899999999999846e+00 2.825400000000000134e+00 2.898499999999999854e+00 2.961899999999999977e+00 2.872200000000000308e+00 2.232499999999999929e+00 7.244000000000000439e-01 5.167999999999999261e-01 7.174000000000000377e-01 9.558999999999999719e-01 6.359000000000000208e-01 4.546000000000000041e-01 1.181599999999999984e+00 9.002000000000000002e-01 1.993999999999999995e+00 2.633599999999999941e+00 1.810599999999999987e+00 1.513500000000000068e+00 1.680200000000000138e+00 1.976100000000000190e+00 2.107700000000000351e+00 2.109799999999999898e+00
2.446299999999999919e+00 1.117099999999999982e+00 1.349800000000000111e+00 2.431000000000000383e-01 4.364000000000000101e-01 8.225000000000000089e-01 1.747600000000000264e+00 2.797899999999999832e+00 2.940799999999999859e+00 2.991200000000000081e+00 2.905499999999999972e+00 2.816500000000000004e+00 2.823799999999999866e+00 2.961000000000000298e+00 2.790400000000000436e+00 2.862499999999999822e+00 2.655200000000000227e+00 2.800800000000000178e+00 3.002700000000000369e+00 2.934899999999999842e+00 2.611299999999999955e+00 1.847900000000000098e+00 5.916000000000000147e-01 4.760000000000000342e-01 9.502999999999999226e-01 9.809999999999999831e-01 3.331000000000000072e-01 6.619000000000000439e-01 6.365000000000000657e-01 1.618900000000000228e+00 1.688299999999999912e+00 1.532200000000000006e+00 1.329199999999999937e+00 1.120500000000000052e+00 1.266299999999999981e+00 2.107700000000000351e+00 2.109799999999999898e+00
2.250199999999999978e+00 1.029200000000000115e+00 9.122000000000000108e-01 3.047999999999999599e-01 5.946000000000000174e-01 9.697999999999999954e-01 1.406800000000000050e+00 2.686100000000000598e+00 2.987600000000000477e+00 2.789800000000000058e+00 2.898499999999999854e+00 2.811800000000000299e+00 2.832699999999999996e+00 2.776299999999999990e+00 2.681400000000000006e+00 2.572200000000000042e+00 2.599200000000000177e+00 2.653399999999999981e+00 2.739500000000000046e+00 2.729600000000000026e+00 2.658999999999999808e+00 1.035500000000000087e+00 8.845000000000000639e-01 5.848999999999999755e-01 7.480999999999999872e-01 8.094000000000000083e-01 5.883000000000000451e-01 5.833999999999999186e-01 4.269999999999999907e-01 9.405000000000001137e-01 1.172600000000000087e+00 1.485899999999999999e+00 1.787100000000000133e+00 2.091400000000000148e+00 2.108700000000000241e+00 2.165200000000000014e+00 1.831599999999999895e+00
2.109399999999999942e+00 8.152000000000000357e-01 4.024000000000000354e-01 1.914000000000000146e-01 3.301999999999999935e-01 8.778000000000001357e-01 9.816000000000000281e-01 2.553599999999999870e+00 2.832699999999999996e+00 2.862499999999999822e+00 2.834799999999999986e+00 2.804500000000000437e+00 2.750700000000000145e+00 2.640100000000000335e+00 2.661599999999999966e+00 2.094999999999999751e+00 2.363799999999999901e+00 2.572599999999999998e+00 2.636200000000000099e+00 2.626300000000000079e+00 2.568400000000000016e+00 1.241800000000000015e+00 7.685000000000000719e-01 9.838000000000000078e-01 9.864000000000000545e-01 6.296999999999999265e-01 4.690000000000000280e-01 7.502999999999999670e-01 5.274999999999999689e-01 6.886999999999999789e-01 1.169999999999999929e+00 1.854999999999999982e+00 2.544900000000000162e+00 2.621600000000000374e+00 2.413899999999999935e+00 2.227800000000000225e+00 1.814900000000000180e+00
1.816899999999999959e+00 6.165999999999999259e-01 5.342000000000000082e-01 4.773000000000000020e-01 3.045999999999999819e-01 9.055999999999999606e-01 9.874000000000000554e-01 2.170900000000000052e+00 2.591700000000000337e+00 2.699100000000000055e+00 2.714700000000000113e+00 2.684399999999999675e+00 2.787600000000000300e+00 2.650400000000000311e+00 2.631499999999999950e+00 2.570500000000000007e+00 2.364300000000000068e+00 2.400900000000000034e+00 2.881200000000000205e+00 2.608900000000000219e+00 2.380800000000000249e+00 1.362600000000000033e+00 4.353000000000000203e-01 3.910000000000000142e-01 4.416000000000000481e-01 3.685999999999999832e-01 4.119000000000000439e-01 1.913800000000000168e+00 8.585000000000000409e-01 9.536999999999999922e-01 6.985000000000000098e-01 2.800800000000000178e+00 2.657099999999999795e+00 2.677800000000000402e+00 2.591200000000000170e+00 2.171499999999999986e+00 1.829300000000000148e+00
2.095600000000000129e+00 1.330400000000000027e+00 1.213000000000000050e-01 3.151000000000000467e-01 6.109999999999999876e-01 8.555000000000000382e-01 1.220899999999999874e+00 1.950800000000000090e+00 2.413400000000000212e+00 2.709000000000000519e+00 2.803399999999999892e+00 2.840800000000000214e+00 2.674900000000000055e+00 2.593499999999999694e+00 2.866100000000000314e+00 2.739399999999999835e+00 2.396199999999999886e+00 2.403499999999999748e+00 2.610399999999999832e+00 2.520299999999999763e+00 3.278799999999999937e+00 1.661100000000000021e+00 3.030000000000000471e-01 4.160000000000000364e-01 3.482000000000000095e-01 3.685999999999999832e-01 9.939000000000000057e-01 1.465899999999999981e+00 1.749499999999999833e+00 1.146700000000000053e+00 1.101300000000000168e+00 2.849000000000000199e+00 2.710700000000000109e+00 2.709699999999999775e+00 2.595899999999999874e+00 2.165200000000000014e+00 1.820400000000000240e+00
2.010600000000000165e+00 1.943799999999999972e+00 3.365000000000000213e-01 2.377000000000000224e-01 3.966000000000000636e-01 1.688999999999999946e-01 9.817000000000000171e-01 1.916800000000000281e+00 2.660000000000000142e+00 2.846600000000000019e+00 2.881000000000000227e+00 2.678399999999999892e+00 2.588799999999999990e+00 2.589299999999999713e+00 2.862999999999999989e+00 2.855700000000000127e+00 2.557500000000000107e+00 2.372699999999999587e+00 2.548599999999999977e+00 2.507499999999999840e+00 2.610299999999999621e+00 1.058799999999999963e+00 3.077000000000000290e-01 4.228000000000000647e-01 3.482000000000000095e-01 8.957000000000000517e-01 1.506699999999999928e+00 1.786700000000000177e+00 2.728699999999999903e+00 2.814400000000000013e+00 2.852600000000000247e+00 2.551499999999999879e+00 2.681899999999999729e+00 2.718399999999999928e+00 2.567199999999999704e+00 2.114500000000000046e+00 1.830000000000000071e+00
2.610599999999999810e+00 1.225000000000000089e+00 3.745999999999999885e-01 3.224000000000000199e-01 2.858000000000000540e-01 2.594000000000000195e-01 1.003000000000000114e+00 1.835800000000000098e+00 2.563699999999999868e+00 2.685200000000000031e+00 2.721799999999999997e+00 2.622199999999999864e+00 2.602899999999999991e+00 2.865600000000000147e+00 2.878099999999999881e+00 2.870800000000000018e+00 2.575800000000000090e+00 2.589299999999999713e+00 2.656900000000000261e+00 2.345800000000000107e+00 1.529900000000000038e+00 5.235999999999999543e-01 2.937999999999999501e-01 5.011999999999999789e-01 1.657499999999999973e+00 2.732300000000000395e+00 2.393000000000000238e+00 2.970899999999999874e+00 2.869399999999999729e+00 2.864599999999999813e+00 2.692900000000000293e+00 2.592900000000000205e+00 2.306900000000000173e+00 2.662599999999999856e+00 2.171499999999999986e+00 1.839399999999999924e+00 1.823200000000000154e+00
2.861700000000000355e+00 1.398000000000000131e+00 6.231999999999999762e-01 3.130000000000000560e-01 2.534000000000000141e-01 2.575000000000000067e-01 1.046499999999999986e+00 1.699599999999999778e+00 2.571000000000000174e+00 2.675799999999999734e+00 2.754500000000000171e+00 2.761800000000000033e+00 2.859399999999999942e+00 2.865099999999999980e+00 2.898400000000000087e+00 2.905700000000000394e+00 2.609700000000000131e+00 2.623200000000000198e+00 2.647499999999999964e+00 1.452700000000000102e+00 7.094999999999999085e-01 4.692000000000000060e-01 7.654000000000000803e-01 9.787999999999998924e-01 1.753100000000000325e+00 2.070400000000000240e+00 2.739700000000000024e+00 2.900000000000000355e+00 2.650800000000000267e+00 2.402899999999999814e+00 2.664200000000000124e+00 2.039000000000000146e+00 2.243000000000000327e+00 2.063699999999999868e+00 2.112400000000000055e+00 1.785099999999999909e+00 1.791400000000000103e+00
2.965200000000000280e+00 1.777899999999999814e+00 7.525999999999999357e-01 2.942000000000000171e-01 2.510000000000000078e-02 4.116000000000000214e-01 9.996000000000000441e-01 1.408999999999999808e+00 2.362200000000000077e+00 2.623699999999999921e+00 2.642500000000000071e+00 2.856300000000000061e+00 2.877099999999999991e+00 2.887500000000000178e+00 2.794000000000000039e+00 2.903599999999999959e+00 2.877600000000000158e+00 2.634100000000000108e+00 2.084499999999999797e+00 1.968100000000000183e+00 1.229900000000000215e+00 6.905000000000001137e-01 5.120999999999999996e-01 7.897999999999999465e-01 1.251100000000000101e+00 1.989200000000000079e+00 2.260899999999999910e+00 2.167200000000000237e+00 2.256600000000000161e+00 2.225200000000000067e+00 2.189599999999999991e+00 1.707100000000000062e+00 1.783600000000000074e+00 2.011000000000000121e+00 1.999500000000000277e+00 1.685300000000000020e+00 1.812800000000000189e+00
