testcase_input/new_parameters/LAI_shrub.dat
ncols         214
nrows         263
xllcorner     382500
yllcorner     7541702
cellsize      16
NODATA_value  -9999
[rows 221 to 237 of 263, columns 111 to 147 of 214]
5.394444999999999935e-01 5.162274000000000029e-01 5.456959999999999589e-01 6.470460000000000100e-01 6.934485999999999706e-01 6.132583999999999813e-01 4.091523999999999717e-01 5.097540999999999878e-01 6.046455000000000579e-01 5.881239999999999801e-01 5.583818000000000392e-01 4.901516999999999680e-01 4.383787000000000100e-01 4.828501000000000043e-01 5.584816000000000225e-01 4.498237000000000485e-01 4.307969999999999855e-01 5.612006000000000494e-01 5.012404000000000304e-01 6.308225000000000637e-01 7.559356000000000408e-01 6.147690000000000099e-01 6.184590999999999283e-01 7.206519000000000119e-01 7.021644000000000219e-01 6.947453999999999574e-01 6.668777999999999651e-01 6.500535000000000618e-01 6.876894000000000062e-01 7.127605000000000190e-01 6.382643000000000066e-01 4.646689999999999987e-01 5.130201999999999263e-01 5.778573000000000182e-01 7.381103999999999443e-01 6.572720000000000784e-01 6.051760000000000472e-01
4.888652999999999471e-01 5.345022999999999858e-01 5.619900999999999369e-01 6.943505000000000926e-01 6.722829999999999639e-01 6.024571999999999150e-01 5.482454999999999412e-01 5.447957999999999412e-01 6.178342999999999474e-01 6.120638000000000467e-01 5.477465999999999724e-01 5.929543999999999926e-01 5.568425999999999654e-01 5.004106999999999861e-01 5.133777999999999953e-01 4.721218000000000359e-01 5.189559000000000255e-01 4.805197999999999969e-01 7.548219999999999930e-01 5.903597000000000428e-01 5.967073000000000516e-01 6.462349000000000565e-01 6.308430999999999900e-01 7.208404000000000478e-01 6.895447999999999578e-01 6.309226000000000001e-01 6.454638000000000320e-01 6.258572000000000024e-01 6.870385999999999438e-01 6.891449000000000602e-01 5.627101999999999382e-01 5.376992999999999912e-01 4.862339999999999995e-01 5.989624000000000059e-01 7.295541000000000942e-01 6.832587999999999440e-01 6.854864000000000512e-01
5.127078999999999942e-01 4.876877000000000018e-01 5.265550999999999426e-01 5.797955000000000192e-01 4.502531000000000172e-01 6.337363000000000302e-01 6.265636999999999457e-01 4.406185000000000240e-01 5.728997000000000117e-01 6.026200999999999919e-01 5.287912000000000168e-01 6.987079999999999957e-01 6.820659000000000027e-01 5.237053999999999876e-01 6.119384999999999408e-01 5.510325999999999835e-01 5.841115999999999531e-01 7.698447999999999958e-01 6.270611000000000379e-01 6.205832000000000015e-01 5.764861999999999487e-01 6.035175999999999874e-01 5.946895999999999294e-01 6.241364999999999830e-01 7.029729000000000116e-01 6.302790000000000337e-01 6.353248999999999702e-01 6.216435000000000155e-01 6.565353000000000439e-01 7.302512999999999366e-01 6.232066999999998913e-01 4.641187999999999980e-01 4.776447000000000331e-01 5.155610999999999944e-01 7.807541000000000064e-01 7.668521999999999839e-01 7.707435999999999732e-01
5.359992999999999563e-01 5.408561000000000618e-01 6.154683999999999156e-01 6.157586999999999922e-01 5.108310000000000350e-01 6.021290999999999727e-01 6.693375999999999770e-01 5.244661999999999935e-01 6.110919000000000212e-01 6.460036999999999585e-01 5.427159999999999762e-01 5.939217999999999442e-01 6.268439999999999568e-01 5.891866000000000048e-01 6.098437999999999359e-01 6.824338000000000903e-01 6.771190000000000264e-01 7.770692999999999628e-01 6.698560999999999543e-01 4.636038000000000103e-01 4.662099000000000104e-01 5.798638000000000403e-01 5.119920000000000027e-01 5.010630000000000361e-01 6.389306999999999626e-01 6.451491999999999782e-01 6.616334999999999855e-01 6.615313999999999917e-01 6.637089999999999934e-01 6.710602999999999430e-01 6.948016999999999666e-01 6.406389999999999585e-01 5.424533000000000271e-01 5.531722000000000028e-01 7.748426999999999953e-01 6.908096000000000236e-01 7.304580000000000517e-01
6.540795999999999832e-01 4.548421999999999743e-01 5.308540999999999954e-01 5.556181999999999510e-01 4.897721999999999909e-01 5.879661999999999944e-01 6.761129999999999640e-01 6.212351000000000401e-01 5.490543999999999425e-01 5.091944999999999943e-01 5.184775999999999829e-01 5.274214999999999876e-01 5.888048000000000171e-01 5.923614999999999853e-01 6.361875999999999642e-01 5.919909999999999339e-01 6.652803000000000466e-01 6.995673000000000030e-01 5.546259999999999524e-01 4.495218999999999743e-01 4.223805999999999949e-01 4.508213999999999833e-01 4.970368000000000008e-01 4.788240000000000274e-01 5.904764999999999597e-01 6.156447000000000447e-01 7.190815999999999875e-01 6.266076000000000423e-01 7.078214999999999923e-01 6.794324000000000474e-01 5.389751999999999876e-01 6.783843999999999985e-01 6.712609999999999966e-01 6.040440999999999727e-01 6.528464999999999963e-01 6.975934999999999775e-01 6.648045999999999678e-01
5.699330999999999703e-01 4.930142000000000135e-01 5.104528000000000398e-01 4.763201000000000240e-01 5.870524000000000298e-01 6.712110999999999494e-01 6.368780000000000552e-01 5.642601999999999896e-01 4.562678000000000011e-01 5.326358999999999400e-01 5.618140999999999829e-01 6.548897000000000190e-01 6.329234999999999722e-01 6.466517999999999988e-01 7.497757000000000449e-01 7.099044999999999384e-01 7.004824000000000606e-01 7.006775000000000642e-01 4.523197999999999941e-01 5.210911999999999766e-01 4.837953000000000392e-01 4.653102999999999545e-01 4.236659999999999870e-01 4.418163999999999980e-01 4.392339000000000104e-01 5.989712000000000369e-01 6.128605999999999776e-01 6.015935000000000032e-01 7.136010999999999882e-01 7.190197000000000394e-01 6.678887000000000018e-01 4.915598999999999941e-01 5.754736999999999769e-01 6.668191999999999453e-01 7.173424999999999940e-01 6.920577999999999452e-01 6.703533000000000408e-01
5.611494000000000204e-01 5.400464999999999849e-01 4.741881000000000013e-01 5.818885000000000307e-01 6.278314999999999868e-01 7.058400999999999703e-01 5.173172999999999799e-01 6.178411000000000319e-01 5.619648999999999894e-01 6.772191999999999101e-01 6.618444999999999467e-01 5.255222999999999978e-01 6.589905000000000346e-01 5.643274999999999819e-01 5.466064000000000478e-01 5.042214000000000418e-01 5.179290000000000838e-01 3.991905000000000037e-01 4.172584999999999766e-01 4.940707000000000293e-01 4.816456000000000071e-01 5.486265999999999643e-01 3.267309200000000358e-01 3.719759000000000260e-01 4.027163999999999744e-01 5.409648000000000234e-01 7.288759000000000210e-01 7.153306999999999860e-01 6.787171000000000731e-01 7.068341000000000207e-01 6.807931000000000399e-01 6.138348000000000138e-01 6.140733000000000441e-01 7.831681999999999810e-01 7.318799000000000277e-01 6.984645999999999910e-01 6.940037000000000011e-01
6.367380000000000262e-01 6.389601999999999782e-01 5.275275999999999854e-01 5.599979999999999958e-01 6.161927000000000376e-01 6.855345999999999940e-01 6.551730000000000054e-01 5.862089999999999801e-01 5.619648999999999894e-01 6.100145999999999624e-01 6.617988000000000204e-01 4.948420000000000041e-01 5.266313999999999718e-01 4.472626000000000102e-01 4.865050000000000208e-01 4.519169000000000103e-01 3.973909999999999942e-01 2.950374000000000052e-01 3.873429999999999929e-01 4.021394999999999831e-01 4.221793999999999825e-01 2.728528499999999801e-01 3.102820000000000022e-01 3.317370000000000041e-01 3.645736000000000532e-01 4.763219999999999676e-01 5.175457999999999448e-01 5.247083000000000164e-01 5.306522000000000183e-01 6.723194999999999588e-01 6.872599000000000347e-01 4.152231000000000116e-01 6.639840999999999660e-01 6.507779000000000202e-01 6.144697000000000076e-01 6.619412000000000074e-01 6.623923999999999923e-01
5.307359000000000382e-01 5.014866000000000046e-01 4.624308000000000307e-01 5.900480999999999643e-01 6.324191999999999592e-01 6.246618999999999922e-01 6.095888999999999891e-01 6.829796000000000200e-01 6.079830999999999985e-01 6.010474999999999568e-01 6.664170999999999845e-01 4.900131999999999821e-01 4.704683000000000059e-01 3.425890999999999798e-01 2.932737000000000260e-01 3.968673999999999813e-01 3.700843000000000327e-01 4.059121999999999453e-01 3.972763999999999740e-01 4.523367999999999833e-01 3.664319000000000326e-01 2.469648000000000121e-01 3.395660999999999818e-01 4.468988999999999878e-01 5.915772000000000252e-01 5.257647999999999211e-01 4.754076999999999886e-01 4.768161999999999678e-01 5.932919999999999305e-01 7.085883000000000598e-01 4.705555999999999628e-01 5.327071999999999363e-01 6.737807000000000102e-01 6.956898999999999722e-01 5.857723999999999709e-01 5.979923000000000322e-01 6.922926000000000357e-01
4.273167999999999966e-01 6.229645000000000321e-01 5.897185000000000343e-01 5.176047999999999760e-01 5.358311000000000046e-01 5.708915999999999435e-01 5.872616999999999976e-01 6.612194000000000127e-01 5.938413000000000164e-01 5.399812999999999974e-01 5.967386999999999553e-01 4.444339999999999957e-01 3.848908999999999803e-01 3.241407000000000038e-01 4.515720999999999763e-01 4.515720999999999763e-01 3.972843999999999820e-01 3.466068999999999956e-01 3.861968999999999541e-01 4.414084999999999814e-01 3.701518999999999782e-01 3.189429000000000292e-01 4.180008000000000057e-01 6.027586000000000332e-01 5.732068999999999637e-01 5.347265000000001045e-01 4.416936999999999669e-01 3.930025999999999797e-01 5.097845999999999211e-01 5.656562000000000534e-01 5.909925999999999791e-01 6.495188000000000628e-01 6.791609000000000673e-01 6.045670000000000766e-01 6.694708000000000325e-01 6.930524999999999602e-01 6.646878000000000508e-01
5.840168999999999500e-01 6.144103000000000758e-01 6.382086000000000148e-01 5.393832000000000626e-01 6.349599999999999689e-01 6.657273999999999692e-01 5.898806999999999245e-01 6.173235999999999724e-01 5.943936000000000774e-01 6.702540000000000164e-01 6.188226999999999478e-01 5.182463000000000486e-01 4.105005000000000459e-01 3.645781000000000160e-01 3.572064999999999824e-01 3.622098000000000262e-01 4.059382000000000268e-01 3.535587999999999509e-01 4.784808999999999868e-01 4.329882999999999926e-01 3.719732999999999512e-01 4.981940000000000257e-01 6.414720000000000422e-01 7.207090999999999914e-01 6.105785999999999714e-01 7.714003999999999861e-01 4.666539000000000104e-01 4.203727999999999909e-01 4.952295999999999920e-01 5.922665999999999764e-01 5.026973000000000136e-01 5.584245999999999377e-01 7.432273999999999825e-01 6.512938999999999812e-01 6.356336999999999682e-01 6.209812999999999583e-01 6.688152000000000541e-01
5.126726999999999812e-01 6.559517999999999738e-01 5.707035999999999776e-01 6.681935999999999432e-01 5.958495000000000319e-01 5.879845999999999684e-01 6.716423999999999728e-01 6.826532999999999074e-01 6.652073000000000569e-01 6.446123999999999743e-01 6.626609999999999445e-01 5.160238000000000325e-01 4.888360000000000483e-01 4.118981000000000448e-01 4.444600999999999691e-01 3.284819999999999962e-01 3.391990000000000283e-01 3.342249999999999943e-01 3.611139999999999906e-01 4.318471000000000393e-01 5.515860999999999681e-01 6.309934999999999850e-01 6.837763000000000035e-01 7.182021000000000654e-01 6.498034999999999783e-01 6.418447999999999931e-01 5.176365000000000549e-01 4.221983000000000263e-01 4.551207000000000447e-01 4.956304999999999739e-01 6.383166999999999591e-01 6.174279000000000295e-01 4.944425999999999544e-01 5.733348000000000333e-01 5.720091999999999954e-01 5.919849000000000361e-01 7.303051999999999877e-01
5.996538000000000146e-01 5.220034999999999537e-01 6.403038999999999259e-01 6.112413000000000984e-01 7.431419000000000219e-01 5.580795000000000616e-01 5.500834999999999475e-01 5.289532000000000123e-01 5.653637000000000246e-01 6.755457000000000267e-01 6.369774999999999743e-01 5.742462000000000399e-01 5.921186999999999978e-01 5.586362999999999746e-01 4.779904999999999848e-01 5.275585000000000413e-01 5.317270000000000607e-01 3.938610000000000166e-01 5.443115000000000592e-01 4.797479000000000049e-01 5.730633000000000532e-01 7.132191999999999421e-01 6.317524999999999391e-01 5.807824999999999793e-01 5.843703999999999565e-01 7.027225999999999750e-01 6.598192000000000501e-01 5.329163000000000094e-01 4.797810000000000130e-01 5.713287000000000226e-01 5.702631000000000228e-01 5.141960999999999338e-01 6.255912999999999613e-01 5.820260000000000433e-01 5.225743000000000471e-01 6.969494000000000522e-01 5.997064999999999202e-01
6.995991999999999766e-01 5.932245000000000434e-01 5.621070000000000233e-01 5.249319000000000068e-01 5.137427999999999439e-01 4.897131000000000123e-01 4.880271999999999943e-01 5.420080999999999927e-01 5.852437999999999807e-01 5.931902000000000008e-01 6.504654999999999188e-01 6.407254999999999479e-01 5.942437000000000413e-01 5.490871999999999975e-01 6.123893000000000253e-01 5.940199000000000451e-01 6.781767000000000767e-01 4.419771000000000116e-01 4.341821999999999626e-01 5.376665000000000472e-01 6.615544999999999343e-01 7.148311999999999999e-01 6.815876000000000712e-01 5.944680999999999438e-01 6.737201000000000439e-01 6.351937000000000833e-01 6.510559999999999681e-01 6.106530000000000014e-01 6.102048999999999390e-01 6.354264000000000578e-01 5.466611000000000109e-01 4.920849999999999946e-01 6.072370999999999741e-01 5.680431000000000230e-01 5.657630000000000159e-01 6.615550000000000042e-01 5.828012000000000192e-01
6.428977000000000164e-01 5.325290999999999775e-01 5.238030999999999660e-01 5.263400000000000301e-01 3.920510999999999857e-01 5.084781999999999913e-01 4.585504000000000246e-01 4.957363000000000186e-01 5.396647999999999445e-01 6.381592999999999849e-01 6.631721999999999895e-01 6.113104999999999789e-01 5.811173000000000588e-01 6.147772000000000236e-01 6.618865000000000443e-01 6.116363999999999690e-01 6.790722000000000147e-01 6.366726999999999803e-01 6.391569999999999752e-01 6.266416000000000208e-01 6.220493999999999746e-01 6.902560999999999281e-01 6.465899999999999981e-01 6.390135999999999594e-01 6.987683000000000089e-01 6.379903000000000102e-01 6.084496999999999822e-01 5.862533999999999246e-01 6.755331999999999448e-01 6.845194999999999474e-01 5.805595000000000061e-01 5.367783999999999889e-01 6.795816999999999553e-01 5.349224999999999675e-01 5.853296000000000054e-01 5.354075999999999835e-01 6.431746000000000407e-01
5.287386000000000585e-01 4.726586999999999872e-01 4.451121000000000105e-01 4.768322999999999867e-01 4.572626000000000190e-01 4.154199000000000086e-01 4.835226000000000246e-01 5.944753999999999872e-01 6.978619999999999823e-01 7.138404000000000416e-01 5.697243999999999087e-01 6.061965999999999744e-01 6.085296999999999512e-01 6.015021000000000395e-01 6.242267999999999706e-01 6.512906000000000528e-01 4.735977000000000103e-01 5.809343000000000146e-01 4.867837000000000414e-01 4.178954000000000280e-01 4.914747999999999895e-01 6.865612999999999300e-01 6.703911000000000175e-01 6.790140999999999538e-01 7.120792000000000233e-01 6.780832999999999444e-01 6.544866999999999768e-01 6.063643999999999146e-01 6.149561000000000055e-01 6.191244999999999665e-01 5.819362000000000146e-01 6.802877000000000507e-01 7.028512000000000093e-01 6.790356000000000725e-01 5.908375000000000155e-01 5.945196000000000369e-01 5.773220000000000018e-01
4.521517999999999926e-01 5.074891999999999737e-01 4.321201000000000070e-01 4.848123999999999767e-01 4.421182999999999641e-01 4.362425000000000330e-01 4.803361999999999910e-01 5.212478999999999862e-01 5.543008000000000379e-01 6.658581000000000083e-01 5.561947999999999892e-01 5.898562000000000527e-01 6.782234999999999792e-01 5.102515000000000800e-01 6.080636000000000374e-01 6.376653000000001015e-01 7.161263999999999408e-01 6.156540000000000346e-01 6.222514000000000101e-01 4.686949999999999728e-01 6.591569999999999929e-01 7.093234999999999957e-01 7.075772000000000173e-01 6.285302999999999862e-01 6.905955999999999761e-01 6.207863999999999605e-01 6.769922999999999913e-01 5.822467000000000059e-01 7.077303000000000344e-01 5.753557000000000254e-01 6.546804000000000512e-01 6.219567000000000290e-01 6.733967000000000702e-01 6.471203999999999290e-01 6.393534000000000717e-01 6.462200999999999640e-01 6.925698000000000132e-01
