testcase_input/new_parameters/LAI_spruce.dat
ncols         214
nrows         263
xllcorner     382500
yllcorner     7541702
cellsize      16
NODATA_value  -9999
[rows 170 to 186 of 263, columns 74 to 110 of 214]
1.959899999999999975e+00 2.458100000000000396e+00 2.312400000000000233e+00 2.284200000000000230e+00 2.340600000000000236e+00 2.411100000000000243e+00 2.434600000000000097e+00 2.791799999999999837e+00 2.420500000000000096e+00 2.505100000000000104e+00 2.025700000000000056e+00 1.734299999999999953e+00 1.828300000000000036e+00 3.854000000000000203e-01 4.183000000000000052e-01 1.602700000000000236e+00 2.138500000000000068e+00 2.044500000000000206e+00 2.053900000000000059e+00 2.138500000000000068e+00 2.382900000000000240e+00 1.513400000000000079e+00 1.226700000000000124e+00 1.743700000000000028e+00 2.321800000000000086e+00 1.875300000000000189e+00 2.096200000000000063e+00 1.151499999999999968e+00 1.165599999999999969e+00 1.362999999999999989e+00 1.250200000000000200e+00 1.889400000000000190e+00 2.030400000000000205e+00 2.143200000000000216e+00 2.406400000000000095e+00 1.833000000000000185e+00 1.043400000000000105e+00
2.331199999999999939e+00 2.420500000000000096e+00 2.302999999999999936e+00 2.246600000000000374e+00 2.317099999999999937e+00 2.321800000000000086e+00 2.321800000000000086e+00 2.321800000000000086e+00 2.486300000000000399e+00 2.429899999999999949e+00 2.049199999999999910e+00 1.992800000000000127e+00 1.160900000000000043e+00 6.486000000000000654e-01 1.000000000000000021e-02 1.127999999999999892e+00 1.880000000000000115e+00 1.922300000000000120e+00 1.927000000000000268e+00 2.152600000000000069e+00 2.077399999999999913e+00 1.795400000000000107e+00 1.518100000000000005e+00 1.894100000000000117e+00 2.284200000000000230e+00 2.105599999999999916e+00 1.297200000000000131e+00 9.024000000000000909e-01 9.024000000000000909e-01 1.156200000000000117e+00 1.283100000000000129e+00 1.880000000000000115e+00 2.039800000000000058e+00 2.025700000000000056e+00 2.143200000000000216e+00 2.053900000000000059e+00 1.870600000000000263e+00
2.105599999999999916e+00 2.030400000000000205e+00 2.688400000000000567e+00 2.171400000000000219e+00 2.143200000000000216e+00 2.246600000000000374e+00 2.382900000000000240e+00 2.411100000000000243e+00 2.415799999999999947e+00 2.519200000000000106e+00 2.589700000000000113e+00 2.523900000000000254e+00 2.068000000000000060e+00 2.350000000000000144e-01 1.000000000000000021e-02 7.237999999999999989e-01 2.298300000000000232e+00 2.359399999999999942e+00 2.773000000000000131e+00 2.481600000000000250e+00 2.481600000000000250e+00 2.265400000000000080e+00 2.368800000000000239e+00 1.992800000000000127e+00 2.317099999999999937e+00 2.124400000000000066e+00 1.348900000000000210e+00 1.475800000000000001e+00 1.438199999999999923e+00 1.311300000000000132e+00 1.316000000000000281e+00 2.025700000000000056e+00 2.039800000000000058e+00 1.922300000000000120e+00 2.397000000000000242e+00 2.392300000000000093e+00 2.533300000000000107e+00
1.175000000000000044e+00 1.828300000000000036e+00 1.649700000000000166e+00 1.945800000000000196e+00 1.569800000000000084e+00 1.640300000000000313e+00 2.100900000000000212e+00 2.194900000000000073e+00 2.223100000000000076e+00 2.401699999999999946e+00 2.486300000000000399e+00 2.556800000000000406e+00 2.274799999999999933e+00 1.410000000000000142e-02 1.000000000000000021e-02 7.567000000000000393e-01 2.425200000000000244e+00 2.359399999999999942e+00 2.787100000000000133e+00 2.425200000000000244e+00 2.444000000000000394e+00 2.453400000000000247e+00 2.509800000000000253e+00 2.711899999999999977e+00 2.378200000000000092e+00 2.364100000000000090e+00 1.419399999999999995e+00 1.489900000000000002e+00 2.481600000000000250e+00 2.199600000000000222e+00 2.119699999999999918e+00 2.209000000000000075e+00 2.039800000000000058e+00 2.368800000000000239e+00 2.378200000000000092e+00 2.382900000000000240e+00 2.411100000000000243e+00
1.005800000000000027e+00 9.071000000000000174e-01 1.781300000000000106e+00 1.710800000000000098e+00 1.574500000000000233e+00 1.847100000000000186e+00 1.743700000000000028e+00 2.011600000000000055e+00 2.086800000000000210e+00 2.255999999999999783e+00 2.340600000000000236e+00 2.514500000000000401e+00 2.354700000000000237e+00 1.410000000000000142e-02 1.000000000000000021e-02 1.118600000000000039e+00 2.105599999999999916e+00 2.354700000000000237e+00 2.368800000000000239e+00 2.368800000000000239e+00 2.434600000000000097e+00 2.364100000000000090e+00 2.359399999999999942e+00 2.340600000000000236e+00 2.317099999999999937e+00 2.298300000000000232e+00 2.467500000000000249e+00 2.082100000000000062e+00 2.476900000000000102e+00 2.500400000000000400e+00 1.912900000000000267e+00 2.129100000000000215e+00 1.903500000000000192e+00 2.340600000000000236e+00 2.429899999999999949e+00 2.444000000000000394e+00 2.707200000000000273e+00
1.833000000000000185e+00 1.833000000000000185e+00 1.837700000000000111e+00 2.091499999999999915e+00 2.227800000000000225e+00 2.237200000000000077e+00 2.246600000000000374e+00 2.255999999999999783e+00 2.129100000000000215e+00 2.129100000000000215e+00 2.002200000000000202e+00 2.326500000000000234e+00 2.265400000000000080e+00 3.901000000000000578e-01 1.000000000000000021e-02 6.908999999999999586e-01 1.142100000000000115e+00 2.025700000000000056e+00 2.223100000000000076e+00 1.419399999999999995e+00 2.368800000000000239e+00 2.020999999999999908e+00 2.133800000000000363e+00 1.663799999999999946e+00 1.762500000000000178e+00 2.462800000000000100e+00 2.415799999999999947e+00 2.350000000000000089e+00 2.251300000000000079e+00 1.391199999999999992e+00 1.701400000000000023e+00 2.495700000000000252e+00 2.406400000000000095e+00 2.523900000000000254e+00 2.585000000000000409e+00 2.711899999999999977e+00 2.566200000000000259e+00
2.157300000000000217e+00 2.185500000000000220e+00 2.185500000000000220e+00 2.265400000000000080e+00 2.317099999999999937e+00 2.331199999999999939e+00 2.321800000000000086e+00 2.298300000000000232e+00 2.190200000000000369e+00 1.828300000000000036e+00 1.250200000000000200e+00 1.889400000000000190e+00 1.551000000000000156e+00 6.298000000000000265e-01 2.538000000000000256e-01 6.157000000000000250e-01 1.330100000000000282e+00 1.151499999999999968e+00 1.160900000000000043e+00 1.245500000000000052e+00 1.245500000000000052e+00 1.222000000000000197e+00 1.729600000000000026e+00 1.522800000000000153e+00 1.931700000000000195e+00 2.397000000000000242e+00 2.387599999999999945e+00 2.180800000000000072e+00 1.414700000000000069e+00 1.536900000000000155e+00 1.645000000000000240e+00 1.776600000000000179e+00 2.439300000000000246e+00 2.951600000000000001e+00 3.177200000000000468e+00 2.585000000000000409e+00 1.917600000000000193e+00
1.842400000000000038e+00 1.870600000000000263e+00 2.105599999999999916e+00 2.166700000000000070e+00 2.204300000000000370e+00 2.279500000000000082e+00 2.340600000000000236e+00 2.129100000000000215e+00 1.663799999999999946e+00 1.254900000000000126e+00 9.964000000000000634e-01 1.696700000000000097e+00 1.973999999999999977e+00 1.927000000000000102e-01 5.640000000000000568e-02 1.109200000000000186e+00 1.663799999999999946e+00 1.358300000000000063e+00 1.391199999999999992e+00 1.250200000000000200e+00 1.494600000000000151e+00 1.645000000000000240e+00 1.301900000000000057e+00 1.226700000000000124e+00 2.237200000000000077e+00 2.439300000000000246e+00 2.382900000000000240e+00 2.124400000000000066e+00 1.527500000000000080e+00 1.663799999999999946e+00 1.428800000000000070e+00 1.198500000000000121e+00 1.837700000000000111e+00 1.795400000000000107e+00 2.279500000000000082e+00 1.823600000000000110e+00 9.588000000000000966e-01
1.800100000000000033e+00 1.828300000000000036e+00 1.973999999999999977e+00 2.185500000000000220e+00 2.082100000000000062e+00 2.176100000000000367e+00 2.138500000000000068e+00 1.884700000000000264e+00 1.287800000000000056e+00 8.883000000000000895e-01 2.867000000000000104e-01 1.160900000000000043e+00 1.645000000000000240e+00 9.400000000000000369e-03 5.640000000000000568e-02 3.854000000000000203e-01 1.118600000000000039e+00 1.654399999999999871e+00 1.076300000000000034e+00 1.753100000000000103e+00 1.485200000000000076e+00 1.170300000000000118e+00 1.043400000000000105e+00 1.165599999999999969e+00 2.105599999999999916e+00 2.725999999999999979e+00 2.373499999999999943e+00 2.378200000000000092e+00 1.724900000000000100e+00 1.283100000000000129e+00 1.372400000000000064e+00 1.123300000000000187e+00 1.099800000000000111e+00 1.508700000000000152e+00 1.870600000000000263e+00 1.217300000000000049e+00 4.418000000000000260e-01
1.790700000000000180e+00 1.753100000000000103e+00 2.016300000000000203e+00 2.020999999999999908e+00 2.138500000000000068e+00 1.988099999999999978e+00 2.006899999999999906e+00 1.720199999999999951e+00 8.366000000000000103e-01 5.170000000000000151e-01 2.021000000000000296e-01 3.289999999999999869e-02 4.700000000000000011e-02 1.880000000000000004e-01 8.460000000000000853e-02 1.000000000000000021e-02 3.807000000000000384e-01 2.246600000000000374e+00 2.115000000000000213e+00 1.917600000000000193e+00 1.776600000000000179e+00 1.659100000000000019e+00 1.259600000000000053e+00 1.701400000000000023e+00 2.185500000000000220e+00 2.288899999999999935e+00 2.199600000000000222e+00 1.583900000000000086e+00 1.489900000000000002e+00 1.085700000000000109e+00 6.392000000000001014e-01 1.222000000000000197e+00 1.269000000000000128e+00 8.600999999999999757e-01 6.908999999999999586e-01 7.003000000000000336e-01 5.922000000000000597e-01
1.969300000000000050e+00 2.143200000000000216e+00 2.124400000000000066e+00 2.124400000000000066e+00 2.119699999999999918e+00 2.133800000000000363e+00 1.936400000000000121e+00 1.701400000000000023e+00 4.559000000000000274e-01 5.875000000000000222e-01 7.049999999999999323e-02 2.256000000000000227e-01 4.700000000000000011e-02 0.000000000000000000e+00 9.400000000000000369e-03 1.000000000000000021e-02 0.000000000000000000e+00 2.011600000000000055e+00 2.547400000000000109e+00 2.110300000000000065e+00 1.588600000000000234e+00 9.494000000000001327e-01 1.743700000000000028e+00 2.044500000000000206e+00 2.270100000000000229e+00 1.677899999999999947e+00 1.311300000000000132e+00 1.457000000000000073e+00 1.203200000000000047e+00 9.259000000000000563e-01 1.381799999999999917e+00 1.344200000000000284e+00 8.695000000000000506e-01 7.708000000000000407e-01 1.085700000000000109e+00 6.955999999999999961e-01 7.096999999999999975e-01
2.147900000000000365e+00 2.288899999999999935e+00 2.321800000000000086e+00 2.354700000000000237e+00 2.284200000000000230e+00 2.115000000000000213e+00 2.100900000000000212e+00 1.645000000000000240e+00 7.896000000000000796e-01 7.332000000000000739e-01 5.593000000000000194e-01 4.700000000000000185e-03 0.000000000000000000e+00 0.000000000000000000e+00 4.042000000000000592e-01 1.000000000000000021e-02 2.114999999999999936e-01 1.109200000000000186e+00 1.767200000000000104e+00 1.691999999999999948e+00 1.579200000000000159e+00 8.225000000000001199e-01 1.245500000000000052e+00 1.659100000000000019e+00 1.724900000000000100e+00 1.442900000000000071e+00 1.311300000000000132e+00 1.771900000000000031e+00 1.212600000000000122e+00 1.179699999999999971e+00 1.433499999999999996e+00 1.452300000000000146e+00 6.768000000000000682e-01 9.024000000000000909e-01 5.263999999999999790e-01 4.465000000000000080e-01 6.862000000000000322e-01
1.992800000000000127e+00 2.105599999999999916e+00 2.218400000000000372e+00 2.307700000000000085e+00 2.284200000000000230e+00 2.274799999999999933e+00 2.110300000000000065e+00 2.082100000000000062e+00 1.856500000000000261e+00 8.037000000000000810e-01 2.726000000000000090e-01 4.700000000000000185e-03 9.400000000000000369e-03 0.000000000000000000e+00 0.000000000000000000e+00 1.000000000000000021e-02 1.175000000000000072e-01 1.113900000000000112e+00 7.049999999999999600e-01 1.851800000000000113e+00 1.598000000000000087e+00 1.325400000000000134e+00 1.019900000000000029e+00 1.048100000000000032e+00 1.457000000000000073e+00 1.724900000000000100e+00 2.302999999999999936e+00 2.265400000000000080e+00 1.278400000000000203e+00 1.452300000000000146e+00 1.489900000000000002e+00 1.447599999999999998e+00 4.982000000000000317e-01 5.122999999999999776e-01 6.862000000000000322e-01 5.358000000000000540e-01 6.862000000000000322e-01
1.179699999999999971e+00 1.217300000000000049e+00 1.997500000000000053e+00 2.270100000000000229e+00 2.237200000000000077e+00 2.251300000000000079e+00 2.392300000000000093e+00 2.053900000000000059e+00 1.945800000000000196e+00 7.520000000000000018e-01 1.315999999999999948e-01 8.460000000000000853e-02 4.700000000000000185e-03 4.700000000000000185e-03 0.000000000000000000e+00 1.000000000000000021e-02 6.579999999999999738e-02 1.113900000000000112e+00 1.217300000000000049e+00 1.626200000000000312e+00 1.593300000000000161e+00 9.400000000000000577e-01 1.269000000000000128e-01 2.726000000000000090e-01 1.038699999999999957e+00 1.250200000000000200e+00 2.166700000000000070e+00 1.767200000000000104e+00 8.695000000000000506e-01 7.003000000000000336e-01 1.466400000000000148e+00 1.640300000000000313e+00 6.392000000000001014e-01 7.144000000000000350e-01 6.486000000000000654e-01 5.922000000000000597e-01 6.862000000000000322e-01
1.160900000000000043e+00 1.160900000000000043e+00 1.165599999999999969e+00 1.156200000000000117e+00 1.499300000000000077e+00 1.790700000000000180e+00 1.635600000000000165e+00 1.170300000000000118e+00 1.828300000000000036e+00 7.567000000000000393e-01 5.452000000000000179e-01 5.640000000000000568e-02 4.700000000000000185e-03 9.400000000000000369e-03 0.000000000000000000e+00 3.854000000000000203e-01 6.110000000000000847e-02 1.109200000000000186e+00 1.273700000000000054e+00 1.113900000000000112e+00 4.559000000000000274e-01 4.700000000000000011e-02 4.418000000000000260e-01 2.819999999999999729e-01 5.593000000000000194e-01 1.555700000000000083e+00 2.063299999999999912e+00 1.626200000000000312e+00 9.024000000000000909e-01 7.285000000000000364e-01 8.131000000000001560e-01 1.400600000000000067e+00 1.409999999999999920e+00 1.381799999999999917e+00 5.122999999999999776e-01 1.001100000000000101e+00 6.627000000000000668e-01
1.090400000000000036e+00 1.090400000000000036e+00 6.955999999999999961e-01 5.968999999999999861e-01 1.001100000000000101e+00 9.917000000000000259e-01 5.875000000000000222e-01 9.024000000000000909e-01 1.640300000000000313e+00 1.292500000000000204e+00 9.635000000000001341e-01 4.700000000000000185e-03 5.169999999999999596e-02 0.000000000000000000e+00 0.000000000000000000e+00 3.055000000000000493e-01 4.747000000000000663e-01 8.459999999999999742e-01 1.123300000000000187e+00 5.827999999999999847e-01 1.927000000000000102e-01 3.995000000000000218e-01 3.948000000000000398e-01 3.102000000000000313e-01 9.400000000000000369e-03 8.225000000000001199e-01 1.706099999999999950e+00 1.645000000000000240e+00 1.151499999999999968e+00 5.499000000000000554e-01 6.768000000000000682e-01 5.122999999999999776e-01 1.555700000000000083e+00 8.178000000000000824e-01 4.559000000000000274e-01 1.790700000000000180e+00 1.015200000000000102e+00
6.908999999999999586e-01 8.037000000000000810e-01 1.052799999999999958e+00 1.325400000000000134e+00 1.513400000000000079e+00 1.452300000000000146e+00 1.010499999999999954e+00 8.413000000000000478e-01 1.696700000000000097e+00 1.400600000000000067e+00 8.271999999999999353e-01 1.786000000000000087e-01 4.700000000000000185e-03 4.700000000000000185e-03 0.000000000000000000e+00 3.196000000000000507e-01 6.110000000000000847e-02 8.554000000000000492e-01 9.869999999999999885e-01 1.005800000000000027e+00 6.721000000000001418e-01 3.243000000000000327e-01 3.008000000000000118e-01 4.512000000000000455e-01 9.400000000000000369e-03 7.190999999999999615e-01 1.424099999999999921e+00 1.767200000000000104e+00 1.170300000000000118e+00 5.029000000000000137e-01 6.580000000000001403e-01 6.110000000000000986e-01 6.110000000000000986e-01 1.203200000000000047e+00 1.109200000000000186e+00 1.109200000000000186e+00 1.095100000000000184e+00
