testcase_input/new_parameters/LAI_grass.dat
ncols         214
nrows         263
xllcorner     382500
yllcorner     7541702
cellsize      16
NODATA_value  -9999
[rows 238 to 254 of 263, columns 0 to 36 of 214]
1.340112999999999999e-01 1.872593999999999925e-01 1.786502000000000090e-01 2.494581999999999911e-01 2.168606999999999896e-01 3.560259000000000063e-01 1.983229999999999993e-01 1.976179999999999881e-01 2.241614000000000106e-01 1.406608000000000025e-01 1.093406999999999990e-01 1.309427999999999981e-01 1.742062000000000055e-01 2.128598999999999908e-01 1.648750999999999967e-01 1.737456000000000000e-01 1.931190999999999880e-01 1.564572999999999936e-01 1.454718000000000122e-01 1.301920000000000022e-01 1.143474000000000018e-01 1.862531000000000048e-01 1.231991999999999948e-01 1.116628999999999955e-01 9.276616000000000029e-02 1.564510000000000067e-01 2.150456000000000034e-01 1.871962000000000070e-01 2.458487000000000033e-01 1.276124999999999898e-01 1.160912999999999945e-01 8.194279000000000146e-02 2.706459999999999977e-01 2.920298000000000060e-01 3.566428999999999849e-01 4.258512999999999882e-01 3.256874000000000158e-01
2.180279999999999996e-01 2.717696000000000001e-01 2.434234999999999871e-01 2.061405000000000043e-01 1.113660999999999957e-01 8.836189999999999323e-02 1.141353999999999980e-01 1.646456000000000031e-01 1.607594999999999996e-01 1.444396000000000013e-01 7.878311000000000341e-02 1.541895000000000071e-01 1.427074000000000120e-01 2.232066000000000050e-01 1.785420000000000063e-01 1.808878999999999904e-01 1.611276000000000097e-01 1.325087000000000070e-01 1.306932000000000094e-01 1.114143999999999968e-01 1.629979000000000011e-01 1.598993999999999971e-01 1.382601999999999998e-01 1.071474000000000038e-01 9.810457000000000205e-02 2.141056000000000070e-01 2.178947999999999996e-01 2.483438000000000034e-01 2.056090999999999891e-01 1.680268000000000039e-01 1.613913999999999904e-01 1.963724000000000025e-01 2.524606999999999823e-01 2.902931000000000261e-01 2.733610000000000206e-01 3.725546000000000135e-01 2.535821999999999798e-01
1.880534000000000094e-01 3.831023000000000067e-01 2.279974999999999918e-01 1.480837000000000125e-01 1.246242999999999934e-01 8.464294999999999458e-02 9.565295000000000047e-02 1.123857000000000050e-01 2.137475000000000069e-01 1.125831000000000054e-01 1.098670999999999953e-01 1.094528000000000029e-01 1.838268999999999875e-01 1.924339999999999939e-01 1.785568999999999906e-01 2.144978999999999913e-01 1.514715000000000089e-01 1.481578000000000062e-01 1.418311999999999906e-01 1.394742999999999955e-01 1.250802000000000025e-01 1.572655000000000025e-01 1.755452000000000123e-01 1.244825999999999988e-01 1.604791999999999885e-01 1.963198999999999916e-01 2.039789999999999937e-01 1.949361000000000010e-01 1.736134000000000011e-01 1.931122999999999867e-01 2.209927999999999892e-01 2.415903000000000078e-01 2.825714999999999755e-01 2.358841000000000132e-01 2.382978000000000041e-01 3.745795000000000097e-01 2.352633000000000085e-01
3.741439999999999766e-01 2.690361000000000002e-01 1.522142999999999968e-01 9.725003999999999593e-02 8.105853999999999837e-02 7.950677000000000438e-02 8.640055000000000651e-02 1.294358999999999926e-01 1.662355000000000083e-01 1.057420000000000027e-01 1.379753999999999980e-01 1.560233000000000037e-01 1.661651000000000100e-01 1.875960000000000127e-01 1.418790000000000051e-01 1.939819000000000127e-01 2.359585999999999906e-01 1.610810000000000020e-01 1.367007000000000083e-01 1.198995999999999951e-01 1.229896999999999935e-01 1.378315999999999986e-01 1.635741000000000001e-01 1.559792999999999874e-01 1.113215000000000038e-01 1.608103999999999922e-01 2.246882000000000046e-01 1.532403999999999988e-01 1.362359999999999960e-01 1.151491999999999932e-01 2.826156000000000224e-01 2.781220999999999832e-01 2.491783999999999943e-01 2.226710000000000078e-01 2.277877000000000096e-01 3.604257000000000155e-01 2.347161000000000108e-01
2.734687000000000090e-01 1.736570000000000058e-01 1.147167000000000048e-01 1.392396999999999940e-01 1.163891999999999982e-01 1.336160999999999877e-01 9.698439000000000365e-02 1.176041000000000031e-01 1.514724000000000070e-01 1.549005999999999994e-01 1.793376000000000137e-01 1.581189000000000067e-01 1.682540999999999898e-01 2.062065999999999899e-01 1.849486999999999937e-01 1.811455999999999900e-01 1.689328999999999970e-01 1.510767000000000082e-01 1.947211000000000081e-01 1.473031999999999953e-01 1.172832000000000041e-01 1.970639999999999892e-01 1.601857999999999893e-01 1.409571000000000018e-01 1.016251999999999989e-01 1.479994000000000032e-01 1.851531999999999900e-01 1.746665000000000023e-01 9.251966999999999830e-02 1.276239000000000123e-01 2.849064000000000041e-01 3.418370000000000020e-01 2.254179000000000044e-01 2.368454000000000115e-01 2.467002000000000084e-01 3.164084999999999814e-01 2.289426999999999990e-01
1.948573000000000111e-01 1.719015999999999877e-01 1.182905000000000068e-01 8.724220000000000586e-02 9.558210999999999791e-02 9.242986000000000257e-02 1.381259999999999988e-01 1.893517999999999868e-01 1.888365999999999933e-01 1.322257000000000016e-01 1.867786999999999920e-01 1.998612999999999917e-01 1.195679999999999937e-01 1.111580000000000068e-01 1.377936999999999912e-01 1.791135000000000088e-01 1.766315999999999997e-01 1.712139000000000022e-01 1.675939999999999930e-01 1.336816999999999866e-01 1.088961999999999986e-01 1.682575000000000043e-01 1.117961999999999984e-01 1.091532999999999948e-01 9.829567999999999639e-02 1.315827999999999998e-01 1.418986000000000136e-01 1.042330999999999952e-01 1.377749000000000057e-01 1.738303999999999960e-01 2.687725000000000253e-01 3.054106999999999794e-01 2.547814999999999941e-01 2.109383999999999981e-01 2.459334999999999993e-01 2.472273000000000109e-01 2.267012999999999945e-01
1.641868999999999967e-01 1.404637999999999998e-01 1.037243000000000054e-01 9.688747999999999805e-02 9.236033999999999911e-02 1.010130000000000056e-01 1.008676000000000017e-01 2.217862999999999918e-01 1.917825999999999975e-01 1.914039999999999908e-01 1.697182999999999886e-01 1.801129999999999953e-01 9.164801999999999671e-02 1.181308999999999970e-01 1.429313000000000111e-01 1.809014999999999929e-01 2.139252000000000098e-01 2.178635999999999906e-01 1.878082000000000085e-01 1.411054999999999948e-01 1.618826999999999905e-01 1.690761000000000069e-01 1.308147000000000060e-01 1.598129000000000077e-01 1.451469999999999982e-01 1.449243000000000059e-01 1.512401999999999913e-01 1.579648999999999914e-01 1.515344999999999887e-01 2.167573999999999890e-01 2.996887999999999774e-01 3.478335000000000177e-01 2.822200000000000264e-01 3.135376999999999748e-01 2.034954999999999958e-01 2.059070000000000067e-01 1.934115999999999891e-01
1.758158999999999972e-01 9.516199999999999659e-02 1.129647000000000012e-01 1.485605000000000120e-01 1.143234000000000056e-01 1.117256999999999972e-01 1.033686999999999939e-01 2.053570999999999869e-01 1.230855000000000005e-01 9.248364000000000584e-02 1.787903999999999882e-01 1.876517000000000046e-01 1.271864000000000050e-01 1.601080000000000003e-01 1.272725000000000106e-01 2.007846000000000075e-01 2.047751999999999906e-01 2.140131999999999868e-01 1.908223000000000003e-01 1.359567999999999888e-01 1.286559999999999926e-01 1.445487000000000022e-01 1.405669999999999975e-01 1.496282999999999919e-01 1.850885999999999920e-01 1.595995000000000053e-01 1.598486000000000073e-01 1.920592999999999884e-01 1.352179000000000020e-01 1.908485000000000043e-01 3.366957999999999895e-01 3.299035000000000162e-01 3.669820999999999778e-01 2.345729000000000009e-01 2.181366000000000138e-01 1.964529000000000136e-01 1.649362000000000050e-01
1.366526000000000129e-01 1.428601999999999927e-01 1.272658000000000122e-01 1.359425999999999968e-01 1.276256000000000057e-01 1.319382000000000055e-01 1.168451999999999963e-01 1.262067000000000050e-01 1.483430000000000026e-01 1.162022000000000055e-01 1.818633000000000055e-01 1.583914999999999906e-01 1.509491000000000027e-01 1.075166000000000038e-01 1.427361000000000046e-01 1.858670000000000044e-01 1.613949000000000078e-01 1.608592000000000077e-01 1.786607000000000056e-01 1.288151999999999908e-01 1.343312999999999868e-01 1.631930000000000047e-01 1.547592999999999885e-01 1.885077000000000003e-01 1.890303000000000122e-01 1.783742000000000105e-01 1.908688000000000051e-01 1.625902999999999932e-01 1.442450999999999872e-01 2.391809000000000018e-01 2.829389999999999961e-01 3.560382999999999742e-01 3.863173999999999775e-01 2.373825999999999992e-01 2.336296999999999957e-01 2.405271999999999966e-01 1.860324999999999895e-01
1.336146000000000000e-01 1.412029999999999952e-01 1.490064000000000111e-01 1.769775000000000098e-01 1.452344999999999886e-01 1.955164000000000069e-01 1.147665999999999964e-01 1.009458000000000022e-01 1.055231999999999976e-01 1.473097999999999907e-01 1.870710999999999902e-01 1.475380000000000025e-01 9.959052999999999656e-02 1.477690000000000115e-01 1.056862999999999969e-01 2.114641999999999911e-01 1.683138000000000134e-01 1.816247000000000000e-01 1.251722999999999864e-01 1.548030999999999990e-01 1.171400999999999970e-01 1.325490000000000002e-01 1.613785000000000081e-01 1.697597999999999885e-01 1.919973000000000096e-01 2.078819000000000083e-01 2.259735999999999967e-01 1.426001000000000074e-01 1.650136000000000103e-01 2.095729000000000064e-01 3.059178000000000175e-01 3.354881000000000113e-01 3.565850999999999882e-01 2.404198999999999919e-01 3.177614999999999745e-01 2.566031999999999758e-01 2.115125999999999951e-01
1.234269999999999951e-01 1.210166000000000019e-01 1.196921999999999986e-01 1.556695999999999913e-01 1.748727999999999949e-01 1.082753000000000049e-01 1.652388999999999941e-01 1.724675999999999987e-01 1.457675999999999972e-01 1.404848999999999959e-01 1.498365999999999865e-01 1.398768999999999985e-01 1.014911000000000008e-01 1.342996999999999941e-01 1.611954999999999916e-01 1.432931000000000066e-01 1.662788000000000044e-01 1.835098000000000007e-01 1.417926999999999937e-01 1.625137000000000109e-01 1.253566000000000125e-01 1.612687999999999899e-01 1.711351999999999873e-01 1.645457999999999921e-01 1.994505000000000028e-01 1.982228000000000045e-01 1.684502999999999973e-01 1.220031000000000032e-01 1.351544000000000079e-01 1.252630000000000132e-01 2.564953999999999845e-01 3.930523000000000211e-01 3.524377000000000204e-01 2.250933999999999990e-01 2.830223000000000044e-01 3.076780000000000070e-01 2.578940000000000121e-01
1.145985000000000059e-01 1.168494999999999950e-01 1.312048000000000103e-01 2.055038999999999894e-01 1.445446999999999982e-01 1.166404999999999942e-01 1.198604000000000058e-01 1.846437999999999968e-01 1.521170000000000022e-01 1.640157999999999894e-01 1.039669000000000010e-01 9.493408000000000402e-02 1.796037000000000050e-01 1.459212000000000009e-01 1.691522000000000026e-01 1.694237000000000104e-01 1.850374999999999936e-01 1.703062999999999938e-01 1.636978000000000044e-01 1.779390000000000138e-01 1.913960000000000106e-01 1.940253000000000116e-01 1.402184999999999959e-01 1.700649999999999940e-01 1.858476000000000017e-01 1.534645000000000037e-01 1.769525999999999877e-01 1.873599999999999988e-01 1.350021999999999889e-01 1.182389999999999969e-01 2.173821999999999977e-01 2.935904999999999765e-01 3.166131999999999835e-01 3.227272999999999947e-01 2.703167000000000209e-01 4.207372999999999807e-01 2.919712999999999892e-01
1.504465000000000108e-01 1.348610000000000086e-01 1.763910999999999951e-01 1.588228999999999891e-01 1.471822999999999881e-01 1.272185999999999872e-01 2.265340999999999883e-01 1.908790999999999960e-01 1.302167999999999937e-01 1.353860000000000063e-01 1.689596999999999904e-01 1.027214000000000044e-01 1.086744000000000043e-01 1.536238000000000048e-01 1.798389999999999989e-01 1.415816000000000019e-01 2.161343000000000014e-01 2.256830999999999976e-01 1.767139000000000071e-01 1.629902000000000017e-01 1.435404999999999875e-01 1.411958000000000102e-01 1.742395999999999945e-01 1.526682000000000039e-01 1.559736999999999929e-01 1.942381999999999997e-01 1.558302000000000020e-01 1.584054000000000018e-01 1.110648999999999942e-01 1.423210000000000031e-01 1.659505000000000008e-01 2.558714000000000266e-01 2.930365999999999804e-01 4.679676999999999865e-01 2.956471999999999989e-01 2.522208000000000228e-01 2.098399999999999987e-01
1.508430000000000049e-01 1.533472999999999919e-01 1.586627999999999927e-01 1.677826000000000040e-01 1.400830999999999882e-01 1.299422000000000077e-01 1.751726999999999868e-01 1.714561000000000002e-01 1.676392999999999911e-01 1.533277999999999863e-01 1.535532000000000008e-01 8.975389999999999757e-02 1.427258000000000138e-01 1.596853000000000022e-01 2.035599999999999909e-01 1.886922000000000044e-01 1.383348000000000078e-01 1.677859999999999907e-01 1.968313999999999897e-01 1.538935999999999915e-01 1.635136000000000089e-01 1.502658000000000049e-01 1.908287999999999929e-01 1.569579000000000113e-01 1.612232000000000109e-01 1.420970000000000011e-01 1.691211999999999993e-01 1.830527000000000126e-01 1.208845999999999948e-01 1.002388000000000029e-01 1.576095999999999886e-01 1.718388000000000138e-01 2.535501000000000005e-01 3.802408999999999928e-01 4.644809999999999772e-01 2.553572000000000064e-01 2.369450999999999918e-01
1.346028999999999975e-01 1.665197999999999956e-01 1.571485999999999994e-01 1.276248000000000105e-01 1.276248000000000105e-01 1.367282999999999971e-01 1.941132000000000135e-01 1.490904999999999869e-01 1.622081999999999968e-01 1.569612999999999980e-01 7.639793000000000278e-02 8.436797000000000046e-02 2.003966000000000081e-01 1.565178999999999876e-01 1.703823999999999894e-01 1.218397999999999981e-01 1.186881000000000047e-01 1.282507999999999981e-01 1.764770999999999979e-01 2.355868999999999880e-01 1.629550999999999916e-01 1.891118999999999994e-01 1.279646000000000117e-01 1.321057999999999955e-01 1.713443000000000049e-01 1.284435999999999911e-01 1.345937000000000106e-01 1.661202999999999985e-01 1.624885000000000079e-01 1.447904000000000135e-01 1.317580999999999891e-01 1.268315999999999888e-01 1.304634000000000071e-01 2.627480999999999844e-01 3.536026999999999920e-01 3.094516999999999962e-01 2.527088000000000112e-01
1.235128000000000059e-01 1.417772999999999950e-01 1.303399000000000085e-01 1.242617000000000027e-01 1.547935000000000005e-01 2.260704000000000047e-01 2.191909999999999969e-01 1.511911999999999978e-01 1.458135999999999877e-01 1.464814000000000116e-01 1.121730999999999978e-01 1.630892999999999926e-01 1.265830000000000011e-01 1.293053999999999870e-01 1.487707000000000057e-01 1.418891999999999931e-01 1.499164000000000052e-01 1.303117000000000025e-01 2.083582999999999963e-01 1.852119999999999878e-01 1.723810000000000064e-01 1.578755000000000019e-01 1.749971999999999916e-01 1.243037000000000031e-01 1.598318999999999990e-01 1.424264000000000085e-01 1.411239999999999994e-01 1.374683999999999906e-01 1.330852999999999897e-01 1.820067999999999964e-01 1.483199000000000045e-01 8.924885999999999930e-02 1.660579000000000083e-01 2.673468999999999984e-01 2.896015000000000117e-01 3.785207999999999906e-01 2.234736999999999973e-01
1.146709000000000062e-01 1.162046999999999941e-01 1.485747000000000040e-01 1.832331000000000099e-01 2.293784000000000101e-01 2.207940999999999931e-01 1.776502000000000081e-01 1.769412999999999958e-01 1.555792000000000008e-01 1.254989999999999994e-01 1.149593000000000004e-01 9.538111000000000506e-02 9.618367999999999363e-02 1.080319000000000002e-01 1.726451999999999987e-01 1.686734000000000011e-01 1.499998999999999916e-01 1.201788000000000023e-01 1.761485999999999885e-01 1.835938000000000014e-01 1.583004000000000078e-01 1.519738999999999951e-01 1.577178999999999942e-01 1.276355000000000128e-01 1.270184000000000035e-01 1.244355999999999934e-01 1.693016999999999994e-01 1.459232000000000029e-01 1.459232000000000029e-01 1.302591999999999917e-01 1.395804999999999962e-01 7.652103000000000377e-02 1.571075000000000110e-01 2.034359000000000028e-01 2.415209000000000106e-01 2.951943000000000206e-01 3.680654999999999899e-01
