testcase_input/new_parameters/LAI_spruce.dat
ncols         214
nrows         263
xllcorner     382500
yllcorner     7541702
cellsize      16
NODATA_value  -9999
[rows 136 to 152 of 263, columns 148 to 184 of 214]
9.024000000000000909e-01 1.207899999999999974e+00 1.616800000000000237e+00 2.199600000000000222e+00 2.218400000000000372e+00 1.771900000000000031e+00 1.748399999999999954e+00 1.264300000000000201e+00 1.748399999999999954e+00 1.800100000000000033e+00 1.626200000000000312e+00 1.240800000000000125e+00 8.318999999999999728e-01 5.922000000000000597e-01 1.269000000000000128e+00 1.095100000000000184e+00 1.071600000000000108e+00 7.661000000000000032e-01 7.614000000000000767e-01 7.473000000000000753e-01 1.071600000000000108e+00 1.104500000000000037e+00 1.311300000000000132e+00 1.269000000000000128e+00 7.520000000000000018e-01 9.635000000000001341e-01 8.037000000000000810e-01 8.507000000000000117e-01 1.513400000000000079e+00 8.507000000000000117e-01 8.225000000000001199e-01 8.084000000000001185e-01 5.968999999999999861e-01 1.217300000000000049e+00 1.160900000000000043e+00 1.325400000000000134e+00 3.807000000000000384e-01
1.583900000000000086e+00 1.626200000000000312e+00 2.077399999999999913e+00 2.147900000000000365e+00 1.734299999999999953e+00 1.739000000000000101e+00 1.715500000000000025e+00 1.612100000000000088e+00 1.616800000000000237e+00 1.668499999999999872e+00 1.645000000000000240e+00 1.616800000000000237e+00 1.029300000000000104e+00 6.768000000000000682e-01 1.066900000000000182e+00 1.057500000000000107e+00 2.961000000000000298e-01 1.029300000000000104e+00 1.071600000000000108e+00 6.580000000000001403e-01 1.165599999999999969e+00 1.156200000000000117e+00 1.306600000000000206e+00 1.048100000000000032e+00 1.377099999999999991e+00 6.157000000000000250e-01 1.212600000000000122e+00 1.132700000000000040e+00 1.189100000000000046e+00 1.071600000000000108e+00 8.695000000000000506e-01 5.263999999999999790e-01 1.165599999999999969e+00 1.330100000000000282e+00 1.250200000000000200e+00 1.663799999999999946e+00 1.231400000000000050e+00
2.406400000000000095e+00 2.552100000000000257e+00 2.209000000000000075e+00 1.795400000000000107e+00 1.823600000000000110e+00 1.865900000000000114e+00 1.851800000000000113e+00 1.640300000000000313e+00 1.668499999999999872e+00 1.814200000000000035e+00 1.861200000000000188e+00 1.757800000000000029e+00 1.081000000000000183e+00 7.237999999999999989e-01 6.814999999999999947e-01 5.875000000000000222e-01 7.520000000000000018e-01 4.700000000000000289e-01 1.156200000000000117e+00 6.345000000000000639e-01 1.019900000000000029e+00 1.217300000000000049e+00 1.081000000000000183e+00 1.001100000000000101e+00 5.968999999999999861e-01 1.358300000000000063e+00 1.330100000000000282e+00 1.240800000000000125e+00 1.132700000000000040e+00 1.278400000000000203e+00 1.334800000000000209e+00 1.513400000000000079e+00 1.076300000000000034e+00 1.184400000000000119e+00 1.132700000000000040e+00 1.170300000000000118e+00 1.598000000000000087e+00
2.345299999999999940e+00 2.603800000000000114e+00 2.190200000000000369e+00 1.898800000000000265e+00 1.743700000000000028e+00 1.842400000000000038e+00 1.818900000000000183e+00 1.729600000000000026e+00 1.894100000000000117e+00 1.880000000000000115e+00 1.865900000000000114e+00 1.715500000000000025e+00 1.292500000000000204e+00 1.142100000000000115e+00 7.520000000000000018e-01 1.029300000000000104e+00 7.708000000000000407e-01 6.439000000000000279e-01 4.982000000000000317e-01 9.118000000000000549e-01 1.236100000000000199e+00 1.081000000000000183e+00 1.203200000000000047e+00 1.071600000000000108e+00 5.546000000000000929e-01 6.204000000000000625e-01 1.330100000000000282e+00 1.367699999999999916e+00 1.560400000000000231e+00 5.358000000000000540e-01 8.413000000000000478e-01 8.178000000000000824e-01 8.131000000000001560e-01 7.144000000000000350e-01 7.990000000000000435e-01 8.037000000000000810e-01 6.063000000000000611e-01
2.354700000000000237e+00 2.105599999999999916e+00 1.734299999999999953e+00 1.701400000000000023e+00 1.875300000000000189e+00 1.842400000000000038e+00 1.847100000000000186e+00 1.908200000000000118e+00 1.908200000000000118e+00 1.861200000000000188e+00 1.786000000000000032e+00 1.762500000000000178e+00 1.348900000000000210e+00 1.170300000000000118e+00 1.222000000000000197e+00 1.762500000000000178e+00 9.447000000000000952e-01 9.541000000000000592e-01 8.037000000000000810e-01 8.695000000000000506e-01 8.836000000000000520e-01 1.273700000000000054e+00 1.193799999999999972e+00 1.034000000000000030e+00 2.256000000000000227e-01 5.499000000000000554e-01 1.362999999999999989e+00 1.334800000000000209e+00 1.127999999999999892e+00 8.271999999999999353e-01 9.400000000000000577e-01 8.459999999999999742e-01 1.320700000000000207e+00 4.841000000000000303e-01 9.869999999999999885e-01 9.071000000000000174e-01 1.066900000000000182e+00
8.648000000000000131e-01 1.254900000000000126e+00 1.297200000000000131e+00 1.696700000000000097e+00 1.748399999999999954e+00 1.880000000000000115e+00 1.912900000000000267e+00 1.424099999999999921e+00 1.480500000000000149e+00 1.753100000000000103e+00 1.922300000000000120e+00 1.950500000000000345e+00 1.226700000000000124e+00 1.409999999999999920e+00 1.198500000000000121e+00 1.743700000000000028e+00 1.029300000000000104e+00 1.034000000000000030e+00 1.292500000000000204e+00 1.292500000000000204e+00 1.287800000000000056e+00 1.137399999999999967e+00 1.123300000000000187e+00 1.156200000000000117e+00 9.729000000000000981e-01 9.869999999999999885e-01 6.627000000000000668e-01 6.721000000000001418e-01 8.554000000000000492e-01 8.413000000000000478e-01 8.554000000000000492e-01 1.753100000000000103e+00 1.818900000000000183e+00 1.499300000000000077e+00 9.917000000000000259e-01 9.259000000000000563e-01 1.142100000000000115e+00
8.084000000000001185e-01 6.157000000000000250e-01 7.990000000000000435e-01 1.311300000000000132e+00 1.273700000000000054e+00 1.729600000000000026e+00 1.659100000000000019e+00 1.142100000000000115e+00 1.193799999999999972e+00 1.245500000000000052e+00 1.786000000000000032e+00 1.865900000000000114e+00 1.762500000000000178e+00 1.198500000000000121e+00 1.729600000000000026e+00 1.635600000000000165e+00 1.654399999999999871e+00 1.645000000000000240e+00 1.273700000000000054e+00 1.283100000000000129e+00 1.311300000000000132e+00 1.287800000000000056e+00 1.071600000000000108e+00 1.043400000000000105e+00 6.768000000000000682e-01 1.748399999999999954e+00 1.189100000000000046e+00 7.943000000000001171e-01 8.318999999999999728e-01 1.156200000000000117e+00 8.507000000000000117e-01 1.452300000000000146e+00 1.504000000000000004e+00 1.466400000000000148e+00 1.001100000000000101e+00 1.193799999999999972e+00 1.066900000000000182e+00
4.794000000000000483e-01 4.934999999999999942e-01 4.934999999999999942e-01 1.034000000000000030e+00 9.212000000000000188e-01 8.271999999999999353e-01 8.366000000000000103e-01 9.259000000000000563e-01 9.494000000000001327e-01 9.447000000000000952e-01 1.160900000000000043e+00 1.640300000000000313e+00 1.696700000000000097e+00 1.724900000000000100e+00 1.649700000000000166e+00 9.447000000000000952e-01 9.964000000000000634e-01 1.029300000000000104e+00 1.706099999999999950e+00 1.673200000000000021e+00 9.447000000000000952e-01 1.226700000000000124e+00 8.225000000000001199e-01 7.755000000000000782e-01 1.739000000000000101e+00 2.218400000000000372e+00 2.232500000000000373e+00 1.687300000000000022e+00 7.896000000000000796e-01 8.084000000000001185e-01 1.104500000000000037e+00 1.804800000000000182e+00 1.630900000000000238e+00 7.144000000000000350e-01 8.366000000000000103e-01 6.157000000000000250e-01 8.366000000000000103e-01
4.934999999999999942e-01 6.392000000000001014e-01 5.029000000000000137e-01 5.170000000000000151e-01 1.029300000000000104e+00 1.034000000000000030e+00 9.212000000000000188e-01 1.250200000000000200e+00 1.010499999999999954e+00 1.015200000000000102e+00 1.001100000000000101e+00 9.869999999999999885e-01 1.682600000000000096e+00 1.729600000000000026e+00 1.659100000000000019e+00 9.447000000000000952e-01 1.015200000000000102e+00 1.005800000000000027e+00 1.743700000000000028e+00 1.710800000000000098e+00 1.029300000000000104e+00 8.366000000000000103e-01 1.090400000000000036e+00 1.833000000000000185e+00 2.171400000000000219e+00 2.664900000000000269e+00 2.636700000000000266e+00 1.898800000000000265e+00 7.802000000000001156e-01 8.131000000000001560e-01 8.366000000000000103e-01 1.113900000000000112e+00 1.800100000000000033e+00 1.146800000000000042e+00 8.318999999999999728e-01 7.003000000000000336e-01 8.225000000000001199e-01
1.395899999999999919e+00 1.306600000000000206e+00 1.499300000000000077e+00 1.254900000000000126e+00 1.198500000000000121e+00 8.883000000000000895e-01 8.366000000000000103e-01 8.271999999999999353e-01 8.225000000000001199e-01 1.254900000000000126e+00 1.259600000000000053e+00 1.250200000000000200e+00 8.225000000000001199e-01 8.178000000000000824e-01 1.029300000000000104e+00 1.005800000000000027e+00 7.849000000000000421e-01 7.943000000000001171e-01 1.706099999999999950e+00 1.734299999999999953e+00 1.663799999999999946e+00 1.724900000000000100e+00 7.802000000000001156e-01 1.847100000000000186e+00 1.673200000000000021e+00 2.068000000000000060e+00 2.265400000000000080e+00 8.178000000000000824e-01 8.883000000000000895e-01 9.024000000000000909e-01 9.776000000000001355e-01 1.823600000000000110e+00 1.748399999999999954e+00 1.856500000000000261e+00 1.842400000000000038e+00 1.894100000000000117e+00 1.941100000000000270e+00
7.473000000000000753e-01 7.096999999999999975e-01 6.721000000000001418e-01 5.405000000000000915e-01 1.118600000000000039e+00 6.439000000000000279e-01 7.190999999999999615e-01 8.413000000000000478e-01 8.459999999999999742e-01 8.507000000000000117e-01 8.413000000000000478e-01 8.178000000000000824e-01 8.225000000000001199e-01 8.225000000000001199e-01 1.264300000000000201e+00 9.588000000000000966e-01 8.037000000000000810e-01 8.366000000000000103e-01 1.527500000000000080e+00 1.527500000000000080e+00 1.739000000000000101e+00 1.724900000000000100e+00 1.715500000000000025e+00 1.682600000000000096e+00 1.743700000000000028e+00 2.016300000000000203e+00 2.119699999999999918e+00 1.659100000000000019e+00 1.612100000000000088e+00 1.682600000000000096e+00 1.677899999999999947e+00 1.931700000000000195e+00 2.002200000000000202e+00 1.978699999999999903e+00 1.875300000000000189e+00 1.912900000000000267e+00 2.209000000000000075e+00
1.132700000000000040e+00 1.236100000000000199e+00 1.222000000000000197e+00 5.122999999999999776e-01 4.982000000000000317e-01 5.639999999999999458e-01 6.674000000000001043e-01 6.862000000000000322e-01 9.306000000000000938e-01 8.178000000000000824e-01 8.271999999999999353e-01 7.661000000000000032e-01 7.896000000000000796e-01 8.037000000000000810e-01 7.990000000000000435e-01 8.084000000000001185e-01 7.849000000000000421e-01 1.127999999999999892e+00 1.795400000000000107e+00 1.142100000000000115e+00 1.250200000000000200e+00 1.048100000000000032e+00 1.160900000000000043e+00 1.066900000000000182e+00 9.635000000000001341e-01 7.943000000000001171e-01 1.814200000000000035e+00 2.124400000000000066e+00 1.851800000000000113e+00 1.842400000000000038e+00 2.063299999999999912e+00 2.096200000000000063e+00 1.814200000000000035e+00 1.273700000000000054e+00 1.973999999999999977e+00 1.880000000000000115e+00 1.894100000000000117e+00
1.005800000000000027e+00 1.109200000000000186e+00 1.231400000000000050e+00 1.038699999999999957e+00 9.306000000000000938e-01 4.888000000000000678e-01 4.982000000000000317e-01 6.204000000000000625e-01 7.332000000000000739e-01 7.332000000000000739e-01 7.096999999999999975e-01 7.708000000000000407e-01 7.708000000000000407e-01 8.225000000000001199e-01 8.271999999999999353e-01 8.366000000000000103e-01 8.507000000000000117e-01 1.151499999999999968e+00 1.151499999999999968e+00 1.142100000000000115e+00 7.332000000000000739e-01 1.015200000000000102e+00 1.123300000000000187e+00 1.090400000000000036e+00 1.024599999999999955e+00 1.677899999999999947e+00 1.790700000000000180e+00 2.157300000000000217e+00 2.227800000000000225e+00 1.894100000000000117e+00 2.302999999999999936e+00 2.058600000000000207e+00 1.771900000000000031e+00 1.894100000000000117e+00 1.917600000000000193e+00 2.425200000000000244e+00 1.809500000000000108e+00
9.917000000000000259e-01 1.151499999999999968e+00 1.113900000000000112e+00 1.236100000000000199e+00 7.473000000000000753e-01 7.049999999999999600e-01 5.076000000000000512e-01 4.934999999999999942e-01 6.251000000000001000e-01 6.862000000000000322e-01 6.862000000000000322e-01 9.071000000000000174e-01 7.990000000000000435e-01 6.157000000000000250e-01 8.554000000000000492e-01 8.648000000000000131e-01 1.057500000000000107e+00 1.048100000000000032e+00 9.353000000000001313e-01 1.250200000000000200e+00 9.917000000000000259e-01 1.687300000000000022e+00 1.743700000000000028e+00 1.861200000000000188e+00 1.894100000000000117e+00 1.992800000000000127e+00 1.800100000000000033e+00 1.818900000000000183e+00 1.842400000000000038e+00 1.743700000000000028e+00 1.729600000000000026e+00 2.030400000000000205e+00 2.359399999999999942e+00 1.898800000000000265e+00 2.317099999999999937e+00 2.585000000000000409e+00 2.641400000000000414e+00
1.753100000000000103e+00 1.127999999999999892e+00 1.127999999999999892e+00 1.090400000000000036e+00 6.955999999999999961e-01 1.240800000000000125e+00 1.160900000000000043e+00 9.964000000000000634e-01 1.833000000000000185e+00 6.862000000000000322e-01 6.862000000000000322e-01 9.212000000000000188e-01 7.049999999999999600e-01 8.271999999999999353e-01 7.285000000000000364e-01 8.695000000000000506e-01 1.066900000000000182e+00 8.600999999999999757e-01 1.264300000000000201e+00 1.701400000000000023e+00 1.640300000000000313e+00 1.729600000000000026e+00 1.828300000000000036e+00 1.988099999999999978e+00 2.603800000000000114e+00 2.077399999999999913e+00 2.251300000000000079e+00 2.251300000000000079e+00 2.293600000000000083e+00 1.884700000000000264e+00 1.936400000000000121e+00 2.514500000000000401e+00 2.655500000000000416e+00 2.350000000000000089e+00 2.321800000000000086e+00 2.566200000000000259e+00 2.655500000000000416e+00
1.739000000000000101e+00 1.729600000000000026e+00 1.720199999999999951e+00 1.720199999999999951e+00 9.635000000000001341e-01 9.071000000000000174e-01 9.588000000000000966e-01 1.001100000000000101e+00 1.837700000000000111e+00 1.842400000000000038e+00 6.298000000000000265e-01 7.614000000000000767e-01 6.955999999999999961e-01 6.110000000000000986e-01 7.237999999999999989e-01 8.695000000000000506e-01 8.600999999999999757e-01 1.626200000000000312e+00 1.659100000000000019e+00 1.753100000000000103e+00 2.091499999999999915e+00 2.223100000000000076e+00 2.359399999999999942e+00 2.580300000000000260e+00 2.655500000000000416e+00 2.053900000000000059e+00 1.922300000000000120e+00 2.331199999999999939e+00 2.373499999999999943e+00 2.646100000000000563e+00 2.679000000000000270e+00 2.364100000000000090e+00 2.270100000000000229e+00 2.298300000000000232e+00 2.495700000000000252e+00 2.632000000000000561e+00 2.679000000000000270e+00
1.015200000000000102e+00 9.822999999999999510e-01 1.814200000000000035e+00 1.809500000000000108e+00 1.762500000000000178e+00 2.726000000000000090e-01 2.679000000000000270e-01 1.005800000000000027e+00 1.842400000000000038e+00 6.862000000000000322e-01 6.862000000000000322e-01 6.862000000000000322e-01 5.593000000000000194e-01 5.875000000000000222e-01 6.674000000000001043e-01 8.648000000000000131e-01 8.600999999999999757e-01 8.600999999999999757e-01 1.480500000000000149e+00 1.767200000000000104e+00 2.115000000000000213e+00 2.204300000000000370e+00 2.368800000000000239e+00 2.364100000000000090e+00 2.373499999999999943e+00 2.650800000000000267e+00 2.533300000000000107e+00 2.491000000000000103e+00 2.838799999999999990e+00 3.205400000000000471e+00 2.444000000000000394e+00 2.288899999999999935e+00 2.594400000000000261e+00 2.255999999999999783e+00 2.401699999999999946e+00 2.683700000000000419e+00 2.683700000000000419e+00
