testcase_input/new_parameters/LAI_grass.dat
ncols         214
nrows         263
xllcorner     382500
yllcorner     7541702
cellsize      16
NODATA_value  -9999
[rows 187 to 203 of 263, columns 37 to 73 of 214]
2.714520000000000266e-01 2.580392000000000241e-01 1.422971000000000097e-01 1.900871000000000088e-01 1.560122999999999927e-01 1.368735000000000090e-01 1.200241999999999976e-01 1.363881999999999872e-01 2.066247999999999974e-01 2.303235999999999895e-01 1.721032000000000117e-01 1.888066999999999940e-01 2.614461000000000146e-01 1.972688999999999970e-01 1.772702999999999918e-01 1.897542000000000117e-01 2.307928999999999953e-01 1.671788999999999914e-01 1.659857999999999889e-01 1.933607999999999993e-01 1.843483999999999956e-01 3.214809000000000139e-01 1.780404999999999904e-01 1.329577999999999871e-01 1.438154000000000099e-01 1.555322000000000093e-01 2.095701000000000092e-01 2.590891000000000166e-01 1.897030000000000105e-01 1.970266999999999991e-01 2.197389999999999899e-01 1.692431000000000074e-01 1.856379999999999975e-01 2.811113000000000084e-01 2.155895999999999924e-01 2.511096999999999912e-01 1.744113999999999942e-01
2.555278999999999745e-01 3.439446999999999921e-01 2.575260999999999800e-01 1.484439999999999926e-01 1.897477999999999942e-01 1.450749000000000066e-01 1.591905999999999877e-01 1.408065000000000011e-01 3.881608999999999754e-01 2.646684000000000259e-01 2.728108000000000199e-01 2.486742999999999870e-01 2.530762999999999763e-01 1.914895000000000069e-01 2.031081000000000136e-01 2.075922000000000045e-01 1.630902999999999936e-01 1.898710999999999871e-01 2.099496999999999891e-01 1.902959999999999929e-01 1.793468000000000007e-01 2.158934999999999882e-01 1.591596000000000122e-01 1.571706999999999965e-01 1.650927000000000089e-01 1.454938000000000065e-01 1.688050000000000106e-01 1.809169999999999945e-01 2.093639999999999946e-01 2.247081999999999968e-01 2.054095999999999977e-01 1.877562000000000120e-01 1.966797000000000128e-01 2.822678000000000131e-01 2.719319000000000042e-01 1.900915999999999995e-01 2.496182000000000123e-01
2.099238999999999966e-01 3.099979999999999958e-01 2.317004000000000008e-01 2.337001999999999968e-01 1.952683000000000058e-01 1.352558000000000094e-01 2.305105000000000071e-01 2.153709000000000040e-01 4.005778999999999868e-01 5.035878000000000299e-01 3.605779000000000067e-01 3.392235000000000111e-01 2.516535999999999773e-01 1.634234999999999993e-01 1.630090999999999901e-01 2.068830000000000113e-01 1.679064000000000112e-01 1.900807999999999942e-01 2.064822000000000046e-01 1.535534000000000066e-01 1.739799999999999958e-01 1.663393999999999984e-01 1.638838999999999990e-01 1.617098999999999898e-01 1.482607999999999981e-01 1.486108999999999902e-01 1.628654999999999964e-01 1.790218000000000087e-01 1.834436000000000122e-01 2.033947999999999867e-01 1.820288999999999935e-01 1.846822999999999937e-01 2.211083000000000076e-01 2.076840000000000075e-01 2.492111999999999938e-01 1.923306999999999933e-01 2.072656999999999972e-01
1.737914999999999877e-01 2.618519000000000263e-01 2.081963000000000008e-01 1.457000999999999991e-01 1.585291000000000061e-01 2.352569999999999939e-01 1.460504999999999998e-01 2.492511000000000032e-01 4.094431000000000043e-01 5.058473999999999471e-01 5.340939999999999577e-01 3.825420999999999960e-01 1.852272000000000085e-01 1.703700999999999965e-01 1.966061000000000059e-01 1.985165000000000124e-01 1.721212000000000020e-01 1.958652999999999922e-01 1.834102999999999983e-01 1.515101000000000087e-01 2.750024999999999831e-01 1.620478999999999947e-01 1.550577999999999956e-01 1.389779999999999904e-01 1.708481000000000027e-01 1.451526999999999956e-01 1.314754999999999951e-01 1.781513000000000124e-01 1.812718000000000107e-01 2.102797000000000138e-01 1.921732999999999913e-01 2.260197999999999929e-01 2.286249999999999949e-01 1.953235000000000110e-01 2.064523000000000053e-01 1.862890000000000101e-01 1.862890000000000101e-01
1.832917000000000018e-01 2.236086999999999936e-01 1.678296999999999983e-01 1.574300999999999895e-01 2.093328999999999884e-01 1.937631999999999965e-01 1.861657999999999924e-01 2.730890999999999735e-01 2.970496000000000247e-01 4.764219000000000093e-01 4.074439999999999729e-01 5.021485999999999450e-01 2.612728999999999746e-01 1.798509000000000080e-01 1.765732999999999886e-01 1.858035000000000103e-01 1.738883999999999985e-01 1.860746000000000067e-01 2.010676000000000130e-01 1.440549000000000135e-01 1.300070999999999866e-01 1.500062000000000062e-01 1.440983000000000125e-01 1.339715999999999962e-01 1.854250000000000065e-01 1.430449000000000026e-01 1.438309000000000115e-01 1.639232999999999940e-01 2.060091000000000006e-01 1.767302000000000040e-01 2.007882000000000000e-01 1.871180000000000065e-01 2.258903999999999912e-01 1.909443999999999864e-01 1.953416000000000041e-01 1.886204999999999965e-01 1.676790999999999976e-01
2.635951999999999740e-01 2.913861999999999841e-01 2.236086999999999936e-01 1.787166000000000032e-01 1.807970999999999884e-01 1.499676000000000065e-01 2.042312000000000016e-01 1.888114999999999932e-01 3.026226000000000194e-01 4.341543999999999959e-01 4.360105000000000230e-01 4.079752999999999852e-01 1.990495999999999932e-01 2.169895000000000018e-01 3.521229000000000164e-01 2.047699000000000047e-01 1.953355999999999981e-01 2.094344999999999957e-01 2.458110000000000017e-01 1.942670999999999981e-01 1.425781999999999883e-01 1.554962000000000011e-01 1.705596000000000056e-01 1.667707999999999968e-01 1.757855999999999863e-01 1.560390999999999861e-01 1.697490000000000110e-01 1.831856000000000040e-01 2.558023999999999853e-01 1.617018000000000066e-01 1.547569000000000028e-01 1.689564000000000066e-01 2.080930000000000002e-01 1.720111000000000001e-01 1.851942000000000033e-01 1.886751000000000122e-01 1.618314999999999892e-01
1.671052000000000093e-01 2.167453000000000018e-01 3.408613999999999811e-01 2.236086999999999936e-01 1.818202999999999903e-01 1.644425999999999943e-01 2.185032000000000085e-01 2.243348000000000009e-01 1.769894999999999941e-01 4.929353000000000207e-01 4.840379000000000209e-01 3.179917999999999911e-01 1.759375999999999995e-01 2.756627999999999856e-01 2.422581000000000040e-01 1.869620999999999922e-01 2.099444000000000032e-01 1.842312999999999867e-01 2.481285000000000018e-01 2.489513999999999894e-01 2.006476000000000093e-01 1.841591999999999951e-01 1.330545999999999951e-01 1.653274999999999884e-01 1.905683999999999989e-01 1.385022999999999949e-01 1.766841000000000106e-01 1.537161999999999973e-01 1.748472000000000082e-01 1.786316000000000015e-01 1.851837000000000066e-01 1.737218000000000095e-01 1.812371999999999872e-01 1.963362999999999914e-01 1.842119000000000117e-01 1.840577999999999936e-01 1.414592000000000072e-01
2.314924999999999899e-01 2.242020000000000124e-01 2.669942000000000148e-01 2.196986999999999968e-01 1.662414000000000114e-01 2.079062999999999883e-01 2.077081000000000066e-01 2.301403999999999950e-01 2.021428000000000114e-01 3.522488999999999759e-01 3.319289999999999741e-01 2.765552000000000010e-01 1.603063999999999878e-01 1.929276000000000046e-01 2.178636999999999935e-01 2.140083000000000124e-01 2.259307000000000121e-01 2.935214999999999907e-01 2.018182000000000031e-01 2.031884999999999941e-01 2.317019999999999913e-01 1.539204999999999879e-01 1.569222999999999868e-01 1.433964000000000072e-01 1.970706999999999876e-01 1.471561000000000119e-01 1.788903000000000021e-01 1.730557000000000067e-01 1.654453999999999925e-01 1.607928999999999886e-01 1.611603000000000063e-01 1.597550000000000081e-01 2.046882999999999897e-01 1.677105999999999875e-01 1.921971000000000096e-01 2.127402999999999933e-01 1.692900999999999989e-01
1.886514999999999997e-01 2.745225000000000026e-01 3.302485000000000004e-01 1.980780000000000041e-01 1.899077999999999877e-01 1.873533000000000004e-01 3.445230000000000237e-01 3.304204000000000030e-01 1.936831999999999998e-01 3.032953999999999928e-01 4.397190999999999739e-01 2.981991999999999976e-01 1.906285000000000063e-01 2.585477999999999943e-01 2.192948000000000119e-01 2.679420000000000135e-01 2.349746000000000057e-01 2.506839000000000151e-01 1.588066999999999951e-01 2.173203999999999969e-01 1.714605999999999908e-01 1.997735999999999956e-01 1.663501000000000007e-01 1.341573000000000071e-01 1.762212999999999974e-01 1.716845999999999928e-01 1.672310999999999936e-01 1.519349000000000116e-01 1.698733000000000049e-01 1.665040999999999882e-01 1.404285999999999868e-01 1.271462999999999899e-01 1.595758999999999928e-01 1.558177000000000034e-01 1.390723000000000098e-01 1.820878999999999970e-01 1.832645999999999997e-01
2.003279000000000032e-01 2.608123999999999998e-01 3.822012000000000187e-01 2.170793000000000028e-01 1.845559999999999978e-01 1.745562999999999976e-01 2.244517000000000040e-01 3.136827999999999839e-01 1.754786999999999875e-01 2.740842000000000001e-01 3.859400000000000053e-01 2.589030999999999971e-01 1.798667999999999934e-01 2.584505999999999748e-01 2.125606999999999913e-01 3.447664999999999758e-01 2.478986999999999996e-01 2.303156000000000092e-01 2.422562000000000049e-01 2.122498999999999914e-01 1.955869000000000080e-01 1.895299000000000011e-01 1.792678000000000049e-01 2.786165999999999920e-01 2.554608999999999908e-01 1.615466000000000124e-01 1.513038999999999912e-01 1.549140999999999990e-01 1.732632000000000061e-01 2.029011000000000009e-01 1.374979000000000062e-01 1.465265000000000040e-01 1.559485999999999928e-01 1.436784000000000117e-01 1.630042999999999909e-01 1.652782999999999891e-01 1.530847999999999931e-01
2.388059999999999905e-01 3.219773000000000218e-01 3.370906000000000180e-01 2.512881000000000142e-01 1.939391000000000032e-01 1.991915999999999964e-01 2.237561999999999884e-01 2.345495999999999970e-01 2.345495999999999970e-01 3.272069000000000227e-01 4.263715000000000144e-01 2.533481000000000205e-01 1.820634999999999892e-01 2.172611000000000125e-01 2.916372999999999882e-01 2.724069000000000074e-01 2.803804999999999770e-01 2.746091999999999977e-01 2.937918999999999947e-01 2.810509999999999953e-01 1.964193999999999940e-01 1.577700999999999965e-01 1.401930999999999872e-01 1.879746999999999946e-01 1.731067000000000022e-01 1.583354999999999901e-01 1.446886000000000005e-01 1.518533999999999995e-01 1.468722000000000083e-01 1.430564000000000002e-01 1.758596000000000048e-01 1.298749999999999905e-01 1.549555999999999989e-01 1.487051000000000067e-01 1.573385999999999951e-01 1.842416000000000054e-01 1.887265999999999944e-01
3.011632000000000198e-01 2.835351999999999872e-01 3.781808999999999865e-01 2.629542999999999742e-01 2.350322999999999996e-01 2.063996999999999915e-01 1.949236000000000024e-01 2.845175999999999816e-01 2.183093000000000117e-01 2.003383999999999998e-01 4.005901000000000045e-01 2.725661999999999807e-01 2.145683999999999925e-01 2.519738999999999729e-01 3.498687999999999798e-01 3.050682000000000116e-01 3.070959999999999801e-01 3.276378999999999819e-01 2.355531999999999904e-01 2.135815000000000075e-01 2.691755000000000120e-01 1.777582000000000051e-01 2.019939000000000040e-01 1.780749000000000082e-01 1.715148999999999979e-01 1.499143000000000003e-01 2.076918000000000097e-01 1.287474000000000118e-01 1.706907000000000008e-01 1.483126999999999918e-01 1.545329000000000008e-01 2.038291000000000130e-01 1.536655000000000104e-01 1.471860000000000113e-01 1.550951000000000135e-01 2.333858000000000044e-01 1.776559000000000055e-01
2.866361000000000048e-01 3.492223999999999884e-01 4.054728000000000221e-01 3.075746999999999787e-01 2.231373000000000106e-01 1.747401000000000093e-01 1.851462000000000108e-01 2.222471000000000030e-01 1.949858999999999898e-01 1.866342000000000001e-01 2.651080000000000103e-01 2.837899999999999867e-01 2.813309999999999977e-01 3.233949999999999880e-01 3.066736999999999935e-01 3.674316000000000249e-01 3.625920999999999728e-01 4.049452000000000051e-01 2.583115000000000272e-01 1.748076000000000074e-01 2.705586999999999853e-01 1.541125999999999885e-01 1.827785000000000104e-01 1.425597999999999865e-01 1.608460999999999919e-01 1.412954999999999905e-01 2.348101999999999967e-01 1.885583000000000120e-01 1.492066999999999977e-01 1.676295999999999897e-01 1.395009999999999861e-01 1.969606999999999886e-01 1.631026999999999894e-01 2.208309999999999995e-01 1.925668000000000102e-01 1.510907999999999973e-01 2.171712000000000087e-01
3.071983999999999826e-01 2.856303000000000036e-01 3.433265999999999818e-01 3.394886999999999766e-01 2.849165000000000170e-01 2.152664999999999995e-01 2.404830000000000023e-01 2.288395000000000012e-01 2.041870000000000074e-01 3.052891999999999828e-01 2.127423999999999982e-01 1.899560999999999888e-01 1.986678000000000055e-01 2.609808000000000128e-01 3.050588000000000188e-01 3.448139000000000065e-01 4.326932000000000000e-01 2.727346999999999966e-01 2.210260000000000002e-01 1.763146999999999909e-01 2.181713999999999876e-01 2.087708000000000064e-01 1.182528999999999941e-01 1.848081000000000029e-01 1.339603000000000044e-01 1.705454999999999888e-01 1.791042999999999941e-01 1.388681999999999972e-01 2.519146999999999914e-01 2.368035000000000001e-01 1.445324000000000053e-01 1.658393999999999979e-01 1.279424999999999868e-01 1.830842000000000025e-01 1.696066999999999991e-01 1.557289000000000034e-01 1.605065999999999993e-01
2.876947000000000254e-01 2.413927999999999907e-01 3.809351999999999738e-01 4.225394000000000094e-01 2.951365000000000238e-01 2.512776999999999927e-01 2.175398000000000054e-01 2.394179999999999919e-01 2.701254000000000155e-01 3.785838999999999732e-01 1.877846999999999988e-01 1.914595000000000047e-01 1.954887999999999904e-01 2.452131999999999923e-01 3.018081000000000236e-01 4.804691999999999852e-01 4.568538999999999795e-01 4.030307000000000195e-01 2.366727999999999887e-01 1.838676999999999950e-01 1.485036000000000134e-01 1.953282000000000074e-01 1.504495000000000138e-01 1.730263999999999969e-01 1.535718000000000083e-01 1.844540000000000068e-01 2.060201000000000116e-01 2.304792999999999981e-01 1.665911999999999948e-01 2.569934999999999858e-01 1.639001999999999959e-01 1.546290999999999916e-01 1.787472999999999979e-01 2.218824000000000074e-01 1.861302999999999985e-01 1.579539000000000082e-01 1.929709000000000008e-01
2.178794000000000008e-01 1.914240000000000108e-01 3.328732999999999831e-01 4.150049000000000099e-01 2.924936000000000202e-01 2.512776999999999927e-01 2.121059000000000139e-01 2.039634999999999920e-01 2.217462000000000044e-01 2.172160999999999953e-01 2.677513000000000254e-01 3.525460000000000260e-01 2.234897000000000133e-01 2.691880999999999857e-01 3.072220999999999980e-01 2.449357000000000062e-01 2.903872000000000120e-01 4.171641999999999850e-01 2.452612999999999877e-01 2.341139000000000137e-01 1.652052999999999994e-01 1.662205999999999961e-01 1.327550999999999870e-01 1.627543999999999935e-01 1.633738999999999886e-01 1.863905999999999896e-01 1.577520000000000033e-01 1.497626999999999986e-01 1.654306000000000110e-01 2.225445000000000062e-01 2.256934999999999913e-01 2.176985999999999921e-01 1.717317999999999900e-01 2.817396999999999818e-01 1.683322999999999903e-01 1.582207999999999948e-01 1.542508999999999963e-01
1.771095000000000030e-01 1.840210999999999930e-01 2.676316000000000250e-01 2.844342999999999733e-01 2.771548999999999818e-01 2.511952000000000074e-01 1.729778999999999900e-01 1.702178000000000024e-01 2.122827999999999937e-01 1.825981000000000132e-01 3.390398000000000023e-01 4.043140000000000067e-01 2.593484999999999818e-01 2.767049999999999788e-01 3.088684999999999903e-01 2.294306999999999874e-01 3.016774999999999873e-01 2.919209999999999861e-01 2.340515999999999985e-01 2.096346000000000043e-01 2.612107000000000179e-01 2.295529000000000042e-01 1.576799000000000117e-01 2.405529999999999891e-01 1.863598999999999950e-01 1.696915999999999980e-01 1.652067999999999870e-01 1.883611000000000035e-01 1.377046000000000103e-01 1.440174999999999927e-01 1.351365999999999956e-01 2.369248999999999938e-01 2.177101999999999926e-01 1.731084999999999985e-01 1.649971000000000076e-01 1.675405000000000089e-01 1.531063000000000007e-01
