testcase_input/new_parameters/LAI_shrub.dat
ncols         214
nrows         263
xllcorner     382500
yllcorner     7541702
cellsize      16
NODATA_value  -9999
[rows 204 to 220 of 263, columns 148 to 184 of 214]
5.330194000000000321e-01 5.961993999999999350e-01 6.247597000000000289e-01 5.842313999999999563e-01 6.385813999999999657e-01 6.298350000000000337e-01 5.822931999999999553e-01 6.651023999999999825e-01 6.089006999999999614e-01 5.853572999999999693e-01 6.301676999999999973e-01 7.085003999999999191e-01 5.879170000000000229e-01 6.689964000000000466e-01 6.550006999999999913e-01 7.088193000000000410e-01 7.070189000000000057e-01 6.834506999999999666e-01 5.325602999999999865e-01 6.500407999999999742e-01 6.282613000000000225e-01 5.394475999999999161e-01 5.355691999999999675e-01 5.393324999999999925e-01 5.068679000000000379e-01 5.461141000000000467e-01 6.224392999999999176e-01 5.577562000000000353e-01 5.287627000000000299e-01 5.268042000000000558e-01 5.184524999999999828e-01 5.395351000000000452e-01 6.428139999999999965e-01 6.468930999999999987e-01 0.000000000000000000e+00 0.000000000000000000e+00 0.000000000000000000e+00
6.382122000000000073e-01 5.698259999999999437e-01 5.708974999999999467e-01 5.527404000000000206e-01 5.439624000000000681e-01 6.391329000000000038e-01 5.135735999999999635e-01 6.552569999999999784e-01 6.316555000000000364e-01 6.190746000000000304e-01 5.773234999999999895e-01 6.017843999999999971e-01 6.842247000000000190e-01 6.326568000000000191e-01 7.391217999999999400e-01 7.183892000000000611e-01 6.491157000000000732e-01 7.207133000000000012e-01 5.654791000000000123e-01 5.952699000000000185e-01 5.697242000000000139e-01 5.545229000000000408e-01 5.882190000000000474e-01 5.937240999999999769e-01 5.328500000000000458e-01 5.028974000000000499e-01 5.634489999999999776e-01 5.235677999999999166e-01 6.076432000000000500e-01 5.605751999999999402e-01 4.824623000000000106e-01 5.505811999999999928e-01 5.350797000000000470e-01 5.800461000000000089e-01 0.000000000000000000e+00 0.000000000000000000e+00 0.000000000000000000e+00
7.160712000000000188e-01 5.641884999999999817e-01 6.180795000000000039e-01 6.097960999999999521e-01 5.184717999999999272e-01 6.430147000000000501e-01 5.211227999999999971e-01 5.522015000000000118e-01 6.795192999999999373e-01 5.811131000000000491e-01 6.098231000000000623e-01 5.449380999999999808e-01 6.266289000000000442e-01 6.565577000000000218e-01 5.386686000000000529e-01 4.752350000000000185e-01 6.982042000000000526e-01 6.079548000000000174e-01 5.155575000000000019e-01 5.547817999999999916e-01 6.260219999999999674e-01 6.110115000000000407e-01 5.009225999999999956e-01 5.270566999999999336e-01 5.020346999999999449e-01 5.277038000000000562e-01 5.532257999999999898e-01 4.632948000000000066e-01 6.610538000000000247e-01 5.812791999999999959e-01 5.393537000000000470e-01 5.778529000000000027e-01 5.543373000000000328e-01 6.318825000000000136e-01 0.000000000000000000e+00 0.000000000000000000e+00 0.000000000000000000e+00
7.254386999999999919e-01 6.196805000000000785e-01 6.898246000000000100e-01 6.602951999999999710e-01 4.970122000000000151e-01 5.871003999999999667e-01 5.487671000000000632e-01 5.269760999999999473e-01 5.348469000000000140e-01 5.629406999999999606e-01 5.987544000000000199e-01 4.884988000000000108e-01 5.449380999999999808e-01 5.424761000000000166e-01 5.838292000000000481e-01 5.048293999999999837e-01 5.538490000000000357e-01 6.024642000000000053e-01 4.786081999999999836e-01 6.111773000000000344e-01 4.810647000000000117e-01 5.852945999999999982e-01 6.147344999999999615e-01 4.895065000000000111e-01 5.478798999999999753e-01 4.352850000000000330e-01 5.451216999999999313e-01 5.145142999999999800e-01 5.595162999999999665e-01 6.286502000000000479e-01 6.926107999999999709e-01 6.483921999999999741e-01 5.873055999999999832e-01 6.442879999999999718e-01 0.000000000000000000e+00 0.000000000000000000e+00 0.000000000000000000e+00
7.395937999999999679e-01 6.754752000000000534e-01 6.583107999999999738e-01 5.871709999999999985e-01 6.220759000000000150e-01 5.884397999999999573e-01 5.464965999999999990e-01 5.228452999999999573e-01 5.460654000000000341e-01 5.158475000000000144e-01 5.783224000000000142e-01 5.248302999999999718e-01 5.532863000000000087e-01 5.910702999999999374e-01 5.989877999999999592e-01 4.863561000000000134e-01 5.047859999999999570e-01 6.463370999999999977e-01 5.550471000000000155e-01 6.323459000000000163e-01 5.883456000000000241e-01 5.498558000000000057e-01 5.883272000000000501e-01 5.662343000000000792e-01 5.954095000000000359e-01 4.680261000000000005e-01 5.463431000000000815e-01 5.832928000000000557e-01 5.873820000000000707e-01 5.493608000000000935e-01 6.918879999999999475e-01 6.893498000000000125e-01 6.116928999999999839e-01 6.544326000000000310e-01 0.000000000000000000e+00 0.000000000000000000e+00 0.000000000000000000e+00
7.485422000000000464e-01 7.309565000000000090e-01 6.710051000000000210e-01 5.700662999999999148e-01 5.617246000000000183e-01 6.610084000000000515e-01 6.185958000000000290e-01 5.354662000000000033e-01 5.954850999999999894e-01 5.045985000000000609e-01 5.312276000000000220e-01 5.646955000000000169e-01 5.141752000000000544e-01 5.151976000000000333e-01 6.442843000000000320e-01 6.500730999999999593e-01 5.623645000000000449e-01 4.908101999999999743e-01 5.120504999999999640e-01 6.030507999999999980e-01 5.267972000000000765e-01 5.941499000000000086e-01 6.104781999999999709e-01 5.029900999999999955e-01 5.794999000000000677e-01 5.945905000000000218e-01 4.521922000000000441e-01 6.366249000000000491e-01 6.315311000000000119e-01 6.141545000000000476e-01 7.047657999999999978e-01 6.621281000000001082e-01 5.593882999999999495e-01 6.591913000000000356e-01 0.000000000000000000e+00 0.000000000000000000e+00 0.000000000000000000e+00
6.936548000000000158e-01 7.247263999999999928e-01 6.484217999999999371e-01 5.418024000000000173e-01 5.792348000000000496e-01 6.812934999999999963e-01 5.749944000000000166e-01 4.974770000000000025e-01 5.330051999999999568e-01 5.762620000000000520e-01 5.700233000000000105e-01 5.853785999999999712e-01 5.169890999999999792e-01 6.033112000000000474e-01 5.068991999999999942e-01 5.697501999999999844e-01 5.160291000000000183e-01 5.490766000000000258e-01 5.630467000000000111e-01 5.111276000000000153e-01 5.278047999999999629e-01 5.506550000000000056e-01 5.910263000000000044e-01 5.742119999999999447e-01 4.988120000000000331e-01 5.417556000000000038e-01 5.693403999999999687e-01 5.235271999999999704e-01 6.875671999999999340e-01 5.871131000000000544e-01 6.371109000000000355e-01 6.936994000000000771e-01 6.278877000000000486e-01 6.954884999999999540e-01 0.000000000000000000e+00 0.000000000000000000e+00 0.000000000000000000e+00
7.575746000000000979e-01 6.368306999999999718e-01 6.946571000000000273e-01 6.159060000000000645e-01 6.613719000000000126e-01 4.825222999999999596e-01 5.802097999999999978e-01 5.211242999999999848e-01 6.453569999999999585e-01 5.301485000000000225e-01 5.008394999999999930e-01 5.780035999999999508e-01 5.767325999999999286e-01 4.568799000000000055e-01 5.120006000000000279e-01 6.709967999999999488e-01 6.196120999999999990e-01 5.867575999999999903e-01 5.395062999999999942e-01 6.821303000000000782e-01 7.081258999999999748e-01 5.480888999999999900e-01 5.897284000000000415e-01 5.706725999999999743e-01 5.278806000000000331e-01 6.214972000000000829e-01 4.970402999999999905e-01 7.415271999999999419e-01 6.917411999999999450e-01 6.420744000000000451e-01 5.108676999999999246e-01 6.512054999999999927e-01 6.170584000000000069e-01 5.665876999999999164e-01 0.000000000000000000e+00 0.000000000000000000e+00 0.000000000000000000e+00
7.696330000000000116e-01 6.375417999999999363e-01 7.223189999999999333e-01 6.760028999999999622e-01 6.835919999999999774e-01 5.444293000000000049e-01 6.078727999999999909e-01 5.944188999999999723e-01 5.715702999999999756e-01 5.453246999999999955e-01 5.051558999999999910e-01 5.066321999999999770e-01 5.513413000000000341e-01 4.892588999999999966e-01 4.892588999999999966e-01 5.984076999999999869e-01 6.131226000000000731e-01 6.559342999999999702e-01 5.689121000000000317e-01 5.372084000000000303e-01 6.312463999999999853e-01 5.368041999999999536e-01 5.639197000000000237e-01 5.785097000000000156e-01 5.023925000000000196e-01 4.827469000000000343e-01 4.724167000000000227e-01 4.510121000000000269e-01 6.736934999999999452e-01 5.662040000000000406e-01 5.819035000000000180e-01 5.895833999999999797e-01 5.967801999999999829e-01 5.364727000000000245e-01 0.000000000000000000e+00 0.000000000000000000e+00 0.000000000000000000e+00
6.438368999999999343e-01 5.847138000000000613e-01 7.013576999999999728e-01 5.838991000000000042e-01 5.296153999999999584e-01 5.734627999999999393e-01 6.322972000000000037e-01 5.821608999999999812e-01 5.801572000000000395e-01 5.389418000000000264e-01 4.878758999999999735e-01 5.529387999999999526e-01 4.997655000000000292e-01 5.794998999999999567e-01 5.835297000000000400e-01 5.351231999999999100e-01 5.696060000000000567e-01 5.469370000000000065e-01 6.693862999999999897e-01 5.092010999999999621e-01 5.082727000000000217e-01 6.812804999999999556e-01 6.287880999999999609e-01 5.521643999999999997e-01 5.783871999999999902e-01 5.109593000000000051e-01 5.285716000000000303e-01 5.737609999999999655e-01 6.005255999999999927e-01 5.613003999999999216e-01 5.185277999999999832e-01 5.800974999999999326e-01 5.487794999999999757e-01 5.865050000000000541e-01 0.000000000000000000e+00 0.000000000000000000e+00 0.000000000000000000e+00
6.568913000000000668e-01 5.909231999999999818e-01 6.039295000000000080e-01 6.179947999999999553e-01 6.750359999999999694e-01 6.643668999999999825e-01 5.522666999999999993e-01 6.000915999999999473e-01 5.343887999999999971e-01 4.966019999999999879e-01 5.386615000000000153e-01 5.536916000000000615e-01 5.336548999999999321e-01 5.891824999999999424e-01 6.243571999999999456e-01 6.765510000000000135e-01 6.838959000000000010e-01 5.760870999999999631e-01 6.827171000000000767e-01 4.902336999999999945e-01 6.133513000000000437e-01 6.826269999999999838e-01 5.838655000000000372e-01 6.425262999999999947e-01 6.003163999999999723e-01 4.777855999999999770e-01 6.189129999999999354e-01 5.376837999999999340e-01 4.968386000000000191e-01 5.735289999999999555e-01 5.735289999999999555e-01 4.882302000000000031e-01 5.532622000000000373e-01 6.300301999999999847e-01 0.000000000000000000e+00 0.000000000000000000e+00 0.000000000000000000e+00
6.418452999999999520e-01 6.093725999999999310e-01 6.145998999999999768e-01 5.870239999999999903e-01 7.513035999999999603e-01 6.820262999999999742e-01 6.183243999999999962e-01 6.928111999999999604e-01 7.107910000000000617e-01 5.470201999999999565e-01 5.364233000000000473e-01 6.655433000000000598e-01 5.500637999999999916e-01 6.203069999999999418e-01 5.875734000000000234e-01 6.018801999999999763e-01 6.153317999999999843e-01 5.637096999999999802e-01 7.542314000000001073e-01 6.235150000000000414e-01 5.383913000000000171e-01 6.206369999999999942e-01 5.596276999999999502e-01 6.002486000000000210e-01 5.691055999999999893e-01 5.366381000000000068e-01 5.162740000000000107e-01 5.030092000000000452e-01 5.474520999999999971e-01 6.175374999999999615e-01 5.046701000000000104e-01 5.633740000000000414e-01 4.961396000000000139e-01 5.614529000000000325e-01 0.000000000000000000e+00 0.000000000000000000e+00 0.000000000000000000e+00
7.006837999999999678e-01 6.253473999999999977e-01 6.922707000000000166e-01 6.619128000000000789e-01 6.814944000000000557e-01 7.541770999999999336e-01 6.816473000000000670e-01 7.227702999999999767e-01 6.323440000000000172e-01 5.039434000000000413e-01 5.470641000000000531e-01 6.006259999999999932e-01 5.920349000000000306e-01 5.096671999999999869e-01 6.003145999999999205e-01 5.434898000000000229e-01 5.293350999999999473e-01 5.620066000000000228e-01 6.256793000000000493e-01 5.640247999999999928e-01 5.560944999999999361e-01 5.424336000000000713e-01 5.450779000000000041e-01 6.105290999999999357e-01 6.749141999999999086e-01 5.647733000000000336e-01 6.094737999999999545e-01 4.894460000000000477e-01 6.098850000000000104e-01 5.277391000000000165e-01 5.218800999999999579e-01 5.019945000000000102e-01 6.072071999999999470e-01 5.879031999999999591e-01 0.000000000000000000e+00 0.000000000000000000e+00 0.000000000000000000e+00
6.951392000000000682e-01 6.954321999999999449e-01 7.648935999999999513e-01 6.513041999999999998e-01 6.565505999999999842e-01 6.242932999999999399e-01 7.093173000000000394e-01 7.670006999999999797e-01 6.904223999999999917e-01 7.224300000000000166e-01 6.324844000000000577e-01 5.521087000000000078e-01 5.695018000000000580e-01 5.238593000000000277e-01 5.312537000000000509e-01 5.312537000000000509e-01 6.023045999999999678e-01 6.095361000000000251e-01 5.848195000000000476e-01 5.335901000000000671e-01 4.643544000000000560e-01 5.223069000000000184e-01 5.427351000000000258e-01 5.940193999999999752e-01 5.800037000000000109e-01 5.794713000000000225e-01 5.430831999999999882e-01 5.197273999999999505e-01 5.581509999999999527e-01 6.110420000000000851e-01 6.004073999999999245e-01 6.526572999999999958e-01 4.435587999999999753e-01 6.010613999999999679e-01 0.000000000000000000e+00 0.000000000000000000e+00 0.000000000000000000e+00
7.397849000000000785e-01 7.414038000000000572e-01 8.274637999999999716e-01 6.428059999999999885e-01 5.815970000000000306e-01 7.371632999999999658e-01 7.321055000000000756e-01 7.607763999999999083e-01 7.664017000000000746e-01 7.306679999999999842e-01 7.134532999999999570e-01 4.869112999999999913e-01 6.467994999999999717e-01 6.830110999999999821e-01 6.427610999999999741e-01 6.022163000000000377e-01 5.931117000000000195e-01 4.927430999999999894e-01 5.842209999999999903e-01 5.212327999999999406e-01 6.061950000000000394e-01 5.529948000000000086e-01 5.081639999999999491e-01 7.183068000000000231e-01 5.205087000000000463e-01 6.352044000000000024e-01 5.979824999999999724e-01 6.176002000000000436e-01 4.769902000000000308e-01 4.903016000000000041e-01 4.818213999999999553e-01 5.977847000000000577e-01 4.851881000000000110e-01 5.272727000000000386e-01 0.000000000000000000e+00 0.000000000000000000e+00 0.000000000000000000e+00
7.317750000000000643e-01 7.108441999999999261e-01 6.678526999999999658e-01 7.155803000000000580e-01 7.004626999999999937e-01 6.549114000000000324e-01 6.856553000000000786e-01 7.442158999999999303e-01 6.911616000000000426e-01 7.230007000000000517e-01 6.296338999999999686e-01 5.799012999999999529e-01 5.272864999999999913e-01 5.330109000000000652e-01 6.061822000000000044e-01 6.149008999999999725e-01 6.294199999999999795e-01 4.927430999999999894e-01 4.683764999999999734e-01 5.189794000000000906e-01 5.529948000000000086e-01 4.904959999999999876e-01 5.415375000000000050e-01 6.234246999999999428e-01 5.732466000000000506e-01 5.910317000000000487e-01 5.785778999999999783e-01 5.996323000000000070e-01 4.511003000000000096e-01 5.564755000000000118e-01 4.790773000000000392e-01 5.857805999999999846e-01 5.353434000000000248e-01 5.483675999999999551e-01 0.000000000000000000e+00 0.000000000000000000e+00 0.000000000000000000e+00
6.563095999999999375e-01 6.520063999999999860e-01 6.805414000000000740e-01 6.721608999999999501e-01 6.285872999999999600e-01 6.496409999999999130e-01 7.345550000000000690e-01 7.315722999999999532e-01 7.535560999999999510e-01 7.735682999999999865e-01 6.794274999999999620e-01 5.172472000000000181e-01 5.636623000000000605e-01 4.825706000000000162e-01 6.314623999999999793e-01 5.878589000000000730e-01 5.322972999999999733e-01 5.278441999999999856e-01 4.978890000000000260e-01 5.518045999999999784e-01 5.344132999999999800e-01 5.781214000000000075e-01 4.430174000000000056e-01 5.268205999999999722e-01 5.448161000000000254e-01 6.704799999999999649e-01 5.643287999999999638e-01 5.867291000000000034e-01 5.497286000000000117e-01 5.004129999999999967e-01 5.300590000000000579e-01 5.776060000000000638e-01 5.129687000000000552e-01 4.782302999999999971e-01 0.000000000000000000e+00 0.000000000000000000e+00 0.000000000000000000e+00
