testcase_input/new_parameters/LAI_conif.dat
ncols         214
nrows         263
xllcorner     382500
yllcorner     7541702
cellsize      16
NODATA_value  -9999
[rows 204 to 220 of 263, columns 74 to 110 of 214]
2.159800000000000164e+00 2.150399999999999867e+00 2.366700000000000248e+00 2.374000000000000110e+00 2.447000000000000064e+00 2.243999999999999773e+00 1.620800000000000018e+00 9.263999999999998902e-01 6.211999999999999744e-01 1.970900000000000096e+00 1.681300000000000017e+00 1.960900000000000087e+00 2.126900000000000013e+00 2.047299999999999898e+00 1.992700000000000138e+00 2.105599999999999916e+00 1.818500000000000005e+00 1.166800000000000059e+00 1.455100000000000060e+00 1.450900000000000079e+00 9.275999999999999801e-01 4.130000000000000338e-01 7.337000000000000188e-01 2.607700000000000351e+00 2.525000000000000355e+00 2.907300000000000217e+00 2.924000000000000377e+00 2.798099999999999810e+00 2.837200000000000166e+00 2.934000000000000163e+00 1.974699999999999900e+00 1.135499999999999954e+00 5.585999999999999854e-01 5.811000000000000609e-01 6.917999999999999705e-01 4.136999999999999567e-01 8.759000000000001229e-01
2.138399999999999856e+00 2.376599999999999824e+00 2.548700000000000188e+00 2.585199999999999942e+00 2.491400000000000503e+00 2.384400000000000297e+00 1.102500000000000036e+00 9.252000000000000224e-01 0.000000000000000000e+00 8.186999999999999833e-01 2.126400000000000290e+00 2.279600000000000293e+00 2.244600000000000151e+00 2.135699999999999932e+00 2.100900000000000212e+00 2.243199999999999861e+00 2.142500000000000071e+00 1.142300000000000093e+00 1.112899999999999778e+00 2.000000000000000042e-02 1.126500000000000057e+00 2.068999999999999950e+00 2.724000000000000199e+00 1.617300000000000182e+00 1.838200000000000056e+00 1.836100000000000065e+00 2.702600000000000335e+00 2.711500000000000021e+00 2.758000000000000007e+00 2.793600000000000083e+00 2.488100000000000200e+00 1.932900000000000063e+00 8.431999999999999496e-01 9.380999999999999339e-01 6.748000000000000664e-01 4.136999999999999567e-01 6.409000000000000252e-01
2.319700000000000095e+00 2.393800000000000150e+00 2.492900000000000116e+00 2.577900000000000080e+00 2.510699999999999932e+00 2.379199999999999982e+00 1.143199999999999994e+00 6.044999999999999263e-01 0.000000000000000000e+00 0.000000000000000000e+00 4.190000000000000391e-01 2.226900000000000102e+00 2.124699999999999811e+00 2.100900000000000212e+00 2.211300000000000043e+00 2.213400000000000034e+00 2.080000000000000071e+00 1.508800000000000141e+00 1.161000000000000032e+00 2.000000000000000042e-02 1.006899999999999906e+00 2.074100000000000055e+00 2.751100000000000101e+00 1.687200000000000033e+00 1.677300000000000013e+00 1.828300000000000036e+00 1.600100000000000078e+00 1.793400000000000105e+00 2.018200000000000216e+00 2.632800000000000029e+00 2.603000000000000203e+00 2.031200000000000117e+00 1.414600000000000080e+00 6.998000000000000886e-01 5.847999999999999865e-01 3.510000000000000342e-01 3.077000000000000290e-01
1.807000000000000162e+00 1.807000000000000162e+00 2.331700000000000106e+00 2.314500000000000224e+00 2.393299999999999983e+00 2.234599999999999920e+00 1.725800000000000001e+00 5.826000000000000068e-01 0.000000000000000000e+00 0.000000000000000000e+00 0.000000000000000000e+00 8.039000000000000590e-01 1.435799999999999965e+00 2.101399999999999935e+00 2.119699999999999918e+00 2.548200000000000021e+00 2.193000000000000060e+00 1.508800000000000141e+00 1.142200000000000104e+00 2.000000000000000042e-02 8.341999999999999416e-01 2.701000000000000068e+00 2.592400000000000482e+00 1.855400000000000160e+00 2.064499999999999780e+00 1.626700000000000257e+00 1.707200000000000051e+00 1.727600000000000025e+00 2.088499999999999801e+00 2.505100000000000549e+00 2.387700000000000156e+00 2.029600000000000293e+00 1.671399999999999997e+00 7.066000000000000059e-01 8.010000000000000453e-01 2.445000000000000229e-01 3.292999999999999816e-01
1.143000000000000016e+00 1.592100000000000071e+00 1.982800000000000118e+00 2.321800000000000086e+00 2.364600000000000257e+00 1.799799999999999844e+00 2.120999999999999996e+00 5.454999999999999849e-01 0.000000000000000000e+00 0.000000000000000000e+00 0.000000000000000000e+00 0.000000000000000000e+00 1.437400000000000233e+00 2.108200000000000074e+00 2.226300000000000168e+00 2.689400000000000013e+00 2.375799999999999912e+00 1.804300000000000015e+00 1.140099999999999891e+00 2.000000000000000042e-02 1.373499999999999943e+00 2.093500000000000139e+00 2.557400000000000340e+00 2.703100000000000058e+00 2.060400000000000453e+00 1.854900000000000215e+00 1.731800000000000006e+00 1.646700000000000053e+00 1.959799999999999986e+00 2.524700000000000166e+00 2.394499999999999851e+00 2.011300000000000310e+00 1.416700000000000070e+00 1.081399999999999917e+00 3.876000000000000001e-01 5.177000000000000490e-01 3.851999999999999869e-01
1.615600000000000147e+00 1.816900000000000182e+00 1.994800000000000129e+00 2.364600000000000257e+00 2.104499999999999815e+00 2.010099999999999998e+00 2.059400000000000119e+00 0.000000000000000000e+00 0.000000000000000000e+00 0.000000000000000000e+00 0.000000000000000000e+00 0.000000000000000000e+00 1.836300000000000043e+00 2.223200000000000287e+00 2.649200000000000443e+00 2.844300000000000495e+00 2.558100000000000041e+00 1.807400000000000118e+00 1.155299999999999994e+00 2.000000000000000042e-02 1.432600000000000096e+00 1.815300000000000136e+00 2.574800000000000200e+00 2.598800000000000221e+00 2.451200000000000045e+00 1.972500000000000142e+00 1.663900000000000157e+00 1.389000000000000012e+00 2.092400000000000038e+00 2.049500000000000099e+00 2.352700000000000014e+00 2.139899999999999913e+00 1.357600000000000140e+00 1.521500000000000075e+00 4.680999999999999606e-01 4.790000000000000369e-01 2.448000000000000176e-01
1.681000000000000050e+00 2.011099999999999888e+00 2.341600000000000126e+00 2.348399999999999821e+00 2.104499999999999815e+00 1.269600000000000062e+00 1.199899999999999967e+00 0.000000000000000000e+00 0.000000000000000000e+00 0.000000000000000000e+00 0.000000000000000000e+00 0.000000000000000000e+00 1.861200000000000188e+00 2.553399999999999892e+00 2.837500000000000355e+00 2.792600000000000193e+00 2.780900000000000372e+00 2.099299999999999944e+00 1.155299999999999994e+00 1.389100000000000001e+00 1.267299999999999871e+00 1.078799999999999981e+00 1.805299999999999905e+00 2.077900000000000080e+00 1.413000000000000034e+00 9.721000000000000751e-01 9.656000000000001249e-01 1.405200000000000227e+00 1.963200000000000056e+00 2.012900000000000134e+00 2.320300000000000473e+00 2.142500000000000071e+00 1.386200000000000099e+00 1.202800000000000091e+00 3.277999999999999803e-01 7.876999999999999558e-01 5.011000000000001009e-01
2.008500000000000174e+00 2.378700000000000259e+00 2.362000000000000099e+00 2.131099999999999994e+00 2.123800000000000132e+00 1.777099999999999902e+00 7.086999999999999966e-01 0.000000000000000000e+00 0.000000000000000000e+00 0.000000000000000000e+00 0.000000000000000000e+00 1.316100000000000048e+00 1.378200000000000092e+00 2.626600000000000268e+00 2.924900000000000055e+00 2.948399999999999910e+00 2.940200000000000369e+00 2.452799999999999869e+00 1.157399999999999984e+00 1.037600000000000078e+00 1.055900000000000061e+00 1.209699999999999998e+00 1.368999999999999995e+00 1.926099999999999923e+00 9.204999999999999849e-01 1.031800000000000050e+00 9.061999999999998945e-01 1.838100000000000067e+00 1.522800000000000153e+00 1.992500000000000160e+00 2.389299999999999979e+00 2.391399999999999970e+00 1.992500000000000160e+00 8.870000000000000107e-01 5.495000000000000995e-01 4.727999999999999980e-01 0.000000000000000000e+00
1.858100000000000085e+00 2.021600000000000286e+00 2.038799999999999724e+00 2.243500000000000050e+00 1.795400000000000107e+00 1.708200000000000163e+00 0.000000000000000000e+00 0.000000000000000000e+00 0.000000000000000000e+00 0.000000000000000000e+00 0.000000000000000000e+00 1.856300000000000061e+00 1.500900000000000123e+00 2.517399999999999860e+00 2.689700000000000202e+00 2.754900000000000126e+00 2.726700000000000124e+00 2.506200000000000205e+00 1.095699999999999896e+00 1.260500000000000176e+00 1.255800000000000249e+00 1.102999999999999980e+00 1.422200000000000131e+00 1.780200000000000227e+00 1.414099999999999913e+00 5.988999999999999879e-01 9.612000000000000544e-01 2.122100000000000097e+00 1.829300000000000148e+00 2.396099999999999675e+00 2.368399999999999839e+00 2.423299999999999788e+00 2.471900000000000208e+00 1.320500000000000229e+00 0.000000000000000000e+00 0.000000000000000000e+00 0.000000000000000000e+00
1.187500000000000000e+00 1.419499999999999984e+00 9.972000000000000863e-01 8.316000000000000059e-01 1.726199999999999957e+00 1.228700000000000125e+00 0.000000000000000000e+00 0.000000000000000000e+00 0.000000000000000000e+00 0.000000000000000000e+00 0.000000000000000000e+00 1.578100000000000058e+00 2.091000000000000192e+00 2.024900000000000144e+00 2.010699999999999932e+00 1.855599999999999916e+00 1.726399999999999935e+00 1.831399999999999917e+00 1.420000000000000151e+00 1.249000000000000110e+00 2.000000000000000042e-02 1.450800000000000090e+00 1.606700000000000017e+00 1.879500000000000171e+00 1.990600000000000147e+00 7.487000000000000322e-01 7.815999999999999615e-01 1.808100000000000041e+00 2.108700000000000241e+00 2.116500000000000270e+00 2.122800000000000242e+00 2.122300000000000075e+00 2.233299999999999841e+00 1.870199999999999863e+00 8.461999999999999522e-01 0.000000000000000000e+00 0.000000000000000000e+00
1.245700000000000029e+00 1.171300000000000008e+00 1.008199999999999985e+00 1.932099999999999929e+00 1.169599999999999973e+00 0.000000000000000000e+00 0.000000000000000000e+00 0.000000000000000000e+00 0.000000000000000000e+00 0.000000000000000000e+00 0.000000000000000000e+00 1.883599999999999941e+00 2.089399999999999924e+00 2.012300000000000200e+00 1.970700000000000118e+00 1.602700000000000014e+00 1.621500000000000163e+00 1.826699999999999990e+00 1.699300000000000033e+00 1.151599999999999957e+00 2.000000000000000042e-02 1.163599999999999968e+00 1.196300000000000141e+00 1.744199999999999973e+00 1.881899999999999906e+00 1.829300000000000148e+00 1.812800000000000189e+00 1.822200000000000042e+00 2.106100000000000083e+00 2.164699999999999847e+00 2.118100000000000094e+00 2.118100000000000094e+00 2.108700000000000241e+00 1.807900000000000063e+00 1.214499999999999913e+00 1.268000000000000016e+00 0.000000000000000000e+00
1.386800000000000033e+00 1.251200000000000090e+00 1.243800000000000017e+00 2.167600000000000193e+00 7.054000000000000270e-01 0.000000000000000000e+00 0.000000000000000000e+00 0.000000000000000000e+00 0.000000000000000000e+00 0.000000000000000000e+00 0.000000000000000000e+00 1.802000000000000046e+00 1.798999999999999932e+00 2.006000000000000227e+00 1.910100000000000131e+00 1.675799999999999956e+00 1.694599999999999884e+00 2.045300000000000118e+00 2.085700000000000109e+00 1.173599999999999977e+00 1.158399999999999874e+00 1.158199999999999896e+00 1.465899999999999981e+00 1.509800000000000031e+00 1.867799999999999905e+00 1.819100000000000161e+00 1.878500000000000281e+00 1.879000000000000004e+00 2.103499999999999925e+00 2.148500000000000298e+00 2.223100000000000076e+00 2.115499999999999936e+00 1.892100000000000115e+00 1.880600000000000049e+00 2.105599999999999916e+00 1.295300000000000118e+00 1.250700000000000145e+00
1.785400000000000098e+00 2.066699999999999982e+00 1.774100000000000010e+00 2.094899999999999984e+00 0.000000000000000000e+00 0.000000000000000000e+00 0.000000000000000000e+00 0.000000000000000000e+00 0.000000000000000000e+00 0.000000000000000000e+00 0.000000000000000000e+00 1.200099999999999945e+00 2.045800000000000285e+00 1.614399999999999835e+00 9.882999999999999563e-01 1.085900000000000087e+00 1.315599999999999881e+00 1.940399999999999903e+00 1.969200000000000284e+00 1.839700000000000113e+00 8.797999999999999154e-01 2.000000000000000042e-02 1.562500000000000000e+00 1.822599999999999998e+00 1.607800000000000118e+00 1.789600000000000080e+00 2.089399999999999924e+00 2.094100000000000072e+00 2.108700000000000241e+00 2.111800000000000122e+00 2.020400000000000418e+00 2.019900000000000251e+00 2.003700000000000259e+00 2.006300000000000416e+00 2.168899999999999828e+00 2.006300000000000416e+00 1.262900000000000134e+00
1.887300000000000200e+00 2.100100000000000300e+00 2.163599999999999746e+00 2.165900000000000158e+00 0.000000000000000000e+00 0.000000000000000000e+00 0.000000000000000000e+00 0.000000000000000000e+00 0.000000000000000000e+00 0.000000000000000000e+00 0.000000000000000000e+00 6.552999999999999936e-01 1.901499999999999968e+00 1.355999999999999872e+00 8.016999999999999682e-01 8.446000000000000174e-01 1.526599999999999957e+00 1.475700000000000234e+00 2.022800000000000153e+00 1.904000000000000137e+00 9.298999999999999488e-01 1.444100000000000161e+00 1.461899999999999977e+00 1.016199999999999992e+00 1.254000000000000004e+00 1.787000000000000144e+00 2.096700000000000230e+00 2.108200000000000074e+00 2.109200000000000408e+00 2.025599999999999845e+00 2.015699999999999825e+00 2.017300000000000093e+00 2.007900000000000240e+00 2.013100000000000112e+00 1.795300000000000118e+00 2.168899999999999828e+00 2.159499999999999975e+00
1.993800000000000239e+00 1.817299999999999915e+00 1.632200000000000095e+00 1.500399999999999956e+00 1.409899999999999931e+00 0.000000000000000000e+00 0.000000000000000000e+00 0.000000000000000000e+00 0.000000000000000000e+00 0.000000000000000000e+00 0.000000000000000000e+00 9.839999999999999858e-01 1.645399999999999974e+00 1.734200000000000186e+00 1.971500000000000030e+00 2.069900000000000073e+00 1.938300000000000134e+00 1.480999999999999872e+00 1.987999999999999989e+00 2.047900000000000276e+00 1.343999999999999861e+00 1.087399999999999922e+00 2.000000000000000042e-02 1.163599999999999968e+00 9.366999999999999771e-01 2.111900000000000333e+00 2.115499999999999936e+00 2.113399999999999945e+00 1.979900000000000215e+00 2.039600000000000080e+00 2.247300000000000075e+00 2.196600000000000108e+00 2.013100000000000112e+00 2.001599999999999824e+00 2.004700000000000149e+00 2.009400000000000297e+00 2.159499999999999975e+00
1.805800000000000072e+00 2.019400000000000084e+00 2.003700000000000259e+00 1.824600000000000222e+00 1.511400000000000077e+00 0.000000000000000000e+00 0.000000000000000000e+00 0.000000000000000000e+00 0.000000000000000000e+00 0.000000000000000000e+00 0.000000000000000000e+00 5.475999999999999757e-01 2.241400000000000503e+00 2.225299999999999834e+00 2.263200000000000323e+00 1.731700000000000017e+00 1.451999999999999957e+00 1.666600000000000081e+00 1.990099999999999980e+00 1.985400000000000276e+00 1.479500000000000259e+00 8.215999999999998860e-01 1.138099999999999890e+00 2.000000000000000042e-02 9.675000000000000266e-01 1.948599999999999888e+00 2.114500000000000046e+00 2.117100000000000204e+00 1.981500000000000039e+00 2.581199999999999939e+00 2.562899999999999956e+00 2.243500000000000050e+00 2.001599999999999824e+00 1.985400000000000276e+00 1.985900000000000221e+00 2.002099999999999991e+00 2.157399999999999984e+00
2.249299999999999855e+00 2.247200000000000308e+00 2.017300000000000093e+00 1.994800000000000129e+00 1.938600000000000101e+00 1.360899999999999999e+00 0.000000000000000000e+00 0.000000000000000000e+00 0.000000000000000000e+00 0.000000000000000000e+00 0.000000000000000000e+00 8.468999999999999861e-01 2.016399999999999970e+00 2.284600000000000186e+00 1.929600000000000204e+00 1.504600000000000160e+00 1.520299999999999985e+00 1.824600000000000222e+00 1.824600000000000222e+00 1.978100000000000191e+00 1.395399999999999974e+00 1.405200000000000227e+00 9.366999999999999771e-01 2.000000000000000042e-02 1.143199999999999994e+00 9.495999999999999996e-01 1.282200000000000006e+00 2.118700000000000028e+00 2.237800000000000011e+00 2.250399999999999956e+00 1.972599999999999909e+00 1.800000000000000266e+00 1.987500000000000044e+00 1.760900000000000132e+00 1.994299999999999962e+00 2.011000000000000121e+00 2.168899999999999828e+00
