testcase_input/new_parameters/slope.dat
ncols         214
nrows         263
xllcorner     382500
yllcorner     7541702
cellsize      16
NODATA_value  -9999
[rows 119 to 135 of 263, columns 148 to 184 of 214]
2.725803099999999812e+00 2.758741399999999899e+00 3.086125099999999843e+00 3.361314999999999831e+00 2.987229800000000157e+00 2.114116699999999849e+00 1.582501799999999959e+00 2.418153000000000219e+00 3.491582600000000092e+00 3.822819200000000084e+00 3.662504699999999946e+00 3.685034799999999944e+00 3.465771000000000157e+00 3.408797700000000042e+00 4.130585700000000138e+00 4.040295999999999665e+00 2.853765999999999803e+00 1.893918800000000013e+00 1.810486800000000063e+00 2.018198700000000123e+00 2.745903300000000158e+00 3.921923599999999954e+00 4.712056999999999718e+00 5.770033999999999885e+00 7.216646700000000081e+00 5.458544700000000027e+00 2.710726300000000144e+00 2.668826800000000166e+00 4.807184999999999597e+00 6.436256400000000433e+00 6.449008000000000074e+00 5.183284300000000400e+00 4.753192000000000306e+00 5.191251799999999861e+00 5.171622799999999742e+00 4.977623999999999604e+00 4.458369000000000248e+00
2.527579999999999938e+00 2.832502400000000087e+00 3.292415599999999998e+00 3.923695299999999886e+00 3.856234300000000115e+00 3.055499999999999883e+00 2.410454300000000050e+00 3.041526300000000127e+00 3.843896899999999839e+00 4.080226999999999826e+00 4.133259999999999934e+00 4.031198999999999977e+00 3.548153000000000112e+00 3.726609999999999978e+00 4.465533999999999892e+00 3.864949000000000190e+00 2.784072600000000008e+00 2.071016300000000143e+00 1.952865400000000085e+00 2.328962999999999894e+00 3.106488199999999811e+00 4.266147600000000040e+00 4.852658299999999869e+00 5.659050500000000206e+00 7.380411999999999750e+00 5.801376000000000310e+00 2.844770700000000208e+00 2.370938999999999908e+00 4.203002500000000197e+00 6.520393000000000328e+00 6.594318999999999598e+00 5.162200000000000344e+00 4.655247000000000135e+00 4.891735999999999862e+00 4.968623599999999918e+00 5.075506999999999991e+00 4.686355999999999966e+00
1.776616500000000043e+00 2.233144799999999819e+00 2.956953799999999966e+00 3.740397699999999936e+00 4.044227600000000145e+00 3.766263200000000033e+00 3.876724199999999954e+00 4.032287600000000083e+00 3.713466400000000167e+00 3.850190599999999908e+00 4.050133699999999948e+00 3.865953999999999890e+00 3.561818600000000057e+00 4.086230800000000052e+00 4.425656299999999987e+00 3.375589999999999868e+00 2.778095500000000051e+00 2.492338999999999860e+00 2.638687000000000005e+00 3.195024500000000156e+00 3.811357699999999848e+00 4.655391700000000021e+00 5.066447000000000145e+00 5.796031000000000155e+00 7.077644300000000221e+00 5.742988999999999677e+00 3.406999599999999795e+00 2.791910999999999810e+00 3.586355999999999877e+00 6.019790999999999670e+00 6.566334699999999636e+00 5.277403999999999762e+00 4.754317799999999927e+00 4.515517700000000190e+00 4.658043000000000156e+00 5.198596499999999843e+00 5.030640599999999907e+00
1.627906599999999981e+00 2.021772599999999809e+00 2.616439800000000204e+00 3.066415000000000113e+00 3.593791200000000075e+00 3.794310600000000200e+00 4.339038999999999646e+00 4.820647000000000126e+00 4.501267399999999697e+00 4.450342700000000207e+00 4.183055000000000412e+00 3.637808300000000106e+00 3.288629799999999825e+00 3.697581299999999960e+00 3.831323900000000116e+00 3.171249400000000218e+00 2.937720500000000179e+00 3.065713000000000132e+00 3.499102600000000063e+00 4.034637000000000029e+00 4.456526000000000209e+00 4.955366999999999855e+00 5.331624999999999837e+00 5.907760599999999584e+00 6.452886600000000250e+00 5.604635199999999706e+00 3.972507699999999975e+00 3.138312800000000014e+00 3.472126700000000010e+00 5.119900699999999638e+00 6.187158600000000064e+00 5.318972600000000384e+00 4.890088000000000434e+00 4.417885300000000015e+00 4.521884400000000248e+00 5.311024999999999885e+00 5.278819999999999624e+00
1.460702900000000026e+00 1.790431899999999965e+00 2.499067300000000103e+00 2.942231399999999830e+00 3.466649299999999823e+00 3.637797799999999970e+00 3.958121300000000176e+00 4.815654999999999575e+00 5.202220999999999762e+00 5.203182700000000160e+00 4.606658000000000364e+00 3.957116000000000078e+00 3.192936399999999786e+00 3.112516199999999955e+00 3.491686800000000090e+00 3.234478999999999882e+00 3.185052400000000006e+00 3.795280700000000174e+00 4.263778000000000290e+00 4.555822400000000272e+00 4.767006000000000299e+00 4.987678999999999974e+00 5.358221499999999970e+00 5.605580299999999738e+00 5.676638999999999768e+00 5.136358999999999675e+00 4.135628699999999824e+00 3.751615500000000214e+00 3.745733500000000049e+00 4.357944500000000332e+00 5.623406000000000127e+00 5.127871999999999986e+00 4.885861000000000232e+00 4.490439000000000291e+00 4.404535300000000042e+00 5.242187000000000374e+00 5.351005999999999929e+00
1.461574600000000057e+00 1.245969700000000069e+00 1.956508799999999937e+00 2.957681399999999794e+00 3.727028100000000066e+00 3.593597700000000117e+00 3.444383000000000195e+00 4.411054000000000030e+00 5.320936999999999806e+00 5.484605300000000128e+00 4.956978300000000281e+00 4.370670299999999564e+00 3.526901500000000134e+00 3.355654499999999985e+00 3.901641999999999832e+00 3.683728200000000008e+00 3.507759300000000025e+00 3.876567399999999886e+00 4.119888999999999690e+00 4.427349600000000329e+00 4.525280500000000039e+00 4.693673600000000334e+00 4.993421599999999572e+00 5.062677400000000105e+00 4.855103500000000238e+00 4.376518199999999581e+00 4.180507999999999669e+00 4.346208599999999755e+00 3.531563499999999856e+00 3.936843899999999952e+00 5.181458000000000119e+00 4.665055999999999869e+00 4.549724000000000323e+00 4.446958999999999662e+00 4.489086999999999605e+00 5.315944700000000189e+00 5.219162500000000371e+00
1.298515300000000039e+00 9.940282000000000284e-01 1.663866000000000067e+00 2.777385199999999887e+00 3.726093800000000122e+00 3.679321299999999795e+00 3.474404600000000176e+00 4.051644999999999719e+00 4.762419699999999700e+00 5.163230000000000430e+00 5.050924300000000144e+00 4.675547599999999804e+00 3.868238400000000077e+00 3.666799000000000142e+00 4.354270500000000155e+00 4.473359600000000214e+00 4.377162000000000219e+00 3.981527799999999839e+00 3.905480600000000191e+00 4.416356600000000299e+00 4.158667999999999587e+00 4.193306999999999896e+00 4.359837999999999880e+00 4.323323700000000436e+00 4.027937399999999890e+00 3.788191799999999887e+00 4.204197399999999973e+00 4.657665299999999675e+00 3.729539400000000171e+00 3.813476599999999994e+00 4.594876300000000136e+00 4.277669399999999733e+00 4.432723499999999817e+00 4.238201600000000013e+00 4.458911999999999765e+00 5.379739800000000294e+00 5.223074399999999784e+00
9.480489500000000014e-01 1.011820299999999895e+00 1.894039199999999923e+00 2.697294499999999928e+00 3.404443500000000178e+00 3.618216499999999947e+00 3.778239500000000195e+00 3.879481300000000132e+00 4.106122000000000050e+00 4.516649199999999809e+00 4.815018700000000429e+00 4.922632000000000119e+00 4.293728400000000001e+00 3.987283699999999875e+00 4.492130000000000400e+00 4.869259999999999700e+00 5.029525999999999719e+00 4.662935300000000005e+00 4.490464000000000233e+00 4.899369700000000272e+00 4.442489600000000038e+00 4.104880299999999593e+00 3.788472200000000178e+00 3.442047800000000102e+00 3.373349999999999849e+00 3.729385900000000031e+00 4.477693600000000274e+00 4.696539399999999809e+00 4.046174500000000229e+00 3.997805399999999842e+00 4.387776399999999910e+00 4.273787500000000072e+00 4.377231600000000000e+00 4.007968400000000209e+00 4.315126000000000239e+00 5.413083999999999563e+00 5.521993000000000151e+00
8.787264999999999660e-01 1.235861300000000051e+00 2.240224599999999899e+00 2.742238500000000023e+00 3.080993199999999987e+00 3.354893000000000125e+00 3.643643400000000199e+00 3.692533000000000065e+00 3.766019800000000028e+00 3.968563300000000016e+00 4.188016000000000183e+00 4.835406299999999824e+00 4.878761299999999856e+00 4.599033399999999716e+00 4.625174999999999592e+00 4.940385299999999980e+00 5.331839999999999691e+00 5.456044000000000338e+00 5.351605400000000401e+00 5.229250000000000398e+00 4.850139999999999674e+00 4.004989600000000038e+00 3.110557299999999969e+00 2.620312000000000197e+00 3.100903499999999813e+00 4.302133999999999681e+00 4.934401000000000259e+00 4.651280400000000093e+00 4.024731599999999965e+00 4.079506399999999644e+00 4.438617699999999999e+00 4.134095000000000297e+00 3.875517599999999785e+00 3.940529300000000124e+00 4.283468199999999726e+00 5.103528500000000356e+00 5.440935600000000427e+00
1.155948900000000057e+00 1.571422199999999991e+00 2.405223400000000122e+00 2.618121899999999780e+00 2.814839800000000114e+00 3.077650799999999798e+00 3.280749600000000044e+00 3.295486700000000102e+00 3.388629700000000078e+00 3.606443599999999972e+00 3.568811199999999850e+00 4.255948000000000064e+00 5.209190399999999777e+00 5.482331000000000287e+00 5.156347000000000236e+00 5.127867700000000362e+00 5.613170000000000215e+00 6.098550300000000313e+00 6.182255699999999798e+00 5.414227000000000345e+00 4.690217500000000150e+00 3.482667999999999875e+00 2.389613000000000209e+00 2.236217299999999852e+00 3.156104800000000044e+00 4.902325000000000266e+00 5.202046000000000170e+00 4.333376000000000339e+00 3.629742900000000105e+00 3.942618400000000189e+00 4.379041700000000148e+00 3.769709800000000222e+00 3.284510899999999900e+00 3.899494600000000144e+00 4.380713000000000079e+00 4.726849999999999774e+00 5.168018000000000001e+00
1.598762500000000086e+00 1.913423099999999932e+00 2.157611800000000191e+00 2.323672800000000205e+00 2.705932900000000085e+00 2.886294400000000149e+00 3.099006199999999822e+00 2.887651400000000201e+00 2.962965500000000141e+00 3.335745300000000135e+00 3.279396300000000153e+00 3.823008300000000137e+00 5.032411999999999885e+00 5.907488299999999803e+00 5.743151000000000117e+00 5.498785999999999952e+00 5.935615499999999933e+00 6.579830600000000196e+00 6.783610000000000362e+00 5.433072000000000124e+00 3.974897599999999809e+00 3.016771299999999822e+00 2.478908500000000181e+00 2.483535999999999966e+00 3.071336699999999809e+00 4.823500600000000027e+00 5.166739500000000263e+00 3.945156599999999791e+00 3.261632699999999829e+00 3.856020500000000073e+00 4.274044499999999580e+00 3.345705999999999847e+00 2.884436000000000000e+00 3.765383700000000111e+00 4.796298000000000172e+00 4.934084399999999704e+00 4.945636300000000318e+00
2.037732999999999794e+00 2.181769599999999976e+00 1.840480700000000081e+00 2.049565299999999812e+00 2.719990699999999872e+00 2.842412200000000055e+00 2.932854999999999990e+00 2.646738800000000058e+00 2.713019399999999859e+00 3.086682000000000148e+00 3.083413800000000204e+00 3.693497400000000042e+00 4.827561000000000213e+00 5.773803700000000205e+00 5.985331000000000401e+00 5.976256000000000235e+00 6.446943000000000090e+00 6.989957999999999672e+00 6.831381999999999621e+00 5.299687999999999732e+00 3.636500799999999867e+00 2.965321799999999897e+00 3.011482700000000179e+00 2.768813999999999886e+00 2.593318700000000199e+00 4.083316299999999899e+00 5.120378500000000166e+00 4.385514299999999643e+00 3.487911700000000170e+00 3.827732000000000134e+00 3.708670999999999829e+00 2.873335599999999879e+00 3.312842799999999865e+00 4.238563499999999706e+00 5.255923700000000309e+00 5.428169699999999764e+00 5.114518600000000248e+00
2.343906200000000162e+00 2.310071199999999880e+00 1.840224499999999930e+00 1.872538199999999931e+00 2.600122499999999892e+00 2.874395799999999834e+00 2.893580399999999830e+00 2.763466000000000200e+00 2.673627000000000198e+00 2.824847199999999781e+00 2.920273499999999967e+00 3.452635499999999968e+00 4.501081499999999735e+00 5.421770600000000329e+00 5.907023999999999830e+00 6.393140299999999776e+00 7.190394999999999648e+00 7.431586700000000434e+00 6.375849699999999842e+00 4.739404000000000394e+00 3.741733299999999929e+00 3.353116299999999939e+00 3.620491299999999857e+00 3.114968999999999877e+00 2.202150000000000052e+00 3.042650500000000147e+00 4.625929400000000413e+00 4.986867400000000394e+00 4.151108299999999751e+00 3.741960800000000198e+00 2.846217600000000125e+00 3.195206000000000213e+00 4.411068399999999556e+00 5.584267600000000442e+00 6.093140599999999907e+00 5.946128400000000092e+00 5.628589599999999749e+00
2.658187400000000089e+00 2.576499500000000165e+00 2.165465999999999891e+00 2.050095799999999802e+00 2.368593699999999913e+00 2.706097399999999986e+00 3.151942299999999975e+00 3.230089700000000175e+00 2.784554500000000044e+00 2.816677299999999828e+00 2.960065399999999958e+00 2.910308399999999907e+00 4.091147999999999563e+00 5.285842999999999847e+00 5.504944000000000059e+00 6.431314500000000045e+00 7.808188000000000351e+00 7.975116299999999825e+00 6.139370399999999783e+00 4.066242700000000099e+00 3.822394099999999906e+00 4.044797400000000209e+00 4.121607299999999974e+00 3.188992499999999897e+00 1.911910800000000021e+00 2.223285999999999873e+00 3.834109499999999837e+00 4.965128400000000219e+00 4.901767999999999681e+00 4.154956000000000316e+00 2.819829499999999989e+00 2.335538399999999903e+00 3.506953000000000209e+00 5.893339000000000105e+00 7.258158700000000074e+00 6.588874299999999629e+00 5.860676999999999914e+00
2.741750000000000131e+00 2.982971200000000156e+00 2.729965700000000162e+00 2.391401500000000180e+00 2.415198300000000131e+00 2.743773200000000134e+00 3.313621499999999997e+00 3.298876799999999943e+00 2.755625499999999839e+00 2.760073999999999916e+00 2.606019499999999933e+00 2.338944399999999924e+00 3.824479300000000137e+00 5.372765499999999861e+00 5.261875999999999998e+00 6.050876999999999839e+00 7.753734999999999822e+00 8.316724999999999923e+00 6.320045999999999609e+00 3.967590299999999903e+00 4.174076000000000342e+00 4.671418000000000070e+00 4.245262000000000313e+00 3.093474000000000057e+00 1.887987599999999988e+00 1.990788699999999967e+00 3.025892499999999874e+00 4.017723000000000155e+00 4.878176700000000032e+00 4.403112400000000370e+00 2.690369099999999847e+00 2.528879400000000111e+00 3.313126800000000038e+00 5.609046499999999824e+00 7.735744999999999649e+00 7.091883000000000159e+00 5.754641000000000339e+00
2.643716299999999908e+00 3.254856300000000147e+00 3.187479699999999916e+00 2.535596799999999984e+00 2.529825999999999908e+00 2.953795200000000065e+00 3.180251600000000067e+00 2.993409399999999998e+00 2.732502199999999881e+00 2.718668999999999780e+00 2.244660899999999959e+00 2.139403999999999861e+00 3.626250300000000149e+00 5.207545999999999786e+00 5.378961600000000232e+00 5.819519999999999804e+00 7.162836600000000331e+00 7.871750999999999721e+00 6.362485999999999642e+00 4.599203600000000058e+00 5.036601499999999731e+00 4.999526000000000359e+00 3.824245499999999964e+00 3.034788799999999842e+00 2.210162200000000077e+00 2.188965000000000050e+00 2.609347300000000036e+00 2.973554399999999820e+00 4.066488699999999845e+00 4.386266700000000185e+00 3.533095799999999898e+00 3.180772000000000155e+00 3.439195600000000130e+00 5.345871400000000051e+00 7.334935699999999947e+00 7.257983000000000295e+00 5.589995400000000281e+00
2.560487000000000180e+00 3.167961599999999933e+00 3.410160999999999998e+00 2.760270799999999802e+00 2.633264800000000072e+00 3.344049000000000049e+00 3.169542299999999813e+00 2.781772000000000133e+00 2.676162000000000152e+00 2.640359199999999795e+00 2.192327000000000137e+00 2.377162000000000219e+00 3.514512799999999881e+00 4.690018700000000429e+00 5.402486999999999817e+00 5.717721499999999679e+00 6.553480600000000322e+00 6.994961299999999937e+00 6.041740400000000122e+00 5.437820399999999665e+00 6.020284700000000377e+00 5.073611299999999602e+00 3.306475600000000181e+00 2.937232299999999796e+00 2.546530699999999925e+00 2.342196700000000131e+00 2.701370199999999944e+00 2.970389799999999969e+00 3.942086699999999944e+00 4.661071299999999695e+00 4.014746699999999890e+00 3.250243000000000215e+00 3.490310200000000140e+00 5.093888800000000217e+00 6.758211000000000190e+00 7.269336000000000020e+00 5.613235999999999670e+00
