testcase_input/new_parameters/slope.dat
ncols         214
nrows         263
xllcorner     382500
yllcorner     7541702
cellsize      16
NODATA_value  -9999
[rows 102 to 118 of 263, columns 37 to 73 of 214]
4.978762599999999594e+00 4.829099700000000439e+00 4.609620600000000401e+00 3.633014699999999930e+00 2.918994699999999831e+00 2.849677600000000144e+00 3.211828199999999800e+00 3.066883999999999943e+00 2.763160500000000130e+00 2.388750299999999882e+00 2.258950000000000014e+00 2.960931500000000050e+00 3.340000199999999975e+00 3.003968500000000041e+00 2.454001199999999994e+00 2.177250900000000211e+00 2.313367599999999857e+00 2.721976800000000196e+00 1.968415599999999932e+00 9.050070000000000059e-01 7.430141000000000107e-01 6.231657999999999920e-01 6.290525000000000144e-01 1.020507599999999959e+00 1.082213400000000103e+00 3.471089299999999822e-01 4.266266000000000225e-01 9.292127500000000317e-01 1.823857800000000084e+00 2.212215200000000159e+00 2.531960999999999906e+00 2.260094399999999837e+00 9.138092399999999671e-01 4.343197300000000149e-01 4.379325800000000157e-01 3.852918000000000176e-01 4.478022600000000075e+00
6.388177999999999912e+00 5.150091999999999892e+00 4.620352300000000412e+00 3.583601700000000001e+00 2.884344299999999972e+00 3.088464699999999841e+00 3.617814000000000085e+00 3.275317699999999999e+00 2.884533999999999931e+00 2.566857000000000166e+00 2.732142699999999813e+00 3.654732500000000162e+00 3.364170000000000105e+00 2.627369900000000147e+00 2.623699199999999898e+00 2.506511999999999851e+00 2.546355699999999889e+00 2.982287200000000027e+00 2.596038800000000091e+00 1.263856300000000044e+00 7.280699000000000476e-01 4.437754199999999760e-01 5.147209999999999841e-01 5.496822999999999571e-01 6.452393499999999893e-01 5.953694000000000486e-01 5.161213000000000051e-01 9.171702000000000465e-01 1.708436700000000030e+00 2.218216400000000199e+00 2.711779799999999963e+00 2.051868999999999943e+00 5.911058999999999619e-01 4.041063200000000188e-01 4.038539800000000013e-01 4.385982199999999831e-01 3.521376599999999968e+00
7.137981400000000143e+00 4.879811300000000074e+00 4.155825600000000009e+00 3.281972000000000111e+00 2.848425000000000207e+00 3.263291800000000187e+00 3.650924999999999976e+00 3.138793000000000166e+00 2.887404399999999871e+00 3.167209600000000069e+00 3.799529600000000062e+00 4.019597499999999712e+00 2.771412799999999788e+00 1.806604099999999935e+00 1.751367399999999908e+00 2.045297000000000143e+00 2.474955599999999922e+00 2.943797299999999950e+00 2.980558400000000052e+00 1.728058600000000000e+00 9.282827999999999635e-01 7.072576999999999892e-01 5.206579000000000068e-01 1.749917900000000082e-01 3.256243999999999805e-01 5.350112999999999674e-01 6.828821000000000474e-01 1.171945000000000014e+00 1.378140399999999932e+00 2.069984199999999941e+00 2.782137899999999942e+00 1.829820299999999955e+00 4.526479500000000211e-01 3.461126700000000112e-01 3.211739699999999753e-01 4.207643999999999829e-01 2.246794500000000028e+00
6.906114999999999782e+00 4.403965000000000352e+00 3.886565000000000047e+00 3.308489799999999814e+00 3.143054499999999862e+00 3.444758699999999951e+00 3.646091999999999889e+00 3.172653700000000132e+00 2.830668699999999927e+00 3.422365200000000218e+00 3.871910000000000185e+00 3.346944000000000141e+00 2.297861600000000060e+00 1.731027400000000105e+00 1.437480000000000091e+00 1.986520599999999970e+00 2.598206499999999863e+00 2.967030999999999974e+00 3.140010399999999979e+00 1.881787499999999946e+00 8.842904600000000004e-01 6.809134000000000020e-01 3.828647700000000209e-01 1.722088300000000072e-01 1.961995400000000056e-01 4.734842000000000217e-01 8.282445000000000501e-01 1.118957399999999991e+00 9.878053999999999446e-01 1.773298299999999994e+00 2.638934400000000124e+00 1.665951100000000018e+00 4.784449599999999747e-01 3.802610000000000157e-01 3.447181300000000115e-01 3.692124999999999990e-01 1.184573199999999993e+00
5.747926999999999786e+00 4.266009999999999636e+00 3.998660300000000056e+00 3.450459200000000060e+00 3.269852199999999876e+00 3.526777300000000004e+00 3.748195400000000177e+00 3.418478700000000092e+00 3.034930500000000198e+00 3.311087399999999903e+00 2.899185999999999819e+00 1.984292900000000026e+00 1.539531699999999947e+00 1.717071699999999979e+00 1.502345800000000065e+00 1.922802700000000087e+00 2.756410100000000085e+00 3.224595499999999948e+00 3.346452999999999900e+00 2.141080600000000000e+00 8.299368999999999774e-01 3.980397299999999805e-01 2.504647999999999874e-01 3.537626600000000066e-01 2.869496999999999742e-01 3.980219999999999869e-01 6.990868399999999871e-01 8.312992000000000159e-01 7.604103700000000021e-01 1.523246899999999959e+00 2.292543999999999915e+00 1.520663700000000063e+00 5.365410999999999930e-01 3.557545500000000027e-01 2.331851699999999972e-01 2.399886800000000098e-01 3.385156000000000276e-01
5.240078399999999803e+00 4.071408700000000103e+00 3.987707599999999797e+00 3.477394799999999897e+00 3.176757999999999971e+00 3.445396000000000125e+00 3.832398200000000088e+00 3.660578500000000179e+00 3.190622299999999800e+00 3.136675599999999786e+00 2.387546500000000016e+00 1.414184499999999955e+00 1.042234200000000000e+00 1.184005999999999892e+00 1.328805199999999909e+00 1.753322599999999953e+00 2.665686800000000023e+00 3.241412400000000194e+00 3.377200100000000038e+00 2.498733000000000093e+00 1.228864600000000085e+00 6.834193499999999810e-01 5.300956399999999791e-01 5.481306299999999521e-01 3.814762800000000009e-01 4.457082499999999725e-01 5.554699300000000006e-01 5.297334000000000209e-01 6.567049999999999832e-01 1.444286100000000017e+00 2.069787499999999891e+00 1.594174500000000050e+00 8.867625999999999564e-01 5.886075499999999794e-01 4.288441199999999953e-01 3.832579300000000244e-01 4.495612700000000128e-01
6.346451300000000018e+00 4.614646399999999815e+00 3.850983600000000173e+00 3.458130399999999938e+00 2.665238599999999902e+00 3.156561099999999787e+00 3.805817100000000064e+00 3.516080999999999790e+00 2.867885400000000029e+00 2.640335799999999900e+00 1.978711000000000109e+00 1.597862600000000022e+00 1.606984600000000096e+00 1.318805199999999900e+00 1.364864099999999913e+00 1.873685400000000056e+00 2.753909999999999858e+00 3.242668199999999779e+00 2.677717400000000136e+00 2.304678700000000191e+00 2.440605899999999995e+00 2.067453899999999845e+00 1.514327600000000107e+00 1.185531399999999902e+00 8.731436000000000197e-01 8.618924000000000030e-01 1.129790999999999990e+00 1.276718400000000031e+00 1.555235900000000004e+00 2.231225499999999862e+00 2.939082099999999809e+00 2.873215399999999864e+00 2.083117999999999803e+00 1.313763699999999979e+00 9.164468999999999532e-01 7.079869500000000038e-01 8.811930399999999830e-01
5.787149999999999572e+00 5.073426000000000435e+00 2.736540999999999890e+00 2.556095099999999842e+00 2.197964699999999993e+00 3.083958400000000211e+00 3.646589300000000033e+00 3.273206699999999802e+00 2.733259700000000070e+00 2.394050099999999848e+00 1.694882000000000000e+00 1.401508299999999929e+00 1.630073099999999942e+00 1.515422100000000105e+00 1.638347500000000068e+00 2.300196999999999825e+00 3.367933799999999867e+00 3.393087099999999801e+00 1.591934399999999972e+00 1.110276100000000099e+00 2.467290999999999901e+00 3.326926999999999968e+00 3.252007199999999987e+00 2.734491300000000180e+00 2.267060299999999806e+00 2.051947800000000210e+00 2.306725500000000206e+00 2.635696400000000050e+00 2.912545399999999951e+00 3.374442300000000117e+00 4.175176600000000349e+00 4.794063600000000314e+00 4.426110300000000386e+00 3.236262599999999878e+00 1.937893000000000088e+00 8.748584400000000150e-01 2.260877799999999826e+00
3.942248999999999892e+00 3.904392999999999780e+00 2.336426299999999845e+00 1.732152499999999984e+00 2.676608799999999899e+00 3.156029499999999821e+00 3.643713200000000096e+00 3.320508999999999933e+00 2.920288000000000217e+00 2.541797600000000212e+00 1.456451900000000022e+00 1.159270000000000023e+00 1.286066399999999943e+00 1.449819100000000027e+00 1.952689399999999909e+00 3.005217000000000027e+00 3.903032500000000127e+00 3.035369900000000065e+00 9.897217999999999849e-01 6.257656999999999803e-01 1.384028800000000059e+00 2.462316500000000019e+00 4.097325299999999615e+00 4.958851000000000120e+00 4.649727300000000341e+00 3.736416000000000182e+00 2.919978599999999869e+00 2.386553000000000146e+00 2.276171199999999839e+00 2.347538199999999797e+00 2.641966299999999990e+00 3.534872800000000037e+00 4.601117999999999597e+00 4.792231600000000036e+00 4.492127400000000215e+00 3.681763199999999792e+00 4.565525499999999681e+00
2.530645400000000045e+00 2.569182000000000077e+00 2.605163800000000140e+00 1.408206199999999964e+00 2.982341499999999979e+00 3.277525699999999986e+00 3.833380200000000126e+00 3.534327300000000172e+00 2.979456199999999999e+00 2.514414499999999997e+00 1.319433199999999973e+00 1.229407399999999928e+00 1.376077900000000076e+00 1.527342299999999931e+00 2.355902400000000174e+00 3.531949299999999958e+00 3.780491800000000069e+00 2.560545999999999989e+00 9.127832999999999641e-01 9.321382599999999963e-01 1.688900999999999986e+00 1.318443699999999996e+00 2.071448999999999874e+00 3.216676200000000208e+00 3.705815999999999999e+00 2.777326599999999868e+00 2.084484799999999804e+00 1.367924600000000046e+00 1.037932499999999925e+00 9.470514700000000063e-01 8.358484499999999651e-01 1.128864599999999996e+00 2.766866700000000012e+00 4.555925000000000225e+00 5.420515499999999598e+00 5.373763600000000196e+00 4.300960500000000408e+00
3.897695500000000202e+00 3.229893699999999868e+00 1.786143899999999896e+00 1.404237299999999911e+00 2.907687399999999922e+00 3.507422000000000040e+00 3.989463300000000157e+00 3.649521000000000015e+00 2.872247000000000217e+00 2.438939299999999921e+00 1.329670700000000094e+00 1.199641100000000016e+00 1.577081900000000036e+00 2.075892200000000187e+00 2.854032500000000194e+00 3.717252699999999965e+00 3.497160200000000163e+00 2.082865700000000153e+00 6.581150000000000055e-01 1.324586499999999889e+00 1.675117100000000026e+00 7.345987000000000489e-01 1.539188699999999965e+00 7.252025600000000516e-01 2.124634499999999981e+00 1.502874100000000102e+00 1.216407000000000016e+00 9.753423300000000351e-01 7.900470000000000548e-01 8.667181000000000468e-01 1.083141200000000026e+00 1.202857899999999924e+00 2.253605600000000209e+00 3.181363800000000186e+00 3.826449400000000001e+00 3.584614300000000142e+00 2.509746300000000208e+00
3.891567699999999963e+00 2.499585000000000168e+00 1.153765399999999941e+00 1.997348099999999960e+00 3.121275199999999916e+00 3.787638199999999955e+00 4.186374700000000004e+00 3.648766499999999802e+00 2.777308199999999783e+00 2.571311500000000194e+00 1.127376099999999992e+00 1.080607899999999955e+00 1.720110299999999981e+00 2.655610799999999827e+00 3.165500399999999992e+00 3.804682000000000119e+00 3.250012900000000204e+00 1.473372600000000032e+00 6.363625499999999713e-01 1.949452299999999916e+00 1.338162199999999968e+00 4.198593999999999937e-01 1.131538500000000003e+00 1.212912400000000002e+00 1.589264800000000033e+00 1.279902499999999943e+00 7.351224400000000436e-01 6.999444999999999695e-01 7.204085599999999756e-01 7.725334000000000367e-01 1.379609099999999922e+00 1.852111499999999911e+00 1.843207700000000004e+00 9.072921999999999931e-01 2.308717699999999873e+00 2.404209999999999958e+00 1.806594999999999951e+00
2.060915500000000122e+00 5.314328999999999859e-01 9.999164999999999859e-01 2.503153800000000206e+00 3.557383300000000137e+00 4.070111999999999952e+00 4.226776599999999995e+00 3.580889500000000059e+00 2.849640099999999787e+00 2.555233700000000052e+00 8.105479500000000170e-01 1.169957899999999995e+00 2.029213700000000120e+00 3.177824699999999947e+00 3.367608499999999783e+00 3.544643199999999883e+00 2.793139500000000108e+00 1.196064199999999911e+00 1.003256399999999937e+00 2.342058999999999891e+00 1.478764500000000037e+00 1.679317100000000007e+00 5.590732999999999953e-01 4.256656200000000223e-01 9.103957999999999773e-01 1.096457800000000038e+00 3.738546999999999843e-01 5.541234600000000121e-01 6.561272999999999689e-01 7.393542499999999906e-01 1.511355999999999922e+00 1.456641199999999969e+00 7.645642000000000271e-01 3.477875999999999745e-01 1.230854600000000021e+00 2.132922399999999996e+00 1.474996699999999938e+00
2.302690300000000079e+00 9.545470000000000343e-01 1.353652800000000100e+00 2.751263999999999932e+00 3.834006800000000048e+00 4.346866600000000247e+00 4.135130400000000428e+00 3.583467999999999876e+00 3.101377499999999898e+00 2.241029499999999786e+00 8.590888399999999647e-01 1.447064499999999976e+00 2.655295600000000089e+00 3.566364999999999785e+00 3.477921700000000005e+00 3.168932400000000094e+00 2.210644199999999948e+00 9.563523999999999914e-01 7.443533500000000247e-01 2.148215800000000009e+00 8.161382000000000358e-01 1.451839799999999903e+00 1.391050099999999956e+00 4.089904699999999949e-01 5.420215000000000449e-01 7.653472000000000053e-01 3.956842999999999888e-01 5.576364400000000110e-01 5.493800599999999479e-01 4.873326399999999836e-01 1.141735600000000073e+00 3.926854699999999809e-01 2.828058600000000200e-01 7.802599000000000062e-01 7.940926000000000373e-01 1.785197700000000109e+00 1.618808299999999978e+00
2.605607700000000193e+00 2.112339700000000153e+00 1.590997199999999889e+00 2.845803699999999825e+00 4.008562000000000403e+00 4.385346400000000422e+00 3.978078599999999909e+00 3.591328900000000157e+00 3.158359499999999986e+00 1.910441599999999962e+00 9.195727000000000206e-01 1.712881199999999993e+00 3.436324599999999840e+00 3.761782999999999877e+00 3.467970000000000219e+00 2.973731299999999855e+00 1.851598000000000077e+00 6.978109000000000117e-01 3.713787000000000060e-01 1.860149599999999959e+00 1.442794600000000038e+00 1.222831400000000013e+00 1.550625900000000001e+00 7.039697000000000315e-01 3.982840799999999848e-01 3.712644600000000183e-01 2.698133600000000021e-01 2.327509100000000053e-01 2.616533600000000015e-01 9.762861999999999929e-02 7.091520000000000046e-01 7.504781999999999842e-01 5.642308000000000323e-01 1.088750399999999896e+00 8.213599999999999790e-01 1.455503999999999909e+00 1.893837599999999899e+00
3.188179499999999944e+00 3.374356699999999876e+00 2.582265899999999892e+00 2.646107000000000209e+00 4.102710700000000266e+00 4.110916999999999710e+00 3.775982099999999786e+00 3.526479999999999837e+00 3.167765000000000164e+00 1.838123600000000080e+00 6.431683999999999735e-01 2.259552999999999923e+00 4.181114700000000184e+00 3.797304399999999802e+00 3.220045600000000174e+00 2.746851400000000165e+00 1.668368000000000073e+00 5.270289000000000224e-01 2.486971600000000004e-01 1.204240399999999989e+00 1.047974600000000089e+00 1.159780599999999939e+00 1.250086299999999984e+00 5.497381700000000260e-01 2.442793099999999995e-01 1.141464799999999946e-01 7.814038500000000664e-02 9.680266999999999344e-02 4.165909400000000068e-02 5.418399000000000409e-01 1.035826700000000100e+00 1.316637400000000069e+00 1.217289899999999925e+00 9.330085000000000184e-01 8.839544700000000477e-01 1.952966999999999897e+00 2.642815399999999926e+00
1.993429499999999965e+00 2.181482299999999874e+00 2.494268200000000046e+00 2.007509999999999906e+00 3.930808999999999997e+00 3.778516499999999834e+00 3.568004800000000198e+00 3.500547000000000075e+00 3.255674400000000190e+00 1.673953500000000094e+00 1.912358000000000113e-01 2.751187299999999780e+00 4.721673499999999635e+00 3.733191000000000148e+00 2.836257499999999876e+00 2.340207299999999879e+00 1.468191699999999988e+00 5.597997300000000509e-01 2.512632000000000199e-01 7.040556999999999510e-01 7.173161500000000412e-01 9.813513000000000375e-01 8.609272999999999509e-01 2.895021700000000031e-01 6.690854599999999930e-02 7.602499999999999536e-02 4.925561999999999996e-02 4.791833000000000203e-02 5.406364999999999643e-01 1.254721900000000057e+00 1.361012499999999958e+00 1.331642200000000109e+00 1.193016599999999983e+00 6.460567999999999866e-01 6.864115600000000317e-01 1.467140399999999900e+00 1.196707399999999977e+00
