testcase_input/new_parameters/slope.dat
ncols         214
nrows         263
xllcorner     382500
yllcorner     7541702
cellsize      16
NODATA_value  -9999
[rows 119 to 135 of 263, columns 74 to 110 of 214]
1.100246800000000080e+00 3.161049999999999915e+00 3.131265899999999824e+00 4.874079000000000050e+00 6.411059400000000075e+00 4.746830499999999953e-01 1.121618199999999899e+00 3.557762100000000149e+00 3.660500499999999935e+00 2.425605299999999964e+00 1.246103900000000042e+00 1.451041800000000048e+00 1.208372199999999896e+00 1.301564100000000002e+00 8.320939000000000529e-01 2.250675000000000203e+00 3.642939300000000102e+00 4.572201999999999877e+00 7.471410299999999616e+00 1.020128700000000066e+01 1.173514499999999927e+01 1.084555199999999964e+01 8.589057000000000386e+00 8.215355999999999881e+00 8.035296999999999912e+00 7.673891000000000240e+00 7.457073000000000285e+00 6.746556799999999576e+00 6.714910999999999852e+00 6.596195699999999995e+00 5.544539000000000328e+00 5.363383299999999743e+00 5.971235799999999649e+00 6.369400500000000243e+00 6.133579700000000301e+00 5.920948000000000100e+00 6.064130300000000418e+00
2.420554600000000001e+00 3.161570799999999792e+00 2.389666599999999974e+00 6.840740000000000265e+00 4.718088999999999977e+00 1.416356900000000030e+00 2.121477099999999893e+00 3.124780400000000125e+00 2.743481599999999965e+00 2.304123900000000003e+00 1.447693499999999966e+00 1.284555399999999903e+00 1.204002500000000087e+00 9.104731700000000538e-01 9.487176000000000498e-01 2.463269500000000001e+00 3.863434799999999836e+00 4.334862000000000215e+00 7.165371999999999630e+00 1.050175699999999956e+01 1.201050099999999965e+01 1.106696999999999953e+01 8.381080000000000751e+00 7.524079300000000359e+00 7.864698999999999884e+00 8.141389999999999461e+00 7.809039000000000286e+00 6.909375999999999962e+00 6.759334599999999860e+00 6.418078999999999645e+00 5.635667999999999900e+00 5.381670999999999871e+00 5.543668000000000262e+00 5.412209999999999965e+00 5.013030999999999793e+00 5.690284300000000073e+00 6.749821999999999989e+00
2.752930399999999889e+00 2.019215299999999935e+00 4.543695999999999735e+00 6.733313599999999788e+00 1.969002600000000047e+00 2.473184600000000177e+00 3.713312600000000074e+00 3.085566500000000101e+00 2.010064400000000084e+00 1.689183600000000007e+00 1.367632299999999912e+00 9.623312000000000532e-01 8.585524599999999618e-01 7.905729400000000018e-01 1.187716100000000052e+00 2.457894299999999976e+00 4.153785700000000247e+00 4.518271399999999716e+00 6.825865000000000293e+00 1.018093900000000041e+01 1.183353900000000003e+01 1.122081400000000073e+01 8.517875999999999337e+00 7.406093000000000259e+00 8.078015000000000612e+00 8.592347000000000179e+00 7.988412399999999636e+00 6.806887599999999594e+00 6.615501000000000076e+00 6.512519400000000402e+00 5.770528999999999797e+00 5.183282400000000401e+00 5.050188499999999969e+00 4.527296999999999905e+00 4.043459399999999704e+00 5.065393399999999602e+00 6.588878600000000141e+00
2.488687800000000117e+00 9.725849000000000300e-02 5.772942999999999714e+00 4.161191999999999780e+00 1.697455600000000064e+00 2.670143400000000167e+00 4.475350399999999951e+00 3.038043300000000002e+00 1.816467000000000054e+00 1.390972499999999945e+00 1.112740800000000085e+00 9.050095000000000223e-01 8.829464000000000201e-01 7.653979699999999831e-01 1.077827499999999938e+00 2.547384500000000163e+00 4.109926699999999933e+00 5.016041999999999668e+00 7.157144500000000242e+00 9.168200999999999823e+00 1.103276100000000071e+01 1.096141599999999983e+01 8.759902999999999551e+00 8.029849000000000458e+00 8.643860999999999351e+00 8.676849000000000700e+00 7.673408000000000229e+00 6.789572200000000279e+00 6.954859299999999855e+00 6.926966000000000179e+00 5.755943300000000207e+00 4.801967600000000225e+00 4.463948199999999922e+00 4.106732400000000283e+00 4.001119000000000092e+00 4.813101999999999769e+00 6.148524300000000054e+00
2.596845099999999906e+00 1.869717700000000038e+00 5.974624999999999631e+00 3.066192399999999818e+00 1.173190399999999967e+00 3.549152600000000213e+00 4.614054699999999620e+00 2.538721799999999806e+00 1.824244999999999894e+00 1.462237500000000079e+00 9.768213000000000035e-01 7.989570499999999464e-01 8.800510999999999751e-01 8.320653399999999866e-01 9.362660600000000111e-01 2.512444700000000086e+00 3.799549799999999866e+00 5.514939000000000036e+00 8.052661999999999765e+00 8.513792999999999722e+00 9.532925000000000537e+00 1.000665700000000058e+01 9.197800000000000864e+00 9.090180999999999401e+00 9.162195999999999785e+00 8.668381000000000114e+00 7.640315499999999815e+00 6.988399499999999875e+00 7.168571499999999652e+00 7.024311499999999597e+00 5.804817700000000080e+00 4.687650699999999837e+00 4.099789600000000256e+00 4.195472200000000207e+00 4.543550999999999895e+00 4.738537299999999952e+00 5.523442000000000185e+00
6.483852399999999960e+00 4.234843299999999644e+00 6.336471000000000409e+00 3.876180000000000181e+00 2.050317000000000167e+00 4.009354000000000084e+00 4.376969299999999841e+00 2.212150600000000189e+00 1.794419999999999904e+00 1.563960400000000028e+00 1.078767899999999891e+00 7.035133000000000081e-01 7.710101999999999789e-01 7.541888399999999715e-01 6.733232000000000106e-01 1.998057500000000042e+00 3.641789699999999907e+00 6.087345599999999912e+00 8.957602500000000134e+00 8.472009999999999152e+00 8.413054999999999950e+00 8.507861999999999369e+00 8.694807000000000841e+00 1.001689599999999913e+01 9.619966500000000309e+00 8.842655999999999850e+00 8.080619000000000440e+00 7.188252999999999560e+00 6.937688399999999866e+00 6.884865800000000036e+00 6.033741499999999647e+00 4.842222999999999722e+00 4.106832999999999956e+00 4.360285799999999767e+00 4.853464599999999685e+00 4.799066500000000346e+00 5.322934599999999961e+00
9.371026999999999774e+00 6.949926399999999838e+00 5.974656000000000411e+00 3.145732399999999984e+00 3.591731499999999855e+00 4.465945999999999749e+00 3.992653999999999925e+00 2.607858999999999927e+00 1.924865000000000048e+00 1.806127299999999991e+00 1.572101200000000087e+00 8.982461999999999946e-01 5.599262999999999879e-01 4.497528399999999871e-01 4.942765000000000075e-01 1.773880099999999960e+00 3.790932199999999863e+00 6.414448000000000150e+00 8.603714000000000084e+00 8.176346000000000558e+00 9.093953000000000841e+00 8.659081000000000472e+00 7.494262700000000166e+00 9.751051000000000357e+00 9.883324999999999250e+00 8.925950000000000273e+00 8.380760999999999683e+00 7.616741700000000392e+00 7.002443000000000417e+00 6.706628300000000209e+00 6.078077300000000349e+00 5.121440999999999910e+00 4.596525999999999890e+00 4.651825999999999794e+00 4.957331700000000119e+00 5.002053000000000083e+00 5.465874699999999642e+00
4.513225000000000264e+00 7.385656400000000232e+00 5.381356000000000250e+00 2.735837200000000191e+00 4.826842300000000030e+00 4.910487700000000011e+00 3.501492499999999897e+00 2.862434100000000203e+00 2.132295399999999841e+00 1.852337200000000017e+00 1.870080600000000093e+00 1.421204899999999993e+00 9.259041000000000077e-01 6.521046999999999816e-01 7.159185399999999921e-01 2.270895200000000003e+00 4.283083000000000418e+00 6.201768399999999737e+00 7.966545599999999894e+00 7.683108299999999780e+00 9.280623000000000289e+00 9.787086499999999134e+00 7.487230300000000227e+00 8.821718000000000615e+00 9.588965999999999212e+00 8.684703999999999979e+00 8.440678999999999377e+00 8.100573999999999941e+00 7.439474599999999604e+00 6.776355999999999824e+00 6.259121000000000379e+00 5.516751000000000182e+00 5.106942000000000093e+00 5.117333000000000354e+00 5.130816000000000265e+00 5.106303999999999732e+00 5.489681000000000033e+00
7.895086000000000048e+00 6.343945500000000237e+00 2.348390300000000153e+00 2.369810600000000100e+00 6.168718000000000146e+00 5.418904300000000340e+00 2.632943899999999893e+00 2.222738999999999798e+00 1.884306199999999931e+00 1.683615800000000107e+00 1.830487500000000045e+00 1.652799499999999977e+00 1.388249999999999984e+00 1.029447299999999954e+00 8.294890999999999792e-01 2.599032900000000090e+00 4.298569699999999827e+00 5.812399000000000093e+00 7.747732599999999969e+00 8.132445000000000590e+00 8.479504999999999626e+00 9.591544000000000736e+00 8.374045999999999879e+00 8.173211999999999477e+00 9.197129000000000332e+00 8.602800999999999476e+00 8.333496000000000237e+00 8.241808000000000689e+00 7.878108000000000111e+00 7.160567300000000301e+00 6.685205999999999982e+00 5.940927000000000291e+00 5.122687299999999944e+00 5.145300999999999902e+00 5.064708999999999683e+00 4.873507499999999659e+00 5.139902000000000193e+00
2.525790699999999944e+00 2.154455399999999798e+00 5.451715599999999995e-01 9.235434000000000143e-01 7.213019000000000069e+00 6.137367000000000239e+00 1.998353100000000104e+00 1.782480999999999982e+00 1.537939399999999956e+00 1.375687099999999941e+00 1.738159699999999974e+00 1.833734900000000057e+00 1.716571999999999987e+00 1.463636500000000007e+00 9.754424999999999901e-01 2.643408500000000050e+00 4.016304500000000388e+00 5.744506999999999586e+00 7.239598799999999557e+00 8.655537999999999954e+00 8.411777999999999977e+00 8.717404000000000153e+00 8.911056000000000310e+00 8.437489499999999865e+00 9.282097999999999516e+00 8.681801000000000101e+00 8.231348999999999805e+00 8.236371000000000109e+00 8.083716000000000790e+00 7.457292999999999950e+00 7.132539699999999705e+00 6.379277700000000273e+00 4.986899400000000426e+00 4.749835499999999655e+00 4.911507000000000289e+00 4.847675999999999874e+00 5.014453999999999745e+00
2.498940000000000161e+00 1.317491799999999991e+00 7.148006999999999556e-01 1.064081300000000008e+00 6.550532999999999717e+00 6.257886000000000060e+00 2.164348100000000219e+00 1.632139999999999924e+00 1.380406500000000092e+00 1.184572799999999981e+00 1.537549499999999902e+00 1.868680700000000083e+00 1.858635500000000107e+00 1.608072500000000016e+00 1.090634199999999998e+00 2.293801799999999780e+00 3.689812700000000056e+00 5.747860000000000191e+00 6.992688700000000424e+00 8.911962000000000828e+00 8.773491999999999180e+00 8.300304999999999822e+00 8.975486999999999327e+00 8.987944999999999851e+00 9.350841499999999584e+00 8.670807999999999183e+00 8.456390999999999991e+00 8.266972000000000875e+00 8.060581000000000884e+00 7.579299400000000020e+00 7.359114599999999839e+00 6.506240400000000257e+00 5.036115599999999581e+00 4.480661999999999701e+00 4.607147000000000325e+00 4.826575799999999639e+00 5.213298299999999941e+00
3.263571699999999964e+00 3.684272199999999997e-01 7.371997000000000133e-01 1.301800400000000080e+00 5.042631000000000085e+00 5.894135999999999598e+00 2.670409199999999927e+00 1.792273999999999923e+00 1.638115999999999906e+00 1.332544600000000079e+00 1.303792099999999898e+00 1.623300600000000093e+00 2.089342999999999950e+00 1.683533799999999969e+00 1.015773500000000107e+00 2.038421000000000038e+00 3.634821000000000080e+00 5.481073399999999651e+00 7.096402600000000227e+00 9.367115999999999332e+00 8.915565000000000850e+00 7.688704500000000053e+00 8.940232999999999208e+00 9.381563999999999126e+00 9.396981999999999502e+00 8.959766999999999371e+00 8.711486999999999981e+00 8.393725999999999132e+00 8.111046999999999230e+00 7.570598600000000289e+00 7.103265000000000384e+00 6.416695999999999955e+00 5.491443000000000296e+00 4.465492700000000426e+00 4.170961000000000141e+00 4.687976400000000154e+00 5.395733400000000124e+00
3.572524000000000033e+00 9.448440700000000358e-01 3.682619599999999993e-01 1.092873200000000100e+00 4.373513700000000171e+00 5.297817000000000220e+00 2.550229499999999927e+00 1.810729899999999892e+00 1.948828199999999899e+00 1.706466999999999956e+00 1.255440700000000076e+00 1.314888599999999963e+00 2.118262800000000112e+00 2.095971000000000029e+00 1.154618600000000050e+00 1.986430300000000093e+00 3.643330300000000133e+00 4.965467499999999923e+00 6.833827499999999944e+00 9.689408000000000243e+00 9.095529000000000863e+00 7.549446599999999563e+00 9.128659000000000745e+00 9.173667999999999267e+00 9.428096999999999284e+00 9.541282999999999959e+00 8.979117000000000459e+00 8.640829999999999345e+00 8.317795999999999523e+00 7.416177000000000241e+00 6.654448999999999614e+00 6.299350999999999701e+00 5.661827999999999861e+00 4.581399000000000221e+00 4.272413000000000238e+00 4.918570500000000401e+00 5.172821500000000405e+00
1.852829000000000059e+00 1.718307900000000110e-01 2.905983999999999789e-01 1.395812499999999901e+00 4.435963000000000100e+00 4.372950000000000337e+00 2.180880500000000222e+00 1.196631900000000082e+00 1.261841400000000002e+00 1.563173700000000110e+00 1.332114100000000079e+00 9.400734299999999877e-01 1.459042100000000008e+00 2.095806800000000081e+00 1.781506999999999952e+00 1.802001100000000022e+00 3.683276000000000217e+00 4.678198000000000079e+00 6.340199499999999766e+00 9.399015999999999593e+00 9.378232000000000568e+00 8.396852499999999608e+00 8.964636000000000493e+00 8.361041000000000167e+00 9.434010000000000673e+00 1.017478799999999950e+01 9.698985999999999663e+00 8.853244999999999365e+00 8.351646000000000569e+00 7.416270700000000105e+00 6.437207700000000088e+00 6.025293999999999706e+00 5.397497699999999732e+00 4.932790299999999739e+00 4.794393499999999975e+00 4.824438999999999922e+00 4.546977000000000046e+00
1.216798999999999964e+00 8.465528500000000234e-01 5.129329599999999934e-01 1.818202499999999944e+00 4.528706599999999582e+00 3.556798699999999869e+00 2.072022200000000147e+00 1.104685399999999929e+00 7.289845999999999826e-01 1.088910700000000009e+00 1.353608399999999934e+00 9.616681000000000257e-01 9.776698000000000333e-01 1.525347100000000067e+00 1.837552800000000097e+00 1.398577100000000017e+00 3.821056099999999844e+00 5.106246500000000133e+00 6.540027600000000163e+00 8.670866999999999436e+00 9.220103999999999189e+00 8.865627999999999176e+00 8.327985999999999223e+00 8.126269000000000631e+00 9.326477999999999824e+00 1.026991750000000003e+01 1.042887299999999939e+01 9.330310000000000770e+00 8.589185000000000514e+00 7.607530599999999588e+00 6.301403500000000157e+00 5.738195000000000157e+00 5.031969499999999762e+00 4.976483299999999943e+00 4.964930999999999983e+00 4.452883700000000111e+00 4.421921700000000399e+00
5.119014700000000140e+00 3.053753899999999799e+00 1.714311099999999977e+00 2.596233600000000141e+00 5.057071999999999790e+00 3.173271000000000175e+00 2.162956499999999949e+00 1.447913500000000075e+00 9.055100999999999845e-01 8.533243999999999829e-01 1.219466299999999892e+00 1.053451200000000032e+00 8.152240499999999779e-01 9.854809599999999614e-01 1.417350200000000005e+00 8.982691000000000425e-01 3.883903999999999801e+00 5.816063999999999901e+00 6.844051000000000329e+00 7.900245700000000149e+00 8.977147000000000432e+00 8.511475000000000790e+00 7.728860000000000063e+00 8.418365500000000168e+00 9.022328999999999155e+00 9.848698000000000619e+00 1.039715600000000073e+01 1.007350199999999951e+01 9.367134000000000071e+00 7.565625999999999962e+00 5.809286000000000172e+00 5.349453399999999803e+00 4.771650300000000122e+00 4.783396999999999899e+00 4.914551699999999634e+00 4.477659700000000242e+00 4.594102399999999697e+00
7.984363000000000099e+00 5.692872000000000376e+00 3.955921000000000021e+00 4.458348299999999931e+00 5.949226399999999693e+00 2.727455099999999799e+00 2.163414500000000018e+00 1.821283900000000067e+00 1.362830999999999904e+00 8.326308000000000042e-01 9.411353500000000372e-01 1.074410300000000040e+00 7.637062000000000017e-01 8.041320400000000479e-01 1.336015799999999976e+00 9.920565000000000078e-01 3.589755799999999830e+00 6.056138500000000313e+00 7.079763999999999946e+00 7.565253300000000181e+00 9.508070999999999273e+00 8.411452999999999847e+00 7.139473399999999970e+00 8.455351999999999535e+00 8.850322999999999496e+00 9.517075000000000173e+00 9.798386000000000706e+00 1.008166600000000024e+01 9.719993999999999801e+00 7.706981700000000046e+00 5.730231299999999806e+00 5.200031799999999649e+00 4.941981000000000179e+00 4.730593999999999966e+00 4.750353299999999557e+00 4.686282000000000281e+00 4.532216499999999648e+00
