testcase_input/new_parameters/slope.dat
ncols         214
nrows         263
xllcorner     382500
yllcorner     7541702
cellsize      16
NODATA_value  -9999
[rows 85 to 101 of 263, columns 0 to 36 of 214]
2.843135600000000096e+00 1.551703899999999914e+00 1.666643899999999956e+00 3.681150999999999840e+00 5.395941699999999841e+00 4.540875999999999912e+00 3.835440000000000182e+00 3.150989800000000063e+00 1.448241799999999913e+00 6.605468399999999685e-01 3.793348400000000065e-01 7.946940000000000115e-01 8.221838999999999675e-01 3.337412499999999893e-01 1.966154999999999986e-01 1.773403899999999866e-01 9.968683000000000405e-02 7.971467999999999610e-02 9.327968999999999844e-02 1.588582199999999944e-01 3.225920800000000033e-01 3.918343200000000137e-01 3.259251000000000231e-01 2.178916599999999870e-01 2.954246700000000003e-01 3.743253599999999959e-01 1.483239799999999942e-01 1.646946200000000138e-01 2.440606200000000059e-01 1.405412400000000117e-01 1.258205300000000137e-01 1.189666100000000004e-01 1.367960400000000076e-01 2.248544100000000046e-01 2.854620999999999964e-01 5.287522000000000055e-01 1.546038400000000035e+00
2.651564099999999868e+00 1.316856299999999980e+00 3.335749400000000087e+00 4.749204999999999899e+00 5.297064299999999726e+00 3.849215699999999796e+00 3.398254600000000014e+00 2.989312599999999875e+00 1.441359199999999952e+00 8.108393499999999587e-01 7.557523999999999909e-01 7.255158000000000440e-01 3.514752999999999905e-01 6.185651200000000238e-02 8.235104399999999825e-02 6.425356999999999597e-02 4.077553400000000217e-02 5.979230299999999804e-02 4.291509500000000032e-02 3.772641400000000256e-01 5.782762999999999654e-01 5.137178999999999496e-01 3.555406999999999873e-01 1.953854899999999950e-01 4.307810400000000040e-01 4.122122500000000023e-01 1.018202299999999977e-01 2.802938500000000110e-01 1.768084000000000044e-01 1.006022240000000040e-01 1.426843700000000048e-01 1.350973500000000049e-01 1.313635999999999970e-01 2.722476999999999814e-01 2.775526999999999855e-01 5.747238399999999858e-01 1.728759900000000016e+00
3.127784300000000073e+00 2.296375999999999973e+00 5.466483600000000109e+00 5.748188500000000367e+00 5.361596600000000379e+00 3.990144499999999983e+00 3.158460999999999963e+00 2.157659799999999795e+00 1.238850800000000030e+00 9.712716000000000127e-01 9.065573999999999577e-01 6.715895499999999796e-01 2.909469599999999767e-01 7.603720599999999608e-02 7.049275000000000679e-02 7.846814400000000356e-02 6.197976000000000180e-02 3.480473500000000331e-02 2.407785500000000078e-01 6.229995999999999867e-01 6.448849399999999621e-01 4.428032000000000079e-01 2.440572699999999928e-01 2.375304400000000093e-01 4.419184999999999919e-01 3.403773999999999966e-01 1.799094099999999918e-01 3.158984799999999815e-01 1.946448100000000014e-01 2.033238099999999937e-01 2.052696200000000137e-01 2.333732500000000043e-01 3.058294699999999922e-01 2.843182399999999999e-01 2.137952700000000095e-01 6.725003000000000508e-01 1.989379500000000078e+00
3.767091000000000189e+00 7.004033999999999871e+00 6.821761000000000408e+00 6.009015599999999679e+00 4.563087000000000337e+00 3.126494199999999779e+00 2.058600699999999950e+00 1.039821899999999966e+00 8.426099999999999701e-01 9.704952000000000023e-01 9.628147500000000525e-01 8.049024299999999466e-01 5.341447000000000278e-01 3.469809600000000049e-01 2.466279100000000057e-01 1.992715700000000090e-01 2.619513299999999822e-01 4.027259300000000097e-01 5.145743499999999582e-01 4.958872500000000016e-01 3.854921199999999937e-01 1.204716499999999996e-01 4.072878699999999963e-01 5.372987399999999969e-01 3.814060000000000228e-01 1.089518599999999976e-01 3.735576600000000136e-01 3.056635999999999798e-01 2.040295500000000040e-01 1.566335100000000036e-01 9.317575000000000163e-02 1.238876000000000005e-01 1.910757899999999954e-01 1.405118599999999884e-01 2.083652800000000138e-01 8.871711500000000195e-01 2.287318700000000149e+00
6.950267300000000148e+00 9.450144999999999129e+00 5.533273699999999629e+00 3.512312999999999796e+00 2.041969499999999993e+00 1.321889000000000092e+00 7.547688000000000175e-01 3.512507400000000057e-01 5.366353999999999846e-01 7.765971000000000402e-01 9.070033400000000468e-01 9.000485000000000291e-01 8.333730999999999778e-01 7.861593999999999527e-01 7.392079999999999762e-01 7.470955999999999708e-01 7.756997300000000317e-01 6.628104000000000218e-01 4.382984600000000008e-01 1.028112250000000061e-01 3.085110799999999931e-01 4.206592699999999740e-01 6.101509299999999802e-01 2.846876400000000196e-01 4.825874299999999839e-01 7.665174599999999838e-01 5.369271599999999589e-01 2.471488699999999927e-01 1.039446799999999976e-01 4.655425299999999683e-02 4.490228000000000275e-02 7.918050000000000088e-02 1.109966339999999968e-01 9.765643000000000240e-02 2.641028000000000264e-01 1.111125700000000105e+00 2.629350200000000193e+00
7.257827299999999759e+00 8.591355999999999327e+00 3.136667999999999790e+00 1.147318499999999908e+00 6.767269000000000201e-01 7.037189600000000045e-01 6.229064500000000004e-01 4.749058199999999785e-01 4.629457299999999997e-01 6.089445999999999470e-01 6.957797399999999799e-01 6.496267300000000411e-01 6.070451000000000041e-01 6.378865999999999703e-01 6.684671599999999492e-01 6.778537999999999508e-01 6.145093400000000150e-01 4.666723600000000083e-01 2.705524999999999736e-01 1.959100699999999917e-01 1.503302900000000053e-01 1.144592539999999964e-01 2.132613999999999899e-01 1.199903399999999953e+00 1.906914199999999893e+00 1.356544500000000042e+00 6.318736999999999826e-01 2.094909000000000077e-01 1.593872600000000028e-01 5.392651600000000073e-02 1.639222200000000074e-01 2.039721600000000135e-01 2.024896399999999985e-01 1.926016000000000117e-01 3.456431999999999838e-01 1.436119099999999982e+00 3.069329999999999892e+00
5.658455400000000246e+00 7.016659699999999944e+00 2.066879699999999875e+00 4.303654700000000277e-01 4.600539499999999893e-01 6.608969599999999778e-01 6.556184999999999929e-01 6.157468000000000385e-01 5.333892000000000078e-01 5.722499500000000072e-01 6.306087400000000009e-01 4.811101300000000247e-01 3.582821999999999951e-01 3.341539499999999774e-01 3.048956999999999917e-01 2.750388400000000066e-01 2.360849200000000037e-01 3.290894999999999793e-01 3.315512800000000038e-01 1.681574399999999914e-01 1.356123700000000099e-01 3.645887400000000222e-01 1.743457899999999894e+00 3.403895400000000127e+00 2.402328999999999937e+00 1.916248900000000033e+00 7.742706999999999784e-01 2.650509500000000074e-01 2.642924199999999724e-01 1.335737600000000136e-01 2.352980799999999928e-01 1.742053299999999916e-01 1.728120700000000121e-01 2.031626099999999935e-01 5.473729400000000300e-01 2.002078800000000047e+00 3.512548699999999968e+00
4.998181999999999903e+00 6.451497999999999955e+00 1.624228599999999911e+00 4.234369399999999839e-01 5.050041699999999745e-01 6.648971999999999660e-01 7.037449999999999539e-01 7.333270299999999908e-01 6.995508999999999755e-01 6.529649499999999884e-01 6.726415000000000033e-01 5.337351000000000179e-01 3.505350999999999884e-01 2.149586199999999891e-01 1.714218899999999934e-01 1.586356600000000117e-01 1.591462499999999891e-01 3.103970999999999814e-01 3.223140999999999923e-01 1.177515299999999931e-01 1.101155199999999945e-01 6.204827400000000326e-01 2.947078199999999981e+00 3.007453400000000165e+00 2.080400000000000027e+00 2.442136800000000108e+00 7.725307999999999620e-01 2.728569499999999870e-01 2.829461699999999968e-01 1.780756599999999967e-01 2.310911400000000004e-01 1.527708299999999964e-01 2.342208500000000082e-01 3.613762999999999836e-01 8.986606000000000316e-01 2.545179000000000080e+00 3.864136499999999863e+00
6.124573999999999963e+00 7.153286500000000103e+00 1.588642600000000016e+00 6.194423000000000012e-01 5.846152000000000015e-01 6.284366000000000119e-01 6.859344000000000552e-01 7.551253999999999467e-01 1.014596899999999913e+00 1.165372300000000028e+00 1.015588500000000005e+00 7.579321999999999449e-01 4.182090800000000108e-01 8.589123999999999370e-02 1.419761800000000074e-01 1.938470899999999997e-01 1.597929399999999944e-01 3.516472999999999960e-01 2.973990000000000244e-01 4.306580000000000130e-02 2.132684599999999930e-01 9.144698999999999467e-01 3.266366699999999845e+00 2.011145799999999983e+00 2.542075999999999780e+00 2.604589700000000008e+00 6.893179999999999863e-01 2.167834299999999992e-01 2.651164500000000035e-01 1.629152700000000009e-01 2.977372400000000141e-01 3.012751599999999863e-01 3.921202999999999772e-01 5.592207999999999624e-01 1.178371000000000057e+00 2.882614999999999927e+00 4.335293000000000063e+00
6.704800999999999789e+00 8.142248999999999626e+00 2.159295600000000093e+00 8.218039999999999790e-01 6.842460999999999682e-01 6.316513000000000266e-01 6.750186999999999715e-01 5.767807999999999824e-01 6.296716300000000377e-01 9.706012600000000212e-01 1.202891300000000108e+00 9.584021000000000345e-01 3.950238200000000255e-01 8.954515000000000391e-02 1.265634599999999887e-01 2.003299099999999999e-01 3.515687599999999802e-01 4.015511299999999784e-01 2.390576299999999932e-01 5.370867000000000002e-02 2.311302299999999921e-01 9.736787700000000267e-01 3.012881300000000095e+00 1.847417599999999993e+00 2.459175300000000064e+00 2.581061000000000050e+00 6.172992999999999952e-01 2.097256600000000082e-01 2.872074499999999753e-01 2.278728299999999984e-01 3.289854199999999729e-01 2.956984300000000121e-01 4.099662000000000028e-01 5.501054499999999958e-01 1.306954500000000019e+00 3.282936600000000205e+00 4.584583000000000297e+00
6.292873000000000161e+00 8.406233000000000288e+00 2.641500499999999807e+00 8.616226000000000163e-01 7.270315000000000527e-01 6.572382500000000238e-01 6.693803000000000392e-01 5.146290999999999505e-01 4.851755200000000268e-01 8.170182999999999751e-01 1.241845499999999936e+00 9.729740599999999739e-01 5.121601999999999544e-01 2.484387999999999874e-01 1.681647000000000003e-01 7.723861999999999395e-02 4.287274799999999941e-01 3.937874699999999728e-01 1.898877300000000046e-01 9.814575999999999856e-02 1.849797199999999864e-01 9.808265999999999929e-01 2.672717599999999916e+00 1.726900300000000055e+00 2.175239299999999876e+00 2.192504200000000125e+00 5.732819000000000109e-01 2.884983700000000040e-01 2.972893400000000130e-01 2.440577600000000125e-01 2.774061299999999730e-01 2.706699699999999820e-01 3.415903399999999923e-01 4.745772200000000218e-01 1.496816900000000006e+00 3.637333400000000161e+00 4.221531399999999934e+00
5.610707800000000134e+00 8.243950999999999141e+00 3.090222799999999825e+00 9.403996500000000314e-01 8.540792999999999857e-01 7.102058500000000274e-01 6.652159699999999898e-01 7.069831500000000046e-01 7.824248000000000314e-01 8.285171999999999537e-01 1.090231100000000009e+00 1.002686699999999931e+00 7.085433599999999554e-01 3.500566999999999984e-01 2.822238599999999861e-02 2.020700099999999944e-01 4.086816999999999811e-01 2.367533099999999946e-01 2.427171999999999941e-01 2.734718300000000268e-01 2.551967000000000124e-02 8.162696000000000396e-01 2.232589500000000005e+00 1.667851200000000089e+00 1.773856499999999947e+00 1.470763100000000101e+00 4.610249000000000152e-01 3.343327600000000066e-01 2.823118600000000256e-01 1.948041299999999920e-01 3.056886500000000062e-01 3.921355300000000099e-01 3.855695399999999884e-01 5.105895999999999768e-01 1.787561399999999967e+00 3.908008600000000055e+00 3.950873099999999916e+00
4.590754500000000071e+00 7.276506000000000363e+00 3.369220299999999835e+00 1.030458000000000096e+00 9.524866300000000008e-01 7.210579999999999767e-01 6.537400500000000170e-01 8.847700400000000354e-01 1.063186299999999918e+00 9.526303999999999883e-01 9.546193499999999776e-01 8.739337299999999642e-01 8.096171599999999469e-01 5.567623999999999906e-01 1.465738699999999950e-01 1.674718299999999882e-01 3.172506700000000124e-01 9.413660999999999557e-02 2.597974000000000117e-01 3.638775300000000046e-01 2.338204399999999905e-01 4.615342599999999740e-01 1.550445700000000038e+00 1.234185000000000088e+00 1.149509499999999962e+00 7.232572000000000445e-01 2.979431000000000163e-01 3.540694699999999973e-01 3.455447600000000064e-01 2.687452000000000174e-01 4.019429400000000263e-01 4.296567399999999814e-01 3.589647999999999728e-01 5.615866000000000469e-01 2.029244199999999942e+00 4.232376600000000266e+00 3.992954300000000067e+00
3.963786600000000160e+00 5.625538299999999658e+00 2.934368099999999924e+00 9.956266000000000282e-01 9.787924999999999542e-01 7.181034699999999660e-01 6.156221600000000294e-01 8.938053999999999721e-01 1.320797100000000057e+00 1.112006300000000003e+00 1.046806600000000032e+00 9.448265000000000136e-01 8.908961399999999475e-01 7.034390999999999838e-01 2.860891999999999880e-01 1.973850900000000130e-01 2.802488000000000201e-01 5.218745000000000328e-02 1.800011099999999920e-01 2.678915299999999888e-01 1.211233599999999994e-01 2.819633200000000173e-01 9.715650999999999593e-01 6.727737000000000300e-01 4.714630499999999946e-01 1.943304200000000037e-01 2.630009700000000006e-01 3.855416799999999977e-01 4.529588199999999842e-01 4.625938800000000128e-01 4.581975300000000195e-01 2.948405700000000240e-01 2.082684300000000044e-01 5.746818999999999678e-01 2.152899000000000118e+00 4.404039400000000271e+00 4.003048399999999951e+00
2.848139000000000198e+00 4.573934999999999640e+00 2.213429500000000161e+00 1.087685100000000071e+00 9.395805600000000091e-01 6.905141000000000195e-01 6.615270399999999551e-01 7.792958599999999514e-01 1.400977399999999928e+00 1.233503599999999922e+00 1.131257900000000038e+00 1.051138300000000081e+00 9.271589500000000372e-01 6.226968000000000503e-01 3.334127700000000250e-01 2.590496999999999939e-01 2.725589299999999771e-01 1.020199059999999935e-01 1.588983700000000110e-01 1.000701900000000033e-01 9.701481000000000687e-02 3.566476700000000277e-01 7.715190600000000343e-01 3.694177000000000155e-01 1.363809400000000061e-01 1.189610140000000038e-01 1.444447500000000106e-01 1.756191099999999949e-01 2.075409599999999966e-01 2.504278400000000127e-01 2.021352800000000005e-01 9.621315399999999518e-02 2.016749800000000037e-01 6.132446499999999467e-01 2.339979200000000148e+00 4.632323699999999711e+00 4.160166300000000206e+00
4.875709500000000141e+00 5.518289600000000128e+00 2.038730999999999849e+00 1.243999199999999972e+00 8.418780999999999626e-01 4.631192000000000086e-01 7.555418999999999885e-01 1.038460900000000020e+00 1.504070999999999936e+00 1.341711000000000098e+00 1.480199700000000007e+00 1.289412100000000061e+00 8.367567700000000386e-01 5.097829000000000388e-01 3.626196999999999893e-01 2.649571000000000009e-01 2.848745999999999778e-01 2.549920700000000151e-01 1.205306599999999978e-01 2.554085999999999856e-01 4.431949600000000267e-01 9.007112000000000451e-01 1.041297600000000045e+00 5.414430999999999550e-01 2.776899600000000135e-01 1.074137540000000002e-01 1.420136399999999965e-01 9.855023999999999729e-02 3.335551500000000225e-02 2.023578200000000077e-02 2.700713299999999914e-02 5.282148700000000030e-02 2.771932799999999864e-01 7.133389999999999453e-01 2.600654800000000044e+00 5.081494000000000177e+00 4.458986799999999917e+00
4.710022399999999720e+00 6.389244999999999841e+00 2.612401000000000195e+00 1.406355000000000022e+00 8.706589300000000531e-01 4.339388599999999818e-01 7.410611499999999463e-01 8.384717000000000420e-01 1.519421300000000086e+00 1.477015299999999920e+00 2.043132799999999971e+00 1.668404299999999951e+00 8.440987500000000088e-01 5.853357000000000143e-01 4.296930700000000103e-01 2.542934700000000214e-01 2.453340699999999874e-01 2.537138800000000027e-01 2.858940700000000001e-01 3.649553700000000012e-01 9.563495499999999927e-01 1.776939299999999999e+00 1.448785999999999907e+00 9.293388000000000204e-01 3.287775800000000137e-01 2.009081199999999956e-01 2.349336300000000044e-01 3.857817499999999927e-02 3.165174499999999936e-03 1.554352300000000006e-02 5.868619299999999761e-02 7.944088400000000327e-02 3.702162800000000087e-01 9.098131699999999489e-01 2.568541800000000208e+00 5.023768999999999707e+00 4.825087500000000418e+00
