testcase_input/new_parameters/twi.dat
ncols         214
nrows         263
xllcorner     382500
yllcorner     7541702
cellsize      16
NODATA_value  -9999
[rows 170 to 186 of 263, columns 37 to 73 of 214]
1.005143999999999949e+01 9.837896999999999892e+00 9.491319000000000727e+00 1.034853000000000023e+01 1.060975999999999964e+01 1.121884000000000015e+01 1.010637999999999970e+01 1.091005000000000003e+01 9.749513999999999569e+00 1.103157000000000032e+01 1.215183000000000035e+01 1.186837000000000053e+01 1.134605999999999959e+01 1.063058000000000014e+01 9.379516999999999882e+00 9.495801999999999410e+00 9.220617000000000729e+00 1.215277999999999992e+01 1.099994000000000050e+01 9.187696000000000751e+00 1.143787999999999982e+01 9.426099999999999923e+00 1.043721999999999994e+01 1.115074000000000076e+01 1.466277000000000008e+01 8.607659999999999201e+00 8.331061999999999301e+00 1.021712999999999916e+01 1.015099000000000018e+01 9.822160000000000224e+00 9.492789999999999395e+00 9.642464999999999620e+00 9.576824000000000225e+00 9.314104999999999634e+00 8.507873000000000019e+00 9.382217999999999947e+00 1.028731999999999935e+01
9.623207000000000733e+00 9.062931999999999988e+00 9.150192000000000547e+00 8.710527000000000797e+00 9.587730999999999781e+00 9.296708999999999889e+00 1.076919999999999966e+01 1.028537999999999997e+01 1.097312999999999938e+01 1.069683000000000028e+01 1.094173999999999936e+01 1.240433999999999948e+01 1.242130000000000045e+01 1.009005999999999936e+01 9.827075999999999922e+00 9.315379999999999328e+00 8.830527999999999267e+00 1.000010999999999939e+01 9.480812000000000239e+00 1.102191000000000010e+01 1.040446999999999989e+01 8.773827000000000709e+00 1.024329999999999963e+01 9.704105999999999455e+00 8.950146999999999409e+00 1.335704999999999920e+01 9.705697999999999936e+00 9.718123999999999540e+00 9.616099999999999426e+00 8.918988000000000582e+00 8.943638999999999228e+00 9.187995000000000800e+00 9.654284000000000532e+00 9.491350999999999871e+00 8.894398000000000692e+00 8.756353999999999971e+00 1.007532999999999923e+01
8.922440999999999178e+00 8.863383000000000678e+00 8.529166000000000025e+00 8.597198000000000562e+00 8.609427999999999415e+00 8.674975999999999132e+00 9.367012000000000782e+00 9.729578000000000060e+00 9.556266000000000815e+00 1.007418000000000013e+01 9.334009999999999252e+00 8.832661999999999125e+00 1.334763000000000055e+01 1.176742999999999917e+01 9.973724999999999952e+00 9.892431000000000196e+00 8.948624000000000578e+00 9.285396000000000427e+00 9.035935000000000272e+00 1.074174999999999969e+01 9.769961999999999591e+00 8.519845000000000113e+00 8.923925999999999803e+00 8.899435999999999680e+00 8.632666999999999646e+00 1.352046999999999954e+01 1.060080999999999918e+01 1.067309999999999981e+01 9.792557999999999652e+00 8.900487000000000037e+00 8.406568999999999292e+00 8.311056000000000665e+00 9.775887000000000882e+00 9.650026000000000437e+00 9.553953999999999169e+00 9.200649999999999551e+00 1.179744999999999955e+01
8.334808999999999912e+00 8.493195999999999302e+00 9.182043000000000177e+00 1.137886999999999915e+01 1.119150999999999918e+01 1.124638000000000027e+01 1.102632999999999974e+01 1.087461000000000055e+01 1.064949999999999974e+01 9.496408000000000627e+00 1.023527999999999949e+01 9.684044000000000096e+00 8.895241000000000398e+00 1.368336000000000041e+01 1.344575000000000031e+01 9.020671000000000106e+00 9.697855999999999810e+00 9.658502000000000365e+00 1.037836000000000070e+01 9.384634000000000142e+00 8.970461000000000240e+00 7.896990999999999872e+00 7.822484000000000215e+00 8.560909000000000546e+00 1.464987999999999957e+01 9.828455999999999193e+00 9.598648000000000735e+00 9.913914000000000115e+00 1.008239999999999981e+01 9.507764999999999134e+00 9.131467000000000667e+00 9.285704000000000846e+00 9.673488000000000753e+00 9.411873999999999185e+00 8.864734000000000336e+00 9.657759999999999678e+00 1.167942000000000036e+01
1.155657000000000068e+01 1.187297000000000047e+01 1.252720000000000056e+01 1.139325999999999972e+01 1.086654000000000053e+01 1.019782999999999973e+01 9.605187000000000808e+00 9.184488999999999237e+00 9.467817000000000149e+00 1.017095999999999911e+01 9.780670999999999893e+00 1.019366999999999912e+01 9.770101000000000369e+00 1.014020000000000010e+01 1.018839000000000006e+01 1.408760000000000012e+01 9.464036999999999367e+00 9.525055000000000049e+00 9.389863999999999322e+00 8.709035000000000082e+00 8.228241000000000582e+00 8.779909999999999215e+00 7.842558000000000362e+00 8.746330999999999634e+00 1.537719000000000058e+01 1.037542999999999971e+01 9.836781999999999471e+00 9.009695000000000675e+00 8.971432000000000073e+00 9.323867999999999157e+00 9.717508000000000479e+00 1.016052000000000000e+01 1.019096000000000046e+01 9.660541999999999518e+00 9.365107000000000070e+00 9.334104999999999208e+00 1.166234999999999999e+01
1.266475999999999935e+01 8.827030000000000598e+00 1.212654000000000032e+01 1.137659000000000020e+01 1.050009000000000015e+01 9.890910999999999120e+00 9.759783999999999793e+00 9.845273999999999859e+00 9.748117999999999839e+00 9.412993000000000166e+00 8.739675999999999334e+00 9.759821999999999775e+00 1.073532999999999937e+01 1.035023999999999944e+01 8.904538000000000508e+00 9.624463000000000434e+00 1.350118999999999936e+01 1.345081000000000060e+01 1.006151999999999980e+01 9.275660999999999490e+00 8.020096000000000558e+00 8.523884999999999934e+00 8.064690000000000580e+00 1.340196000000000076e+01 1.383283999999999914e+01 9.434988000000000596e+00 8.862370999999999555e+00 9.601375000000000881e+00 8.299350999999999701e+00 8.672117999999999327e+00 8.810840000000000671e+00 9.117741000000000540e+00 9.221479999999999677e+00 1.009355000000000047e+01 1.056204999999999927e+01 9.981541999999999248e+00 1.193501000000000012e+01
8.513462999999999781e+00 1.324534000000000056e+01 1.269882999999999917e+01 1.205491999999999919e+01 1.092895000000000039e+01 1.049128999999999934e+01 9.975018999999999636e+00 9.438086000000000197e+00 9.286673000000000400e+00 9.152402999999999622e+00 9.318027000000000726e+00 9.109125999999999834e+00 8.895580999999999960e+00 1.128354999999999997e+01 9.698152999999999579e+00 8.843823999999999685e+00 1.093566000000000038e+01 9.354146000000000072e+00 1.520419000000000054e+01 1.039016999999999946e+01 8.223990000000000578e+00 8.477622000000000213e+00 1.271099000000000068e+01 1.297264999999999979e+01 1.169242000000000026e+01 8.664272999999999669e+00 7.812189000000000050e+00 9.191712000000000771e+00 9.434198000000000306e+00 9.285398000000000707e+00 8.445944000000000784e+00 8.621524000000000854e+00 9.131354999999999222e+00 8.842793000000000347e+00 9.023351999999999151e+00 1.114793000000000056e+01 9.649860999999999578e+00
1.158705999999999925e+01 1.200502000000000002e+01 1.150797000000000025e+01 1.143361999999999945e+01 1.169660999999999973e+01 1.087918999999999947e+01 9.913176999999999239e+00 9.182829999999999160e+00 9.054218999999999795e+00 9.033048000000000854e+00 9.037124000000000379e+00 9.404350000000000875e+00 9.300304000000000570e+00 1.119153000000000020e+01 9.677865999999999858e+00 9.395775000000000432e+00 1.151080999999999932e+01 9.734892999999999574e+00 1.156766000000000005e+01 1.364628000000000085e+01 9.187186000000000519e+00 1.077718999999999916e+01 1.360618999999999978e+01 1.088845000000000063e+01 1.102805999999999997e+01 1.143243999999999971e+01 1.150244000000000000e+01 1.071624000000000088e+01 9.893311999999999884e+00 9.407225999999999644e+00 9.604475000000000762e+00 9.867361000000000715e+00 1.032639999999999958e+01 1.024441000000000024e+01 9.041574000000000666e+00 1.029204000000000008e+01 9.877838999999999814e+00
1.133974000000000082e+01 1.083154000000000039e+01 1.117723999999999940e+01 9.834248999999999796e+00 1.060548000000000002e+01 1.123554000000000030e+01 1.148005999999999993e+01 9.833529000000000408e+00 7.950057000000000151e+00 8.146753999999999607e+00 9.697741999999999862e+00 9.793120000000000047e+00 9.460482999999999976e+00 1.035894000000000048e+01 9.822874999999999801e+00 9.603192999999999202e+00 1.124469999999999992e+01 1.119807999999999915e+01 9.457095999999999947e+00 1.136749999999999972e+01 1.279355999999999938e+01 8.768411999999999651e+00 1.309609999999999985e+01 1.191899000000000086e+01 1.066816999999999993e+01 1.093398999999999965e+01 1.046490000000000009e+01 1.039578999999999986e+01 1.030436000000000085e+01 1.022162999999999933e+01 1.009965000000000046e+01 9.814083999999999364e+00 9.573736000000000246e+00 9.257108000000000558e+00 1.078603999999999985e+01 1.141571000000000069e+01 9.988165999999999656e+00
8.827059000000000211e+00 9.550876999999999839e+00 8.451555000000000817e+00 1.104653000000000063e+01 1.071737000000000073e+01 1.023797000000000068e+01 1.029803000000000068e+01 1.165991000000000000e+01 1.055955999999999939e+01 8.348057999999999979e+00 9.038489999999999469e+00 1.188433000000000028e+01 1.183228000000000080e+01 1.059309000000000012e+01 9.323902999999999608e+00 9.510206999999999411e+00 8.783804999999999197e+00 1.077335000000000065e+01 8.617563000000000528e+00 1.225318000000000040e+01 9.061740000000000350e+00 1.042090999999999923e+01 1.136772000000000027e+01 1.262414000000000058e+01 1.184092000000000056e+01 1.183445000000000036e+01 1.132506000000000057e+01 9.909304000000000556e+00 9.320475999999999317e+00 9.849358999999999753e+00 1.010688999999999993e+01 1.028689999999999927e+01 9.720993999999999247e+00 1.008954999999999913e+01 1.006447999999999965e+01 9.763700999999999297e+00 1.092938999999999972e+01
7.761514000000000024e+00 1.126140999999999970e+01 1.124883999999999951e+01 1.086547000000000018e+01 1.034539000000000009e+01 1.044537000000000049e+01 1.100376999999999938e+01 1.153792999999999935e+01 1.218186999999999998e+01 1.275341000000000058e+01 1.229392999999999958e+01 1.141090999999999944e+01 1.227106000000000030e+01 1.211383000000000010e+01 1.048451999999999984e+01 1.010835999999999935e+01 8.659084000000000003e+00 8.649499000000000493e+00 1.088002999999999965e+01 1.207602999999999938e+01 7.961438000000000237e+00 8.205197999999999325e+00 1.162842999999999982e+01 1.134439000000000064e+01 1.143468000000000018e+01 1.098282000000000025e+01 1.185603000000000051e+01 1.048532999999999937e+01 1.043271999999999977e+01 1.021452999999999989e+01 1.064189000000000007e+01 1.068680999999999948e+01 1.071899999999999942e+01 1.065967999999999982e+01 1.063860000000000028e+01 1.057025999999999932e+01 9.782230000000000203e+00
1.039272000000000062e+01 7.899288000000000309e+00 1.089691999999999972e+01 1.021373999999999960e+01 8.979995000000000616e+00 8.540369000000000099e+00 9.355059000000000680e+00 9.293215999999999255e+00 9.087006999999999834e+00 8.833261000000000251e+00 1.242653999999999925e+01 1.122794000000000025e+01 8.646041999999999561e+00 1.363382000000000005e+01 1.267792000000000030e+01 9.996057999999999666e+00 9.167158999999999835e+00 9.296889999999999432e+00 1.103153999999999968e+01 9.317311999999999372e+00 1.231213999999999942e+01 9.453682000000000585e+00 1.239611999999999981e+01 1.044547000000000025e+01 1.085163999999999973e+01 1.063868000000000080e+01 1.180438999999999972e+01 1.090576000000000079e+01 9.463867000000000473e+00 9.532420000000000115e+00 9.306934999999999292e+00 9.771914999999999907e+00 9.824230000000000018e+00 1.015653999999999968e+01 1.025317000000000078e+01 9.084495999999999682e+00 1.027453000000000038e+01
7.935563000000000144e+00 7.497374999999999901e+00 8.417372000000000298e+00 9.198748999999999398e+00 8.580272000000000787e+00 8.155369000000000312e+00 8.043917999999999680e+00 8.903816000000000841e+00 8.671720999999999790e+00 8.858603000000000449e+00 9.179233999999999227e+00 8.881774999999999309e+00 8.553228999999999971e+00 1.270875000000000021e+01 1.173033999999999999e+01 1.262705000000000055e+01 9.735319000000000500e+00 9.144116999999999607e+00 9.854526999999999148e+00 9.476418000000000674e+00 9.560276999999999248e+00 1.342811999999999983e+01 1.249219000000000079e+01 9.786785999999999319e+00 9.158666999999999447e+00 1.118460999999999927e+01 1.126590000000000025e+01 1.129669999999999952e+01 1.009027000000000029e+01 9.363008000000000663e+00 8.984481000000000606e+00 9.367046000000000205e+00 1.009201999999999977e+01 9.941235000000000710e+00 9.430775999999999826e+00 1.052874000000000088e+01 9.825870000000000104e+00
8.627017999999999631e+00 8.206300999999999846e+00 9.481365999999999516e+00 9.997429000000000343e+00 9.999301000000000883e+00 9.877663000000000082e+00 9.749408999999999992e+00 9.196063999999999794e+00 8.849562999999999846e+00 8.630969999999999587e+00 1.157353999999999949e+01 1.186828000000000038e+01 1.180640999999999963e+01 9.084625000000000838e+00 1.015127000000000024e+01 8.798016000000000503e+00 1.292811000000000021e+01 9.453977000000000075e+00 8.334554999999999936e+00 8.584552000000000405e+00 9.774715999999999738e+00 1.316718999999999973e+01 1.195947999999999922e+01 8.555073999999999401e+00 8.411372999999999323e+00 8.380242000000000857e+00 1.122264999999999979e+01 1.113767999999999958e+01 1.131939000000000028e+01 1.015657000000000032e+01 9.708320000000000505e+00 9.112106000000000705e+00 8.939192000000000249e+00 9.347213999999999245e+00 1.058558000000000021e+01 1.030916000000000032e+01 9.554223000000000354e+00
1.100923000000000052e+01 1.043976999999999933e+01 1.055153999999999925e+01 1.068435000000000024e+01 1.101760999999999946e+01 1.091456999999999944e+01 1.070597000000000065e+01 8.613338000000000605e+00 8.796976000000000795e+00 1.191154000000000046e+01 1.143485000000000085e+01 9.153022999999999243e+00 9.101376999999999384e+00 8.722464999999999691e+00 8.807531000000000887e+00 9.555222999999999800e+00 8.931991999999999265e+00 1.305652000000000079e+01 9.062858000000000303e+00 8.985295999999999950e+00 1.016139000000000081e+01 1.285190000000000055e+01 1.180682999999999971e+01 9.266994000000000398e+00 7.961441999999999908e+00 8.699028000000000205e+00 9.191826000000000718e+00 1.007638999999999996e+01 1.075084000000000017e+01 1.180977000000000032e+01 1.027734000000000059e+01 1.003984999999999950e+01 8.710100999999999871e+00 8.527113999999999194e+00 9.343083999999999278e+00 1.020138999999999996e+01 8.856806999999999874e+00
1.153086000000000055e+01 1.037645999999999979e+01 9.955403999999999698e+00 1.027161000000000080e+01 9.937112000000000833e+00 9.874406999999999712e+00 1.000566000000000066e+01 1.153421999999999947e+01 1.222733000000000025e+01 1.083155000000000001e+01 8.635509000000000768e+00 8.358247000000000426e+00 8.565611999999999782e+00 8.987197999999999354e+00 9.511832000000000065e+00 8.821479999999999322e+00 9.259176000000000073e+00 1.253580000000000005e+01 1.251642000000000010e+01 1.110332000000000008e+01 1.049658999999999942e+01 1.146058000000000021e+01 1.215029999999999966e+01 8.738049999999999429e+00 9.793096000000000245e+00 1.278054999999999986e+01 1.086124000000000045e+01 1.020552999999999955e+01 1.032202000000000019e+01 1.012706000000000017e+01 1.238354999999999961e+01 1.230985000000000085e+01 1.044303999999999988e+01 1.002134999999999998e+01 1.023053999999999952e+01 1.045818000000000048e+01 9.048726999999999521e+00
1.559162000000000070e+01 1.018202999999999925e+01 9.611872999999999223e+00 9.080873000000000417e+00 9.272195999999999216e+00 1.017281000000000013e+01 1.056121000000000087e+01 1.215396999999999927e+01 1.109697000000000067e+01 9.658514000000000266e+00 8.793457000000000079e+00 7.907551999999999914e+00 8.198586000000000595e+00 9.534273000000000664e+00 9.130179999999999296e+00 8.648460000000000036e+00 1.159032000000000018e+01 1.129274000000000022e+01 8.669579999999999842e+00 1.271372999999999998e+01 1.098202999999999996e+01 1.107638999999999996e+01 1.078950999999999993e+01 1.181744999999999912e+01 1.195154999999999923e+01 1.103340000000000032e+01 1.166557000000000066e+01 1.041576000000000057e+01 1.009116000000000035e+01 1.092765999999999948e+01 1.158547000000000082e+01 1.158526999999999951e+01 1.301159999999999961e+01 1.042131000000000007e+01 1.059430000000000049e+01 9.860103999999999758e+00 9.717669000000000779e+00
