testcase_input/new_parameters/twi.dat
ncols         214
nrows         263
xllcorner     382500
yllcorner     7541702
cellsize      16
NODATA_value  -9999
[rows 119 to 135 of 263, columns 74 to 110 of 214]
9.526897999999999200e+00 8.442959999999999354e+00 8.452472000000000207e+00 7.999780999999999587e+00 8.688307000000000002e+00 1.514844000000000079e+01 9.415215999999999141e+00 8.818778999999999257e+00 9.404178999999999178e+00 1.063963999999999999e+01 1.067066999999999943e+01 1.031427000000000049e+01 1.831521000000000043e+01 9.928525000000000489e+00 1.275841999999999921e+01 1.257388000000000083e+01 1.247137000000000029e+01 1.192509000000000086e+01 1.119809000000000054e+01 1.093965000000000032e+01 1.101737999999999928e+01 1.130988999999999933e+01 1.149480999999999931e+01 1.158161999999999914e+01 1.152877999999999936e+01 1.178632999999999953e+01 1.191862000000000066e+01 1.177777000000000029e+01 1.171791999999999945e+01 1.141810000000000080e+01 1.105494000000000021e+01 1.091397000000000084e+01 1.035698000000000008e+01 1.006498000000000026e+01 9.779206999999999539e+00 9.897076000000000207e+00 9.754637999999999920e+00
9.990926999999999225e+00 8.446460999999999331e+00 8.711907000000000068e+00 7.660544999999999938e+00 8.642550999999999206e+00 1.411891999999999925e+01 8.806746000000000407e+00 9.315329999999999444e+00 9.366168000000000049e+00 1.051199000000000083e+01 1.010586999999999946e+01 1.135159999999999947e+01 1.809403999999999968e+01 9.261027999999999594e+00 1.397877000000000081e+01 1.254815999999999931e+01 1.147264000000000017e+01 1.204682999999999993e+01 1.075661000000000023e+01 1.028894000000000020e+01 1.017242000000000068e+01 1.033431999999999995e+01 1.098149000000000086e+01 1.150267999999999979e+01 1.162870000000000026e+01 1.155147000000000013e+01 1.159751999999999938e+01 1.196917000000000009e+01 1.173518999999999934e+01 1.164606999999999992e+01 1.182175999999999938e+01 1.144537000000000049e+01 1.102801999999999971e+01 1.072213999999999956e+01 1.034096000000000082e+01 1.003431999999999924e+01 9.802752999999999162e+00
9.222063000000000343e+00 8.901849000000000345e+00 8.071642999999999901e+00 8.714304999999999524e+00 1.377338999999999913e+01 8.673923999999999523e+00 8.954285000000000494e+00 9.488419000000000381e+00 1.029674999999999940e+01 8.952512999999999721e+00 1.159332999999999991e+01 1.233177000000000056e+01 1.136499000000000059e+01 1.884562000000000026e+01 1.317961000000000027e+01 1.330414000000000030e+01 1.300430000000000064e+01 1.236891999999999925e+01 1.155573000000000050e+01 1.118126999999999960e+01 1.081826000000000043e+01 1.085483999999999938e+01 1.111209000000000024e+01 1.137311000000000050e+01 1.133449000000000062e+01 1.120912000000000042e+01 1.109641000000000055e+01 1.119298999999999999e+01 1.182112000000000052e+01 1.212597000000000058e+01 1.225267999999999979e+01 1.198523999999999923e+01 1.179795000000000016e+01 1.126107999999999976e+01 1.158347999999999978e+01 1.126715000000000089e+01 1.051539999999999964e+01
8.685670000000000002e+00 1.168824000000000041e+01 7.832737999999999978e+00 1.299871000000000087e+01 9.055201999999999529e+00 8.589971999999999497e+00 8.615444999999999354e+00 9.559110000000000440e+00 1.089855000000000018e+01 1.170148000000000010e+01 1.214750000000000085e+01 1.214202000000000048e+01 1.190668999999999933e+01 1.873816000000000059e+01 1.192125000000000057e+01 1.249133999999999922e+01 1.256902999999999970e+01 1.216562000000000054e+01 1.221826000000000079e+01 1.030152000000000001e+01 1.036726999999999954e+01 1.045608000000000004e+01 1.079081000000000046e+01 1.095378000000000007e+01 1.091843000000000075e+01 1.101174999999999926e+01 1.130627999999999922e+01 1.157729999999999926e+01 1.147849000000000075e+01 1.145585999999999949e+01 1.180010000000000048e+01 1.249920999999999971e+01 1.260551000000000066e+01 1.280189999999999984e+01 1.277145999999999937e+01 1.217479999999999940e+01 1.159869999999999912e+01
8.644287999999999528e+00 8.955911000000000399e+00 9.108973999999999904e+00 1.327829000000000015e+01 9.418193999999999733e+00 8.312086000000000752e+00 8.896798000000000428e+00 1.022302999999999962e+01 1.107849000000000039e+01 1.156462999999999930e+01 1.242704999999999949e+01 1.248448999999999920e+01 1.112437000000000076e+01 1.899386000000000152e+01 9.238657999999999149e+00 1.149798000000000009e+01 1.137540000000000084e+01 1.193055999999999983e+01 1.163378999999999941e+01 1.247972000000000037e+01 1.205889999999999951e+01 1.038676000000000066e+01 1.060036000000000023e+01 1.054604999999999926e+01 1.053885999999999967e+01 1.057568999999999981e+01 1.077809000000000061e+01 1.079648000000000074e+01 1.059046000000000021e+01 1.068928000000000011e+01 1.111336000000000013e+01 1.165958999999999968e+01 1.218432999999999922e+01 1.219136999999999915e+01 1.203040000000000020e+01 1.234746999999999950e+01 1.218693000000000026e+01
8.413391000000000730e+00 8.145730000000000359e+00 8.059936000000000433e+00 9.159014000000000877e+00 1.360426000000000002e+01 8.192095999999999378e+00 9.775432999999999595e+00 1.156794999999999973e+01 1.203322000000000003e+01 1.245378999999999969e+01 1.226854999999999940e+01 1.114593999999999951e+01 1.269536000000000087e+01 1.826921000000000106e+01 1.351464999999999961e+01 1.305298999999999943e+01 1.016435000000000066e+01 9.983836000000000155e+00 9.396224000000000132e+00 9.310363000000000611e+00 1.135180000000000078e+01 1.235759999999999970e+01 1.063822000000000045e+01 1.013758999999999943e+01 1.012940000000000040e+01 1.037674999999999947e+01 1.046152000000000015e+01 1.062038000000000082e+01 1.085731999999999964e+01 1.057746999999999993e+01 1.040360000000000085e+01 1.061754999999999960e+01 1.107884999999999920e+01 1.149269999999999925e+01 1.119605999999999923e+01 1.113635000000000019e+01 1.154598999999999975e+01
7.346083000000000141e+00 7.647209000000000145e+00 8.445862999999999232e+00 1.319483999999999924e+01 1.167074000000000034e+01 1.149835000000000029e+01 1.159704999999999941e+01 1.158173999999999992e+01 1.151046999999999976e+01 1.074352000000000018e+01 1.090469000000000044e+01 1.293248999999999960e+01 1.244988999999999990e+01 1.114520000000000088e+01 1.857248999999999839e+01 1.050164999999999971e+01 1.216995000000000005e+01 1.104784000000000077e+01 9.577813000000000798e+00 8.480667999999999651e+00 7.992924999999999613e+00 7.419393000000000349e+00 1.220322999999999958e+01 1.153968000000000060e+01 1.140230000000000032e+01 1.136355999999999966e+01 1.141451999999999956e+01 1.163526000000000060e+01 1.172580999999999918e+01 1.180366000000000071e+01 1.185285000000000011e+01 1.195565999999999995e+01 1.193839000000000006e+01 1.183155999999999963e+01 1.165084000000000053e+01 1.146216000000000079e+01 1.100033999999999956e+01
8.081308999999999187e+00 7.585605000000000153e+00 1.264771000000000001e+01 1.181309000000000076e+01 8.392958999999999392e+00 8.721315000000000595e+00 8.324170999999999765e+00 1.009417000000000009e+01 1.046945000000000014e+01 1.005009000000000086e+01 1.144358000000000075e+01 1.283337000000000039e+01 1.270533999999999963e+01 1.264115999999999929e+01 1.877379000000000175e+01 1.144998000000000005e+01 1.120101999999999975e+01 1.144589999999999996e+01 1.153464999999999918e+01 1.159524000000000044e+01 1.085182999999999964e+01 1.003800999999999988e+01 1.043839000000000006e+01 1.111984999999999957e+01 1.084458000000000055e+01 1.100871000000000066e+01 1.104527000000000037e+01 1.078007999999999988e+01 1.082104999999999961e+01 1.101866000000000057e+01 1.114039000000000001e+01 1.115105999999999931e+01 1.089797000000000082e+01 1.096354999999999968e+01 1.139550999999999981e+01 1.146673999999999971e+01 1.144501999999999953e+01
8.213547999999999405e+00 7.739715999999999596e+00 1.365041000000000082e+01 8.726191999999999283e+00 8.412653999999999854e+00 8.751604000000000383e+00 9.957499999999999574e+00 9.581042999999999310e+00 9.982001999999999597e+00 1.155560000000000009e+01 1.108097000000000065e+01 1.300453000000000081e+01 1.211126999999999931e+01 1.196970999999999918e+01 1.861919999999999931e+01 1.158453000000000088e+01 1.110125999999999991e+01 1.089001000000000019e+01 1.052750999999999948e+01 1.047296000000000049e+01 1.119393999999999956e+01 1.098863000000000056e+01 1.106161999999999956e+01 1.122865000000000002e+01 1.126871000000000045e+01 1.131644999999999968e+01 1.103966999999999921e+01 1.097146000000000043e+01 1.087696000000000041e+01 1.082281000000000049e+01 1.085938999999999943e+01 1.095420000000000016e+01 1.114559000000000033e+01 1.024774999999999991e+01 1.025957999999999970e+01 1.080485999999999969e+01 1.113588000000000022e+01
9.583989000000000757e+00 1.370677000000000056e+01 1.515320000000000000e+01 9.663010999999999129e+00 8.091497999999999635e+00 8.939769000000000077e+00 1.043255000000000088e+01 1.081977000000000011e+01 1.156785999999999959e+01 1.119064000000000014e+01 1.310361999999999938e+01 1.217631000000000085e+01 1.162109000000000059e+01 1.097896000000000072e+01 1.845161999999999836e+01 1.146820999999999913e+01 1.119938999999999929e+01 1.104791999999999952e+01 1.096424000000000021e+01 1.068933999999999962e+01 1.065681000000000012e+01 1.116907999999999923e+01 1.105457000000000001e+01 1.108483000000000018e+01 1.096462000000000003e+01 1.064040999999999926e+01 1.097176999999999936e+01 1.080078999999999922e+01 1.069622000000000028e+01 1.069436999999999927e+01 1.073785999999999952e+01 1.090104999999999968e+01 1.124531999999999954e+01 1.125666000000000011e+01 1.060141999999999918e+01 1.065088000000000079e+01 1.072727000000000075e+01
1.352618999999999971e+01 9.317828000000000443e+00 9.954022999999999399e+00 9.507277999999999452e+00 7.848703000000000429e+00 9.087891000000000830e+00 1.020234999999999914e+01 1.103890999999999956e+01 1.173114999999999952e+01 1.345960000000000001e+01 9.949025999999999925e+00 1.207804999999999929e+01 1.071732000000000085e+01 1.006067999999999962e+01 1.806031000000000120e+01 1.185167999999999999e+01 1.172039999999999971e+01 1.124844000000000044e+01 1.096772999999999954e+01 1.083887999999999963e+01 1.078126999999999924e+01 1.052757000000000076e+01 1.026257999999999981e+01 1.027319999999999922e+01 1.020907000000000053e+01 1.073818999999999946e+01 1.064747000000000021e+01 1.077433000000000085e+01 1.071085000000000065e+01 1.066909000000000063e+01 1.053964000000000034e+01 1.026998999999999995e+01 1.075488999999999962e+01 1.145167999999999964e+01 1.118720000000000070e+01 1.028121999999999936e+01 9.611660999999999788e+00
8.787146999999999153e+00 1.053594999999999970e+01 9.873174999999999812e+00 9.909345000000000070e+00 9.265098999999999307e+00 8.929159000000000290e+00 1.048353999999999964e+01 1.219950000000000045e+01 1.271423000000000059e+01 1.190263000000000027e+01 1.236688000000000009e+01 1.252219000000000015e+01 1.345927000000000007e+01 1.767700999999999922e+01 9.408720999999999890e+00 1.150674000000000063e+01 1.138594999999999935e+01 1.073473000000000077e+01 1.048666000000000054e+01 1.015764000000000067e+01 1.026717000000000013e+01 1.070102999999999938e+01 1.059576999999999991e+01 1.057267000000000046e+01 1.044974000000000025e+01 1.045299999999999940e+01 1.037767000000000017e+01 1.040508999999999951e+01 1.056063999999999936e+01 1.066358999999999924e+01 1.061330000000000062e+01 1.095004999999999917e+01 1.108436000000000021e+01 1.124139000000000088e+01 1.140287000000000006e+01 1.145006000000000057e+01 1.109179999999999922e+01
8.313997000000000526e+00 1.113256999999999941e+01 1.401812999999999931e+01 1.301939999999999920e+01 8.107822999999999780e+00 9.819924000000000319e+00 1.147977000000000025e+01 1.186636000000000024e+01 1.135768000000000022e+01 1.182787000000000077e+01 1.311283000000000065e+01 1.371026999999999951e+01 1.282843000000000089e+01 1.112013999999999925e+01 1.823760000000000048e+01 1.116024999999999956e+01 1.109509000000000079e+01 1.099685999999999986e+01 1.039009000000000071e+01 1.003031999999999968e+01 1.014841999999999977e+01 1.049770000000000003e+01 1.034722999999999971e+01 9.776222999999999885e+00 9.906731999999999871e+00 9.958724000000000132e+00 1.019763999999999982e+01 1.021720999999999968e+01 1.015723000000000020e+01 1.030305000000000071e+01 1.044342999999999932e+01 1.021421999999999919e+01 1.001492000000000004e+01 1.051063000000000081e+01 1.138790000000000013e+01 1.130377000000000010e+01 1.119464999999999932e+01
1.120405000000000051e+01 1.459548999999999985e+01 1.087486999999999959e+01 9.238801000000000485e+00 1.168399999999999928e+01 1.158949999999999925e+01 1.190844000000000058e+01 1.159637999999999991e+01 1.063746000000000080e+01 1.226277999999999935e+01 1.408986999999999945e+01 1.367843000000000053e+01 1.152377000000000073e+01 1.139080000000000048e+01 1.078768999999999956e+01 1.772775000000000034e+01 1.219139999999999979e+01 1.196180000000000021e+01 1.119605999999999923e+01 1.016962000000000010e+01 9.775883999999999574e+00 9.493791999999999121e+00 9.018589999999999662e+00 9.635122000000000853e+00 9.562386000000000053e+00 9.072784999999999656e+00 9.037179999999999325e+00 9.215030999999999750e+00 9.535660000000000025e+00 9.724778999999999840e+00 1.015507999999999988e+01 1.038416999999999923e+01 1.057182000000000066e+01 1.039852999999999916e+01 1.017576000000000036e+01 1.047583000000000020e+01 1.088006000000000029e+01
1.166316999999999915e+01 9.746050999999999576e+00 1.270278000000000063e+01 8.978122000000000824e+00 8.930773999999999546e+00 9.601321000000000438e+00 1.037922999999999973e+01 1.114002999999999943e+01 1.295359999999999978e+01 1.342755999999999972e+01 1.425346000000000046e+01 1.192228000000000065e+01 1.216765000000000008e+01 1.095315000000000083e+01 1.016311999999999927e+01 1.802493000000000123e+01 1.222283000000000008e+01 1.222427000000000064e+01 1.211852999999999980e+01 1.177036000000000016e+01 1.026547000000000054e+01 1.019128000000000078e+01 9.793815999999999633e+00 9.835501000000000715e+00 9.300926999999999722e+00 9.096458999999999406e+00 8.929066999999999865e+00 8.982635000000000147e+00 9.101095000000000823e+00 9.069356000000000861e+00 9.026813999999999893e+00 9.074241000000000668e+00 9.410351000000000354e+00 9.698895000000000266e+00 9.813022999999999385e+00 1.005688999999999922e+01 1.046097999999999928e+01
9.023450999999999667e+00 8.509662999999999755e+00 1.138793000000000077e+01 8.626402999999999821e+00 8.623065999999999676e+00 9.676591000000000165e+00 1.038729999999999976e+01 1.138250999999999991e+01 1.383405999999999914e+01 1.465958000000000006e+01 9.929489000000000232e+00 1.257015999999999956e+01 1.161917000000000044e+01 1.076102000000000025e+01 1.169246000000000052e+01 1.845637999999999934e+01 1.169266000000000005e+01 1.125234000000000023e+01 1.153702000000000005e+01 1.133576000000000050e+01 1.205372999999999983e+01 1.178181999999999974e+01 1.104177999999999926e+01 1.091187000000000040e+01 1.047788000000000075e+01 9.884880000000000777e+00 9.167066999999999410e+00 8.941523000000000110e+00 8.606526000000000565e+00 8.659088000000000562e+00 8.891745000000000232e+00 8.831699000000000410e+00 9.067337000000000202e+00 9.546234999999999360e+00 9.496444999999999581e+00 1.009957999999999956e+01 1.021043000000000056e+01
8.107379999999999143e+00 8.991851000000000482e+00 9.861701999999999302e+00 8.090721999999999525e+00 8.507282000000000011e+00 9.602518999999999139e+00 1.064093000000000089e+01 1.398070000000000057e+01 1.427848000000000006e+01 9.704791999999999419e+00 1.259032000000000018e+01 1.169223000000000035e+01 1.083487000000000045e+01 1.274535999999999980e+01 1.115465000000000018e+01 1.834901999999999944e+01 1.190705999999999953e+01 1.163480000000000025e+01 1.171392999999999951e+01 1.195459999999999923e+01 1.171208999999999989e+01 1.213561999999999941e+01 1.237552999999999948e+01 1.198581000000000074e+01 1.187387999999999977e+01 1.179925000000000068e+01 1.158928000000000047e+01 1.145518000000000036e+01 1.147123000000000026e+01 1.200111000000000061e+01 1.291666999999999987e+01 1.300819000000000081e+01 1.302008000000000010e+01 1.301357999999999926e+01 1.295861999999999981e+01 1.288893999999999984e+01 1.287275999999999954e+01
