testcase_input/new_parameters/twi.dat
ncols         214
nrows         263
xllcorner     382500
yllcorner     7541702
cellsize      16
NODATA_value  -9999
[rows 153 to 169 of 263, columns 0 to 36 of 214]
7.712874000000000230e+00 7.865338000000000385e+00 8.663906000000000773e+00 9.030309000000000808e+00 8.931024999999999991e+00 9.273096000000000672e+00 9.878083000000000169e+00 1.036614999999999931e+01 1.116141999999999967e+01 1.153312000000000026e+01 1.113937999999999917e+01 1.679360000000000142e+01 9.183593000000000117e+00 9.631175000000000708e+00 9.951226999999999379e+00 1.024704000000000015e+01 9.562521999999999522e+00 8.896990000000000620e+00 8.988763999999999754e+00 1.758342000000000027e+01 1.022479000000000049e+01 1.066933000000000042e+01 9.587509000000000725e+00 1.147218999999999944e+01 1.100027000000000044e+01 9.054878999999999678e+00 8.093813000000000812e+00 9.579506000000000299e+00 9.206953000000000387e+00 1.058050000000000068e+01 9.203172999999999604e+00 1.178952999999999918e+01 9.150541999999999732e+00 8.493619000000000696e+00 9.068319999999999936e+00 1.350914999999999999e+01 1.146162999999999954e+01
7.831589000000000134e+00 7.980231999999999992e+00 8.290701000000000320e+00 8.581680999999999671e+00 8.895628999999999564e+00 9.058823000000000292e+00 9.343012999999999124e+00 1.015813999999999950e+01 1.122761999999999993e+01 1.186398999999999937e+01 1.150425000000000075e+01 1.669089999999999918e+01 1.133990999999999971e+01 1.125394000000000005e+01 1.125276999999999994e+01 1.046467999999999954e+01 9.361420999999999992e+00 8.735151999999999362e+00 8.700753999999999877e+00 1.735384000000000171e+01 8.736729000000000411e+00 1.006737000000000037e+01 9.779521000000000797e+00 9.468531000000000475e+00 1.101801999999999992e+01 1.132230999999999987e+01 9.299302000000000845e+00 9.085516000000000147e+00 1.040207999999999977e+01 9.155511000000000621e+00 8.816969000000000278e+00 1.081243000000000087e+01 9.018725999999999132e+00 8.935720999999999137e+00 9.303648000000000806e+00 1.289014000000000060e+01 1.086107999999999940e+01
7.772470000000000212e+00 7.903891999999999918e+00 8.455778999999999712e+00 8.690716000000000108e+00 8.935707000000000733e+00 9.270811999999999387e+00 9.822535999999999490e+00 1.049320999999999948e+01 1.130092999999999925e+01 1.010415000000000063e+01 1.045856000000000030e+01 1.614697999999999922e+01 1.110046999999999962e+01 1.098145000000000060e+01 1.026290000000000013e+01 9.426982000000000639e+00 9.295773000000000508e+00 8.836639999999999162e+00 8.720456000000000429e+00 9.108911000000000868e+00 1.774857000000000085e+01 1.059411000000000058e+01 1.021954000000000029e+01 9.355318000000000467e+00 9.199547000000000807e+00 1.100535999999999959e+01 1.128481999999999985e+01 9.182294999999999874e+00 1.092568999999999946e+01 9.003004000000000673e+00 8.753434999999999633e+00 9.574704999999999799e+00 8.510417000000000343e+00 9.711961999999999762e+00 9.458681999999999590e+00 1.179801999999999929e+01 1.034348999999999918e+01
7.617877000000000010e+00 7.969113000000000113e+00 8.480498000000000758e+00 8.921340999999999966e+00 8.898438000000000514e+00 9.242155000000000342e+00 9.696109999999999118e+00 1.101548000000000016e+01 9.524186000000000263e+00 8.546623999999999555e+00 8.627565000000000595e+00 1.510915999999999926e+01 1.172470999999999997e+01 1.084707000000000043e+01 9.431670000000000442e+00 8.705330000000000013e+00 8.666010999999999243e+00 9.043855999999999895e+00 8.540195000000000647e+00 9.089930000000000732e+00 1.751623000000000019e+01 9.901882999999999768e+00 9.798327999999999705e+00 1.031691000000000003e+01 1.070734999999999992e+01 9.499924999999999287e+00 1.197751000000000055e+01 1.001107000000000014e+01 1.164096999999999937e+01 9.663672000000000040e+00 8.964940999999999605e+00 8.972148000000000678e+00 9.268924999999999415e+00 1.048080999999999996e+01 1.063430999999999926e+01 1.040029999999999966e+01 9.715339999999999421e+00
7.639571000000000112e+00 7.815865999999999758e+00 8.550447000000000131e+00 8.745988000000000540e+00 8.920657000000000281e+00 9.181020999999999432e+00 9.910532999999999149e+00 1.031497000000000064e+01 8.885196000000000538e+00 8.232922999999999547e+00 7.827987000000000251e+00 1.476709999999999923e+01 8.700217000000000311e+00 1.137298999999999971e+01 9.421324999999999505e+00 8.700177000000000049e+00 8.159840000000000870e+00 8.596451999999999316e+00 8.420346000000000330e+00 8.912451000000000789e+00 1.734854999999999947e+01 8.284074999999999633e+00 9.311507000000000644e+00 9.330510000000000304e+00 8.974997000000000114e+00 1.081696999999999953e+01 9.445862999999999232e+00 1.315006999999999948e+01 1.154029000000000060e+01 1.011340000000000039e+01 9.989005000000000578e+00 9.567736999999999270e+00 1.058764000000000038e+01 1.012287000000000070e+01 1.233952999999999989e+01 1.031644000000000005e+01 9.924132999999999427e+00
7.724607999999999919e+00 7.962312999999999974e+00 8.450480000000000658e+00 8.703685000000000116e+00 8.950601000000000695e+00 9.155136000000000607e+00 9.483755000000000379e+00 1.061068000000000033e+01 9.484151999999999916e+00 8.513313000000000130e+00 8.695899000000000711e+00 1.508629999999999960e+01 8.565599999999999881e+00 1.103994999999999926e+01 9.294883999999999702e+00 8.918326000000000420e+00 8.307010000000000005e+00 8.162274000000000029e+00 8.035890000000000200e+00 8.586714000000000624e+00 1.705606999999999829e+01 8.762556000000000012e+00 8.042168000000000205e+00 8.355396000000000711e+00 8.050254999999999939e+00 8.689837999999999951e+00 1.066995999999999967e+01 9.829940999999999818e+00 1.077424000000000071e+01 9.227366999999999209e+00 9.006769999999999499e+00 1.028428000000000075e+01 1.013284999999999947e+01 1.418918999999999997e+01 1.186406999999999989e+01 1.171184000000000047e+01 1.033310999999999957e+01
7.733457999999999721e+00 8.084692000000000434e+00 8.611786999999999637e+00 8.734890999999999295e+00 8.637999000000000649e+00 9.037497999999999365e+00 9.367532999999999888e+00 9.910477000000000203e+00 1.150909000000000049e+01 1.204044999999999987e+01 1.536616000000000071e+01 9.060375999999999763e+00 9.146943999999999519e+00 9.799822999999999951e+00 9.517870999999999526e+00 9.005713000000000079e+00 9.029507000000000616e+00 8.640841999999999246e+00 8.431737999999999289e+00 8.499401000000000650e+00 8.965431999999999846e+00 1.749820000000000064e+01 8.729691000000000756e+00 8.171428999999999832e+00 8.607347000000000747e+00 8.687236999999999654e+00 9.013006999999999991e+00 1.085307000000000066e+01 9.326294000000000750e+00 1.031447999999999965e+01 9.366830000000000211e+00 1.056203000000000003e+01 1.451412000000000013e+01 1.111345999999999989e+01 1.007610000000000028e+01 8.308968999999999383e+00 1.208207999999999949e+01
7.794516999999999918e+00 8.172701999999999245e+00 8.470748999999999640e+00 7.676509000000000249e+00 8.509002000000000621e+00 8.842720999999999165e+00 9.596346000000000487e+00 9.725704999999999600e+00 9.920996999999999844e+00 1.109774999999999956e+01 1.491713999999999984e+01 8.858066000000000884e+00 8.123267999999999489e+00 8.536016999999999300e+00 8.193813000000000457e+00 7.983848000000000056e+00 7.967254999999999754e+00 8.061343000000000814e+00 8.622928999999999178e+00 8.859123000000000303e+00 8.820721999999999952e+00 1.839470999999999989e+01 9.123112000000000776e+00 7.892858999999999625e+00 8.168834999999999624e+00 8.769928000000000168e+00 1.021870999999999974e+01 1.017137999999999920e+01 9.457713999999999288e+00 9.544276999999999234e+00 9.882113999999999621e+00 1.572644000000000020e+01 1.266422000000000025e+01 1.103167999999999971e+01 1.018350000000000044e+01 1.018899000000000044e+01 8.907882000000000744e+00
8.033486999999999156e+00 8.220174999999999343e+00 8.619348999999999705e+00 8.953727999999999909e+00 8.726722999999999786e+00 9.208410000000000650e+00 9.262328999999999368e+00 8.767136000000000706e+00 1.008899000000000079e+01 1.043439000000000050e+01 1.478550000000000075e+01 1.009543000000000035e+01 8.561889000000000749e+00 8.262078999999999951e+00 7.913640000000000008e+00 7.477186999999999806e+00 7.918605999999999590e+00 7.833525999999999989e+00 8.902647999999999229e+00 9.826990000000000336e+00 9.729851000000000028e+00 1.764151999999999987e+01 9.015026999999999902e+00 8.759555000000000646e+00 9.206046999999999869e+00 9.282076999999999245e+00 8.967228000000000421e+00 1.036482999999999954e+01 1.076660000000000039e+01 9.621377999999999986e+00 1.438543999999999912e+01 1.014836999999999989e+01 1.174738999999999933e+01 1.075920999999999950e+01 1.113527999999999984e+01 1.076504000000000083e+01 1.029279000000000011e+01
8.171718000000000259e+00 7.914295000000000080e+00 8.357324999999999449e+00 8.573275999999999897e+00 8.700919999999999987e+00 8.568809999999999150e+00 8.914177999999999713e+00 9.926857999999999294e+00 1.015404999999999980e+01 1.069844999999999935e+01 1.447616000000000014e+01 9.542365000000000208e+00 1.027521999999999913e+01 8.667329000000000505e+00 8.225777000000000783e+00 8.374370000000000758e+00 8.150166999999999717e+00 7.937548999999999744e+00 9.253968000000000416e+00 9.406631000000000853e+00 9.177123999999999171e+00 1.774080999999999975e+01 8.894444999999999268e+00 1.250394999999999968e+01 1.163982999999999990e+01 9.479910000000000281e+00 8.585281999999999414e+00 9.029766999999999655e+00 9.932119999999999393e+00 1.411853999999999942e+01 8.854449999999999932e+00 9.641657999999999618e+00 8.484882999999999953e+00 1.180601000000000056e+01 1.182764000000000060e+01 1.167073000000000071e+01 1.172411999999999921e+01
7.619926999999999673e+00 8.110970000000000013e+00 8.054273999999999489e+00 8.280651999999999902e+00 8.821248999999999896e+00 8.829719000000000761e+00 9.772790000000000532e+00 1.093258999999999936e+01 1.029901000000000089e+01 1.004232999999999976e+01 1.415830000000000055e+01 8.810957999999999402e+00 8.340137000000000356e+00 1.104123000000000054e+01 8.770295000000000840e+00 8.790150000000000574e+00 7.898179999999999978e+00 8.693258000000000152e+00 1.044081000000000081e+01 9.489442000000000377e+00 9.442581999999999809e+00 1.866856999999999900e+01 9.562053000000000580e+00 1.038531000000000049e+01 1.443426999999999971e+01 1.301910999999999952e+01 8.854751999999999512e+00 1.623585999999999885e+01 1.477068000000000048e+01 1.154895999999999923e+01 8.161742999999999526e+00 8.402234999999999232e+00 9.766189000000000675e+00 8.341036000000000783e+00 1.187597000000000058e+01 1.249212999999999951e+01 1.117298000000000080e+01
7.442148999999999681e+00 7.701539000000000357e+00 8.271584999999999965e+00 8.666520999999999475e+00 8.843863999999999947e+00 9.613924000000000802e+00 1.033419999999999916e+01 8.673652999999999835e+00 9.364537999999999585e+00 1.429297000000000040e+01 8.755326000000000164e+00 1.058459000000000039e+01 9.013680000000000803e+00 9.771127999999999147e+00 9.083631000000000455e+00 8.820482000000000156e+00 7.945437000000000083e+00 8.548204000000000136e+00 1.088292000000000037e+01 1.060187999999999953e+01 1.931060000000000088e+01 1.551728999999999914e+01 1.028195999999999977e+01 1.626277999999999935e+01 1.449987999999999921e+01 1.437147000000000041e+01 1.453070999999999913e+01 1.294680999999999926e+01 1.248203999999999958e+01 1.115145000000000053e+01 1.206026999999999916e+01 1.151797999999999966e+01 8.542414000000000840e+00 9.080968000000000373e+00 8.930153999999999925e+00 1.222424999999999962e+01 1.196884000000000015e+01
7.539570999999999579e+00 7.782746000000000386e+00 8.554506999999999195e+00 8.672171999999999770e+00 9.409240999999999744e+00 9.654313999999999396e+00 8.757583999999999591e+00 8.888712999999999198e+00 9.406356999999999857e+00 1.404620000000000068e+01 8.162433999999999301e+00 7.909670000000000201e+00 1.117763000000000062e+01 8.327992000000000061e+00 8.422128999999999976e+00 8.797399999999999665e+00 8.047962999999999312e+00 8.281836000000000197e+00 8.750498999999999583e+00 1.802455000000000140e+01 9.281456000000000373e+00 1.498836999999999975e+01 1.547073999999999927e+01 1.108028999999999975e+01 1.035491999999999990e+01 1.098194999999999943e+01 1.163931999999999967e+01 8.875251000000000445e+00 1.382943999999999996e+01 8.628975999999999758e+00 8.577339999999999520e+00 1.140793000000000035e+01 1.217859999999999943e+01 9.121472000000000691e+00 8.960587000000000302e+00 1.304562999999999917e+01 1.225918000000000063e+01
7.542188999999999588e+00 7.898462999999999568e+00 8.706965999999999539e+00 9.138562999999999548e+00 9.341241999999999379e+00 8.579696000000000211e+00 8.229753999999999792e+00 8.369097999999999260e+00 8.551977000000000828e+00 1.078206999999999915e+01 1.410622000000000043e+01 8.076786999999999495e+00 8.633962000000000359e+00 1.126568999999999932e+01 8.226860999999999535e+00 8.627143999999999480e+00 8.275080000000000879e+00 7.497936000000000156e+00 8.084269000000000815e+00 1.803752000000000066e+01 8.816539000000000570e+00 9.368753999999999138e+00 1.183675999999999995e+01 8.900641000000000247e+00 9.909364000000000061e+00 1.058139000000000074e+01 8.919885999999999981e+00 1.205001000000000033e+01 1.132281000000000049e+01 1.358704999999999963e+01 1.307765000000000022e+01 1.303486999999999973e+01 1.304617000000000004e+01 1.342722999999999978e+01 1.382221000000000011e+01 1.251911999999999914e+01 1.179702999999999946e+01
7.583394000000000190e+00 8.175383000000000067e+00 9.037732000000000099e+00 8.693006000000000455e+00 8.046376999999999668e+00 8.468560999999999339e+00 8.064567000000000263e+00 8.340408999999999295e+00 1.048854000000000042e+01 1.054476999999999975e+01 1.440587999999999980e+01 7.982884000000000313e+00 8.843593000000000259e+00 1.164427000000000056e+01 8.699179000000000883e+00 8.771967999999999321e+00 8.339332000000000633e+00 7.825909000000000226e+00 8.398167000000000826e+00 1.797981000000000051e+01 8.731448999999999572e+00 9.220548000000000854e+00 1.175766999999999918e+01 8.530649999999999622e+00 9.038436000000000803e+00 1.036011000000000060e+01 9.825856999999999175e+00 8.645163000000000153e+00 1.149604000000000070e+01 1.137813000000000052e+01 1.089920000000000044e+01 1.022918999999999912e+01 9.960732000000000141e+00 8.636314999999999742e+00 9.976597999999999189e+00 1.135440000000000005e+01 1.093286999999999942e+01
7.430399000000000420e+00 8.596368000000000009e+00 8.575195000000000789e+00 7.846947000000000116e+00 8.835902000000000811e+00 8.584816999999999254e+00 8.862883000000000067e+00 1.004471999999999987e+01 1.047411999999999921e+01 9.255943000000000254e+00 1.468933000000000000e+01 8.055260999999999783e+00 9.127914999999999779e+00 1.083609000000000044e+01 9.333074999999999122e+00 8.582485000000000142e+00 8.015601999999999450e+00 8.232801000000000258e+00 1.640543999999999869e+01 9.150214999999999321e+00 8.991191999999999851e+00 9.386423999999999879e+00 1.207928000000000068e+01 8.843322999999999823e+00 9.378602000000000771e+00 8.705750999999999351e+00 9.268637000000000015e+00 8.632680999999999827e+00 1.162320000000000064e+01 8.671796000000000504e+00 1.014755000000000074e+01 1.091061999999999976e+01 1.100101000000000084e+01 1.135246000000000066e+01 1.156700000000000017e+01 1.022739999999999938e+01 1.015387999999999913e+01
7.335080999999999740e+00 7.607380000000000031e+00 7.862401000000000195e+00 8.819152000000000768e+00 8.200770000000000337e+00 8.422770999999999120e+00 9.403883000000000436e+00 1.017820000000000036e+01 9.307432999999999623e+00 8.650213000000000818e+00 1.527135999999999960e+01 8.965201000000000420e+00 8.798192000000000235e+00 9.403843000000000174e+00 9.003894000000000730e+00 8.649003999999999692e+00 7.988887000000000072e+00 8.121043000000000234e+00 8.955042000000000613e+00 1.828415999999999997e+01 9.513479999999999492e+00 9.859083000000000041e+00 1.192820000000000036e+01 1.059600000000000009e+01 9.449049000000000476e+00 8.473276999999999504e+00 8.371337999999999724e+00 8.905227999999999255e+00 1.211791000000000018e+01 1.017012000000000072e+01 9.243629999999999569e+00 8.703741000000000838e+00 1.020115000000000016e+01 9.934732000000000340e+00 1.027710000000000079e+01 1.050802999999999976e+01 9.544397000000000020e+00
