testcase_input/new_parameters/twi.dat
ncols         214
nrows         263
xllcorner     382500
yllcorner     7541702
cellsize      16
NODATA_value  -9999
[rows 119 to 135 of 263, columns 37 to 73 of 214]
9.434431999999999263e+00 1.005109999999999992e+01 9.260153000000000745e+00 1.375417000000000023e+01 9.933958000000000510e+00 9.931466000000000349e+00 9.848592000000000013e+00 9.430540999999999840e+00 9.026149999999999451e+00 9.324552999999999869e+00 9.926738999999999535e+00 9.213037999999999172e+00 9.070788000000000295e+00 9.533122999999999791e+00 1.008989000000000047e+01 1.062663000000000046e+01 1.029407999999999923e+01 1.387110999999999983e+01 1.216411000000000087e+01 1.750176000000000087e+01 1.058292999999999928e+01 9.898825000000000429e+00 1.133059000000000083e+01 1.642561999999999856e+01 1.288072000000000017e+01 1.124544999999999995e+01 1.389652000000000065e+01 1.408399000000000001e+01 1.270439999999999969e+01 1.057164000000000037e+01 1.018326000000000064e+01 1.316342999999999996e+01 9.851120999999999128e+00 1.023253000000000057e+01 1.262250000000000050e+01 9.782455000000000567e+00 1.264827999999999975e+01
9.258905999999999636e+00 9.602465000000000472e+00 9.711871999999999616e+00 1.394011000000000067e+01 1.035730000000000040e+01 9.919484999999999886e+00 9.503489999999999327e+00 9.259164999999999424e+00 9.236971000000000487e+00 9.607271000000000782e+00 9.338656999999999542e+00 9.148775999999999797e+00 9.137893999999999295e+00 9.822046000000000276e+00 1.078039000000000058e+01 1.073714000000000013e+01 1.091731000000000051e+01 1.418619999999999948e+01 1.241632000000000069e+01 1.728022999999999954e+01 1.174619000000000035e+01 1.026232000000000077e+01 1.468909000000000020e+01 1.436712999999999951e+01 1.209768000000000043e+01 1.069345000000000034e+01 1.308695999999999948e+01 1.136515999999999948e+01 1.153542999999999985e+01 1.236267999999999923e+01 1.059230999999999945e+01 1.172715999999999958e+01 1.302877999999999936e+01 1.064836999999999989e+01 1.004784000000000077e+01 1.288246999999999964e+01 1.150034999999999918e+01
9.135453000000000046e+00 9.145882000000000289e+00 1.059121999999999986e+01 1.370088999999999935e+01 9.809950000000000614e+00 9.540998000000000090e+00 9.452125999999999806e+00 9.193834999999999980e+00 9.141474999999999795e+00 1.008360000000000056e+01 9.118570999999999316e+00 9.455353000000000563e+00 9.437601000000000795e+00 9.889222999999999431e+00 1.091918000000000077e+01 1.196887000000000079e+01 1.364298999999999928e+01 1.296915000000000084e+01 1.062986000000000075e+01 1.687886999999999915e+01 1.037782999999999944e+01 1.139340999999999937e+01 1.386806999999999945e+01 1.299755000000000038e+01 1.317803999999999931e+01 1.062444999999999951e+01 1.307916999999999952e+01 1.118388000000000027e+01 1.129124000000000017e+01 9.724754000000000786e+00 1.245285999999999937e+01 9.838276999999999717e+00 1.288284999999999947e+01 1.105118000000000045e+01 1.015493999999999986e+01 1.224521000000000015e+01 9.593484000000000123e+00
8.887912000000000035e+00 9.059758999999999673e+00 9.988898999999999972e+00 1.387034000000000056e+01 1.029482999999999926e+01 9.680253999999999692e+00 9.606802000000000064e+00 9.573040999999999912e+00 9.733335000000000292e+00 1.086392000000000024e+01 8.850953999999999766e+00 9.271625999999999479e+00 9.455330999999999264e+00 9.734894000000000602e+00 1.121357000000000070e+01 1.170406000000000013e+01 1.283141999999999960e+01 1.552077000000000062e+01 1.664955000000000140e+01 1.045151000000000074e+01 9.832133999999999929e+00 1.352529000000000003e+01 1.115897999999999968e+01 9.693424999999999514e+00 1.315210000000000079e+01 1.256179000000000023e+01 1.320946999999999960e+01 1.030244000000000071e+01 1.018463999999999992e+01 9.094960000000000377e+00 1.025750000000000028e+01 1.245520999999999923e+01 1.289140000000000086e+01 1.087232000000000021e+01 1.010956999999999972e+01 1.198658999999999963e+01 8.901901999999999759e+00
8.647306999999999633e+00 9.277616000000000085e+00 8.782543999999999684e+00 1.299203999999999937e+01 1.046658000000000044e+01 9.825841999999999743e+00 9.445615999999999346e+00 9.052711999999999648e+00 8.758599000000000245e+00 1.011064999999999969e+01 8.946467999999999421e+00 9.737731000000000137e+00 9.843462000000000600e+00 1.070350999999999964e+01 1.076534000000000013e+01 1.021175000000000033e+01 1.281086999999999954e+01 1.520353000000000065e+01 1.536927000000000021e+01 9.681349000000000871e+00 1.273037000000000063e+01 1.221926999999999985e+01 9.420629999999999171e+00 1.008460000000000001e+01 8.808925000000000338e+00 1.357966000000000051e+01 1.279279000000000011e+01 1.002425000000000033e+01 9.501906999999999215e+00 8.369377999999999318e+00 8.410572000000000159e+00 1.127497999999999934e+01 1.190177000000000085e+01 1.096014000000000088e+01 1.018213000000000079e+01 1.088166000000000011e+01 1.050020999999999916e+01
8.968545999999999907e+00 9.721785999999999817e+00 8.529111000000000331e+00 9.619621000000000421e+00 1.267580000000000062e+01 9.342309000000000196e+00 9.095494999999999663e+00 9.116699999999999804e+00 8.734348999999999918e+00 9.514455999999999136e+00 9.486691000000000429e+00 9.898301999999999268e+00 1.084600999999999971e+01 1.071931999999999974e+01 9.113253000000000270e+00 9.722708000000000794e+00 1.311622999999999983e+01 1.550093999999999994e+01 1.447960999999999920e+01 1.261312999999999995e+01 1.040379000000000076e+01 1.152989999999999959e+01 9.643401000000000778e+00 9.119046000000000873e+00 8.950870000000000104e+00 1.384450000000000003e+01 1.105382999999999960e+01 9.849099000000000714e+00 8.430922999999999945e+00 9.129077999999999804e+00 8.648661999999999850e+00 1.054223999999999961e+01 1.092628000000000021e+01 9.689816999999999680e+00 8.637911000000000783e+00 8.287623999999999214e+00 8.073252000000000095e+00
9.097647999999999513e+00 9.765102999999999867e+00 8.733921000000000490e+00 9.612541999999999476e+00 1.414242999999999917e+01 9.517402000000000584e+00 8.855244000000000781e+00 8.897819999999999396e+00 8.667115000000000791e+00 9.284102999999999994e+00 9.406306999999999974e+00 9.582169000000000381e+00 1.076498999999999917e+01 9.406596999999999653e+00 9.740633000000000763e+00 1.099255999999999922e+01 1.562218999999999980e+01 1.327940000000000076e+01 1.401795000000000080e+01 1.279043000000000063e+01 1.013906000000000063e+01 1.080705999999999989e+01 9.084087000000000245e+00 8.667434000000000083e+00 9.149760999999999811e+00 1.383488999999999969e+01 1.015972000000000008e+01 1.061918999999999969e+01 8.764392000000000849e+00 8.966647999999999286e+00 9.147667999999999466e+00 1.001168999999999976e+01 9.958175999999999917e+00 9.819530999999999565e+00 7.857099999999999973e+00 7.271764000000000117e+00 7.201280999999999821e+00
9.455436000000000618e+00 1.005408000000000079e+01 8.969203999999999510e+00 8.836529999999999774e+00 1.256057999999999986e+01 1.017104999999999926e+01 9.566897000000000872e+00 9.281477999999999895e+00 9.126585000000000392e+00 9.569136999999999560e+00 9.120186999999999600e+00 1.031662999999999997e+01 1.182530000000000037e+01 9.929831999999999326e+00 1.134690999999999939e+01 1.538937999999999917e+01 1.280157999999999952e+01 1.265653999999999968e+01 1.403464999999999918e+01 1.292545999999999928e+01 1.033221999999999952e+01 9.960851999999999151e+00 8.363989000000000118e+00 9.140119999999999578e+00 1.397796999999999912e+01 1.114865999999999957e+01 8.527590999999999255e+00 9.728538999999999604e+00 1.071814999999999962e+01 9.118575999999999127e+00 9.787088999999999928e+00 8.247424999999999784e+00 8.172824999999999562e+00 9.756494999999999251e+00 8.880563999999999680e+00 7.768819999999999837e+00 8.777015999999999707e+00
8.184635999999999356e+00 9.319649000000000072e+00 8.851205999999999463e+00 9.625790999999999542e+00 1.012195999999999962e+01 1.082069000000000081e+01 9.654223999999999251e+00 9.488156999999999286e+00 9.485568999999999917e+00 9.377499000000000251e+00 9.453160999999999703e+00 1.047700000000000031e+01 1.242708000000000013e+01 1.248869000000000007e+01 9.608003999999999323e+00 1.554242999999999952e+01 9.440279999999999561e+00 1.274074000000000062e+01 1.375325999999999915e+01 1.346081000000000039e+01 1.010253999999999941e+01 9.108330000000000481e+00 8.799882000000000204e+00 9.515694999999999126e+00 1.394181999999999988e+01 1.140278999999999954e+01 9.729274000000000200e+00 8.665756000000000014e+00 9.359660999999999120e+00 1.000821999999999967e+01 8.934037000000000006e+00 8.106579999999999231e+00 8.032275000000000276e+00 9.176897000000000304e+00 8.168803999999999732e+00 8.331994999999999152e+00 8.152101999999999293e+00
8.030540000000000234e+00 8.559174000000000504e+00 8.266811000000000575e+00 8.532657000000000380e+00 9.442939000000000860e+00 1.172982999999999976e+01 1.017768000000000050e+01 9.590531999999999613e+00 9.339185999999999765e+00 9.570581000000000671e+00 9.496572000000000457e+00 1.064980000000000082e+01 1.145054000000000016e+01 1.028092999999999968e+01 1.664667999999999992e+01 1.026803999999999917e+01 9.626265000000000072e+00 1.334980000000000011e+01 1.343487999999999971e+01 1.211797999999999931e+01 9.787551000000000556e+00 9.294252000000000180e+00 9.113853999999999900e+00 1.409140000000000015e+01 1.105133000000000010e+01 1.090958000000000006e+01 9.975797999999999277e+00 9.771516000000000091e+00 8.597141000000000588e+00 9.168789999999999552e+00 7.986088999999999771e+00 8.813850000000000406e+00 8.586031999999999442e+00 1.045369999999999955e+01 8.402108000000000132e+00 8.723461000000000354e+00 1.313279999999999959e+01
8.331450000000000244e+00 9.777513000000000787e+00 8.519590000000000884e+00 8.095988000000000184e+00 9.504901999999999518e+00 1.366840000000000011e+01 1.039138999999999946e+01 9.174533999999999523e+00 9.108708000000000027e+00 1.032057999999999964e+01 1.112406000000000006e+01 1.105223999999999940e+01 1.021254000000000062e+01 9.833482999999999308e+00 1.641621999999999915e+01 1.390363999999999933e+01 1.388216000000000072e+01 1.211612000000000045e+01 1.296177999999999919e+01 1.157577999999999996e+01 9.589620000000000033e+00 8.605674999999999741e+00 9.345318000000000680e+00 1.401077000000000083e+01 1.036896999999999913e+01 1.090221000000000018e+01 9.110713999999999757e+00 9.233993999999999147e+00 9.099900999999999129e+00 8.189652999999999849e+00 8.945074999999999221e+00 9.085076000000000818e+00 9.274907000000000679e+00 9.512458000000000524e+00 1.109543999999999997e+01 1.402438000000000073e+01 8.517436999999999259e+00
9.330246999999999957e+00 8.701874000000000109e+00 9.264481999999999218e+00 9.395217999999999847e+00 1.510610999999999926e+01 1.055719000000000030e+01 1.147992999999999952e+01 1.020149999999999935e+01 1.020955000000000013e+01 1.083389999999999986e+01 1.198328000000000060e+01 1.022307999999999950e+01 9.766783999999999466e+00 9.642886000000000735e+00 1.590581000000000067e+01 1.328449999999999953e+01 1.338724999999999987e+01 1.228946000000000005e+01 1.266118999999999950e+01 1.140726000000000084e+01 9.108098999999999279e+00 8.830615999999999133e+00 1.287074999999999925e+01 1.325020999999999916e+01 1.007624000000000031e+01 1.042426999999999992e+01 9.892955999999999861e+00 8.809922999999999504e+00 8.314567999999999515e+00 9.234724999999999184e+00 9.657825000000000770e+00 8.772738000000000369e+00 9.294537999999999300e+00 9.946246000000000365e+00 1.351737999999999928e+01 1.106638000000000055e+01 8.292602000000000473e+00
9.996520999999999546e+00 8.574970999999999677e+00 8.290513000000000687e+00 1.433404999999999951e+01 1.053608999999999973e+01 1.605752999999999986e+01 1.227899999999999991e+01 1.119183999999999912e+01 1.137115999999999971e+01 1.241502000000000017e+01 1.115343000000000018e+01 9.710986000000000118e+00 9.581974999999999909e+00 1.430296000000000056e+01 1.507483000000000040e+01 1.231642000000000081e+01 1.292947000000000024e+01 1.277477999999999980e+01 1.256803999999999988e+01 1.140185999999999922e+01 9.280865999999999616e+00 8.974344999999999573e+00 1.260356999999999950e+01 1.290981000000000023e+01 1.047466000000000008e+01 8.948785000000000878e+00 9.605193999999999122e+00 8.161856999999999474e+00 9.471548999999999552e+00 1.027180000000000071e+01 9.112723000000000795e+00 9.988676999999999140e+00 1.039916000000000018e+01 1.100957999999999970e+01 1.369129000000000040e+01 9.891991000000000867e+00 8.078464000000000311e+00
9.595074999999999577e+00 8.297468999999999539e+00 8.540879000000000332e+00 1.497921999999999976e+01 9.787492999999999554e+00 1.019508000000000081e+01 1.596163999999999916e+01 1.139073999999999920e+01 1.126451999999999920e+01 1.238846000000000025e+01 1.189090999999999987e+01 1.207014000000000031e+01 9.469661999999999580e+00 1.480387999999999948e+01 1.413369999999999926e+01 1.255587000000000053e+01 8.783355000000000246e+00 1.354845000000000077e+01 1.242168999999999990e+01 1.124802000000000035e+01 9.079159999999999897e+00 9.228044999999999831e+00 1.245767000000000024e+01 1.278387000000000029e+01 9.388123999999999469e+00 9.748898000000000508e+00 8.820161000000000584e+00 8.902096000000000231e+00 9.579186999999999230e+00 1.034247000000000050e+01 1.057264999999999944e+01 1.051126000000000005e+01 9.283205000000000595e+00 1.443171000000000070e+01 8.953563000000000827e+00 8.601347999999999772e+00 9.215417000000000414e+00
8.642129000000000616e+00 9.140169000000000210e+00 1.404799000000000042e+01 1.040667999999999971e+01 9.893852000000000757e+00 1.026858999999999966e+01 1.689207999999999998e+01 1.274198999999999948e+01 1.225402000000000058e+01 1.082323000000000057e+01 1.039541000000000004e+01 1.014113000000000042e+01 1.264489000000000019e+01 1.518459000000000003e+01 1.355433000000000021e+01 1.071903000000000006e+01 1.252796000000000021e+01 1.357231999999999950e+01 1.231691000000000003e+01 1.061918999999999969e+01 8.546806000000000125e+00 9.012752000000000763e+00 1.243158999999999992e+01 1.242290000000000028e+01 1.160529999999999973e+01 9.265530999999999295e+00 8.342632000000000048e+00 9.445130999999999943e+00 9.649188999999999794e+00 1.366240999999999950e+01 1.316468000000000060e+01 9.041755000000000209e+00 1.103828999999999994e+01 1.462720999999999982e+01 1.096226000000000056e+01 8.432726999999999862e+00 9.564211999999999492e+00
8.916563000000000017e+00 9.196526999999999674e+00 1.509202999999999939e+01 9.880565000000000708e+00 9.895911999999999153e+00 1.008142999999999923e+01 1.606231000000000009e+01 1.198991999999999969e+01 1.157288999999999923e+01 1.102352999999999916e+01 1.018718999999999930e+01 1.035477999999999987e+01 1.087992999999999988e+01 1.509181000000000061e+01 1.343627000000000038e+01 9.705757999999999441e+00 1.124278999999999940e+01 1.377907000000000082e+01 1.216714999999999947e+01 1.083154000000000039e+01 8.654973999999999279e+00 9.298351000000000255e+00 1.147733999999999988e+01 1.238527999999999984e+01 1.248457999999999934e+01 8.604409000000000418e+00 9.490104000000000539e+00 9.854385000000000616e+00 1.424151999999999951e+01 1.144303999999999988e+01 1.101956000000000024e+01 1.278003000000000000e+01 1.285003999999999991e+01 1.345248999999999917e+01 1.089154000000000089e+01 8.479186999999999585e+00 9.065595000000000070e+00
8.684034999999999727e+00 9.474294000000000437e+00 1.594898000000000060e+01 9.891066999999999609e+00 9.521053000000000210e+00 9.604172000000000153e+00 1.518548999999999971e+01 1.160729000000000077e+01 1.161175000000000068e+01 1.139231000000000016e+01 1.072902000000000022e+01 1.055686000000000035e+01 1.125744000000000078e+01 1.461111000000000004e+01 1.369936000000000043e+01 1.059492999999999974e+01 1.082850999999999964e+01 1.374592999999999954e+01 1.265437999999999974e+01 1.080472999999999928e+01 8.816978000000000648e+00 9.102365999999999957e+00 1.053067000000000064e+01 9.015853999999999147e+00 1.257375000000000043e+01 1.111078000000000010e+01 1.002810000000000024e+01 9.941293999999999187e+00 1.340607999999999933e+01 9.493417000000000883e+00 1.020561999999999969e+01 8.549374999999999503e+00 9.178815999999999420e+00 1.313873000000000069e+01 8.876374000000000208e+00 8.068218999999999141e+00 7.785758000000000401e+00
